# Task,   Job,     Period,   Response, DL Miss?,   Lateness,  Tardiness
# task NAME=myapp PID=22518 COST=31179000 PERIOD=58000000 CPU=0
 22518,     2,   58000000,       9387,        0,  -57990613,          0
 22518,     3,   58000000,     113107,        0,  -57886893,          0
 22518,     4,   58000000,   55806821,        0,   -2193179,          0
 22518,     5,   58000000,   30542399,        0,  -27457601,          0
 22518,     6,   58000000,   30495999,        0,  -27504001,          0
 22518,     7,   58000000,   30502713,        0,  -27497287,          0
 22518,     8,   58000000,   30493622,        0,  -27506378,          0
 22518,     9,   58000000,   30515054,        0,  -27484946,          0
 22518,    10,   58000000,   30497150,        0,  -27502850,          0
 22518,    11,   58000000,   30511516,        0,  -27488484,          0
 22518,    12,   58000000,   30516747,        0,  -27483253,          0
 22518,    13,   58000000,   30789793,        0,  -27210207,          0
 22518,    14,   58000000,   30545678,        0,  -27454322,          0
 22518,    15,   58000000,   30758469,        0,  -27241531,          0
 22518,    16,   58000000,   30550138,        0,  -27449862,          0
 22518,    17,   58000000,   30812555,        0,  -27187445,          0
 22518,    18,   58000000,   30510774,        0,  -27489226,          0
 22518,    19,   58000000,   30812202,        0,  -27187798,          0
 22518,    20,   58000000,   30506089,        0,  -27493911,          0
 22518,    21,   58000000,   38030420,        0,  -19969580,          0
 22518,    22,   58000000,   30490392,        0,  -27509608,          0
 22518,    23,   58000000,   30475716,        0,  -27524284,          0
 22518,    24,   58000000,   30505931,        0,  -27494069,          0
 22518,    25,   58000000,   30508874,        0,  -27491126,          0
 22518,    26,   58000000,   30533198,        0,  -27466802,          0
 22518,    27,   58000000,   30487496,        0,  -27512504,          0
 22518,    28,   58000000,   30782723,        0,  -27217277,          0
 22518,    29,   58000000,   30490656,        0,  -27509344,          0
 22518,    30,   58000000,   30777929,        0,  -27222071,          0
 22518,    31,   58000000,   30520605,        0,  -27479395,          0
 22518,    32,   58000000,   37016665,        0,  -20983335,          0
 22518,    33,   58000000,   30504518,        0,  -27495482,          0
 22518,    34,   58000000,   30547468,        0,  -27452532,          0
 22518,    35,   58000000,   30509979,        0,  -27490021,          0
 22518,    36,   58000000,   30531769,        0,  -27468231,          0
 22518,    37,   58000000,   30492618,        0,  -27507382,          0
 22518,    38,   58000000,   30489472,        0,  -27510528,          0
 22518,    39,   58000000,   30508457,        0,  -27491543,          0
 22518,    40,   58000000,   30538233,        0,  -27461767,          0
 22518,    41,   58000000,   30824246,        0,  -27175754,          0
 22518,    42,   58000000,   30510803,        0,  -27489197,          0
 22518,    43,   58000000,   30779995,        0,  -27220005,          0
 22518,    44,   58000000,   30498171,        0,  -27501829,          0
 22518,    45,   58000000,   30789590,        0,  -27210410,          0
 22518,    46,   58000000,   30513496,        0,  -27486504,          0
 22518,    47,   58000000,   30788857,        0,  -27211143,          0
 22518,    48,   58000000,   30493665,        0,  -27506335,          0
 22518,    49,   58000000,   30505557,        0,  -27494443,          0
 22518,    50,   58000000,   30467389,        0,  -27532611,          0
 22518,    51,   58000000,   30524907,        0,  -27475093,          0
 22518,    52,   58000000,   30567490,        0,  -27432510,          0
 22518,    53,   58000000,   30572372,        0,  -27427628,          0
 22518,    54,   58000000,   30519216,        0,  -27480784,          0
 22518,    55,   58000000,   30648074,        0,  -27351926,          0
 22518,    56,   58000000,   30822226,        0,  -27177774,          0
 22518,    57,   58000000,   30563925,        0,  -27436075,          0
 22518,    58,   58000000,   30799723,        0,  -27200277,          0
 22518,    59,   58000000,   38732809,        0,  -19267191,          0
 22518,    60,   58000000,   30789411,        0,  -27210589,          0
 22518,    61,   58000000,   30577616,        0,  -27422384,          0
 22518,    62,   58000000,   30625470,        0,  -27374530,          0
 22518,    63,   58000000,   30544753,        0,  -27455247,          0
 22518,    64,   58000000,   30508128,        0,  -27491872,          0
 22518,    65,   58000000,   30497195,        0,  -27502805,          0
 22518,    66,   58000000,   30532855,        0,  -27467145,          0
 22518,    67,   58000000,   30521124,        0,  -27478876,          0
 22518,    68,   58000000,   30568911,        0,  -27431089,          0
 22518,    69,   58000000,   30823793,        0,  -27176207,          0
 22518,    70,   58000000,   30509535,        0,  -27490465,          0
 22518,    71,   58000000,   30796044,        0,  -27203956,          0
 22518,    72,   58000000,   30590191,        0,  -27409809,          0
 22518,    73,   58000000,   30829968,        0,  -27170032,          0
 22518,    74,   58000000,   30530428,        0,  -27469572,          0
 22518,    75,   58000000,   33035142,        0,  -24964858,          0
 22518,    76,   58000000,   30553757,        0,  -27446243,          0
 22518,    77,   58000000,   30532202,        0,  -27467798,          0
 22518,    78,   58000000,   30572795,        0,  -27427205,          0
 22518,    79,   58000000,   30529200,        0,  -27470800,          0
 22518,    80,   58000000,   30529966,        0,  -27470034,          0
 22518,    81,   58000000,   30545954,        0,  -27454046,          0
 22518,    82,   58000000,   30503806,        0,  -27496194,          0
 22518,    83,   58000000,   30514135,        0,  -27485865,          0
 22518,    84,   58000000,   30823326,        0,  -27176674,          0
 22518,    85,   58000000,   30539697,        0,  -27460303,          0
 22518,    86,   58000000,   30791982,        0,  -27208018,          0
 22518,    87,   58000000,   30558141,        0,  -27441859,          0
 22518,    88,   58000000,   30790531,        0,  -27209469,          0
 22518,    89,   58000000,   30570934,        0,  -27429066,          0
 22518,    90,   58000000,   47071290,        0,  -10928710,          0
 22518,    91,   58000000,   30551601,        0,  -27448399,          0
 22518,    92,   58000000,   30519552,        0,  -27480448,          0
 22518,    93,   58000000,   30508811,        0,  -27491189,          0
 22518,    94,   58000000,   30555710,        0,  -27444290,          0
 22518,    95,   58000000,   30517483,        0,  -27482517,          0
 22518,    96,   58000000,   49569562,        0,   -8430438,          0
 22518,    97,   58000000,   30801241,        0,  -27198759,          0
 22518,    98,   58000000,   30562189,        0,  -27437811,          0
 22518,    99,   58000000,   30802231,        0,  -27197769,          0
 22518,   100,   58000000,   30516055,        0,  -27483945,          0
 22518,   101,   58000000,   30895129,        0,  -27104871,          0
 22518,   102,   58000000,   30521895,        0,  -27478105,          0
 22518,   103,   58000000,   30509221,        0,  -27490779,          0
 22518,   104,   58000000,   30537037,        0,  -27462963,          0
 22518,   105,   58000000,   30526163,        0,  -27473837,          0
 22518,   106,   58000000,   30504502,        0,  -27495498,          0
 22518,   107,   58000000,   30530220,        0,  -27469780,          0
 22518,   108,   58000000,   30520878,        0,  -27479122,          0
 22518,   109,   58000000,   30529392,        0,  -27470608,          0
 22518,   110,   58000000,   30598349,        0,  -27401651,          0
 22518,   111,   58000000,   30521995,        0,  -27478005,          0
 22518,   112,   58000000,   30818081,        0,  -27181919,          0
 22518,   113,   58000000,   30507970,        0,  -27492030,          0
 22518,   114,   58000000,   30793776,        0,  -27206224,          0
 22518,   115,   58000000,   30484112,        0,  -27515888,          0
 22518,   116,   58000000,   30834987,        0,  -27165013,          0
 22518,   117,   58000000,   30507060,        0,  -27492940,          0
 22518,   118,   58000000,   30531642,        0,  -27468358,          0
 22518,   119,   58000000,   30552101,        0,  -27447899,          0
 22518,   120,   58000000,   30504934,        0,  -27495066,          0
 22518,   121,   58000000,   30502967,        0,  -27497033,          0
 22518,   122,   58000000,   30558681,        0,  -27441319,          0
 22518,   123,   58000000,   41917170,        0,  -16082830,          0
 22518,   124,   58000000,   30603612,        0,  -27396388,          0
 22518,   125,   58000000,   30793419,        0,  -27206581,          0
 22518,   126,   58000000,   30538328,        0,  -27461672,          0
 22518,   127,   58000000,   30810151,        0,  -27189849,          0
 22518,   128,   58000000,   30521926,        0,  -27478074,          0
 22518,   129,   58000000,   30794033,        0,  -27205967,          0
 22518,   130,   58000000,   30511457,        0,  -27488543,          0
 22518,   131,   58000000,   30516880,        0,  -27483120,          0
 22518,   132,   58000000,   30518484,        0,  -27481516,          0
 22518,   133,   58000000,   30608271,        0,  -27391729,          0
 22518,   134,   58000000,   30502048,        0,  -27497952,          0
 22518,   135,   58000000,   40765065,        0,  -17234935,          0
 22518,   136,   58000000,   30494195,        0,  -27505805,          0
 22518,   137,   58000000,   30514131,        0,  -27485869,          0
 22518,   138,   58000000,   30799026,        0,  -27200974,          0
 22518,   139,   58000000,   30514897,        0,  -27485103,          0
 22518,   140,   58000000,   30792808,        0,  -27207192,          0
 22518,   141,   58000000,   30579190,        0,  -27420810,          0
 22518,   142,   58000000,   30793627,        0,  -27206373,          0
 22518,   143,   58000000,   30536786,        0,  -27463214,          0
 22518,   144,   58000000,   30836694,        0,  -27163306,          0
 22518,   145,   58000000,   30519440,        0,  -27480560,          0
 22518,   146,   58000000,   30528908,        0,  -27471092,          0
 22518,   147,   58000000,   30508949,        0,  -27491051,          0
 22518,   148,   58000000,   30500874,        0,  -27499126,          0
 22518,   149,   58000000,   30528423,        0,  -27471577,          0
 22518,   150,   58000000,   30553717,        0,  -27446283,          0
 22518,   151,   58000000,   30527808,        0,  -27472192,          0
 22518,   152,   58000000,   30552990,        0,  -27447010,          0
 22518,   153,   58000000,   30838383,        0,  -27161617,          0
 22518,   154,   58000000,   57196186,        0,    -803814,          0
 22518,   155,   58000000,   30791398,        0,  -27208602,          0
 22518,   156,   58000000,   30531022,        0,  -27468978,          0
 22518,   157,   58000000,   30809565,        0,  -27190435,          0
 22518,   158,   58000000,   30515069,        0,  -27484931,          0
 22518,   159,   58000000,   30510334,        0,  -27489666,          0
 22518,   160,   58000000,   30571753,        0,  -27428247,          0
 22518,   161,   58000000,   30523150,        0,  -27476850,          0
 22518,   162,   58000000,   30531414,        0,  -27468586,          0
 22518,   163,   58000000,   30528505,        0,  -27471495,          0
 22518,   164,   58000000,   30538507,        0,  -27461493,          0
 22518,   165,   58000000,   30555199,        0,  -27444801,          0
 22518,   166,   58000000,   30844637,        0,  -27155363,          0
 22518,   167,   58000000,   30521032,        0,  -27478968,          0
 22518,   168,   58000000,   30847021,        0,  -27152979,          0
 22518,   169,   58000000,   30530607,        0,  -27469393,          0
 22518,   170,   58000000,   30825134,        0,  -27174866,          0
 22518,   171,   58000000,   30563898,        0,  -27436102,          0
 22518,   172,   58000000,   30794006,        0,  -27205994,          0
 22518,   173,   58000000,   30515504,        0,  -27484496,          0
 22518,   174,   58000000,   30512651,        0,  -27487349,          0
 22518,   175,   58000000,   30519818,        0,  -27480182,          0
 22518,   176,   58000000,   30563447,        0,  -27436553,          0
# task NAME=myapp PID=22521 COST=22659000 PERIOD=49000000 CPU=0
 22521,     2,   49000000,      16709,        0,  -48983291,          0
 22521,     3,   49000000,      36028,        0,  -48963972,          0
 22521,     4,   49000000,   22171527,        0,  -26828473,          0
 22521,     5,   49000000,   22214351,        0,  -26785649,          0
 22521,     6,   49000000,   22219401,        0,  -26780599,          0
 22521,     7,   49000000,   22471717,        0,  -26528283,          0
 22521,     8,   49000000,   22201584,        0,  -26798416,          0
 22521,     9,   49000000,   22251331,        0,  -26748669,          0
 22521,    10,   49000000,   22229639,        0,  -26770361,          0
 22521,    11,   49000000,   22225749,        0,  -26774251,          0
 22521,    12,   49000000,   22484969,        0,  -26515031,          0
 22521,    13,   49000000,   22238336,        0,  -26761664,          0
 22521,    14,   49000000,   22192557,        0,  -26807443,          0
 22521,    15,   49000000,   22221369,        0,  -26778631,          0
 22521,    16,   49000000,   22202359,        0,  -26797641,          0
 22521,    17,   49000000,   22482387,        0,  -26517613,          0
 22521,    18,   49000000,   22200554,        0,  -26799446,          0
 22521,    19,   49000000,   22242384,        0,  -26757616,          0
 22521,    20,   49000000,   22184116,        0,  -26815884,          0
 22521,    21,   49000000,   22221123,        0,  -26778877,          0
 22521,    22,   49000000,   22219021,        0,  -26780979,          0
 22521,    23,   49000000,   22211286,        0,  -26788714,          0
 22521,    24,   49000000,   22218595,        0,  -26781405,          0
 22521,    25,   49000000,   22470401,        0,  -26529599,          0
 22521,    26,   49000000,   22223609,        0,  -26776391,          0
 22521,    27,   49000000,   36952330,        0,  -12047670,          0
 22521,    28,   49000000,   22213165,        0,  -26786835,          0
 22521,    29,   49000000,   22200504,        0,  -26799496,          0
 22521,    30,   49000000,   22492367,        0,  -26507633,          0
 22521,    31,   49000000,   22203948,        0,  -26796052,          0
 22521,    32,   49000000,   22249251,        0,  -26750749,          0
 22521,    33,   49000000,   22200146,        0,  -26799854,          0
 22521,    34,   49000000,   22186375,        0,  -26813625,          0
 22521,    35,   49000000,   26582393,        0,  -22417607,          0
 22521,    36,   49000000,   22228930,        0,  -26771070,          0
 22521,    37,   49000000,   22173586,        0,  -26826414,          0
 22521,    38,   49000000,   22183903,        0,  -26816097,          0
 22521,    39,   49000000,   22247793,        0,  -26752207,          0
 22521,    40,   49000000,   33009242,        0,  -15990758,          0
 22521,    41,   49000000,   22215583,        0,  -26784417,          0
 22521,    42,   49000000,   22209053,        0,  -26790947,          0
 22521,    43,   49000000,   22197583,        0,  -26802417,          0
 22521,    44,   49000000,   22280974,        0,  -26719026,          0
 22521,    45,   49000000,   22197622,        0,  -26802378,          0
 22521,    46,   49000000,   22191888,        0,  -26808112,          0
 22521,    47,   49000000,   22202370,        0,  -26797630,          0
 22521,    48,   49000000,   22511374,        0,  -26488626,          0
 22521,    49,   49000000,   22190237,        0,  -26809763,          0
 22521,    50,   49000000,   22248947,        0,  -26751053,          0
 22521,    51,   49000000,   22189983,        0,  -26810017,          0
 22521,    52,   49000000,   22293960,        0,  -26706040,          0
 22521,    53,   49000000,   22500522,        0,  -26499478,          0
 22521,    54,   49000000,   22202659,        0,  -26797341,          0
 22521,    55,   49000000,   22220695,        0,  -26779305,          0
 22521,    56,   49000000,   22196758,        0,  -26803242,          0
 22521,    57,   49000000,   22192602,        0,  -26807398,          0
 22521,    58,   49000000,   22459234,        0,  -26540766,          0
 22521,    59,   49000000,   22187669,        0,  -26812331,          0
 22521,    60,   49000000,   22199771,        0,  -26800229,          0
 22521,    61,   49000000,   22210153,        0,  -26789847,          0
 22521,    62,   49000000,   22206935,        0,  -26793065,          0
 22521,    63,   49000000,   22458549,        0,  -26541451,          0
 22521,    64,   49000000,   22164850,        0,  -26835150,          0
 22521,    65,   49000000,   22182661,        0,  -26817339,          0
 22521,    66,   49000000,   22234152,        0,  -26765848,          0
 22521,    67,   49000000,   29466865,        0,  -19533135,          0
 22521,    68,   49000000,   22491708,        0,  -26508292,          0
 22521,    69,   49000000,   22170446,        0,  -26829554,          0
 22521,    70,   49000000,   22177187,        0,  -26822813,          0
 22521,    71,   49000000,   22188042,        0,  -26811958,          0
 22521,    72,   49000000,   24967632,        0,  -24032368,          0
 22521,    73,   49000000,   22200084,        0,  -26799916,          0
 22521,    74,   49000000,   22179499,        0,  -26820501,          0
 22521,    75,   49000000,   22190155,        0,  -26809845,          0
 22521,    76,   49000000,   22450897,        0,  -26549103,          0
 22521,    77,   49000000,   22724024,        0,  -26275976,          0
 22521,    78,   49000000,   22199087,        0,  -26800913,          0
 22521,    79,   49000000,   22213416,        0,  -26786584,          0
 22521,    80,   49000000,   22183044,        0,  -26816956,          0
 22521,    81,   49000000,   22474073,        0,  -26525927,          0
 22521,    82,   49000000,   22184574,        0,  -26815426,          0
 22521,    83,   49000000,   22215565,        0,  -26784435,          0
 22521,    84,   49000000,   22176558,        0,  -26823442,          0
 22521,    85,   49000000,   37244548,        0,  -11755452,          0
 22521,    86,   49000000,   22521729,        0,  -26478271,          0
 22521,    87,   49000000,   22177123,        0,  -26822877,          0
 22521,    88,   49000000,   22181481,        0,  -26818519,          0
 22521,    89,   49000000,   22188465,        0,  -26811535,          0
 22521,    90,   49000000,   22178625,        0,  -26821375,          0
 22521,    91,   49000000,   22464190,        0,  -26535810,          0
 22521,    92,   49000000,   22249103,        0,  -26750897,          0
 22521,    93,   49000000,   22211271,        0,  -26788729,          0
 22521,    94,   49000000,   22196557,        0,  -26803443,          0
 22521,    95,   49000000,   22194221,        0,  -26805779,          0
 22521,    96,   49000000,   22161074,        0,  -26838926,          0
 22521,    97,   49000000,   22185117,        0,  -26814883,          0
 22521,    98,   49000000,   22227875,        0,  -26772125,          0
 22521,    99,   49000000,   22463089,        0,  -26536911,          0
 22521,   100,   49000000,   22206614,        0,  -26793386,          0
 22521,   101,   49000000,   22173696,        0,  -26826304,          0
 22521,   102,   49000000,   22175467,        0,  -26824533,          0
 22521,   103,   49000000,   22184588,        0,  -26815412,          0
 22521,   104,   49000000,   22462467,        0,  -26537533,          0
 22521,   105,   49000000,   22186363,        0,  -26813637,          0
 22521,   106,   49000000,   30457090,        0,  -18542910,          0
 22521,   107,   49000000,   22172342,        0,  -26827658,          0
 22521,   108,   49000000,   22175477,        0,  -26824523,          0
 22521,   109,   49000000,   22454679,        0,  -26545321,          0
 22521,   110,   49000000,   22212500,        0,  -26787500,          0
 22521,   111,   49000000,   22203085,        0,  -26796915,          0
 22521,   112,   49000000,   22198796,        0,  -26801204,          0
 22521,   113,   49000000,   22161367,        0,  -26838633,          0
 22521,   114,   49000000,   22473210,        0,  -26526790,          0
 22521,   115,   49000000,   22177556,        0,  -26822444,          0
 22521,   116,   49000000,   22172241,        0,  -26827759,          0
 22521,   117,   49000000,   22216179,        0,  -26783821,          0
 22521,   118,   49000000,   22239241,        0,  -26760759,          0
 22521,   119,   49000000,   22520202,        0,  -26479798,          0
 22521,   120,   49000000,   22212631,        0,  -26787369,          0
 22521,   121,   49000000,   22195480,        0,  -26804520,          0
 22521,   122,   49000000,   22241392,        0,  -26758608,          0
 22521,   123,   49000000,   22236888,        0,  -26763112,          0
 22521,   124,   49000000,   22233598,        0,  -26766402,          0
 22521,   125,   49000000,   22206700,        0,  -26793300,          0
 22521,   126,   49000000,   22192366,        0,  -26807634,          0
 22521,   127,   49000000,   22470052,        0,  -26529948,          0
 22521,   128,   49000000,   22192455,        0,  -26807545,          0
 22521,   129,   49000000,   22196306,        0,  -26803694,          0
 22521,   130,   49000000,   22194288,        0,  -26805712,          0
 22521,   131,   49000000,   22193051,        0,  -26806949,          0
 22521,   132,   49000000,   22542014,        0,  -26457986,          0
 22521,   133,   49000000,   22216249,        0,  -26783751,          0
 22521,   134,   49000000,   22241945,        0,  -26758055,          0
 22521,   135,   49000000,   22196495,        0,  -26803505,          0
 22521,   136,   49000000,   32241650,        0,  -16758350,          0
 22521,   137,   49000000,   22493183,        0,  -26506817,          0
 22521,   138,   49000000,   22177402,        0,  -26822598,          0
 22521,   139,   49000000,   22193939,        0,  -26806061,          0
 22521,   140,   49000000,   22193154,        0,  -26806846,          0
 22521,   141,   49000000,   22186005,        0,  -26813995,          0
 22521,   142,   49000000,   27970289,        0,  -21029711,          0
 22521,   143,   49000000,   22195602,        0,  -26804398,          0
 22521,   144,   49000000,   22187346,        0,  -26812654,          0
 22521,   145,   49000000,   22209895,        0,  -26790105,          0
 22521,   146,   49000000,   22273604,        0,  -26726396,          0
 22521,   147,   49000000,   22182725,        0,  -26817275,          0
 22521,   148,   49000000,   23990743,        0,  -25009257,          0
 22521,   149,   49000000,   22189676,        0,  -26810324,          0
 22521,   150,   49000000,   22491341,        0,  -26508659,          0
 22521,   151,   49000000,   24557141,        0,  -24442859,          0
 22521,   152,   49000000,   22199049,        0,  -26800951,          0
 22521,   153,   49000000,   22206552,        0,  -26793448,          0
 22521,   154,   49000000,   22209176,        0,  -26790824,          0
 22521,   155,   49000000,   22508619,        0,  -26491381,          0
 22521,   156,   49000000,   22202876,        0,  -26797124,          0
 22521,   157,   49000000,   30794895,        0,  -18205105,          0
 22521,   158,   49000000,   22204514,        0,  -26795486,          0
 22521,   159,   49000000,   22172771,        0,  -26827229,          0
 22521,   160,   49000000,   22455062,        0,  -26544938,          0
 22521,   161,   49000000,   22206076,        0,  -26793924,          0
 22521,   162,   49000000,   22205781,        0,  -26794219,          0
 22521,   163,   49000000,   22216600,        0,  -26783400,          0
 22521,   164,   49000000,   22186088,        0,  -26813912,          0
 22521,   165,   49000000,   22460630,        0,  -26539370,          0
 22521,   166,   49000000,   22192794,        0,  -26807206,          0
 22521,   167,   49000000,   22179548,        0,  -26820452,          0
 22521,   168,   49000000,   22181746,        0,  -26818254,          0
 22521,   169,   49000000,   22200935,        0,  -26799065,          0
 22521,   170,   49000000,   24118176,        0,  -24881824,          0
 22521,   171,   49000000,   22220545,        0,  -26779455,          0
 22521,   172,   49000000,   22182312,        0,  -26817688,          0
 22521,   173,   49000000,   22488914,        0,  -26511086,          0
 22521,   174,   49000000,   22220010,        0,  -26779990,          0
 22521,   175,   49000000,   22242516,        0,  -26757484,          0
 22521,   176,   49000000,   22198013,        0,  -26801987,          0
 22521,   177,   49000000,   22205345,        0,  -26794655,          0
 22521,   178,   49000000,   22488783,        0,  -26511217,          0
 22521,   179,   49000000,   22186632,        0,  -26813368,          0
 22521,   180,   49000000,   22181690,        0,  -26818310,          0
 22521,   181,   49000000,   22171491,        0,  -26828509,          0
 22521,   182,   49000000,   35832556,        0,  -13167444,          0
 22521,   183,   49000000,   22483329,        0,  -26516671,          0
 22521,   184,   49000000,   22182876,        0,  -26817124,          0
 22521,   185,   49000000,   22182820,        0,  -26817180,          0
 22521,   186,   49000000,   22202538,        0,  -26797462,          0
 22521,   187,   49000000,   22277166,        0,  -26722834,          0
 22521,   188,   49000000,   34698337,        0,  -14301663,          0
 22521,   189,   49000000,   22188854,        0,  -26811146,          0
 22521,   190,   49000000,   22198745,        0,  -26801255,          0
 22521,   191,   49000000,   22208992,        0,  -26791008,          0
 22521,   192,   49000000,   22190887,        0,  -26809113,          0
 22521,   193,   49000000,   22450194,        0,  -26549806,          0
 22521,   194,   49000000,   22199809,        0,  -26800191,          0
 22521,   195,   49000000,   22193145,        0,  -26806855,          0
 22521,   196,   49000000,   22202755,        0,  -26797245,          0
 22521,   197,   49000000,   22186949,        0,  -26813051,          0
 22521,   198,   49000000,   22230199,        0,  -26769801,          0
 22521,   199,   49000000,   22206177,        0,  -26793823,          0
 22521,   200,   49000000,   22173502,        0,  -26826498,          0
 22521,   201,   49000000,   22468513,        0,  -26531487,          0
 22521,   202,   49000000,   22201082,        0,  -26798918,          0
 22521,   203,   49000000,   22230162,        0,  -26769838,          0
 22521,   204,   49000000,   22192404,        0,  -26807596,          0
 22521,   205,   49000000,   22168319,        0,  -26831681,          0
 22521,   206,   49000000,   22470511,        0,  -26529489,          0
 22521,   207,   49000000,   22201925,        0,  -26798075,          0
 22521,   208,   49000000,   22193744,        0,  -26806256,          0
