# Task,   Job,     Period,   Response, DL Miss?,   Lateness,  Tardiness
# task NAME=myapp PID=5453 COST=23144000 PERIOD=91000000 CPU=0
  5453,     2,   91000000,       8422,        0,  -90991578,          0
  5453,     3,   91000000,      65668,        0,  -90934332,          0
  5453,     4,   91000000,   83899309,        0,   -7100691,          0
  5453,     5,   91000000,   22652447,        0,  -68347553,          0
  5453,     6,   91000000,   22661959,        0,  -68338041,          0
  5453,     7,   91000000,   22690702,        0,  -68309298,          0
  5453,     8,   91000000,   22961363,        0,  -68038637,          0
  5453,     9,   91000000,   22653919,        0,  -68346081,          0
  5453,    10,   91000000,   22662110,        0,  -68337890,          0
  5453,    11,   91000000,   22660768,        0,  -68339232,          0
  5453,    12,   91000000,   49410869,        0,  -41589131,          0
  5453,    13,   91000000,   22684860,        0,  -68315140,          0
  5453,    14,   91000000,   22703052,        0,  -68296948,          0
  5453,    15,   91000000,   23034616,        0,  -67965384,          0
  5453,    16,   91000000,   22671300,        0,  -68328700,          0
  5453,    17,   91000000,   22693303,        0,  -68306697,          0
  5453,    18,   91000000,   22699804,        0,  -68300196,          0
  5453,    19,   91000000,   24415041,        0,  -66584959,          0
  5453,    20,   91000000,   22684735,        0,  -68315265,          0
  5453,    21,   91000000,   40226474,        0,  -50773526,          0
  5453,    22,   91000000,   22646287,        0,  -68353713,          0
  5453,    23,   91000000,   22700486,        0,  -68299514,          0
  5453,    24,   91000000,   22675360,        0,  -68324640,          0
  5453,    25,   91000000,   27246155,        0,  -63753845,          0
  5453,    26,   91000000,   23059895,        0,  -67940105,          0
  5453,    27,   91000000,   22739256,        0,  -68260744,          0
  5453,    28,   91000000,   22639742,        0,  -68360258,          0
  5453,    29,   91000000,   22660613,        0,  -68339387,          0
  5453,    30,   91000000,   22971962,        0,  -68028038,          0
  5453,    31,   91000000,   22647005,        0,  -68352995,          0
  5453,    32,   91000000,   22695902,        0,  -68304098,          0
  5453,    33,   91000000,   22657097,        0,  -68342903,          0
  5453,    34,   91000000,   22637959,        0,  -68362041,          0
  5453,    35,   91000000,   22684994,        0,  -68315006,          0
  5453,    36,   91000000,   22654291,        0,  -68345709,          0
  5453,    37,   91000000,   23096574,        0,  -67903426,          0
  5453,    38,   91000000,   22755695,        0,  -68244305,          0
  5453,    39,   91000000,   22716373,        0,  -68283627,          0
  5453,    40,   91000000,   22684269,        0,  -68315731,          0
  5453,    41,   91000000,   22965387,        0,  -68034613,          0
  5453,    42,   91000000,   22684137,        0,  -68315863,          0
  5453,    43,   91000000,   22850015,        0,  -68149985,          0
  5453,    44,   91000000,   22646677,        0,  -68353323,          0
  5453,    45,   91000000,   22667592,        0,  -68332408,          0
  5453,    46,   91000000,   22661018,        0,  -68338982,          0
  5453,    47,   91000000,   44696851,        0,  -46303149,          0
  5453,    48,   91000000,   23020337,        0,  -67979663,          0
  5453,    49,   91000000,   22653286,        0,  -68346714,          0
  5453,    50,   91000000,   22687867,        0,  -68312133,          0
  5453,    51,   91000000,   22650436,        0,  -68349564,          0
  5453,    52,   91000000,   37355026,        0,  -53644974,          0
  5453,    53,   91000000,   22685708,        0,  -68314292,          0
  5453,    54,   91000000,   30546494,        0,  -60453506,          0
  5453,    55,   91000000,   28446798,        0,  -62553202,          0
  5453,    56,   91000000,   22687895,        0,  -68312105,          0
  5453,    57,   91000000,   22691725,        0,  -68308275,          0
  5453,    58,   91000000,   22717205,        0,  -68282795,          0
  5453,    59,   91000000,   23066261,        0,  -67933739,          0
  5453,    60,   91000000,   22685599,        0,  -68314401,          0
  5453,    61,   91000000,   22686688,        0,  -68313312,          0
  5453,    62,   91000000,   22665494,        0,  -68334506,          0
  5453,    63,   91000000,   22985413,        0,  -68014587,          0
  5453,    64,   91000000,   22692608,        0,  -68307392,          0
  5453,    65,   91000000,   22649207,        0,  -68350793,          0
  5453,    66,   91000000,   25884933,        0,  -65115067,          0
  5453,    67,   91000000,   22701708,        0,  -68298292,          0
  5453,    68,   91000000,   22761999,        0,  -68238001,          0
  5453,    69,   91000000,   22664745,        0,  -68335255,          0
  5453,    70,   91000000,   23046508,        0,  -67953492,          0
  5453,    71,   91000000,   22663900,        0,  -68336100,          0
  5453,    72,   91000000,   22721073,        0,  -68278927,          0
  5453,    73,   91000000,   34372115,        0,  -56627885,          0
  5453,    74,   91000000,   22931359,        0,  -68068641,          0
  5453,    75,   91000000,   22693243,        0,  -68306757,          0
  5453,    76,   91000000,   30268388,        0,  -60731612,          0
  5453,    77,   91000000,   22730858,        0,  -68269142,          0
  5453,    78,   91000000,   22664848,        0,  -68335152,          0
  5453,    79,   91000000,   22664917,        0,  -68335083,          0
  5453,    80,   91000000,   22651827,        0,  -68348173,          0
  5453,    81,   91000000,   23048659,        0,  -67951341,          0
  5453,    82,   91000000,   22649467,        0,  -68350533,          0
  5453,    83,   91000000,   39163632,        0,  -51836368,          0
  5453,    84,   91000000,   22665658,        0,  -68334342,          0
  5453,    85,   91000000,   22955919,        0,  -68044081,          0
  5453,    86,   91000000,   22669603,        0,  -68330397,          0
  5453,    87,   91000000,   22673763,        0,  -68326237,          0
  5453,    88,   91000000,   23818928,        0,  -67181072,          0
  5453,    89,   91000000,   22694845,        0,  -68305155,          0
  5453,    90,   91000000,   22695205,        0,  -68304795,          0
  5453,    91,   91000000,   31211203,        0,  -59788797,          0
  5453,    92,   91000000,   23037388,        0,  -67962612,          0
  5453,    93,   91000000,   22666554,        0,  -68333446,          0
  5453,    94,   91000000,   22658905,        0,  -68341095,          0
  5453,    95,   91000000,   22677282,        0,  -68322718,          0
  5453,    96,   91000000,   22912101,        0,  -68087899,          0
  5453,    97,   91000000,   22671178,        0,  -68328822,          0
  5453,    98,   91000000,   22683765,        0,  -68316235,          0
  5453,    99,   91000000,   22664531,        0,  -68335469,          0
  5453,   100,   91000000,   22676898,        0,  -68323102,          0
  5453,   101,   91000000,   22678581,        0,  -68321419,          0
  5453,   102,   91000000,   22654469,        0,  -68345531,          0
  5453,   103,   91000000,   23061269,        0,  -67938731,          0
  5453,   104,   91000000,   22659436,        0,  -68340564,          0
  5453,   105,   91000000,   22676697,        0,  -68323303,          0
  5453,   106,   91000000,   22675615,        0,  -68324385,          0
  5453,   107,   91000000,   38949003,        0,  -52050997,          0
  5453,   108,   91000000,   24384581,        0,  -66615419,          0
  5453,   109,   91000000,   22688099,        0,  -68311901,          0
  5453,   110,   91000000,   22737072,        0,  -68262928,          0
  5453,   111,   91000000,   22676049,        0,  -68323951,          0
  5453,   112,   91000000,   22666628,        0,  -68333372,          0
  5453,   113,   91000000,   27309391,        0,  -63690609,          0
# task NAME=myapp PID=5456 COST=29206000 PERIOD=86000000 CPU=0
  5456,     2,   86000000,       8412,        0,  -85991588,          0
  5456,     3,   86000000,      62322,        0,  -85937678,          0
  5456,     4,   86000000,   88795048,        1,    2795048,    2795048
  5456,     5,   86000000,   31356663,        0,  -54643337,          0
  5456,     6,   86000000,   28596178,        0,  -57403822,          0
  5456,     7,   86000000,   28981296,        0,  -57018704,          0
  5456,     8,   86000000,   28565816,        0,  -57434184,          0
  5456,     9,   86000000,   28589487,        0,  -57410513,          0
  5456,    10,   86000000,   32017130,        0,  -53982870,          0
  5456,    11,   86000000,   28572636,        0,  -57427364,          0
  5456,    12,   86000000,   28568383,        0,  -57431617,          0
  5456,    13,   86000000,   28578215,        0,  -57421785,          0
  5456,    14,   86000000,   28593377,        0,  -57406623,          0
  5456,    15,   86000000,   28614390,        0,  -57385610,          0
  5456,    16,   86000000,   28573302,        0,  -57426698,          0
  5456,    17,   86000000,   28868112,        0,  -57131888,          0
  5456,    18,   86000000,   28611024,        0,  -57388976,          0
  5456,    19,   86000000,   28596158,        0,  -57403842,          0
  5456,    20,   86000000,   36145198,        0,  -49854802,          0
  5456,    21,   86000000,   28607025,        0,  -57392975,          0
  5456,    22,   86000000,   31272322,        0,  -54727678,          0
  5456,    23,   86000000,   28851875,        0,  -57148125,          0
  5456,    24,   86000000,   28580202,        0,  -57419798,          0
  5456,    25,   86000000,   32190886,        0,  -53809114,          0
  5456,    26,   86000000,   28584834,        0,  -57415166,          0
  5456,    27,   86000000,   28637054,        0,  -57362946,          0
  5456,    28,   86000000,   28574466,        0,  -57425534,          0
  5456,    29,   86000000,   28608044,        0,  -57391956,          0
  5456,    30,   86000000,   28908373,        0,  -57091627,          0
  5456,    31,   86000000,   37241994,        0,  -48758006,          0
  5456,    32,   86000000,   28560900,        0,  -57439100,          0
  5456,    33,   86000000,   32159263,        0,  -53840737,          0
  5456,    34,   86000000,   28569264,        0,  -57430736,          0
  5456,    35,   86000000,   28579947,        0,  -57420053,          0
  5456,    36,   86000000,   28861464,        0,  -57138536,          0
  5456,    37,   86000000,   28635348,        0,  -57364652,          0
  5456,    38,   86000000,   28590126,        0,  -57409874,          0
  5456,    39,   86000000,   28945132,        0,  -57054868,          0
  5456,    40,   86000000,   28601711,        0,  -57398289,          0
  5456,    41,   86000000,   28610045,        0,  -57389955,          0
  5456,    42,   86000000,   40563740,        0,  -45436260,          0
  5456,    43,   86000000,   28631738,        0,  -57368262,          0
  5456,    44,   86000000,   28582159,        0,  -57417841,          0
  5456,    45,   86000000,   28576895,        0,  -57423105,          0
  5456,    46,   86000000,   28858664,        0,  -57141336,          0
  5456,    47,   86000000,   28567276,        0,  -57432724,          0
  5456,    48,   86000000,   28577074,        0,  -57422926,          0
  5456,    49,   86000000,   28894271,        0,  -57105729,          0
  5456,    50,   86000000,   28569956,        0,  -57430044,          0
  5456,    51,   86000000,   46584437,        0,  -39415563,          0
  5456,    52,   86000000,   28875796,        0,  -57124204,          0
  5456,    53,   86000000,   28610072,        0,  -57389928,          0
  5456,    54,   86000000,   28581281,        0,  -57418719,          0
  5456,    55,   86000000,   30097605,        0,  -55902395,          0
  5456,    56,   86000000,   28573772,        0,  -57426228,          0
  5456,    57,   86000000,   33488835,        0,  -52511165,          0
  5456,    58,   86000000,   28602233,        0,  -57397767,          0
  5456,    59,   86000000,   30097130,        0,  -55902870,          0
  5456,    60,   86000000,   28560768,        0,  -57439232,          0
  5456,    61,   86000000,   28616627,        0,  -57383373,          0
  5456,    62,   86000000,   31091199,        0,  -54908801,          0
  5456,    63,   86000000,   28603650,        0,  -57396350,          0
  5456,    64,   86000000,   28568461,        0,  -57431539,          0
  5456,    65,   86000000,   28868528,        0,  -57131472,          0
  5456,    66,   86000000,   28566370,        0,  -57433630,          0
  5456,    67,   86000000,   28569897,        0,  -57430103,          0
  5456,    68,   86000000,   54813681,        0,  -31186319,          0
  5456,    69,   86000000,   28600380,        0,  -57399620,          0
  5456,    70,   86000000,   28623095,        0,  -57376905,          0
  5456,    71,   86000000,   28868806,        0,  -57131194,          0
  5456,    72,   86000000,   28555115,        0,  -57444885,          0
  5456,    73,   86000000,   28569219,        0,  -57430781,          0
  5456,    74,   86000000,   28575005,        0,  -57424995,          0
  5456,    75,   86000000,   28601011,        0,  -57398989,          0
  5456,    76,   86000000,   28603018,        0,  -57396982,          0
  5456,    77,   86000000,   28589792,        0,  -57410208,          0
  5456,    78,   86000000,   28878693,        0,  -57121307,          0
  5456,    79,   86000000,   28596272,        0,  -57403728,          0
  5456,    80,   86000000,   28588433,        0,  -57411567,          0
  5456,    81,   86000000,   28878076,        0,  -57121924,          0
  5456,    82,   86000000,   28569663,        0,  -57430337,          0
  5456,    83,   86000000,   28597600,        0,  -57402400,          0
  5456,    84,   86000000,   28872523,        0,  -57127477,          0
  5456,    85,   86000000,   32838776,        0,  -53161224,          0
  5456,    86,   86000000,   28559154,        0,  -57440846,          0
  5456,    87,   86000000,   28851592,        0,  -57148408,          0
  5456,    88,   86000000,   28586422,        0,  -57413578,          0
  5456,    89,   86000000,   28592986,        0,  -57407014,          0
  5456,    90,   86000000,   31537605,        0,  -54462395,          0
  5456,    91,   86000000,   28618674,        0,  -57381326,          0
  5456,    92,   86000000,   28597976,        0,  -57402024,          0
  5456,    93,   86000000,   28605659,        0,  -57394341,          0
  5456,    94,   86000000,   28893819,        0,  -57106181,          0
  5456,    95,   86000000,   28617927,        0,  -57382073,          0
  5456,    96,   86000000,   47130715,        0,  -38869285,          0
  5456,    97,   86000000,   28946743,        0,  -57053257,          0
  5456,    98,   86000000,   28587534,        0,  -57412466,          0
  5456,    99,   86000000,   28587675,        0,  -57412325,          0
  5456,   100,   86000000,   28853989,        0,  -57146011,          0
  5456,   101,   86000000,   28635195,        0,  -57364805,          0
  5456,   102,   86000000,   40232558,        0,  -45767442,          0
  5456,   103,   86000000,   28886486,        0,  -57113514,          0
  5456,   104,   86000000,   28574706,        0,  -57425294,          0
  5456,   105,   86000000,   28619591,        0,  -57380409,          0
  5456,   106,   86000000,   28616825,        0,  -57383175,          0
  5456,   107,   86000000,   28634966,        0,  -57365034,          0
  5456,   108,   86000000,   29523440,        0,  -56476560,          0
  5456,   109,   86000000,   28671928,        0,  -57328072,          0
  5456,   110,   86000000,   28889339,        0,  -57110661,          0
  5456,   111,   86000000,   28610087,        0,  -57389913,          0
  5456,   112,   86000000,   28662740,        0,  -57337260,          0
  5456,   113,   86000000,   28855313,        0,  -57144687,          0
  5456,   114,   86000000,   28611789,        0,  -57388211,          0
  5456,   115,   86000000,   28581524,        0,  -57418476,          0
  5456,   116,   86000000,   28929259,        0,  -57070741,          0
  5456,   117,   86000000,   28695688,        0,  -57304312,          0
  5456,   118,   86000000,   28572904,        0,  -57427096,          0
  5456,   119,   86000000,   28575573,        0,  -57424427,          0
  5456,   120,   86000000,   28579972,        0,  -57420028,          0
# task NAME=myapp PID=5460 COST=17853000 PERIOD=80000000 CPU=0
  5460,     2,   80000000,      16058,        0,  -79983942,          0
  5460,     3,   80000000,      36213,        0,  -79963787,          0
  5460,     4,   80000000,   17481414,        0,  -62518586,          0
  5460,     5,   80000000,   17496125,        0,  -62503875,          0
  5460,     6,   80000000,   17540538,        0,  -62459462,          0
  5460,     7,   80000000,   17516458,        0,  -62483542,          0
  5460,     8,   80000000,   17507120,        0,  -62492880,          0
  5460,     9,   80000000,   17544546,        0,  -62455454,          0
  5460,    10,   80000000,   17476649,        0,  -62523351,          0
  5460,    11,   80000000,   17509552,        0,  -62490448,          0
  5460,    12,   80000000,   23260647,        0,  -56739353,          0
  5460,    13,   80000000,   17484025,        0,  -62515975,          0
  5460,    14,   80000000,   17481705,        0,  -62518295,          0
  5460,    15,   80000000,   17789515,        0,  -62210485,          0
  5460,    16,   80000000,   17532200,        0,  -62467800,          0
  5460,    17,   80000000,   17500742,        0,  -62499258,          0
  5460,    18,   80000000,   17517844,        0,  -62482156,          0
  5460,    19,   80000000,   17513543,        0,  -62486457,          0
  5460,    20,   80000000,   17564517,        0,  -62435483,          0
  5460,    21,   80000000,   17486336,        0,  -62513664,          0
  5460,    22,   80000000,   17490964,        0,  -62509036,          0
  5460,    23,   80000000,   17786577,        0,  -62213423,          0
  5460,    24,   80000000,   17515692,        0,  -62484308,          0
  5460,    25,   80000000,   17525015,        0,  -62474985,          0
  5460,    26,   80000000,   17753419,        0,  -62246581,          0
  5460,    27,   80000000,   17515927,        0,  -62484073,          0
  5460,    28,   80000000,   33091866,        0,  -46908134,          0
  5460,    29,   80000000,   25146414,        0,  -54853586,          0
  5460,    30,   80000000,   17488165,        0,  -62511835,          0
  5460,    31,   80000000,   17497491,        0,  -62502509,          0
  5460,    32,   80000000,   17510106,        0,  -62489894,          0
  5460,    33,   80000000,   17496153,        0,  -62503847,          0
  5460,    34,   80000000,   17475237,        0,  -62524763,          0
  5460,    35,   80000000,   28135242,        0,  -51864758,          0
  5460,    36,   80000000,   17517007,        0,  -62482993,          0
  5460,    37,   80000000,   17796158,        0,  -62203842,          0
  5460,    38,   80000000,   17489060,        0,  -62510940,          0
  5460,    39,   80000000,   17498315,        0,  -62501685,          0
  5460,    40,   80000000,   17813660,        0,  -62186340,          0
  5460,    41,   80000000,   17482784,        0,  -62517216,          0
  5460,    42,   80000000,   17497376,        0,  -62502624,          0
  5460,    43,   80000000,   17500365,        0,  -62499635,          0
  5460,    44,   80000000,   17504532,        0,  -62495468,          0
  5460,    45,   80000000,   23441666,        0,  -56558334,          0
  5460,    46,   80000000,   17528319,        0,  -62471681,          0
  5460,    47,   80000000,   17487831,        0,  -62512169,          0
  5460,    48,   80000000,   23426399,        0,  -56573601,          0
  5460,    49,   80000000,   17478526,        0,  -62521474,          0
  5460,    50,   80000000,   17518936,        0,  -62481064,          0
  5460,    51,   80000000,   17763580,        0,  -62236420,          0
  5460,    52,   80000000,   17483306,        0,  -62516694,          0
  5460,    53,   80000000,   43518088,        0,  -36481912,          0
  5460,    54,   80000000,   17479663,        0,  -62520337,          0
  5460,    55,   80000000,   17526484,        0,  -62473516,          0
  5460,    56,   80000000,   17534134,        0,  -62465866,          0
  5460,    57,   80000000,   17495568,        0,  -62504432,          0
  5460,    58,   80000000,   17486324,        0,  -62513676,          0
  5460,    59,   80000000,   17509019,        0,  -62490981,          0
  5460,    60,   80000000,   17491228,        0,  -62508772,          0
  5460,    61,   80000000,   17497842,        0,  -62502158,          0
  5460,    62,   80000000,   17762717,        0,  -62237283,          0
  5460,    63,   80000000,   17498506,        0,  -62501494,          0
  5460,    64,   80000000,   17478643,        0,  -62521357,          0
  5460,    65,   80000000,   17755208,        0,  -62244792,          0
  5460,    66,   80000000,   17499920,        0,  -62500080,          0
  5460,    67,   80000000,   17528754,        0,  -62471246,          0
  5460,    68,   80000000,   17661682,        0,  -62338318,          0
  5460,    69,   80000000,   17515434,        0,  -62484566,          0
  5460,    70,   80000000,   17493798,        0,  -62506202,          0
  5460,    71,   80000000,   17481034,        0,  -62518966,          0
  5460,    72,   80000000,   17496251,        0,  -62503749,          0
  5460,    73,   80000000,   33712679,        0,  -46287321,          0
  5460,    74,   80000000,   17481983,        0,  -62518017,          0
  5460,    75,   80000000,   17503036,        0,  -62496964,          0
  5460,    76,   80000000,   17832392,        0,  -62167608,          0
  5460,    77,   80000000,   17498356,        0,  -62501644,          0
  5460,    78,   80000000,   17490357,        0,  -62509643,          0
  5460,    79,   80000000,   17532071,        0,  -62467929,          0
  5460,    80,   80000000,   17488909,        0,  -62511091,          0
  5460,    81,   80000000,   17526562,        0,  -62473438,          0
  5460,    82,   80000000,   17496318,        0,  -62503682,          0
  5460,    83,   80000000,   21908767,        0,  -58091233,          0
  5460,    84,   80000000,   17471356,        0,  -62528644,          0
  5460,    85,   80000000,   22114904,        0,  -57885096,          0
  5460,    86,   80000000,   19507323,        0,  -60492677,          0
  5460,    87,   80000000,   17760889,        0,  -62239111,          0
  5460,    88,   80000000,   17483956,        0,  -62516044,          0
  5460,    89,   80000000,   17496072,        0,  -62503928,          0
  5460,    90,   80000000,   17755854,        0,  -62244146,          0
  5460,    91,   80000000,   17519573,        0,  -62480427,          0
  5460,    92,   80000000,   17498551,        0,  -62501449,          0
  5460,    93,   80000000,   17483445,        0,  -62516555,          0
  5460,    94,   80000000,   33984728,        0,  -46015272,          0
  5460,    95,   80000000,   17507513,        0,  -62492487,          0
  5460,    96,   80000000,   17478089,        0,  -62521911,          0
  5460,    97,   80000000,   17477798,        0,  -62522202,          0
  5460,    98,   80000000,   38050099,        0,  -41949901,          0
  5460,    99,   80000000,   17480269,        0,  -62519731,          0
  5460,   100,   80000000,   17497263,        0,  -62502737,          0
  5460,   101,   80000000,   17771679,        0,  -62228321,          0
  5460,   102,   80000000,   17505888,        0,  -62494112,          0
  5460,   103,   80000000,   34061121,        0,  -45938879,          0
  5460,   104,   80000000,   17471009,        0,  -62528991,          0
  5460,   105,   80000000,   17502739,        0,  -62497261,          0
  5460,   106,   80000000,   17505457,        0,  -62494543,          0
  5460,   107,   80000000,   17515981,        0,  -62484019,          0
  5460,   108,   80000000,   19867613,        0,  -60132387,          0
  5460,   109,   80000000,   17477054,        0,  -62522946,          0
  5460,   110,   80000000,   17494850,        0,  -62505150,          0
  5460,   111,   80000000,   17520356,        0,  -62479644,          0
  5460,   112,   80000000,   17807859,        0,  -62192141,          0
  5460,   113,   80000000,   17495019,        0,  -62504981,          0
  5460,   114,   80000000,   17512261,        0,  -62487739,          0
  5460,   115,   80000000,   17800805,        0,  -62199195,          0
  5460,   116,   80000000,   17503385,        0,  -62496615,          0
  5460,   117,   80000000,   17753776,        0,  -62246224,          0
  5460,   118,   80000000,   17498488,        0,  -62501512,          0
  5460,   119,   80000000,   17506039,        0,  -62493961,          0
  5460,   120,   80000000,   24212914,        0,  -55787086,          0
  5460,   121,   80000000,   17495590,        0,  -62504410,          0
  5460,   122,   80000000,   17492532,        0,  -62507468,          0
  5460,   123,   80000000,   17790304,        0,  -62209696,          0
  5460,   124,   80000000,   17509628,        0,  -62490372,          0
  5460,   125,   80000000,   17496264,        0,  -62503736,          0
  5460,   126,   80000000,   17773651,        0,  -62226349,          0
  5460,   127,   80000000,   17493773,        0,  -62506227,          0
  5460,   128,   80000000,   17496024,        0,  -62503976,          0
  5460,   129,   80000000,   24036596,        0,  -55963404,          0
# task NAME=myapp PID=5464 COST=11888000 PERIOD=65000000 CPU=0
  5464,     2,   65000000,       9424,        0,  -64990576,          0
  5464,     3,   65000000,      45583,        0,  -64954417,          0
  5464,     4,   65000000,   11700918,        0,  -53299082,          0
  5464,     5,   65000000,   11658037,        0,  -53341963,          0
  5464,     6,   65000000,   11661704,        0,  -53338296,          0
  5464,     7,   65000000,   11671162,        0,  -53328838,          0
  5464,     8,   65000000,   11675596,        0,  -53324404,          0
  5464,     9,   65000000,   11672110,        0,  -53327890,          0
  5464,    10,   65000000,   11646804,        0,  -53353196,          0
  5464,    11,   65000000,   11685721,        0,  -53314279,          0
  5464,    12,   65000000,   32101555,        0,  -32898445,          0
  5464,    13,   65000000,   11697996,        0,  -53302004,          0
  5464,    14,   65000000,   13991022,        0,  -51008978,          0
  5464,    15,   65000000,   11698102,        0,  -53301898,          0
  5464,    16,   65000000,   12447784,        0,  -52552216,          0
  5464,    17,   65000000,   11662660,        0,  -53337340,          0
  5464,    18,   65000000,   11928680,        0,  -53071320,          0
  5464,    19,   65000000,   11684547,        0,  -53315453,          0
  5464,    20,   65000000,   11673940,        0,  -53326060,          0
  5464,    21,   65000000,   11676735,        0,  -53323265,          0
  5464,    22,   65000000,   11666556,        0,  -53333444,          0
  5464,    23,   65000000,   11668908,        0,  -53331092,          0
  5464,    24,   65000000,   11698120,        0,  -53301880,          0
  5464,    25,   65000000,   11673728,        0,  -53326272,          0
  5464,    26,   65000000,   11675294,        0,  -53324706,          0
  5464,    27,   65000000,   16025093,        0,  -48974907,          0
  5464,    28,   65000000,   11662523,        0,  -53337477,          0
  5464,    29,   65000000,   11653963,        0,  -53346037,          0
  5464,    30,   65000000,   11676325,        0,  -53323675,          0
  5464,    31,   65000000,   11672065,        0,  -53327935,          0
  5464,    32,   65000000,   11668699,        0,  -53331301,          0
  5464,    33,   65000000,   11676603,        0,  -53323397,          0
  5464,    34,   65000000,   12242587,        0,  -52757413,          0
  5464,    35,   65000000,   11676447,        0,  -53323553,          0
  5464,    36,   65000000,   11646276,        0,  -53353724,          0
  5464,    37,   65000000,   11639301,        0,  -53360699,          0
  5464,    38,   65000000,   11669775,        0,  -53330225,          0
  5464,    39,   65000000,   11936949,        0,  -53063051,          0
  5464,    40,   65000000,   11648545,        0,  -53351455,          0
  5464,    41,   65000000,   11969369,        0,  -53030631,          0
  5464,    42,   65000000,   11666715,        0,  -53333285,          0
  5464,    43,   65000000,   11944271,        0,  -53055729,          0
  5464,    44,   65000000,   11684815,        0,  -53315185,          0
  5464,    45,   65000000,   11665062,        0,  -53334938,          0
  5464,    46,   65000000,   11670116,        0,  -53329884,          0
  5464,    47,   65000000,   11708992,        0,  -53291008,          0
  5464,    48,   65000000,   11657702,        0,  -53342298,          0
  5464,    49,   65000000,   11672479,        0,  -53327521,          0
  5464,    50,   65000000,   11639266,        0,  -53360734,          0
  5464,    51,   65000000,   11662036,        0,  -53337964,          0
  5464,    52,   65000000,   11708674,        0,  -53291326,          0
  5464,    53,   65000000,   11695138,        0,  -53304862,          0
  5464,    54,   65000000,   11641583,        0,  -53358417,          0
  5464,    55,   65000000,   11664559,        0,  -53335441,          0
  5464,    56,   65000000,   11670477,        0,  -53329523,          0
  5464,    57,   65000000,   11658418,        0,  -53341582,          0
  5464,    58,   65000000,   11668955,        0,  -53331045,          0
  5464,    59,   65000000,   11689475,        0,  -53310525,          0
  5464,    60,   65000000,   29210915,        0,  -35789085,          0
  5464,    61,   65000000,   11660210,        0,  -53339790,          0
  5464,    62,   65000000,   11669670,        0,  -53330330,          0
  5464,    63,   65000000,   17641532,        0,  -47358468,          0
  5464,    64,   65000000,   11947190,        0,  -53052810,          0
  5464,    65,   65000000,   11664349,        0,  -53335651,          0
  5464,    66,   65000000,   12029907,        0,  -52970093,          0
  5464,    67,   65000000,   11685162,        0,  -53314838,          0
  5464,    68,   65000000,   11941041,        0,  -53058959,          0
  5464,    69,   65000000,   11653691,        0,  -53346309,          0
  5464,    70,   65000000,   11675069,        0,  -53324931,          0
  5464,    71,   65000000,   11649206,        0,  -53350794,          0
  5464,    72,   65000000,   11661028,        0,  -53338972,          0
  5464,    73,   65000000,   11647526,        0,  -53352474,          0
  5464,    74,   65000000,   11672328,        0,  -53327672,          0
  5464,    75,   65000000,   11663433,        0,  -53336567,          0
  5464,    76,   65000000,   11656083,        0,  -53343917,          0
  5464,    77,   65000000,   11644069,        0,  -53355931,          0
  5464,    78,   65000000,   11683688,        0,  -53316312,          0
  5464,    79,   65000000,   27775405,        0,  -37224595,          0
  5464,    80,   65000000,   11711736,        0,  -53288264,          0
  5464,    81,   65000000,   17818329,        0,  -47181671,          0
  5464,    82,   65000000,   11654889,        0,  -53345111,          0
  5464,    83,   65000000,   11697656,        0,  -53302344,          0
  5464,    84,   65000000,   11693901,        0,  -53306099,          0
  5464,    85,   65000000,   11685597,        0,  -53314403,          0
  5464,    86,   65000000,   11657689,        0,  -53342311,          0
  5464,    87,   65000000,   11688662,        0,  -53311338,          0
  5464,    88,   65000000,   11672515,        0,  -53327485,          0
  5464,    89,   65000000,   37862243,        0,  -27137757,          0
  5464,    90,   65000000,   11640944,        0,  -53359056,          0
  5464,    91,   65000000,   27857533,        0,  -37142467,          0
  5464,    92,   65000000,   11653377,        0,  -53346623,          0
  5464,    93,   65000000,   11955544,        0,  -53044456,          0
  5464,    94,   65000000,   11699237,        0,  -53300763,          0
  5464,    95,   65000000,   11647429,        0,  -53352571,          0
  5464,    96,   65000000,   32968354,        0,  -32031646,          0
  5464,    97,   65000000,   11669381,        0,  -53330619,          0
  5464,    98,   65000000,   11678374,        0,  -53321626,          0
  5464,    99,   65000000,   11665690,        0,  -53334310,          0
  5464,   100,   65000000,   11652288,        0,  -53347712,          0
  5464,   101,   65000000,   11673305,        0,  -53326695,          0
  5464,   102,   65000000,   11669699,        0,  -53330301,          0
  5464,   103,   65000000,   11660012,        0,  -53339988,          0
  5464,   104,   65000000,   16050004,        0,  -48949996,          0
  5464,   105,   65000000,   11651727,        0,  -53348273,          0
  5464,   106,   65000000,   11667557,        0,  -53332443,          0
  5464,   107,   65000000,   11695294,        0,  -53304706,          0
  5464,   108,   65000000,   11667252,        0,  -53332748,          0
  5464,   109,   65000000,   11660429,        0,  -53339571,          0
  5464,   110,   65000000,   11705117,        0,  -53294883,          0
  5464,   111,   65000000,   11644078,        0,  -53355922,          0
  5464,   112,   65000000,   11672607,        0,  -53327393,          0
  5464,   113,   65000000,   28246030,        0,  -36753970,          0
  5464,   114,   65000000,   11932558,        0,  -53067442,          0
  5464,   115,   65000000,   28153849,        0,  -36846151,          0
  5464,   116,   65000000,   11946951,        0,  -53053049,          0
  5464,   117,   65000000,   11658501,        0,  -53341499,          0
  5464,   118,   65000000,   11939395,        0,  -53060605,          0
  5464,   119,   65000000,   11673240,        0,  -53326760,          0
  5464,   120,   65000000,   26640101,        0,  -38359899,          0
  5464,   121,   65000000,   11653579,        0,  -53346421,          0
  5464,   122,   65000000,   11681462,        0,  -53318538,          0
  5464,   123,   65000000,   11683938,        0,  -53316062,          0
  5464,   124,   65000000,   11685930,        0,  -53314070,          0
  5464,   125,   65000000,   11664638,        0,  -53335362,          0
  5464,   126,   65000000,   33160234,        0,  -31839766,          0
  5464,   127,   65000000,   11698596,        0,  -53301404,          0
  5464,   128,   65000000,   11677406,        0,  -53322594,          0
  5464,   129,   65000000,   11656334,        0,  -53343666,          0
  5464,   130,   65000000,   11716182,        0,  -53283818,          0
  5464,   131,   65000000,   11667516,        0,  -53332484,          0
  5464,   132,   65000000,   21346442,        0,  -43653558,          0
  5464,   133,   65000000,   11667107,        0,  -53332893,          0
  5464,   134,   65000000,   11657971,        0,  -53342029,          0
  5464,   135,   65000000,   11649665,        0,  -53350335,          0
  5464,   136,   65000000,   11676715,        0,  -53323285,          0
  5464,   137,   65000000,   11679828,        0,  -53320172,          0
  5464,   138,   65000000,   11670019,        0,  -53329981,          0
  5464,   139,   65000000,   11962414,        0,  -53037586,          0
  5464,   140,   65000000,   11639530,        0,  -53360470,          0
  5464,   141,   65000000,   11933030,        0,  -53066970,          0
  5464,   142,   65000000,   11868485,        0,  -53131515,          0
  5464,   143,   65000000,   12044267,        0,  -52955733,          0
  5464,   144,   65000000,   11698197,        0,  -53301803,          0
  5464,   145,   65000000,   12562200,        0,  -52437800,          0
  5464,   146,   65000000,   11682261,        0,  -53317739,          0
  5464,   147,   65000000,   18302584,        0,  -46697416,          0
  5464,   148,   65000000,   11663628,        0,  -53336372,          0
  5464,   149,   65000000,   11652391,        0,  -53347609,          0
  5464,   150,   65000000,   11674401,        0,  -53325599,          0
  5464,   151,   65000000,   11666210,        0,  -53333790,          0
  5464,   152,   65000000,   11695641,        0,  -53304359,          0
  5464,   153,   65000000,   11669910,        0,  -53330090,          0
  5464,   154,   65000000,   11672702,        0,  -53327298,          0
  5464,   155,   65000000,   11644315,        0,  -53355685,          0
  5464,   156,   65000000,   11643832,        0,  -53356168,          0
  5464,   157,   65000000,   11660912,        0,  -53339088,          0
