# Task,   Job,     Period,   Response, DL Miss?,   Lateness,  Tardiness
# task NAME=myapp PID=3981 COST=7340000 PERIOD=38000000 CPU=0
  3981,     2,   38000000,      13829,        0,  -37986171,          0
  3981,     3,   38000000,      45771,        0,  -37954229,          0
  3981,     4,   38000000,    7306059,        0,  -30693941,          0
  3981,     5,   38000000,    7324580,        0,  -30675420,          0
  3981,     6,   38000000,    7289809,        0,  -30710191,          0
  3981,     7,   38000000,    7386368,        0,  -30613632,          0
  3981,     8,   38000000,    7297027,        0,  -30702973,          0
  3981,     9,   38000000,    7476730,        0,  -30523270,          0
  3981,    10,   38000000,    7292337,        0,  -30707663,          0
  3981,    11,   38000000,    7389801,        0,  -30610199,          0
  3981,    12,   38000000,    7346726,        0,  -30653274,          0
  3981,    13,   38000000,    7368258,        0,  -30631742,          0
  3981,    14,   38000000,    7360824,        0,  -30639176,          0
  3981,    15,   38000000,   11296295,        0,  -26703705,          0
  3981,    16,   38000000,   11324280,        0,  -26675720,          0
  3981,    17,   38000000,    7291830,        0,  -30708170,          0
  3981,    18,   38000000,    7320843,        0,  -30679157,          0
  3981,    19,   38000000,    7372051,        0,  -30627949,          0
  3981,    20,   38000000,    7346015,        0,  -30653985,          0
  3981,    21,   38000000,    7325897,        0,  -30674103,          0
  3981,    22,   38000000,    7683320,        0,  -30316680,          0
  3981,    23,   38000000,   10468671,        0,  -27531329,          0
  3981,    24,   38000000,    7322424,        0,  -30677576,          0
  3981,    25,   38000000,    7546995,        0,  -30453005,          0
  3981,    26,   38000000,    7343148,        0,  -30656852,          0
  3981,    27,   38000000,    7413829,        0,  -30586171,          0
  3981,    28,   38000000,    7318884,        0,  -30681116,          0
  3981,    29,   38000000,    7303053,        0,  -30696947,          0
  3981,    30,   38000000,    7286533,        0,  -30713467,          0
  3981,    31,   38000000,    7287290,        0,  -30712710,          0
  3981,    32,   38000000,    7327125,        0,  -30672875,          0
  3981,    33,   38000000,    7296203,        0,  -30703797,          0
  3981,    34,   38000000,    7298589,        0,  -30701411,          0
  3981,    35,   38000000,    7294497,        0,  -30705503,          0
  3981,    36,   38000000,    7410491,        0,  -30589509,          0
  3981,    37,   38000000,    7369141,        0,  -30630859,          0
  3981,    38,   38000000,    9325292,        0,  -28674708,          0
  3981,    39,   38000000,    7401263,        0,  -30598737,          0
  3981,    40,   38000000,    9180760,        0,  -28819240,          0
  3981,    41,   38000000,    7307698,        0,  -30692302,          0
  3981,    42,   38000000,    7290270,        0,  -30709730,          0
  3981,    43,   38000000,   13197164,        0,  -24802836,          0
  3981,    44,   38000000,    7326160,        0,  -30673840,          0
  3981,    45,   38000000,    7573623,        0,  -30426377,          0
  3981,    46,   38000000,    7308154,        0,  -30691846,          0
  3981,    47,   38000000,    9490574,        0,  -28509426,          0
  3981,    48,   38000000,    7306737,        0,  -30693263,          0
  3981,    49,   38000000,    7302121,        0,  -30697879,          0
  3981,    50,   38000000,    7412229,        0,  -30587771,          0
  3981,    51,   38000000,    7294257,        0,  -30705743,          0
  3981,    52,   38000000,    7579393,        0,  -30420607,          0
  3981,    53,   38000000,    7781884,        0,  -30218116,          0
  3981,    54,   38000000,    7403636,        0,  -30596364,          0
  3981,    55,   38000000,    7344877,        0,  -30655123,          0
  3981,    56,   38000000,    7337958,        0,  -30662042,          0
  3981,    57,   38000000,    7370388,        0,  -30629612,          0
  3981,    58,   38000000,    7294881,        0,  -30705119,          0
  3981,    59,   38000000,    7299104,        0,  -30700896,          0
  3981,    60,   38000000,    7312450,        0,  -30687550,          0
  3981,    61,   38000000,    7304196,        0,  -30695804,          0
  3981,    62,   38000000,    7584955,        0,  -30415045,          0
  3981,    63,   38000000,    7292721,        0,  -30707279,          0
  3981,    64,   38000000,    7332795,        0,  -30667205,          0
  3981,    65,   38000000,    7312697,        0,  -30687303,          0
  3981,    66,   38000000,    7289827,        0,  -30710173,          0
  3981,    67,   38000000,    7298478,        0,  -30701522,          0
  3981,    68,   38000000,    7597541,        0,  -30402459,          0
  3981,    69,   38000000,    7295594,        0,  -30704406,          0
  3981,    70,   38000000,   10466381,        0,  -27533619,          0
  3981,    71,   38000000,   10281582,        0,  -27718418,          0
  3981,    72,   38000000,    7300022,        0,  -30699978,          0
  3981,    73,   38000000,    7296933,        0,  -30703067,          0
  3981,    74,   38000000,    7312380,        0,  -30687620,          0
  3981,    75,   38000000,    7299155,        0,  -30700845,          0
  3981,    76,   38000000,    7367891,        0,  -30632109,          0
  3981,    77,   38000000,    7289798,        0,  -30710202,          0
  3981,    78,   38000000,    8954545,        0,  -29045455,          0
  3981,    79,   38000000,    7302636,        0,  -30697364,          0
  3981,    80,   38000000,    7291810,        0,  -30708190,          0
  3981,    81,   38000000,    7293407,        0,  -30706593,          0
  3981,    82,   38000000,   16623477,        0,  -21376523,          0
  3981,    83,   38000000,   11574621,        0,  -26425379,          0
  3981,    84,   38000000,    7287863,        0,  -30712137,          0
  3981,    85,   38000000,    7287160,        0,  -30712840,          0
  3981,    86,   38000000,    7323011,        0,  -30676989,          0
  3981,    87,   38000000,    7289941,        0,  -30710059,          0
  3981,    88,   38000000,    7313798,        0,  -30686202,          0
  3981,    89,   38000000,    7606085,        0,  -30393915,          0
  3981,    90,   38000000,    9224285,        0,  -28775715,          0
  3981,    91,   38000000,    7569777,        0,  -30430223,          0
  3981,    92,   38000000,    7326975,        0,  -30673025,          0
  3981,    93,   38000000,    7295346,        0,  -30704654,          0
  3981,    94,   38000000,    7288621,        0,  -30711379,          0
  3981,    95,   38000000,    7486225,        0,  -30513775,          0
  3981,    96,   38000000,    7280393,        0,  -30719607,          0
  3981,    97,   38000000,   12211450,        0,  -25788550,          0
  3981,    98,   38000000,    7292493,        0,  -30707507,          0
  3981,    99,   38000000,   13172353,        0,  -24827647,          0
  3981,   100,   38000000,    7332584,        0,  -30667416,          0
  3981,   101,   38000000,    7583808,        0,  -30416192,          0
  3981,   102,   38000000,    7294038,        0,  -30705962,          0
  3981,   103,   38000000,    7288778,        0,  -30711222,          0
  3981,   104,   38000000,    7584067,        0,  -30415933,          0
  3981,   105,   38000000,    9669825,        0,  -28330175,          0
  3981,   106,   38000000,    7296611,        0,  -30703389,          0
  3981,   107,   38000000,    7314243,        0,  -30685757,          0
  3981,   108,   38000000,    7318469,        0,  -30681531,          0
  3981,   109,   38000000,    7341234,        0,  -30658766,          0
  3981,   110,   38000000,    7361304,        0,  -30638696,          0
  3981,   111,   38000000,    7305618,        0,  -30694382,          0
  3981,   112,   38000000,    7374050,        0,  -30625950,          0
  3981,   113,   38000000,    7285509,        0,  -30714491,          0
  3981,   114,   38000000,    7586632,        0,  -30413368,          0
  3981,   115,   38000000,    7338141,        0,  -30661859,          0
  3981,   116,   38000000,    7309066,        0,  -30690934,          0
  3981,   117,   38000000,    7330554,        0,  -30669446,          0
  3981,   118,   38000000,    7376393,        0,  -30623607,          0
  3981,   119,   38000000,    7339850,        0,  -30660150,          0
  3981,   120,   38000000,    7292377,        0,  -30707623,          0
  3981,   121,   38000000,    9268487,        0,  -28731513,          0
  3981,   122,   38000000,    7808504,        0,  -30191496,          0
  3981,   123,   38000000,    7301065,        0,  -30698935,          0
  3981,   124,   38000000,    7873548,        0,  -30126452,          0
  3981,   125,   38000000,    7353775,        0,  -30646225,          0
  3981,   126,   38000000,    7297791,        0,  -30702209,          0
  3981,   127,   38000000,    7293715,        0,  -30706285,          0
  3981,   128,   38000000,    7290714,        0,  -30709286,          0
  3981,   129,   38000000,    7328376,        0,  -30671624,          0
  3981,   130,   38000000,    7373218,        0,  -30626782,          0
  3981,   131,   38000000,    7344942,        0,  -30655058,          0
  3981,   132,   38000000,    7331592,        0,  -30668408,          0
  3981,   133,   38000000,    7302363,        0,  -30697637,          0
  3981,   134,   38000000,    7408399,        0,  -30591601,          0
  3981,   135,   38000000,    7444520,        0,  -30555480,          0
  3981,   136,   38000000,    7336948,        0,  -30663052,          0
  3981,   137,   38000000,    7294051,        0,  -30705949,          0
  3981,   138,   38000000,   11641941,        0,  -26358059,          0
  3981,   139,   38000000,    7347580,        0,  -30652420,          0
  3981,   140,   38000000,    7293086,        0,  -30706914,          0
  3981,   141,   38000000,    7562348,        0,  -30437652,          0
  3981,   142,   38000000,   13937729,        0,  -24062271,          0
  3981,   143,   38000000,    7334021,        0,  -30665979,          0
  3981,   144,   38000000,   16576326,        0,  -21423674,          0
  3981,   145,   38000000,    7340975,        0,  -30659025,          0
  3981,   146,   38000000,    7286843,        0,  -30713157,          0
  3981,   147,   38000000,    7568223,        0,  -30431777,          0
  3981,   148,   38000000,    7294364,        0,  -30705636,          0
  3981,   149,   38000000,    7296089,        0,  -30703911,          0
  3981,   150,   38000000,    7288599,        0,  -30711401,          0
  3981,   151,   38000000,    7294893,        0,  -30705107,          0
  3981,   152,   38000000,    7332544,        0,  -30667456,          0
  3981,   153,   38000000,   12296315,        0,  -25703685,          0
  3981,   154,   38000000,   15125800,        0,  -22874200,          0
  3981,   155,   38000000,    7389642,        0,  -30610358,          0
  3981,   156,   38000000,   10096624,        0,  -27903376,          0
  3981,   157,   38000000,    7327470,        0,  -30672530,          0
  3981,   158,   38000000,    8539723,        0,  -29460277,          0
  3981,   159,   38000000,    7290226,        0,  -30709774,          0
  3981,   160,   38000000,    9974334,        0,  -28025666,          0
  3981,   161,   38000000,    8117211,        0,  -29882789,          0
  3981,   162,   38000000,    7708107,        0,  -30291893,          0
  3981,   163,   38000000,    7289845,        0,  -30710155,          0
  3981,   164,   38000000,    7301097,        0,  -30698903,          0
  3981,   165,   38000000,    9443875,        0,  -28556125,          0
  3981,   166,   38000000,    7316925,        0,  -30683075,          0
  3981,   167,   38000000,    7293697,        0,  -30706303,          0
  3981,   168,   38000000,    7290242,        0,  -30709758,          0
  3981,   169,   38000000,    7324511,        0,  -30675489,          0
  3981,   170,   38000000,    7577625,        0,  -30422375,          0
  3981,   171,   38000000,    7295156,        0,  -30704844,          0
  3981,   172,   38000000,    7303798,        0,  -30696202,          0
  3981,   173,   38000000,    7306792,        0,  -30693208,          0
  3981,   174,   38000000,    7318485,        0,  -30681515,          0
  3981,   175,   38000000,    7281252,        0,  -30718748,          0
  3981,   176,   38000000,    7286690,        0,  -30713310,          0
  3981,   177,   38000000,    7287855,        0,  -30712145,          0
  3981,   178,   38000000,   14112906,        0,  -23887094,          0
  3981,   179,   38000000,    7334174,        0,  -30665826,          0
  3981,   180,   38000000,   12388539,        0,  -25611461,          0
  3981,   181,   38000000,    7988328,        0,  -30011672,          0
  3981,   182,   38000000,    7301299,        0,  -30698701,          0
  3981,   183,   38000000,    7338469,        0,  -30661531,          0
  3981,   184,   38000000,    7293129,        0,  -30706871,          0
  3981,   185,   38000000,    7352819,        0,  -30647181,          0
  3981,   186,   38000000,    7299298,        0,  -30700702,          0
  3981,   187,   38000000,    7356464,        0,  -30643536,          0
  3981,   188,   38000000,    7699836,        0,  -30300164,          0
  3981,   189,   38000000,    7312834,        0,  -30687166,          0
  3981,   190,   38000000,    7374845,        0,  -30625155,          0
  3981,   191,   38000000,    8669978,        0,  -29330022,          0
  3981,   192,   38000000,    7293228,        0,  -30706772,          0
  3981,   193,   38000000,    7575994,        0,  -30424006,          0
  3981,   194,   38000000,    7294912,        0,  -30705088,          0
  3981,   195,   38000000,    7292912,        0,  -30707088,          0
  3981,   196,   38000000,    7341375,        0,  -30658625,          0
  3981,   197,   38000000,    7310147,        0,  -30689853,          0
  3981,   198,   38000000,    7300710,        0,  -30699290,          0
  3981,   199,   38000000,   10993046,        0,  -27006954,          0
  3981,   200,   38000000,    7310165,        0,  -30689835,          0
  3981,   201,   38000000,    7291534,        0,  -30708466,          0
  3981,   202,   38000000,    7435895,        0,  -30564105,          0
  3981,   203,   38000000,    7384574,        0,  -30615426,          0
  3981,   204,   38000000,    7372426,        0,  -30627574,          0
  3981,   205,   38000000,    8345111,        0,  -29654889,          0
  3981,   206,   38000000,   13211630,        0,  -24788370,          0
  3981,   207,   38000000,    7301224,        0,  -30698776,          0
  3981,   208,   38000000,    7393784,        0,  -30606216,          0
  3981,   209,   38000000,    7295715,        0,  -30704285,          0
  3981,   210,   38000000,    7319358,        0,  -30680642,          0
  3981,   211,   38000000,    7319846,        0,  -30680154,          0
  3981,   212,   38000000,   10230404,        0,  -27769596,          0
  3981,   213,   38000000,    7289442,        0,  -30710558,          0
  3981,   214,   38000000,    7295467,        0,  -30704533,          0
  3981,   215,   38000000,   17942596,        0,  -20057404,          0
  3981,   216,   38000000,    7573298,        0,  -30426702,          0
  3981,   217,   38000000,    7287963,        0,  -30712037,          0
  3981,   218,   38000000,    7310169,        0,  -30689831,          0
  3981,   219,   38000000,    7291202,        0,  -30708798,          0
  3981,   220,   38000000,    7342967,        0,  -30657033,          0
  3981,   221,   38000000,    7340912,        0,  -30659088,          0
  3981,   222,   38000000,   26143135,        0,  -11856865,          0
  3981,   223,   38000000,    7290472,        0,  -30709528,          0
  3981,   224,   38000000,    7353876,        0,  -30646124,          0
  3981,   225,   38000000,    8737978,        0,  -29262022,          0
  3981,   226,   38000000,    7568360,        0,  -30431640,          0
  3981,   227,   38000000,    7536006,        0,  -30463994,          0
  3981,   228,   38000000,    7299212,        0,  -30700788,          0
  3981,   229,   38000000,   18427068,        0,  -19572932,          0
  3981,   230,   38000000,    7290920,        0,  -30709080,          0
  3981,   231,   38000000,    7433149,        0,  -30566851,          0
  3981,   232,   38000000,   14196823,        0,  -23803177,          0
  3981,   233,   38000000,    7463498,        0,  -30536502,          0
  3981,   234,   38000000,    7300879,        0,  -30699121,          0
  3981,   235,   38000000,    7292454,        0,  -30707546,          0
  3981,   236,   38000000,    9039257,        0,  -28960743,          0
  3981,   237,   38000000,    7288393,        0,  -30711607,          0
  3981,   238,   38000000,   15220481,        0,  -22779519,          0
  3981,   239,   38000000,    8989411,        0,  -29010589,          0
  3981,   240,   38000000,   12877645,        0,  -25122355,          0
  3981,   241,   38000000,   10858424,        0,  -27141576,          0
  3981,   242,   38000000,    7380314,        0,  -30619686,          0
  3981,   243,   38000000,    7303267,        0,  -30696733,          0
  3981,   244,   38000000,    7318466,        0,  -30681534,          0
  3981,   245,   38000000,    7290464,        0,  -30709536,          0
  3981,   246,   38000000,    7290813,        0,  -30709187,          0
  3981,   247,   38000000,    7287285,        0,  -30712715,          0
  3981,   248,   38000000,    7336027,        0,  -30663973,          0
  3981,   249,   38000000,    7856628,        0,  -30143372,          0
  3981,   250,   38000000,    9273288,        0,  -28726712,          0
  3981,   251,   38000000,   11210096,        0,  -26789904,          0
  3981,   252,   38000000,    7310272,        0,  -30689728,          0
  3981,   253,   38000000,    7285931,        0,  -30714069,          0
  3981,   254,   38000000,    7309032,        0,  -30690968,          0
  3981,   255,   38000000,    7348616,        0,  -30651384,          0
  3981,   256,   38000000,    7348780,        0,  -30651220,          0
  3981,   257,   38000000,    7329101,        0,  -30670899,          0
  3981,   258,   38000000,    7300249,        0,  -30699751,          0
  3981,   259,   38000000,    7597322,        0,  -30402678,          0
  3981,   260,   38000000,    9859126,        0,  -28140874,          0
  3981,   261,   38000000,    7297376,        0,  -30702624,          0
  3981,   262,   38000000,    7363824,        0,  -30636176,          0
  3981,   263,   38000000,    7296061,        0,  -30703939,          0
  3981,   264,   38000000,    7340149,        0,  -30659851,          0
  3981,   265,   38000000,    7381994,        0,  -30618006,          0
  3981,   266,   38000000,    7330495,        0,  -30669505,          0
  3981,   267,   38000000,    7295323,        0,  -30704677,          0
# task NAME=myapp PID=3984 COST=34000 PERIOD=23000000 CPU=0
  3984,     2,   23000000,      15383,        0,  -22984617,          0
  3984,     3,   23000000,      48597,        0,  -22951403,          0
  3984,     4,   23000000,      67736,        0,  -22932264,          0
  3984,     5,   23000000,      70359,        0,  -22929641,          0
  3984,     6,   23000000,      65472,        0,  -22934528,          0
  3984,     7,   23000000,      65954,        0,  -22934046,          0
  3984,     8,   23000000,      98356,        0,  -22901644,          0
  3984,     9,   23000000,      76861,        0,  -22923139,          0
  3984,    10,   23000000,      71771,        0,  -22928229,          0
  3984,    11,   23000000,      67224,        0,  -22932776,          0
  3984,    12,   23000000,      71357,        0,  -22928643,          0
  3984,    13,   23000000,    1476025,        0,  -21523975,          0
  3984,    14,   23000000,    1354221,        0,  -21645779,          0
  3984,    15,   23000000,      69052,        0,  -22930948,          0
  3984,    16,   23000000,      65044,        0,  -22934956,          0
  3984,    17,   23000000,    6083217,        0,  -16916783,          0
  3984,    18,   23000000,      64418,        0,  -22935582,          0
  3984,    19,   23000000,      69874,        0,  -22930126,          0
  3984,    20,   23000000,     182923,        0,  -22817077,          0
  3984,    21,   23000000,      66088,        0,  -22933912,          0
  3984,    22,   23000000,      68906,        0,  -22931094,          0
  3984,    23,   23000000,      70268,        0,  -22929732,          0
  3984,    24,   23000000,      77757,        0,  -22922243,          0
  3984,    25,   23000000,      96738,        0,  -22903262,          0
  3984,    26,   23000000,      76898,        0,  -22923102,          0
  3984,    27,   23000000,      65509,        0,  -22934491,          0
  3984,    28,   23000000,      69518,        0,  -22930482,          0
  3984,    29,   23000000,      71613,        0,  -22928387,          0
  3984,    30,   23000000,    1427395,        0,  -21572605,          0
  3984,    31,   23000000,      67263,        0,  -22932737,          0
  3984,    32,   23000000,    1137476,        0,  -21862524,          0
  3984,    33,   23000000,      68475,        0,  -22931525,          0
  3984,    34,   23000000,    1355447,        0,  -21644553,          0
  3984,    35,   23000000,      62189,        0,  -22937811,          0
  3984,    36,   23000000,      63929,        0,  -22936071,          0
  3984,    37,   23000000,      76304,        0,  -22923696,          0
  3984,    38,   23000000,      87237,        0,  -22912763,          0
  3984,    39,   23000000,      73507,        0,  -22926493,          0
  3984,    40,   23000000,      89060,        0,  -22910940,          0
  3984,    41,   23000000,     112856,        0,  -22887144,          0
  3984,    42,   23000000,      65005,        0,  -22934995,          0
  3984,    43,   23000000,      78052,        0,  -22921948,          0
  3984,    44,   23000000,      84299,        0,  -22915701,          0
  3984,    45,   23000000,      84849,        0,  -22915151,          0
  3984,    46,   23000000,      76419,        0,  -22923581,          0
  3984,    47,   23000000,      78356,        0,  -22921644,          0
  3984,    48,   23000000,     137638,        0,  -22862362,          0
  3984,    49,   23000000,      73878,        0,  -22926122,          0
  3984,    50,   23000000,      86148,        0,  -22913852,          0
  3984,    51,   23000000,      66605,        0,  -22933395,          0
  3984,    52,   23000000,      66237,        0,  -22933763,          0
  3984,    53,   23000000,     111095,        0,  -22888905,          0
  3984,    54,   23000000,      64760,        0,  -22935240,          0
  3984,    55,   23000000,      80854,        0,  -22919146,          0
  3984,    56,   23000000,      85403,        0,  -22914597,          0
  3984,    57,   23000000,      65551,        0,  -22934449,          0
  3984,    58,   23000000,      72459,        0,  -22927541,          0
  3984,    59,   23000000,      79291,        0,  -22920709,          0
  3984,    60,   23000000,     105109,        0,  -22894891,          0
  3984,    61,   23000000,      64112,        0,  -22935888,          0
  3984,    62,   23000000,      93373,        0,  -22906627,          0
  3984,    63,   23000000,      64823,        0,  -22935177,          0
  3984,    64,   23000000,      73459,        0,  -22926541,          0
  3984,    65,   23000000,     109800,        0,  -22890200,          0
  3984,    66,   23000000,      70972,        0,  -22929028,          0
  3984,    67,   23000000,      81305,        0,  -22918695,          0
  3984,    68,   23000000,      65319,        0,  -22934681,          0
  3984,    69,   23000000,      63232,        0,  -22936768,          0
  3984,    70,   23000000,      63686,        0,  -22936314,          0
  3984,    71,   23000000,      64444,        0,  -22935556,          0
  3984,    72,   23000000,      95979,        0,  -22904021,          0
  3984,    73,   23000000,    2371906,        0,  -20628094,          0
  3984,    74,   23000000,      64719,        0,  -22935281,          0
  3984,    75,   23000000,      62692,        0,  -22937308,          0
  3984,    76,   23000000,      67362,        0,  -22932638,          0
  3984,    77,   23000000,      90774,        0,  -22909226,          0
  3984,    78,   23000000,     110575,        0,  -22889425,          0
  3984,    79,   23000000,      78358,        0,  -22921642,          0
  3984,    80,   23000000,      65428,        0,  -22934572,          0
  3984,    81,   23000000,     117289,        0,  -22882711,          0
  3984,    82,   23000000,      70595,        0,  -22929405,          0
  3984,    83,   23000000,      68522,        0,  -22931478,          0
  3984,    84,   23000000,     138872,        0,  -22861128,          0
  3984,    85,   23000000,      69039,        0,  -22930961,          0
  3984,    86,   23000000,      77370,        0,  -22922630,          0
  3984,    87,   23000000,     112689,        0,  -22887311,          0
  3984,    88,   23000000,     119892,        0,  -22880108,          0
  3984,    89,   23000000,      63045,        0,  -22936955,          0
  3984,    90,   23000000,     100046,        0,  -22899954,          0
  3984,    91,   23000000,      71765,        0,  -22928235,          0
  3984,    92,   23000000,      81279,        0,  -22918721,          0
  3984,    93,   23000000,     121255,        0,  -22878745,          0
  3984,    94,   23000000,     113775,        0,  -22886225,          0
  3984,    95,   23000000,      75359,        0,  -22924641,          0
  3984,    96,   23000000,     111788,        0,  -22888212,          0
  3984,    97,   23000000,      66452,        0,  -22933548,          0
  3984,    98,   23000000,      64702,        0,  -22935298,          0
  3984,    99,   23000000,      65713,        0,  -22934287,          0
  3984,   100,   23000000,      90070,        0,  -22909930,          0
  3984,   101,   23000000,      62658,        0,  -22937342,          0
  3984,   102,   23000000,      67358,        0,  -22932642,          0
  3984,   103,   23000000,      75631,        0,  -22924369,          0
  3984,   104,   23000000,     109812,        0,  -22890188,          0
  3984,   105,   23000000,      65673,        0,  -22934327,          0
  3984,   106,   23000000,      97942,        0,  -22902058,          0
  3984,   107,   23000000,     163886,        0,  -22836114,          0
  3984,   108,   23000000,      68233,        0,  -22931767,          0
  3984,   109,   23000000,      88379,        0,  -22911621,          0
  3984,   110,   23000000,      66860,        0,  -22933140,          0
  3984,   111,   23000000,      64956,        0,  -22935044,          0
  3984,   112,   23000000,     113978,        0,  -22886022,          0
  3984,   113,   23000000,      64942,        0,  -22935058,          0
  3984,   114,   23000000,      62752,        0,  -22937248,          0
  3984,   115,   23000000,      62653,        0,  -22937347,          0
  3984,   116,   23000000,     126822,        0,  -22873178,          0
  3984,   117,   23000000,      76500,        0,  -22923500,          0
  3984,   118,   23000000,     102398,        0,  -22897602,          0
  3984,   119,   23000000,      72441,        0,  -22927559,          0
  3984,   120,   23000000,    4163912,        0,  -18836088,          0
  3984,   121,   23000000,      67787,        0,  -22932213,          0
  3984,   122,   23000000,      70836,        0,  -22929164,          0
  3984,   123,   23000000,      78056,        0,  -22921944,          0
  3984,   124,   23000000,      64404,        0,  -22935596,          0
  3984,   125,   23000000,      87464,        0,  -22912536,          0
  3984,   126,   23000000,      75440,        0,  -22924560,          0
  3984,   127,   23000000,      72578,        0,  -22927422,          0
  3984,   128,   23000000,      69328,        0,  -22930672,          0
  3984,   129,   23000000,      68535,        0,  -22931465,          0
  3984,   130,   23000000,      70377,        0,  -22929623,          0
  3984,   131,   23000000,      63752,        0,  -22936248,          0
  3984,   132,   23000000,      63119,        0,  -22936881,          0
  3984,   133,   23000000,      71728,        0,  -22928272,          0
  3984,   134,   23000000,    1431241,        0,  -21568759,          0
  3984,   135,   23000000,     120725,        0,  -22879275,          0
  3984,   136,   23000000,      64295,        0,  -22935705,          0
  3984,   137,   23000000,     100914,        0,  -22899086,          0
  3984,   138,   23000000,    2730227,        0,  -20269773,          0
  3984,   139,   23000000,    6281008,        0,  -16718992,          0
  3984,   140,   23000000,      72095,        0,  -22927905,          0
  3984,   141,   23000000,      64948,        0,  -22935052,          0
  3984,   142,   23000000,     118248,        0,  -22881752,          0
  3984,   143,   23000000,      90571,        0,  -22909429,          0
  3984,   144,   23000000,      66427,        0,  -22933573,          0
  3984,   145,   23000000,      80551,        0,  -22919449,          0
  3984,   146,   23000000,     103561,        0,  -22896439,          0
  3984,   147,   23000000,      88697,        0,  -22911303,          0
  3984,   148,   23000000,      62577,        0,  -22937423,          0
  3984,   149,   23000000,      70521,        0,  -22929479,          0
  3984,   150,   23000000,      65481,        0,  -22934519,          0
  3984,   151,   23000000,      63515,        0,  -22936485,          0
  3984,   152,   23000000,      87103,        0,  -22912897,          0
  3984,   153,   23000000,      93832,        0,  -22906168,          0
  3984,   154,   23000000,     117007,        0,  -22882993,          0
  3984,   155,   23000000,     130662,        0,  -22869338,          0
  3984,   156,   23000000,     106119,        0,  -22893881,          0
  3984,   157,   23000000,      89359,        0,  -22910641,          0
  3984,   158,   23000000,      70678,        0,  -22929322,          0
  3984,   159,   23000000,      62957,        0,  -22937043,          0
  3984,   160,   23000000,      99446,        0,  -22900554,          0
  3984,   161,   23000000,      66920,        0,  -22933080,          0
  3984,   162,   23000000,      89800,        0,  -22910200,          0
  3984,   163,   23000000,      65285,        0,  -22934715,          0
  3984,   164,   23000000,      63407,        0,  -22936593,          0
  3984,   165,   23000000,      63345,        0,  -22936655,          0
  3984,   166,   23000000,      63762,        0,  -22936238,          0
  3984,   167,   23000000,      63985,        0,  -22936015,          0
  3984,   168,   23000000,     118489,        0,  -22881511,          0
  3984,   169,   23000000,      63454,        0,  -22936546,          0
  3984,   170,   23000000,      77620,        0,  -22922380,          0
  3984,   171,   23000000,      63544,        0,  -22936456,          0
  3984,   172,   23000000,      67962,        0,  -22932038,          0
  3984,   173,   23000000,      62364,        0,  -22937636,          0
  3984,   174,   23000000,      69536,        0,  -22930464,          0
  3984,   175,   23000000,     103764,        0,  -22896236,          0
  3984,   176,   23000000,     110529,        0,  -22889471,          0
  3984,   177,   23000000,     101312,        0,  -22898688,          0
  3984,   178,   23000000,      82296,        0,  -22917704,          0
  3984,   179,   23000000,      61854,        0,  -22938146,          0
  3984,   180,   23000000,      84586,        0,  -22915414,          0
  3984,   181,   23000000,    2527233,        0,  -20472767,          0
  3984,   182,   23000000,     454571,        0,  -22545429,          0
  3984,   183,   23000000,      74349,        0,  -22925651,          0
  3984,   184,   23000000,      65795,        0,  -22934205,          0
  3984,   185,   23000000,      63035,        0,  -22936965,          0
  3984,   186,   23000000,     112579,        0,  -22887421,          0
  3984,   187,   23000000,      65509,        0,  -22934491,          0
  3984,   188,   23000000,      62506,        0,  -22937494,          0
  3984,   189,   23000000,      73126,        0,  -22926874,          0
  3984,   190,   23000000,      65042,        0,  -22934958,          0
  3984,   191,   23000000,      76599,        0,  -22923401,          0
  3984,   192,   23000000,     119522,        0,  -22880478,          0
  3984,   193,   23000000,      80277,        0,  -22919723,          0
  3984,   194,   23000000,      75765,        0,  -22924235,          0
  3984,   195,   23000000,      65805,        0,  -22934195,          0
  3984,   196,   23000000,     103683,        0,  -22896317,          0
  3984,   197,   23000000,      65433,        0,  -22934567,          0
  3984,   198,   23000000,      87591,        0,  -22912409,          0
  3984,   199,   23000000,      66836,        0,  -22933164,          0
  3984,   200,   23000000,      89842,        0,  -22910158,          0
  3984,   201,   23000000,      90129,        0,  -22909871,          0
  3984,   202,   23000000,      69651,        0,  -22930349,          0
  3984,   203,   23000000,     130942,        0,  -22869058,          0
  3984,   204,   23000000,     132401,        0,  -22867599,          0
  3984,   205,   23000000,    2231271,        0,  -20768729,          0
  3984,   206,   23000000,      65826,        0,  -22934174,          0
  3984,   207,   23000000,     101370,        0,  -22898630,          0
  3984,   208,   23000000,      68071,        0,  -22931929,          0
  3984,   209,   23000000,      89555,        0,  -22910445,          0
  3984,   210,   23000000,      80276,        0,  -22919724,          0
  3984,   211,   23000000,      63172,        0,  -22936828,          0
  3984,   212,   23000000,      84138,        0,  -22915862,          0
  3984,   213,   23000000,     114294,        0,  -22885706,          0
  3984,   214,   23000000,      65153,        0,  -22934847,          0
  3984,   215,   23000000,    8592111,        0,  -14407889,          0
  3984,   216,   23000000,      82840,        0,  -22917160,          0
  3984,   217,   23000000,      63735,        0,  -22936265,          0
  3984,   218,   23000000,      67130,        0,  -22932870,          0
  3984,   219,   23000000,     114998,        0,  -22885002,          0
  3984,   220,   23000000,      68422,        0,  -22931578,          0
  3984,   221,   23000000,      64214,        0,  -22935786,          0
  3984,   222,   23000000,      77115,        0,  -22922885,          0
  3984,   223,   23000000,      63329,        0,  -22936671,          0
  3984,   224,   23000000,      84337,        0,  -22915663,          0
  3984,   225,   23000000,      75756,        0,  -22924244,          0
  3984,   226,   23000000,     106439,        0,  -22893561,          0
  3984,   227,   23000000,      65228,        0,  -22934772,          0
  3984,   228,   23000000,     105169,        0,  -22894831,          0
  3984,   229,   23000000,      63024,        0,  -22936976,          0
  3984,   230,   23000000,      89660,        0,  -22910340,          0
  3984,   231,   23000000,     123705,        0,  -22876295,          0
  3984,   232,   23000000,      64072,        0,  -22935928,          0
  3984,   233,   23000000,      78117,        0,  -22921883,          0
  3984,   234,   23000000,      67232,        0,  -22932768,          0
  3984,   235,   23000000,      94899,        0,  -22905101,          0
  3984,   236,   23000000,      72458,        0,  -22927542,          0
  3984,   237,   23000000,    1375249,        0,  -21624751,          0
  3984,   238,   23000000,      68538,        0,  -22931462,          0
  3984,   239,   23000000,      76399,        0,  -22923601,          0
  3984,   240,   23000000,    1356776,        0,  -21643224,          0
  3984,   241,   23000000,      62416,        0,  -22937584,          0
  3984,   242,   23000000,      66799,        0,  -22933201,          0
  3984,   243,   23000000,      72332,        0,  -22927668,          0
  3984,   244,   23000000,      78789,        0,  -22921211,          0
  3984,   245,   23000000,      61822,        0,  -22938178,          0
  3984,   246,   23000000,     115679,        0,  -22884321,          0
  3984,   247,   23000000,      70292,        0,  -22929708,          0
  3984,   248,   23000000,      74974,        0,  -22925026,          0
  3984,   249,   23000000,      67035,        0,  -22932965,          0
  3984,   250,   23000000,      64292,        0,  -22935708,          0
  3984,   251,   23000000,      64792,        0,  -22935208,          0
  3984,   252,   23000000,      74270,        0,  -22925730,          0
  3984,   253,   23000000,      71661,        0,  -22928339,          0
  3984,   254,   23000000,      80179,        0,  -22919821,          0
  3984,   255,   23000000,      83632,        0,  -22916368,          0
  3984,   256,   23000000,      95428,        0,  -22904572,          0
  3984,   257,   23000000,      71920,        0,  -22928080,          0
  3984,   258,   23000000,     175910,        0,  -22824090,          0
  3984,   259,   23000000,      85936,        0,  -22914064,          0
  3984,   260,   23000000,      84926,        0,  -22915074,          0
  3984,   261,   23000000,      71408,        0,  -22928592,          0
  3984,   262,   23000000,      87618,        0,  -22912382,          0
  3984,   263,   23000000,      66513,        0,  -22933487,          0
  3984,   264,   23000000,      66387,        0,  -22933613,          0
  3984,   265,   23000000,      71746,        0,  -22928254,          0
  3984,   266,   23000000,      72120,        0,  -22927880,          0
  3984,   267,   23000000,      64317,        0,  -22935683,          0
  3984,   268,   23000000,      76029,        0,  -22923971,          0
  3984,   269,   23000000,      75735,        0,  -22924265,          0
  3984,   270,   23000000,      69153,        0,  -22930847,          0
  3984,   271,   23000000,      98852,        0,  -22901148,          0
  3984,   272,   23000000,     126953,        0,  -22873047,          0
  3984,   273,   23000000,     139609,        0,  -22860391,          0
  3984,   274,   23000000,      99729,        0,  -22900271,          0
  3984,   275,   23000000,     104614,        0,  -22895386,          0
  3984,   276,   23000000,      89918,        0,  -22910082,          0
  3984,   277,   23000000,      77635,        0,  -22922365,          0
  3984,   278,   23000000,      63529,        0,  -22936471,          0
  3984,   279,   23000000,      63026,        0,  -22936974,          0
  3984,   280,   23000000,      62280,        0,  -22937720,          0
  3984,   281,   23000000,      80106,        0,  -22919894,          0
  3984,   282,   23000000,      82929,        0,  -22917071,          0
  3984,   283,   23000000,    1526462,        0,  -21473538,          0
  3984,   284,   23000000,      92924,        0,  -22907076,          0
  3984,   285,   23000000,      76869,        0,  -22923131,          0
  3984,   286,   23000000,      65590,        0,  -22934410,          0
  3984,   287,   23000000,     124675,        0,  -22875325,          0
  3984,   288,   23000000,     140426,        0,  -22859574,          0
  3984,   289,   23000000,      86592,        0,  -22913408,          0
  3984,   290,   23000000,      64267,        0,  -22935733,          0
  3984,   291,   23000000,      83762,        0,  -22916238,          0
  3984,   292,   23000000,      63395,        0,  -22936605,          0
  3984,   293,   23000000,      67976,        0,  -22932024,          0
  3984,   294,   23000000,      65750,        0,  -22934250,          0
  3984,   295,   23000000,     111918,        0,  -22888082,          0
  3984,   296,   23000000,      65862,        0,  -22934138,          0
  3984,   297,   23000000,      80351,        0,  -22919649,          0
  3984,   298,   23000000,      87830,        0,  -22912170,          0
  3984,   299,   23000000,      66165,        0,  -22933835,          0
  3984,   300,   23000000,      76693,        0,  -22923307,          0
  3984,   301,   23000000,      70564,        0,  -22929436,          0
  3984,   302,   23000000,      64022,        0,  -22935978,          0
  3984,   303,   23000000,      62807,        0,  -22937193,          0
  3984,   304,   23000000,      60855,        0,  -22939145,          0
  3984,   305,   23000000,      74465,        0,  -22925535,          0
  3984,   306,   23000000,      71614,        0,  -22928386,          0
  3984,   307,   23000000,     139610,        0,  -22860390,          0
  3984,   308,   23000000,     112866,        0,  -22887134,          0
  3984,   309,   23000000,     126944,        0,  -22873056,          0
  3984,   310,   23000000,     136561,        0,  -22863439,          0
  3984,   311,   23000000,     110771,        0,  -22889229,          0
  3984,   312,   23000000,      91073,        0,  -22908927,          0
  3984,   313,   23000000,     102931,        0,  -22897069,          0
  3984,   314,   23000000,     123832,        0,  -22876168,          0
  3984,   315,   23000000,      92037,        0,  -22907963,          0
  3984,   316,   23000000,      92809,        0,  -22907191,          0
  3984,   317,   23000000,      88511,        0,  -22911489,          0
  3984,   318,   23000000,     111194,        0,  -22888806,          0
  3984,   319,   23000000,      69302,        0,  -22930698,          0
  3984,   320,   23000000,      64789,        0,  -22935211,          0
  3984,   321,   23000000,      66969,        0,  -22933031,          0
  3984,   322,   23000000,      89077,        0,  -22910923,          0
  3984,   323,   23000000,      83565,        0,  -22916435,          0
  3984,   324,   23000000,     114481,        0,  -22885519,          0
  3984,   325,   23000000,      71774,        0,  -22928226,          0
  3984,   326,   23000000,     107411,        0,  -22892589,          0
  3984,   327,   23000000,      64156,        0,  -22935844,          0
  3984,   328,   23000000,     188206,        0,  -22811794,          0
  3984,   329,   23000000,      65673,        0,  -22934327,          0
  3984,   330,   23000000,      64039,        0,  -22935961,          0
  3984,   331,   23000000,      61969,        0,  -22938031,          0
  3984,   332,   23000000,      92684,        0,  -22907316,          0
  3984,   333,   23000000,      61693,        0,  -22938307,          0
  3984,   334,   23000000,      87473,        0,  -22912527,          0
  3984,   335,   23000000,      67034,        0,  -22932966,          0
  3984,   336,   23000000,     108008,        0,  -22891992,          0
  3984,   337,   23000000,      88702,        0,  -22911298,          0
  3984,   338,   23000000,      64413,        0,  -22935587,          0
  3984,   339,   23000000,      64185,        0,  -22935815,          0
  3984,   340,   23000000,      79816,        0,  -22920184,          0
  3984,   341,   23000000,      64873,        0,  -22935127,          0
  3984,   342,   23000000,      64376,        0,  -22935624,          0
  3984,   343,   23000000,      65041,        0,  -22934959,          0
  3984,   344,   23000000,      85567,        0,  -22914433,          0
  3984,   345,   23000000,      84225,        0,  -22915775,          0
  3984,   346,   23000000,      68897,        0,  -22931103,          0
  3984,   347,   23000000,      63990,        0,  -22936010,          0
  3984,   348,   23000000,      63472,        0,  -22936528,          0
  3984,   349,   23000000,     113489,        0,  -22886511,          0
  3984,   350,   23000000,      79874,        0,  -22920126,          0
  3984,   351,   23000000,      91919,        0,  -22908081,          0
  3984,   352,   23000000,      65193,        0,  -22934807,          0
  3984,   353,   23000000,      64058,        0,  -22935942,          0
  3984,   354,   23000000,     101176,        0,  -22898824,          0
  3984,   355,   23000000,      64764,        0,  -22935236,          0
  3984,   356,   23000000,      65439,        0,  -22934561,          0
  3984,   357,   23000000,     100374,        0,  -22899626,          0
  3984,   358,   23000000,     119781,        0,  -22880219,          0
  3984,   359,   23000000,     470647,        0,  -22529353,          0
  3984,   360,   23000000,      84474,        0,  -22915526,          0
  3984,   361,   23000000,      76340,        0,  -22923660,          0
  3984,   362,   23000000,      63899,        0,  -22936101,          0
  3984,   363,   23000000,      87699,        0,  -22912301,          0
  3984,   364,   23000000,      67575,        0,  -22932425,          0
  3984,   365,   23000000,      91671,        0,  -22908329,          0
  3984,   366,   23000000,    2354764,        0,  -20645236,          0
  3984,   367,   23000000,      89746,        0,  -22910254,          0
  3984,   368,   23000000,      93739,        0,  -22906261,          0
  3984,   369,   23000000,      89606,        0,  -22910394,          0
  3984,   370,   23000000,      78928,        0,  -22921072,          0
  3984,   371,   23000000,      77709,        0,  -22922291,          0
  3984,   372,   23000000,     108260,        0,  -22891740,          0
  3984,   373,   23000000,      63508,        0,  -22936492,          0
  3984,   374,   23000000,      94466,        0,  -22905534,          0
  3984,   375,   23000000,     153216,        0,  -22846784,          0
  3984,   376,   23000000,     108703,        0,  -22891297,          0
  3984,   377,   23000000,     108721,        0,  -22891279,          0
  3984,   378,   23000000,      63797,        0,  -22936203,          0
  3984,   379,   23000000,      73771,        0,  -22926229,          0
  3984,   380,   23000000,      66639,        0,  -22933361,          0
  3984,   381,   23000000,      62805,        0,  -22937195,          0
  3984,   382,   23000000,      81353,        0,  -22918647,          0
  3984,   383,   23000000,      89789,        0,  -22910211,          0
  3984,   384,   23000000,      70855,        0,  -22929145,          0
  3984,   385,   23000000,      78347,        0,  -22921653,          0
  3984,   386,   23000000,      75999,        0,  -22924001,          0
  3984,   387,   23000000,     111727,        0,  -22888273,          0
  3984,   388,   23000000,      77033,        0,  -22922967,          0
  3984,   389,   23000000,      92132,        0,  -22907868,          0
  3984,   390,   23000000,     113648,        0,  -22886352,          0
  3984,   391,   23000000,      70154,        0,  -22929846,          0
  3984,   392,   23000000,      65194,        0,  -22934806,          0
  3984,   393,   23000000,     356102,        0,  -22643898,          0
  3984,   394,   23000000,      81744,        0,  -22918256,          0
  3984,   395,   23000000,      89928,        0,  -22910072,          0
  3984,   396,   23000000,      70718,        0,  -22929282,          0
  3984,   397,   23000000,     109075,        0,  -22890925,          0
  3984,   398,   23000000,      64108,        0,  -22935892,          0
  3984,   399,   23000000,      65173,        0,  -22934827,          0
  3984,   400,   23000000,      66533,        0,  -22933467,          0
  3984,   401,   23000000,      80849,        0,  -22919151,          0
  3984,   402,   23000000,      96638,        0,  -22903362,          0
  3984,   403,   23000000,     120216,        0,  -22879784,          0
  3984,   404,   23000000,      61974,        0,  -22938026,          0
  3984,   405,   23000000,    5098910,        0,  -17901090,          0
  3984,   406,   23000000,      73273,        0,  -22926727,          0
  3984,   407,   23000000,      63520,        0,  -22936480,          0
  3984,   408,   23000000,      82044,        0,  -22917956,          0
  3984,   409,   23000000,      65386,        0,  -22934614,          0
  3984,   410,   23000000,     105304,        0,  -22894696,          0
  3984,   411,   23000000,      83698,        0,  -22916302,          0
  3984,   412,   23000000,      63185,        0,  -22936815,          0
  3984,   413,   23000000,      73236,        0,  -22926764,          0
  3984,   414,   23000000,      66120,        0,  -22933880,          0
  3984,   415,   23000000,      62307,        0,  -22937693,          0
  3984,   416,   23000000,      62200,        0,  -22937800,          0
  3984,   417,   23000000,    1361853,        0,  -21638147,          0
  3984,   418,   23000000,      68362,        0,  -22931638,          0
  3984,   419,   23000000,      98198,        0,  -22901802,          0
  3984,   420,   23000000,      69363,        0,  -22930637,          0
  3984,   421,   23000000,     124665,        0,  -22875335,          0
  3984,   422,   23000000,      85563,        0,  -22914437,          0
  3984,   423,   23000000,      80426,        0,  -22919574,          0
  3984,   424,   23000000,      65211,        0,  -22934789,          0
  3984,   425,   23000000,      63875,        0,  -22936125,          0
  3984,   426,   23000000,      63627,        0,  -22936373,          0
  3984,   427,   23000000,      70112,        0,  -22929888,          0
  3984,   428,   23000000,      67034,        0,  -22932966,          0
  3984,   429,   23000000,    1354070,        0,  -21645930,          0
  3984,   430,   23000000,     145517,        0,  -22854483,          0
  3984,   431,   23000000,      72404,        0,  -22927596,          0
  3984,   432,   23000000,      64403,        0,  -22935597,          0
  3984,   433,   23000000,    4666294,        0,  -18333706,          0
  3984,   434,   23000000,      96214,        0,  -22903786,          0
  3984,   435,   23000000,      70659,        0,  -22929341,          0
  3984,   436,   23000000,      99612,        0,  -22900388,          0
  3984,   437,   23000000,     109980,        0,  -22890020,          0
  3984,   438,   23000000,      91767,        0,  -22908233,          0
# task NAME=myapp PID=3988 COST=72482000 PERIOD=90000000 CPU=0
  3988,     2,   90000000,      24276,        0,  -89975724,          0
  3988,     3,   90000000,      42913,        0,  -89957087,          0
  3988,     4,   90000000,   71920229,        0,  -18079771,          0
  3988,     5,   90000000,   71884067,        0,  -18115933,          0
  3988,     6,   90000000,   72034475,        0,  -17965525,          0
  3988,     7,   90000000,   71600778,        0,  -18399222,          0
  3988,     8,   90000000,   71948921,        0,  -18051079,          0
  3988,     9,   90000000,   71926534,        0,  -18073466,          0
  3988,    10,   90000000,   71631326,        0,  -18368674,          0
  3988,    11,   90000000,   71913152,        0,  -18086848,          0
  3988,    12,   90000000,   71904730,        0,  -18095270,          0
  3988,    13,   90000000,   71652563,        0,  -18347437,          0
  3988,    14,   90000000,   71620610,        0,  -18379390,          0
  3988,    15,   90000000,   71891233,        0,  -18108767,          0
  3988,    16,   90000000,   71895842,        0,  -18104158,          0
  3988,    17,   90000000,   71719588,        0,  -18280412,          0
  3988,    18,   90000000,   71665792,        0,  -18334208,          0
  3988,    19,   90000000,   71916427,        0,  -18083573,          0
  3988,    20,   90000000,   71946191,        0,  -18053809,          0
  3988,    21,   90000000,   71597846,        0,  -18402154,          0
  3988,    22,   90000000,   71976375,        0,  -18023625,          0
  3988,    23,   90000000,   75970517,        0,  -14029483,          0
  3988,    24,   90000000,   71661260,        0,  -18338740,          0
  3988,    25,   90000000,   71747752,        0,  -18252248,          0
  3988,    26,   90000000,   71974540,        0,  -18025460,          0
  3988,    27,   90000000,   71891741,        0,  -18108259,          0
  3988,    28,   90000000,   71645243,        0,  -18354757,          0
  3988,    29,   90000000,   71915007,        0,  -18084993,          0
  3988,    30,   90000000,   71942693,        0,  -18057307,          0
  3988,    31,   90000000,   73545791,        0,  -16454209,          0
  3988,    32,   90000000,   71630428,        0,  -18369572,          0
  3988,    33,   90000000,   71914628,        0,  -18085372,          0
  3988,    34,   90000000,   71893428,        0,  -18106572,          0
  3988,    35,   90000000,   71632095,        0,  -18367905,          0
  3988,    36,   90000000,   71867872,        0,  -18132128,          0
  3988,    37,   90000000,   73085464,        0,  -16914536,          0
  3988,    38,   90000000,   71643312,        0,  -18356688,          0
  3988,    39,   90000000,   71634805,        0,  -18365195,          0
  3988,    40,   90000000,   71987381,        0,  -18012619,          0
  3988,    41,   90000000,   73440384,        0,  -16559616,          0
  3988,    42,   90000000,   71629112,        0,  -18370888,          0
  3988,    43,   90000000,   71665692,        0,  -18334308,          0
  3988,    44,   90000000,   73345148,        0,  -16654852,          0
  3988,    45,   90000000,   76195119,        0,  -13804881,          0
  3988,    46,   90000000,   71623771,        0,  -18376229,          0
  3988,    47,   90000000,   71928007,        0,  -18071993,          0
  3988,    48,   90000000,   71902760,        0,  -18097240,          0
  3988,    49,   90000000,   71614065,        0,  -18385935,          0
  3988,    50,   90000000,   71647536,        0,  -18352464,          0
  3988,    51,   90000000,   71892872,        0,  -18107128,          0
  3988,    52,   90000000,   71926205,        0,  -18073795,          0
  3988,    53,   90000000,   71615109,        0,  -18384891,          0
  3988,    54,   90000000,   71910678,        0,  -18089322,          0
  3988,    55,   90000000,   71911957,        0,  -18088043,          0
  3988,    56,   90000000,   71604362,        0,  -18395638,          0
  3988,    57,   90000000,   71837928,        0,  -18162072,          0
  3988,    58,   90000000,   72363499,        0,  -17636501,          0
  3988,    59,   90000000,   71935818,        0,  -18064182,          0
  3988,    60,   90000000,   72646650,        0,  -17353350,          0
  3988,    61,   90000000,   71913240,        0,  -18086760,          0
  3988,    62,   90000000,   71916377,        0,  -18083623,          0
  3988,    63,   90000000,   71736804,        0,  -18263196,          0
  3988,    64,   90000000,   71618686,        0,  -18381314,          0
  3988,    65,   90000000,   71914670,        0,  -18085330,          0
  3988,    66,   90000000,   71914992,        0,  -18085008,          0
  3988,    67,   90000000,   71624078,        0,  -18375922,          0
  3988,    68,   90000000,   71687943,        0,  -18312057,          0
  3988,    69,   90000000,   71936214,        0,  -18063786,          0
  3988,    70,   90000000,   71926520,        0,  -18073480,          0
  3988,    71,   90000000,   71620877,        0,  -18379123,          0
  3988,    72,   90000000,   72126327,        0,  -17873673,          0
  3988,    73,   90000000,   72037667,        0,  -17962333,          0
  3988,    74,   90000000,   71621864,        0,  -18378136,          0
  3988,    75,   90000000,   71616145,        0,  -18383855,          0
  3988,    76,   90000000,   71881922,        0,  -18118078,          0
  3988,    77,   90000000,   71943764,        0,  -18056236,          0
  3988,    78,   90000000,   71632431,        0,  -18367569,          0
  3988,    79,   90000000,   71920799,        0,  -18079201,          0
  3988,    80,   90000000,   71920034,        0,  -18079966,          0
  3988,    81,   90000000,   71618232,        0,  -18381768,          0
  3988,    82,   90000000,   71684819,        0,  -18315181,          0
  3988,    83,   90000000,   71957005,        0,  -18042995,          0
  3988,    84,   90000000,   72056577,        0,  -17943423,          0
  3988,    85,   90000000,   71693464,        0,  -18306536,          0
  3988,    86,   90000000,   71895467,        0,  -18104533,          0
  3988,    87,   90000000,   76521660,        0,  -13478340,          0
  3988,    88,   90000000,   71627628,        0,  -18372372,          0
  3988,    89,   90000000,   71632866,        0,  -18367134,          0
  3988,    90,   90000000,   71874289,        0,  -18125711,          0
  3988,    91,   90000000,   71927258,        0,  -18072742,          0
  3988,    92,   90000000,   71616651,        0,  -18383349,          0
  3988,    93,   90000000,   71804864,        0,  -18195136,          0
  3988,    94,   90000000,   71944217,        0,  -18055783,          0
  3988,    95,   90000000,   71901923,        0,  -18098077,          0
  3988,    96,   90000000,   71676038,        0,  -18323962,          0
  3988,    97,   90000000,   79584118,        0,  -10415882,          0
  3988,    98,   90000000,   71887341,        0,  -18112659,          0
  3988,    99,   90000000,   71632874,        0,  -18367126,          0
  3988,   100,   90000000,   71618477,        0,  -18381523,          0
  3988,   101,   90000000,   71865927,        0,  -18134073,          0
  3988,   102,   90000000,   71944314,        0,  -18055686,          0
  3988,   103,   90000000,   71647859,        0,  -18352141,          0
  3988,   104,   90000000,   72015595,        0,  -17984405,          0
  3988,   105,   90000000,   71903186,        0,  -18096814,          0
  3988,   106,   90000000,   71618264,        0,  -18381736,          0
  3988,   107,   90000000,   71637722,        0,  -18362278,          0
  3988,   108,   90000000,   71910657,        0,  -18089343,          0
  3988,   109,   90000000,   71881768,        0,  -18118232,          0
  3988,   110,   90000000,   71886563,        0,  -18113437,          0
  3988,   111,   90000000,   71908157,        0,  -18091843,          0
  3988,   112,   90000000,   71901440,        0,  -18098560,          0
  3988,   113,   90000000,   71644792,        0,  -18355208,          0
  3988,   114,   90000000,   71631952,        0,  -18368048,          0
  3988,   115,   90000000,   71898572,        0,  -18101428,          0
