# Task,   Job,     Period,   Response, DL Miss?,   Lateness,  Tardiness
# task NAME=myapp PID=22930 COST=32211000 PERIOD=43000000 CPU=0
 22930,     2,   43000000,       9558,        0,  -42990442,          0
 22930,     3,   43000000,      78720,        0,  -42921280,          0
 22930,     4,   43000000,   54544747,        1,   11544747,   11544747
 22930,     5,   43000000,   67460468,        1,   24460468,   24460468
 22930,     6,   43000000,   83679570,        1,   40679570,   40679570
 22930,     7,   43000000,  100971055,        1,   57971055,   57971055
 22930,     8,   43000000,  112046705,        1,   69046705,   69046705
 22930,     9,   43000000,  130453343,        1,   87453343,   87453343
 22930,    10,   43000000,  147353826,        1,  104353826,  104353826
 22930,    11,   43000000,  162266677,        1,  119266677,  119266677
 22930,    12,   43000000,  180084079,        1,  137084079,  137084079
 22930,    13,   43000000,  188300072,        1,  145300072,  145300072
 22930,    14,   43000000,  204190674,        1,  161190674,  161190674
 22930,    15,   43000000,  221054198,        1,  178054198,  178054198
 22930,    16,   43000000,  235999282,        1,  192999282,  192999282
 22930,    17,   43000000,  251848455,        1,  208848455,  208848455
 22930,    18,   43000000,  269726289,        1,  226726289,  226726289
 22930,    19,   43000000,  288842262,        1,  245842262,  245842262
 22930,    20,   43000000,  302810070,        1,  259810070,  259810070
 22930,    21,   43000000,  316428964,        1,  273428964,  273428964
 22930,    22,   43000000,  332963503,        1,  289963503,  289963503
 22930,    23,   43000000,  352801908,        1,  309801908,  309801908
 22930,    24,   43000000,  370546415,        1,  327546415,  327546415
 22930,    25,   43000000,  387498035,        1,  344498035,  344498035
 22930,    26,   43000000,  407486004,        1,  364486004,  364486004
 22930,    27,   43000000,  421668679,        1,  378668679,  378668679
 22930,    28,   43000000,  441479308,        1,  398479308,  398479308
 22930,    29,   43000000,  455729786,        1,  412729786,  412729786
 22930,    30,   43000000,  475323094,        1,  432323094,  432323094
 22930,    31,   43000000,  493671498,        1,  450671498,  450671498
 22930,    32,   43000000,  509771959,        1,  466771959,  466771959
 22930,    33,   43000000,  526824089,        1,  483824089,  483824089
 22930,    34,   43000000,  545579570,        1,  502579570,  502579570
 22930,    35,   43000000,  564722366,        1,  521722366,  521722366
 22930,    36,   43000000,  578826347,        1,  535826347,  535826347
 22930,    37,   43000000,  592214859,        1,  549214859,  549214859
 22930,    38,   43000000,  605032596,        1,  562032596,  562032596
 22930,    39,   43000000,  622043009,        1,  579043009,  579043009
 22930,    40,   43000000,  638190066,        1,  595190066,  595190066
 22930,    41,   43000000,  654457153,        1,  611457153,  611457153
 22930,    42,   43000000,  667540372,        1,  624540372,  624540372
 22930,    43,   43000000,  685573100,        1,  642573100,  642573100
 22930,    44,   43000000,  698403287,        1,  655403287,  655403287
 22930,    45,   43000000,  716141907,        1,  673141907,  673141907
 22930,    46,   43000000,  732115870,        1,  689115870,  689115870
 22930,    47,   43000000,  749291244,        1,  706291244,  706291244
 22930,    48,   43000000,  766560957,        1,  723560957,  723560957
 22930,    49,   43000000,  783928044,        1,  740928044,  740928044
 22930,    50,   43000000,  800775260,        1,  757775260,  757775260
 22930,    51,   43000000,  820673573,        1,  777673573,  777673573
 22930,    52,   43000000,  839374148,        1,  796374148,  796374148
 22930,    53,   43000000,  854562430,        1,  811562430,  811562430
 22930,    54,   43000000,  868528746,        1,  825528746,  825528746
 22930,    55,   43000000,  884888385,        1,  841888385,  841888385
 22930,    56,   43000000,  901757493,        1,  858757493,  858757493
 22930,    57,   43000000,  918735441,        1,  875735441,  875735441
 22930,    58,   43000000,  936792325,        1,  893792325,  893792325
 22930,    59,   43000000,  954226521,        1,  911226521,  911226521
 22930,    60,   43000000,  970621768,        1,  927621768,  927621768
 22930,    61,   43000000,  986686621,        1,  943686621,  943686621
 22930,    62,   43000000, 1004348357,        1,  961348357,  961348357
 22930,    63,   43000000, 1021237111,        1,  978237111,  978237111
 22930,    64,   43000000, 1038952538,        1,  995952538,  995952538
 22930,    65,   43000000, 1055869648,        1, 1012869648, 1012869648
 22930,    66,   43000000, 1067495760,        1, 1024495760, 1024495760
 22930,    67,   43000000, 1085151379,        1, 1042151379, 1042151379
 22930,    68,   43000000, 1102738446,        1, 1059738446, 1059738446
 22930,    69,   43000000, 1115321235,        1, 1072321235, 1072321235
 22930,    70,   43000000, 1132118348,        1, 1089118348, 1089118348
 22930,    71,   43000000, 1146071501,        1, 1103071501, 1103071501
 22930,    72,   43000000, 1162756289,        1, 1119756289, 1119756289
 22930,    73,   43000000, 1178607715,        1, 1135607715, 1135607715
# task NAME=myapp PID=22933 COST=21076000 PERIOD=84000000 CPU=0
 22933,     2,   84000000,      16477,        0,  -83983523,          0
 22933,     3,   84000000,      84350,        0,  -83915650,          0
 22933,     4,   84000000,   32639025,        0,  -51360975,          0
 22933,     5,   84000000,   33583706,        0,  -50416294,          0
 22933,     6,   84000000,   35552164,        0,  -48447836,          0
 22933,     7,   84000000,   33588403,        0,  -50411597,          0
 22933,     8,   84000000,   33567141,        0,  -50432859,          0
 22933,     9,   84000000,   34637437,        0,  -49362563,          0
 22933,    10,   84000000,   33414250,        0,  -50585750,          0
 22933,    11,   84000000,   36419228,        0,  -47580772,          0
 22933,    12,   84000000,   37332637,        0,  -46667363,          0
 22933,    13,   84000000,   36387423,        0,  -47612577,          0
 22933,    14,   84000000,   36541442,        0,  -47458558,          0
 22933,    15,   84000000,   36758642,        0,  -47241358,          0
 22933,    16,   84000000,   33543413,        0,  -50456587,          0
 22933,    17,   84000000,   36614710,        0,  -47385290,          0
 22933,    18,   84000000,   32941833,        0,  -51058167,          0
 22933,    19,   84000000,   37237579,        0,  -46762421,          0
 22933,    20,   84000000,   33576781,        0,  -50423219,          0
 22933,    21,   84000000,   34453124,        0,  -49546876,          0
 22933,    22,   84000000,   32494236,        0,  -51505764,          0
 22933,    23,   84000000,   33364570,        0,  -50635430,          0
 22933,    24,   84000000,   33544139,        0,  -50455861,          0
 22933,    25,   84000000,   36526744,        0,  -47473256,          0
 22933,    26,   84000000,   30776152,        0,  -53223848,          0
 22933,    27,   84000000,   33584777,        0,  -50415223,          0
 22933,    28,   84000000,   33477933,        0,  -50522067,          0
 22933,    29,   84000000,   33482745,        0,  -50517255,          0
 22933,    30,   84000000,   36456283,        0,  -47543717,          0
 22933,    31,   84000000,   33491345,        0,  -50508655,          0
 22933,    32,   84000000,   34343276,        0,  -49656724,          0
 22933,    33,   84000000,   30266626,        0,  -53733374,          0
 22933,    34,   84000000,   33558909,        0,  -50441091,          0
 22933,    35,   84000000,   33618194,        0,  -50381806,          0
 22933,    36,   84000000,   36433597,        0,  -47566403,          0
 22933,    37,   84000000,   36720404,        0,  -47279596,          0
 22933,    38,   84000000,   32613536,        0,  -51386464,          0
 22933,    39,   84000000,   36422235,        0,  -47577765,          0
 22933,    40,   84000000,   34316296,        0,  -49683704,          0
 22933,    41,   84000000,   32630054,        0,  -51369946,          0
 22933,    42,   84000000,   36512246,        0,  -47487754,          0
 22933,    43,   84000000,   36818749,        0,  -47181251,          0
 22933,    44,   84000000,   32622859,        0,  -51377141,          0
 22933,    45,   84000000,   33568889,        0,  -50431111,          0
 22933,    46,   84000000,   37246415,        0,  -46753585,          0
 22933,    47,   84000000,   32368192,        0,  -51631808,          0
 22933,    48,   84000000,   36424808,        0,  -47575192,          0
 22933,    49,   84000000,   36666401,        0,  -47333599,          0
 22933,    50,   84000000,   33546374,        0,  -50453626,          0
 22933,    51,   84000000,   36382630,        0,  -47617370,          0
 22933,    52,   84000000,   33552710,        0,  -50447290,          0
 22933,    53,   84000000,   36438061,        0,  -47561939,          0
 22933,    54,   84000000,   34505403,        0,  -49494597,          0
 22933,    55,   84000000,   36686345,        0,  -47313655,          0
 22933,    56,   84000000,   34392274,        0,  -49607726,          0
 22933,    57,   84000000,   36491356,        0,  -47508644,          0
 22933,    58,   84000000,   36341881,        0,  -47658119,          0
 22933,    59,   84000000,   36471389,        0,  -47528611,          0
 22933,    60,   84000000,   33548368,        0,  -50451632,          0
 22933,    61,   84000000,   36346853,        0,  -47653147,          0
 22933,    62,   84000000,   32609877,        0,  -51390123,          0
 22933,    63,   84000000,   33221308,        0,  -50778692,          0
 22933,    64,   84000000,   30066717,        0,  -53933283,          0
 22933,    65,   84000000,   34415489,        0,  -49584511,          0
 22933,    66,   84000000,   32640250,        0,  -51359750,          0
 22933,    67,   84000000,   30050324,        0,  -53949676,          0
 22933,    68,   84000000,   32657149,        0,  -51342851,          0
 22933,    69,   84000000,   36462636,        0,  -47537364,          0
 22933,    70,   84000000,   36508028,        0,  -47491972,          0
 22933,    71,   84000000,   37284396,        0,  -46715604,          0
 22933,    72,   84000000,   32672220,        0,  -51327780,          0
 22933,    73,   84000000,   36641575,        0,  -47358425,          0
 22933,    74,   84000000,   32817865,        0,  -51182135,          0
 22933,    75,   84000000,   34499598,        0,  -49500402,          0
 22933,    76,   84000000,   33724747,        0,  -50275253,          0
 22933,    77,   84000000,   36944536,        0,  -47055464,          0
 22933,    78,   84000000,   36391025,        0,  -47608975,          0
 22933,    79,   84000000,   36645136,        0,  -47354864,          0
 22933,    80,   84000000,   36446476,        0,  -47553524,          0
 22933,    81,   84000000,   35004140,        0,  -48995860,          0
 22933,    82,   84000000,   33587627,        0,  -50412373,          0
 22933,    83,   84000000,   34502190,        0,  -49497810,          0
 22933,    84,   84000000,   33581965,        0,  -50418035,          0
 22933,    85,   84000000,   33332442,        0,  -50667558,          0
 22933,    86,   84000000,   34516530,        0,  -49483470,          0
 22933,    87,   84000000,   33565862,        0,  -50434138,          0
 22933,    88,   84000000,   33373174,        0,  -50626826,          0
 22933,    89,   84000000,   33448628,        0,  -50551372,          0
 22933,    90,   84000000,   34271713,        0,  -49728287,          0
 22933,    91,   84000000,   33520600,        0,  -50479400,          0
 22933,    92,   84000000,   37315221,        0,  -46684779,          0
 22933,    93,   84000000,   33575852,        0,  -50424148,          0
 22933,    94,   84000000,   36395441,        0,  -47604559,          0
 22933,    95,   84000000,   34561271,        0,  -49438729,          0
 22933,    96,   84000000,   36528135,        0,  -47471865,          0
 22933,    97,   84000000,   32682252,        0,  -51317748,          0
 22933,    98,   84000000,   36410849,        0,  -47589151,          0
 22933,    99,   84000000,   32778328,        0,  -51221672,          0
 22933,   100,   84000000,   33594171,        0,  -50405829,          0
 22933,   101,   84000000,   33862245,        0,  -50137755,          0
 22933,   102,   84000000,   34272510,        0,  -49727490,          0
 22933,   103,   84000000,   33923781,        0,  -50076219,          0
 22933,   104,   84000000,   33734730,        0,  -50265270,          0
 22933,   105,   84000000,   33268678,        0,  -50731322,          0
 22933,   106,   84000000,   36439237,        0,  -47560763,          0
 22933,   107,   84000000,   33694755,        0,  -50305245,          0
 22933,   108,   84000000,   32916123,        0,  -51083877,          0
 22933,   109,   84000000,   30947201,        0,  -53052799,          0
 22933,   110,   84000000,   36369344,        0,  -47630656,          0
 22933,   111,   84000000,   36438477,        0,  -47561523,          0
 22933,   112,   84000000,   36396009,        0,  -47603991,          0
 22933,   113,   84000000,   36775192,        0,  -47224808,          0
 22933,   114,   84000000,   32584849,        0,  -51415151,          0
 22933,   115,   84000000,   36646050,        0,  -47353950,          0
 22933,   116,   84000000,   36590830,        0,  -47409170,          0
 22933,   117,   84000000,   32571311,        0,  -51428689,          0
 22933,   118,   84000000,   36573015,        0,  -47426985,          0
 22933,   119,   84000000,   36718895,        0,  -47281105,          0
 22933,   120,   84000000,   36481554,        0,  -47518446,          0
 22933,   121,   84000000,   36454357,        0,  -47545643,          0
 22933,   122,   84000000,   33745508,        0,  -50254492,          0
 22933,   123,   84000000,   36598613,        0,  -47401387,          0
