# Task,   Job,     Period,   Response, DL Miss?,   Lateness,  Tardiness
# task NAME=myapp PID=471 COST=67443000 PERIOD=79000000 CPU=0
   471,     2,   79000000,       9989,        0,  -78990011,          0
   471,     3,   79000000,     237381,        0,  -78762619,          0
   471,     4,   79000000,  112744189,        1,   33744189,   33744189
   471,     5,   79000000,  154409369,        1,   75409369,   75409369
   471,     6,   79000000,  191836269,        1,  112836269,  112836269
   471,     7,   79000000,  231102921,        1,  152102921,  152102921
   471,     8,   79000000,  273176456,        1,  194176456,  194176456
   471,     9,   79000000,  316574626,        1,  237574626,  237574626
   471,    10,   79000000,  354354787,        1,  275354787,  275354787
   471,    11,   79000000,  395595185,        1,  316595185,  316595185
   471,    12,   79000000,  433251519,        1,  354251519,  354251519
   471,    13,   79000000,  469890553,        1,  390890553,  390890553
   471,    14,   79000000,  509649647,        1,  430649647,  430649647
   471,    15,   79000000,  543642772,        1,  464642772,  464642772
   471,    16,   79000000,  577617414,        1,  498617414,  498617414
   471,    17,   79000000,  614937518,        1,  535937518,  535937518
   471,    18,   79000000,  658731878,        1,  579731878,  579731878
   471,    19,   79000000,  695897973,        1,  616897973,  616897973
   471,    20,   79000000,  736746181,        1,  657746181,  657746181
   471,    21,   79000000,  766152035,        1,  687152035,  687152035
   471,    22,   79000000,  806821740,        1,  727821740,  727821740
   471,    23,   79000000,  846535306,        1,  767535306,  767535306
   471,    24,   79000000,  886923174,        1,  807923174,  807923174
   471,    25,   79000000,  921987260,        1,  842987260,  842987260
   471,    26,   79000000,  963380881,        1,  884380881,  884380881
   471,    27,   79000000,  998489315,        1,  919489315,  919489315
   471,    28,   79000000, 1028936623,        1,  949936623,  949936623
   471,    29,   79000000, 1066319516,        1,  987319516,  987319516
   471,    30,   79000000, 1108197470,        1, 1029197470, 1029197470
   471,    31,   79000000, 1143091630,        1, 1064091630, 1064091630
   471,    32,   79000000, 1183951281,        1, 1104951281, 1104951281
   471,    33,   79000000, 1217684529,        1, 1138684529, 1138684529
   471,    34,   79000000, 1254624959,        1, 1175624959, 1175624959
   471,    35,   79000000, 1296142840,        1, 1217142840, 1217142840
   471,    36,   79000000, 1337463850,        1, 1258463850, 1258463850
   471,    37,   79000000, 1373763820,        1, 1294763820, 1294763820
   471,    38,   79000000, 1414025046,        1, 1335025046, 1335025046
   471,    39,   79000000, 1458439119,        1, 1379439119, 1379439119
   471,    40,   79000000, 1495486909,        1, 1416486909, 1416486909
   471,    41,   79000000, 1532817990,        1, 1453817990, 1453817990
   471,    42,   79000000, 1567475291,        1, 1488475291, 1488475291
   471,    43,   79000000, 1600201355,        1, 1521201355, 1521201355
   471,    44,   79000000, 1643580060,        1, 1564580060, 1564580060
   471,    45,   79000000, 1678751607,        1, 1599751607, 1599751607
   471,    46,   79000000, 1719161346,        1, 1640161346, 1640161346
   471,    47,   79000000, 1759125201,        1, 1680125201, 1680125201
   471,    48,   79000000, 1796461652,        1, 1717461652, 1717461652
   471,    49,   79000000, 1838787208,        1, 1759787208, 1759787208
   471,    50,   79000000, 1874804635,        1, 1795804635, 1795804635
   471,    51,   79000000, 1916095544,        1, 1837095544, 1837095544
   471,    52,   79000000, 1957088802,        1, 1878088802, 1878088802
   471,    53,   79000000, 1997364693,        1, 1918364693, 1918364693
   471,    54,   79000000, 2034891840,        1, 1955891840, 1955891840
   471,    55,   79000000, 2068293568,        1, 1989293568, 1989293568
   471,    56,   79000000, 2113244628,        1, 2034244628, 2034244628
   471,    57,   79000000, 2149107602,        1, 2070107602, 2070107602
   471,    58,   79000000, 2193776119,        1, 2114776119, 2114776119
   471,    59,   79000000, 2226894300,        1, 2147894300, 2147894300
   471,    60,   79000000, 2260768270,        1, 2181768270, 2181768270
   471,    61,   79000000, 2298238496,        1, 2219238496, 2219238496
   471,    62,   79000000, 2331919145,        1, 2252919145, 2252919145
# task NAME=myapp PID=475 COST=38080000 PERIOD=67000000 CPU=0
   475,     2,   67000000,       6654,        0,  -66993346,          0
   475,     3,   67000000,     209343,        0,  -66790657,          0
   475,     4,   67000000,   63366553,        0,   -3633447,          0
   475,     5,   67000000,   65759138,        0,   -1240862,          0
   475,     6,   67000000,   66699019,        0,    -300981,          0
   475,     7,   67000000,   65316281,        0,   -1683719,          0
   475,     8,   67000000,   67375589,        1,     375589,     375589
   475,     9,   67000000,   62872665,        0,   -4127335,          0
   475,    10,   67000000,   62964924,        0,   -4035076,          0
   475,    11,   67000000,   64214759,        0,   -2785241,          0
   475,    12,   67000000,   64882524,        0,   -2117476,          0
   475,    13,   67000000,   65271038,        0,   -1728962,          0
   475,    14,   67000000,   66762139,        0,    -237861,          0
   475,    15,   67000000,   70625457,        1,    3625457,    3625457
   475,    16,   67000000,   67538313,        1,     538313,     538313
   475,    17,   67000000,   66237211,        0,    -762789,          0
   475,    18,   67000000,   66739197,        0,    -260803,          0
   475,    19,   67000000,   64720461,        0,   -2279539,          0
   475,    20,   67000000,   67797720,        1,     797720,     797720
   475,    21,   67000000,   66457607,        0,    -542393,          0
   475,    22,   67000000,   63027940,        0,   -3972060,          0
   475,    23,   67000000,   67027797,        1,      27797,      27797
   475,    24,   67000000,   64885917,        0,   -2114083,          0
   475,    25,   67000000,   62322203,        0,   -4677797,          0
   475,    26,   67000000,   65589434,        0,   -1410566,          0
   475,    27,   67000000,   63886468,        0,   -3113532,          0
   475,    28,   67000000,   64974484,        0,   -2025516,          0
   475,    29,   67000000,   61564820,        0,   -5435180,          0
   475,    30,   67000000,   66163732,        0,    -836268,          0
   475,    31,   67000000,   67702885,        1,     702885,     702885
   475,    32,   67000000,   69973435,        1,    2973435,    2973435
   475,    33,   67000000,   69659795,        1,    2659795,    2659795
   475,    34,   67000000,   70283709,        1,    3283709,    3283709
   475,    35,   67000000,   67569607,        1,     569607,     569607
   475,    36,   67000000,   69246370,        1,    2246370,    2246370
   475,    37,   67000000,   66090215,        0,    -909785,          0
   475,    38,   67000000,   65965638,        0,   -1034362,          0
   475,    39,   67000000,   64721042,        0,   -2278958,          0
   475,    40,   67000000,   67222160,        1,     222160,     222160
   475,    41,   67000000,   65921407,        0,   -1078593,          0
   475,    42,   67000000,   62247222,        0,   -4752778,          0
   475,    43,   67000000,   64923032,        0,   -2076968,          0
   475,    44,   67000000,   66885137,        0,    -114863,          0
   475,    45,   67000000,   65934337,        0,   -1065663,          0
   475,    46,   67000000,   70449747,        1,    3449747,    3449747
   475,    47,   67000000,   70681974,        1,    3681974,    3681974
   475,    48,   67000000,   72177562,        1,    5177562,    5177562
   475,    49,   67000000,   74558908,        1,    7558908,    7558908
   475,    50,   67000000,   78532866,        1,   11532866,   11532866
   475,    51,   67000000,   80317486,        1,   13317486,   13317486
   475,    52,   67000000,   83962105,        1,   16962105,   16962105
   475,    53,   67000000,   81308799,        1,   14308799,   14308799
   475,    54,   67000000,   75938222,        1,    8938222,    8938222
   475,    55,   67000000,   75651503,        1,    8651503,    8651503
   475,    56,   67000000,   76773457,        1,    9773457,    9773457
   475,    57,   67000000,   81042271,        1,   14042271,   14042271
   475,    58,   67000000,   84525927,        1,   17525927,   17525927
   475,    59,   67000000,   80028542,        1,   13028542,   13028542
   475,    60,   67000000,   79649278,        1,   12649278,   12649278
   475,    61,   67000000,   85020490,        1,   18020490,   18020490
   475,    62,   67000000,   83719145,        1,   16719145,   16719145
   475,    63,   67000000,   84097678,        1,   17097678,   17097678
   475,    64,   67000000,   81653841,        1,   14653841,   14653841
   475,    65,   67000000,   85350788,        1,   18350788,   18350788
   475,    66,   67000000,   85856210,        1,   18856210,   18856210
   475,    67,   67000000,   87545254,        1,   20545254,   20545254
   475,    68,   67000000,   85136772,        1,   18136772,   18136772
   475,    69,   67000000,   87710989,        1,   20710989,   20710989
   475,    70,   67000000,   85373864,        1,   18373864,   18373864
   475,    71,   67000000,   79300285,        1,   12300285,   12300285
   475,    72,   67000000,   69147959,        1,    2147959,    2147959
   475,    73,   67000000,   69260476,        1,    2260476,    2260476
   475,    74,   67000000,   71867757,        1,    4867757,    4867757
   475,    75,   67000000,   70709219,        1,    3709219,    3709219
   475,    76,   67000000,   66273514,        0,    -726486,          0
   475,    77,   67000000,   61749024,        0,   -5250976,          0
   475,    78,   67000000,   64117235,        0,   -2882765,          0
   475,    79,   67000000,   62461072,        0,   -4538928,          0
   475,    80,   67000000,   64132833,        0,   -2867167,          0
   475,    81,   67000000,   64464417,        0,   -2535583,          0
   475,    82,   67000000,   65511035,        0,   -1488965,          0
   475,    83,   67000000,   64060463,        0,   -2939537,          0
   475,    84,   67000000,   68219402,        1,    1219402,    1219402
   475,    85,   67000000,   66531845,        0,    -468155,          0
   475,    86,   67000000,   70672020,        1,    3672020,    3672020
   475,    87,   67000000,   68577418,        1,    1577418,    1577418
   475,    88,   67000000,   67977262,        1,     977262,     977262
   475,    89,   67000000,   69322586,        1,    2322586,    2322586
   475,    90,   67000000,   63613236,        0,   -3386764,          0
   475,    91,   67000000,   63278796,        0,   -3721204,          0
   475,    92,   67000000,   65945970,        0,   -1054030,          0
   475,    93,   67000000,   60865355,        0,   -6134645,          0
   475,    94,   67000000,   63246561,        0,   -3753439,          0
   475,    95,   67000000,   66912910,        0,     -87090,          0
   475,    96,   67000000,   65137574,        0,   -1862426,          0
   475,    97,   67000000,   65883464,        0,   -1116536,          0
   475,    98,   67000000,   61313296,        0,   -5686704,          0
   475,    99,   67000000,   64704234,        0,   -2295766,          0
   475,   100,   67000000,   65324919,        0,   -1675081,          0
   475,   101,   67000000,   62121438,        0,   -4878562,          0
   475,   102,   67000000,   58960738,        0,   -8039262,          0
   475,   103,   67000000,   63616461,        0,   -3383539,          0
   475,   104,   67000000,   65450707,        0,   -1549293,          0
   475,   105,   67000000,   68877219,        1,    1877219,    1877219
   475,   106,   67000000,   60016224,        0,   -6983776,          0
   475,   107,   67000000,   62479106,        0,   -4520894,          0
   475,   108,   67000000,   65179995,        0,   -1820005,          0
   475,   109,   67000000,   58409098,        0,   -8590902,          0
   475,   110,   67000000,   59230031,        0,   -7769969,          0
   475,   111,   67000000,   63970426,        0,   -3029574,          0
   475,   112,   67000000,   65142036,        0,   -1857964,          0
   475,   113,   67000000,   66590220,        0,    -409780,          0
   475,   114,   67000000,   66858343,        0,    -141657,          0
   475,   115,   67000000,   66775548,        0,    -224452,          0
   475,   116,   67000000,   69740898,        1,    2740898,    2740898
   475,   117,   67000000,   73242432,        1,    6242432,    6242432
   475,   118,   67000000,   60134148,        0,   -6865852,          0
   475,   119,   67000000,   64051453,        0,   -2948547,          0
   475,   120,   67000000,   64110187,        0,   -2889813,          0
   475,   121,   67000000,   61884039,        0,   -5115961,          0
   475,   122,   67000000,   59324951,        0,   -7675049,          0
   475,   123,   67000000,   61171700,        0,   -5828300,          0
   475,   124,   67000000,   67820697,        1,     820697,     820697
   475,   125,   67000000,   68541626,        1,    1541626,    1541626
   475,   126,   67000000,   70737416,        1,    3737416,    3737416
   475,   127,   67000000,   64101902,        0,   -2898098,          0
   475,   128,   67000000,   63997808,        0,   -3002192,          0
   475,   129,   67000000,   68722388,        1,    1722388,    1722388
   475,   130,   67000000,   70180627,        1,    3180627,    3180627
   475,   131,   67000000,   67639547,        1,     639547,     639547
   475,   132,   67000000,   67619440,        1,     619440,     619440
   475,   133,   67000000,   68448632,        1,    1448632,    1448632
   475,   134,   67000000,   67353925,        1,     353925,     353925
   475,   135,   67000000,   71314188,        1,    4314188,    4314188
   475,   136,   67000000,   72194113,        1,    5194113,    5194113
   475,   137,   67000000,   73377190,        1,    6377190,    6377190
   475,   138,   67000000,   73427865,        1,    6427865,    6427865
   475,   139,   67000000,   76449261,        1,    9449261,    9449261
   475,   140,   67000000,   75626803,        1,    8626803,    8626803
   475,   141,   67000000,   69663589,        1,    2663589,    2663589
   475,   142,   67000000,   70364148,        1,    3364148,    3364148
   475,   143,   67000000,   66965388,        0,     -34612,          0
   475,   144,   67000000,   68654819,        1,    1654819,    1654819
   475,   145,   67000000,   64886738,        0,   -2113262,          0
   475,   146,   67000000,   66118480,        0,    -881520,          0
   475,   147,   67000000,   63452923,        0,   -3547077,          0
   475,   148,   67000000,   67431071,        1,     431071,     431071
   475,   149,   67000000,   65229036,        0,   -1770964,          0
   475,   150,   67000000,   65783129,        0,   -1216871,          0
   475,   151,   67000000,   67739817,        1,     739817,     739817
   475,   152,   67000000,   69262244,        1,    2262244,    2262244
   475,   153,   67000000,   65522582,        0,   -1477418,          0
# task NAME=myapp PID=478 COST=50858000 PERIOD=88000000 CPU=0
   478,     2,   88000000,      16646,        0,  -87983354,          0
   478,     3,   88000000,     181743,        0,  -87818257,          0
   478,     4,   88000000,   76326832,        0,  -11673168,          0
   478,     5,   88000000,   87332305,        0,    -667695,          0
   478,     6,   88000000,   90876307,        1,    2876307,    2876307
   478,     7,   88000000,   85812602,        0,   -2187398,          0
   478,     8,   88000000,   87141235,        0,    -858765,          0
   478,     9,   88000000,   83661256,        0,   -4338744,          0
   478,    10,   88000000,   87529204,        0,    -470796,          0
   478,    11,   88000000,   87749800,        0,    -250200,          0
   478,    12,   88000000,   91423826,        1,    3423826,    3423826
   478,    13,   88000000,   90491607,        1,    2491607,    2491607
   478,    14,   88000000,   95239700,        1,    7239700,    7239700
   478,    15,   88000000,   95397311,        1,    7397311,    7397311
   478,    16,   88000000,   90724161,        1,    2724161,    2724161
   478,    17,   88000000,   91630805,        1,    3630805,    3630805
   478,    18,   88000000,   91640519,        1,    3640519,    3640519
   478,    19,   88000000,   87923811,        0,     -76189,          0
   478,    20,   88000000,   87245395,        0,    -754605,          0
   478,    21,   88000000,   87154796,        0,    -845204,          0
   478,    22,   88000000,   84623008,        0,   -3376992,          0
   478,    23,   88000000,   92021281,        1,    4021281,    4021281
   478,    24,   88000000,   87371631,        0,    -628369,          0
   478,    25,   88000000,   91056894,        1,    3056894,    3056894
   478,    26,   88000000,   88587122,        1,     587122,     587122
   478,    27,   88000000,   83619970,        0,   -4380030,          0
   478,    28,   88000000,   89021276,        1,    1021276,    1021276
   478,    29,   88000000,   84580462,        0,   -3419538,          0
   478,    30,   88000000,   94794685,        1,    6794685,    6794685
   478,    31,   88000000,   95954747,        1,    7954747,    7954747
   478,    32,   88000000,   99774130,        1,   11774130,   11774130
   478,    33,   88000000,  100488091,        1,   12488091,   12488091
   478,    34,   88000000,   98486669,        1,   10486669,   10486669
   478,    35,   88000000,   99895719,        1,   11895719,   11895719
   478,    36,   88000000,   99205359,        1,   11205359,   11205359
   478,    37,   88000000,  104046167,        1,   16046167,   16046167
   478,    38,   88000000,  107298568,        1,   19298568,   19298568
   478,    39,   88000000,  100425180,        1,   12425180,   12425180
   478,    40,   88000000,  103539778,        1,   15539778,   15539778
   478,    41,   88000000,  102902542,        1,   14902542,   14902542
   478,    42,   88000000,  102420319,        1,   14420319,   14420319
   478,    43,   88000000,  103554281,        1,   15554281,   15554281
   478,    44,   88000000,  100120674,        1,   12120674,   12120674
   478,    45,   88000000,  104037666,        1,   16037666,   16037666
   478,    46,   88000000,  103662460,        1,   15662460,   15662460
   478,    47,   88000000,  100848475,        1,   12848475,   12848475
   478,    48,   88000000,  103922966,        1,   15922966,   15922966
   478,    49,   88000000,  104215669,        1,   16215669,   16215669
   478,    50,   88000000,  103734982,        1,   15734982,   15734982
   478,    51,   88000000,  107775693,        1,   19775693,   19775693
   478,    52,   88000000,  111213277,        1,   23213277,   23213277
   478,    53,   88000000,  115271164,        1,   27271164,   27271164
   478,    54,   88000000,  116384580,        1,   28384580,   28384580
   478,    55,   88000000,  110517310,        1,   22517310,   22517310
   478,    56,   88000000,  114369745,        1,   26369745,   26369745
   478,    57,   88000000,  118791571,        1,   30791571,   30791571
   478,    58,   88000000,  116872915,        1,   28872915,   28872915
   478,    59,   88000000,  115173906,        1,   27173906,   27173906
   478,    60,   88000000,  119078463,        1,   31078463,   31078463
   478,    61,   88000000,  114723705,        1,   26723705,   26723705
   478,    62,   88000000,  114541597,        1,   26541597,   26541597
   478,    63,   88000000,  112783088,        1,   24783088,   24783088
   478,    64,   88000000,  116183865,        1,   28183865,   28183865
   478,    65,   88000000,  114978815,        1,   26978815,   26978815
   478,    66,   88000000,  115938649,        1,   27938649,   27938649
   478,    67,   88000000,  120269620,        1,   32269620,   32269620
   478,    68,   88000000,  119481318,        1,   31481318,   31481318
   478,    69,   88000000,  115747136,        1,   27747136,   27747136
   478,    70,   88000000,  119150536,        1,   31150536,   31150536
   478,    71,   88000000,  115612988,        1,   27612988,   27612988
   478,    72,   88000000,  119326540,        1,   31326540,   31326540
   478,    73,   88000000,  119105019,        1,   31105019,   31105019
   478,    74,   88000000,  117008200,        1,   29008200,   29008200
   478,    75,   88000000,  115768615,        1,   27768615,   27768615
   478,    76,   88000000,  119524112,        1,   31524112,   31524112
   478,    77,   88000000,  122510068,        1,   34510068,   34510068
   478,    78,   88000000,  120142250,        1,   32142250,   32142250
   478,    79,   88000000,  126416352,        1,   38416352,   38416352
   478,    80,   88000000,  130736591,        1,   42736591,   42736591
   478,    81,   88000000,  131957365,        1,   43957365,   43957365
   478,    82,   88000000,  132425944,        1,   44425944,   44425944
   478,    83,   88000000,  128094368,        1,   40094368,   40094368
   478,    84,   88000000,  130563629,        1,   42563629,   42563629
   478,    85,   88000000,  127794338,        1,   39794338,   39794338
   478,    86,   88000000,  126955442,        1,   38955442,   38955442
   478,    87,   88000000,  124048148,        1,   36048148,   36048148
   478,    88,   88000000,  124110605,        1,   36110605,   36110605
   478,    89,   88000000,  130494439,        1,   42494439,   42494439
   478,    90,   88000000,  124948036,        1,   36948036,   36948036
   478,    91,   88000000,  127901964,        1,   39901964,   39901964
   478,    92,   88000000,  126329617,        1,   38329617,   38329617
   478,    93,   88000000,  123548066,        1,   35548066,   35548066
   478,    94,   88000000,  123749194,        1,   35749194,   35749194
   478,    95,   88000000,  126875096,        1,   38875096,   38875096
   478,    96,   88000000,  126731517,        1,   38731517,   38731517
   478,    97,   88000000,  123126965,        1,   35126965,   35126965
   478,    98,   88000000,  127672011,        1,   39672011,   39672011
   478,    99,   88000000,  131567856,        1,   43567856,   43567856
   478,   100,   88000000,  132512530,        1,   44512530,   44512530
   478,   101,   88000000,  132105523,        1,   44105523,   44105523
   478,   102,   88000000,  138486625,        1,   50486625,   50486625
   478,   103,   88000000,  139185416,        1,   51185416,   51185416
   478,   104,   88000000,  139192514,        1,   51192514,   51192514
   478,   105,   88000000,  140236088,        1,   52236088,   52236088
   478,   106,   88000000,  139505907,        1,   51505907,   51505907
   478,   107,   88000000,  139435330,        1,   51435330,   51435330
   478,   108,   88000000,  140102103,        1,   52102103,   52102103
   478,   109,   88000000,  139988371,        1,   51988371,   51988371
   478,   110,   88000000,  140074914,        1,   52074914,   52074914
   478,   111,   88000000,  140540699,        1,   52540699,   52540699
   478,   112,   88000000,  134631314,        1,   46631314,   46631314
   478,   113,   88000000,  135836842,        1,   47836842,   47836842
   478,   114,   88000000,  139010246,        1,   51010246,   51010246
   478,   115,   88000000,  139691507,        1,   51691507,   51691507
   478,   116,   88000000,  139070172,        1,   51070172,   51070172
   478,   117,   88000000,  144959755,        1,   56959755,   56959755
