106 5 101
197 11 186
147 7 140
227 11 216
231 15 216
134 9 125
254 38 216
124 6 118
121 5 116
246 30 216
236 16 220
165 9 156
257 38 219
267 48 219
236 18 218
235 18 217
134 8 126
249 33 216
124 6 118
230 14 216
120 5 115
138 7 131
265 46 219
115 6 109
131 7 124
106 6 100
245 29 216
231 15 216
233 16 217
133 7 126
105 5 100
108 6 102
144 7 137
229 12 217
155 8 147
228 12 216
107 5 102
208 11 197
240 23 217
140 7 133
132 7 125
112 6 106
116 6 110
256 38 218
273 57 216
128 6 122
231 16 215
110 5 105
144 6 138
117 6 111
234 18 216
110 5 105
113 6 107
233 18 215
232 13 219
274 56 218
232 15 217
234 16 218
233 15 218
227 12 215
124 6 118
162 8 154
233 16 217
134 7 127
110 6 104
233 16 217
228 13 215
155 8 147
153 9 144
105 6 99
199 11 188
254 38 216
255 37 218
242 22 220
227 12 215
184 10 174
235 19 216
126 6 120
208 10 198
153 8 145
117 5 112
117 7 110
239 20 219
164 9 155
275 56 219
230 14 216
244 26 218
238 20 218
