# Task,   Job,     Period,   Response, DL Miss?,   Lateness,  Tardiness
# task NAME=myapp PID=26069 COST=24667000 PERIOD=36000000 CPU=0
 26069,     2,   36000000,      20666,        0,  -35979334,          0
 26069,     3,   36000000,      81592,        0,  -35918408,          0
 26069,     4,   36000000,   25225982,        0,  -10774018,          0
 26069,     5,   36000000,   42047070,        1,    6047070,    6047070
 26069,     6,   36000000,   30447569,        0,   -5552431,          0
 26069,     7,   36000000,   34310921,        0,   -1689079,          0
 26069,     8,   36000000,   24520714,        0,  -11479286,          0
 26069,     9,   36000000,   30818084,        0,   -5181916,          0
 26069,    10,   36000000,   42771522,        1,    6771522,    6771522
 26069,    11,   36000000,   31229332,        0,   -4770668,          0
 26069,    12,   36000000,   25075659,        0,  -10924341,          0
 26069,    13,   36000000,   25614333,        0,  -10385667,          0
 26069,    14,   36000000,   25689508,        0,  -10310492,          0
 26069,    15,   36000000,   24518266,        0,  -11481734,          0
 26069,    16,   36000000,   32966604,        0,   -3033396,          0
 26069,    17,   36000000,   24505572,        0,  -11494428,          0
 26069,    18,   36000000,   24429901,        0,  -11570099,          0
 26069,    19,   36000000,   26134533,        0,   -9865467,          0
 26069,    20,   36000000,   28917395,        0,   -7082605,          0
 26069,    21,   36000000,   24412076,        0,  -11587924,          0
 26069,    22,   36000000,   32695357,        0,   -3304643,          0
 26069,    23,   36000000,   25796916,        0,  -10203084,          0
 26069,    24,   36000000,   40466014,        1,    4466014,    4466014
 26069,    25,   36000000,   29881175,        0,   -6118825,          0
 26069,    26,   36000000,   24451710,        0,  -11548290,          0
 26069,    27,   36000000,   33524932,        0,   -2475068,          0
 26069,    28,   36000000,   26209231,        0,   -9790769,          0
 26069,    29,   36000000,   24804797,        0,  -11195203,          0
 26069,    30,   36000000,   30691524,        0,   -5308476,          0
 26069,    31,   36000000,   24463415,        0,  -11536585,          0
 26069,    32,   36000000,   29765531,        0,   -6234469,          0
 26069,    33,   36000000,   24421103,        0,  -11578897,          0
 26069,    34,   36000000,   24410683,        0,  -11589317,          0
 26069,    35,   36000000,   25171870,        0,  -10828130,          0
 26069,    36,   36000000,   24444184,        0,  -11555816,          0
 26069,    37,   36000000,   29275845,        0,   -6724155,          0
 26069,    38,   36000000,   24856392,        0,  -11143608,          0
 26069,    39,   36000000,   24437161,        0,  -11562839,          0
 26069,    40,   36000000,   24733797,        0,  -11266203,          0
 26069,    41,   36000000,   30248298,        0,   -5751702,          0
 26069,    42,   36000000,   26347338,        0,   -9652662,          0
 26069,    43,   36000000,   24466243,        0,  -11533757,          0
 26069,    44,   36000000,   24718428,        0,  -11281572,          0
 26069,    45,   36000000,   24530927,        0,  -11469073,          0
 26069,    46,   36000000,   24424870,        0,  -11575130,          0
 26069,    47,   36000000,   29103843,        0,   -6896157,          0
 26069,    48,   36000000,   25481349,        0,  -10518651,          0
 26069,    49,   36000000,   32288337,        0,   -3711663,          0
 26069,    50,   36000000,   26390376,        0,   -9609624,          0
 26069,    51,   36000000,   26199211,        0,   -9800789,          0
 26069,    52,   36000000,   43488169,        1,    7488169,    7488169
 26069,    53,   36000000,   31861699,        0,   -4138301,          0
 26069,    54,   36000000,   36956398,        1,     956398,     956398
 26069,    55,   36000000,   26288246,        0,   -9711754,          0
 26069,    56,   36000000,   24443075,        0,  -11556925,          0
 26069,    57,   36000000,   24471441,        0,  -11528559,          0
 26069,    58,   36000000,   25106566,        0,  -10893434,          0
 26069,    59,   36000000,   24430166,        0,  -11569834,          0
 26069,    60,   36000000,   29467474,        0,   -6532526,          0
 26069,    61,   36000000,   27489124,        0,   -8510876,          0
 26069,    62,   36000000,   24750123,        0,  -11249877,          0
 26069,    63,   36000000,   25452942,        0,  -10547058,          0
 26069,    64,   36000000,   25227856,        0,  -10772144,          0
 26069,    65,   36000000,   24841726,        0,  -11158274,          0
 26069,    66,   36000000,   24431958,        0,  -11568042,          0
 26069,    67,   36000000,   28370617,        0,   -7629383,          0
 26069,    68,   36000000,   25454016,        0,  -10545984,          0
 26069,    69,   36000000,   24408137,        0,  -11591863,          0
 26069,    70,   36000000,   25704942,        0,  -10295058,          0
 26069,    71,   36000000,   24527053,        0,  -11472947,          0
 26069,    72,   36000000,   28649234,        0,   -7350766,          0
 26069,    73,   36000000,   26783813,        0,   -9216187,          0
 26069,    74,   36000000,   27707498,        0,   -8292502,          0
 26069,    75,   36000000,   25000363,        0,  -10999637,          0
 26069,    76,   36000000,   24536122,        0,  -11463878,          0
 26069,    77,   36000000,   26763074,        0,   -9236926,          0
 26069,    78,   36000000,   24402097,        0,  -11597903,          0
 26069,    79,   36000000,   26172792,        0,   -9827208,          0
 26069,    80,   36000000,   33363575,        0,   -2636425,          0
 26069,    81,   36000000,   24407927,        0,  -11592073,          0
 26069,    82,   36000000,   35664863,        0,    -335137,          0
 26069,    83,   36000000,   24460812,        0,  -11539188,          0
 26069,    84,   36000000,   30731062,        0,   -5268938,          0
 26069,    85,   36000000,   24587239,        0,  -11412761,          0
 26069,    86,   36000000,   24466797,        0,  -11533203,          0
 26069,    87,   36000000,   24420805,        0,  -11579195,          0
 26069,    88,   36000000,   26801539,        0,   -9198461,          0
 26069,    89,   36000000,   37127401,        1,    1127401,    1127401
 26069,    90,   36000000,   25501699,        0,  -10498301,          0
 26069,    91,   36000000,   24411060,        0,  -11588940,          0
 26069,    92,   36000000,   24484314,        0,  -11515686,          0
 26069,    93,   36000000,   25899837,        0,  -10100163,          0
 26069,    94,   36000000,   24456481,        0,  -11543519,          0
 26069,    95,   36000000,   24417216,        0,  -11582784,          0
 26069,    96,   36000000,   42424433,        1,    6424433,    6424433
 26069,    97,   36000000,   30783394,        0,   -5216606,          0
 26069,    98,   36000000,   24869745,        0,  -11130255,          0
 26069,    99,   36000000,   24462666,        0,  -11537334,          0
 26069,   100,   36000000,   25512704,        0,  -10487296,          0
 26069,   101,   36000000,   38330545,        1,    2330545,    2330545
 26069,   102,   36000000,   27640132,        0,   -8359868,          0
 26069,   103,   36000000,   25934847,        0,  -10065153,          0
 26069,   104,   36000000,   27954227,        0,   -8045773,          0
 26069,   105,   36000000,   24511186,        0,  -11488814,          0
 26069,   106,   36000000,   24450408,        0,  -11549592,          0
 26069,   107,   36000000,   38697158,        1,    2697158,    2697158
 26069,   108,   36000000,   27367082,        0,   -8632918,          0
 26069,   109,   36000000,   30404105,        0,   -5595895,          0
 26069,   110,   36000000,   26715354,        0,   -9284646,          0
 26069,   111,   36000000,   24438164,        0,  -11561836,          0
 26069,   112,   36000000,   28303310,        0,   -7696690,          0
 26069,   113,   36000000,   24700278,        0,  -11299722,          0
 26069,   114,   36000000,   30983585,        0,   -5016415,          0
 26069,   115,   36000000,   27718698,        0,   -8281302,          0
 26069,   116,   36000000,   25861401,        0,  -10138599,          0
 26069,   117,   36000000,   30228774,        0,   -5771226,          0
 26069,   118,   36000000,   25400718,        0,  -10599282,          0
 26069,   119,   36000000,   24435009,        0,  -11564991,          0
 26069,   120,   36000000,   24758591,        0,  -11241409,          0
 26069,   121,   36000000,   28832635,        0,   -7167365,          0
 26069,   122,   36000000,   24547008,        0,  -11452992,          0
 26069,   123,   36000000,   25771972,        0,  -10228028,          0
 26069,   124,   36000000,   24723760,        0,  -11276240,          0
 26069,   125,   36000000,   24456647,        0,  -11543353,          0
 26069,   126,   36000000,   26088966,        0,   -9911034,          0
 26069,   127,   36000000,   25056739,        0,  -10943261,          0
 26069,   128,   36000000,   29398515,        0,   -6601485,          0
 26069,   129,   36000000,   25715397,        0,  -10284603,          0
 26069,   130,   36000000,   27828523,        0,   -8171477,          0
 26069,   131,   36000000,   24628695,        0,  -11371305,          0
 26069,   132,   36000000,   24487214,        0,  -11512786,          0
 26069,   133,   36000000,   27394422,        0,   -8605578,          0
 26069,   134,   36000000,   24691213,        0,  -11308787,          0
 26069,   135,   36000000,   25413532,        0,  -10586468,          0
 26069,   136,   36000000,   24447975,        0,  -11552025,          0
 26069,   137,   36000000,   26059575,        0,   -9940425,          0
 26069,   138,   36000000,   24510143,        0,  -11489857,          0
 26069,   139,   36000000,   24716716,        0,  -11283284,          0
 26069,   140,   36000000,   26577898,        0,   -9422102,          0
 26069,   141,   36000000,   24789568,        0,  -11210432,          0
 26069,   142,   36000000,   39703607,        1,    3703607,    3703607
 26069,   143,   36000000,   28085423,        0,   -7914577,          0
 26069,   144,   36000000,   25739335,        0,  -10260665,          0
 26069,   145,   36000000,   34491532,        0,   -1508468,          0
 26069,   146,   36000000,   31238974,        0,   -4761026,          0
 26069,   147,   36000000,   24937823,        0,  -11062177,          0
 26069,   148,   36000000,   44420681,        1,    8420681,    8420681
 26069,   149,   36000000,   32799480,        0,   -3200520,          0
 26069,   150,   36000000,   24437825,        0,  -11562175,          0
 26069,   151,   36000000,   26473393,        0,   -9526607,          0
 26069,   152,   36000000,   25409981,        0,  -10590019,          0
 26069,   153,   36000000,   28126238,        0,   -7873762,          0
 26069,   154,   36000000,   26265213,        0,   -9734787,          0
 26069,   155,   36000000,   24844946,        0,  -11155054,          0
 26069,   156,   36000000,   38187188,        1,    2187188,    2187188
 26069,   157,   36000000,   26561845,        0,   -9438155,          0
 26069,   158,   36000000,   24437368,        0,  -11562632,          0
 26069,   159,   36000000,   32748705,        0,   -3251295,          0
 26069,   160,   36000000,   31686641,        0,   -4313359,          0
 26069,   161,   36000000,   24520947,        0,  -11479053,          0
 26069,   162,   36000000,   26912650,        0,   -9087350,          0
 26069,   163,   36000000,   24447191,        0,  -11552809,          0
 26069,   164,   36000000,   26694220,        0,   -9305780,          0
 26069,   165,   36000000,   26772450,        0,   -9227550,          0
 26069,   166,   36000000,   24437125,        0,  -11562875,          0
 26069,   167,   36000000,   24478645,        0,  -11521355,          0
 26069,   168,   36000000,   24452135,        0,  -11547865,          0
 26069,   169,   36000000,   26124428,        0,   -9875572,          0
 26069,   170,   36000000,   25586021,        0,  -10413979,          0
 26069,   171,   36000000,   24444125,        0,  -11555875,          0
 26069,   172,   36000000,   32632624,        0,   -3367376,          0
 26069,   173,   36000000,   24739781,        0,  -11260219,          0
 26069,   174,   36000000,   24404091,        0,  -11595909,          0
 26069,   175,   36000000,   25548813,        0,  -10451187,          0
 26069,   176,   36000000,   28000543,        0,   -7999457,          0
 26069,   177,   36000000,   28133063,        0,   -7866937,          0
 26069,   178,   36000000,   25584771,        0,  -10415229,          0
 26069,   179,   36000000,   25078046,        0,  -10921954,          0
 26069,   180,   36000000,   24505001,        0,  -11494999,          0
 26069,   181,   36000000,   28390751,        0,   -7609249,          0
 26069,   182,   36000000,   24511737,        0,  -11488263,          0
 26069,   183,   36000000,   24725262,        0,  -11274738,          0
 26069,   184,   36000000,   31668305,        0,   -4331695,          0
 26069,   185,   36000000,   29044689,        0,   -6955311,          0
 26069,   186,   36000000,   24718481,        0,  -11281519,          0
 26069,   187,   36000000,   25683681,        0,  -10316319,          0
 26069,   188,   36000000,   24436381,        0,  -11563619,          0
 26069,   189,   36000000,   24416128,        0,  -11583872,          0
 26069,   190,   36000000,   25565623,        0,  -10434377,          0
 26069,   191,   36000000,   25453148,        0,  -10546852,          0
 26069,   192,   36000000,   36732142,        1,     732142,     732142
 26069,   193,   36000000,   25398420,        0,  -10601580,          0
 26069,   194,   36000000,   25449834,        0,  -10550166,          0
 26069,   195,   36000000,   24425409,        0,  -11574591,          0
 26069,   196,   36000000,   25466674,        0,  -10533326,          0
 26069,   197,   36000000,   24399905,        0,  -11600095,          0
 26069,   198,   36000000,   25745656,        0,  -10254344,          0
 26069,   199,   36000000,   24710875,        0,  -11289125,          0
 26069,   200,   36000000,   24715042,        0,  -11284958,          0
 26069,   201,   36000000,   26422800,        0,   -9577200,          0
 26069,   202,   36000000,   26398588,        0,   -9601412,          0
 26069,   203,   36000000,   26640635,        0,   -9359365,          0
 26069,   204,   36000000,   24577763,        0,  -11422237,          0
 26069,   205,   36000000,   24402313,        0,  -11597687,          0
 26069,   206,   36000000,   28689969,        0,   -7310031,          0
 26069,   207,   36000000,   24743123,        0,  -11256877,          0
 26069,   208,   36000000,   44588686,        1,    8588686,    8588686
 26069,   209,   36000000,   33253228,        0,   -2746772,          0
 26069,   210,   36000000,   24409150,        0,  -11590850,          0
 26069,   211,   36000000,   31739525,        0,   -4260475,          0
 26069,   212,   36000000,   29773249,        0,   -6226751,          0
 26069,   213,   36000000,   26090248,        0,   -9909752,          0
 26069,   214,   36000000,   24978318,        0,  -11021682,          0
 26069,   215,   36000000,   31716808,        0,   -4283192,          0
 26069,   216,   36000000,   24452759,        0,  -11547241,          0
 26069,   217,   36000000,   37748748,        1,    1748748,    1748748
 26069,   218,   36000000,   26154093,        0,   -9845907,          0
 26069,   219,   36000000,   25749423,        0,  -10250577,          0
 26069,   220,   36000000,   30829808,        0,   -5170192,          0
 26069,   221,   36000000,   24711649,        0,  -11288351,          0
 26069,   222,   36000000,   28708898,        0,   -7291102,          0
 26069,   223,   36000000,   24583938,        0,  -11416062,          0
 26069,   224,   36000000,   25539622,        0,  -10460378,          0
 26069,   225,   36000000,   25390462,        0,  -10609538,          0
 26069,   226,   36000000,   24401168,        0,  -11598832,          0
 26069,   227,   36000000,   24468191,        0,  -11531809,          0
 26069,   228,   36000000,   25176402,        0,  -10823598,          0
 26069,   229,   36000000,   30852601,        0,   -5147399,          0
 26069,   230,   36000000,   24477314,        0,  -11522686,          0
 26069,   231,   36000000,   24484447,        0,  -11515553,          0
 26069,   232,   36000000,   28051498,        0,   -7948502,          0
 26069,   233,   36000000,   25455088,        0,  -10544912,          0
 26069,   234,   36000000,   24452431,        0,  -11547569,          0
 26069,   235,   36000000,   24768502,        0,  -11231498,          0
 26069,   236,   36000000,   28702587,        0,   -7297413,          0
 26069,   237,   36000000,   24451491,        0,  -11548509,          0
 26069,   238,   36000000,   39598928,        1,    3598928,    3598928
 26069,   239,   36000000,   27982005,        0,   -8017995,          0
 26069,   240,   36000000,   24580573,        0,  -11419427,          0
 26069,   241,   36000000,   24466469,        0,  -11533531,          0
 26069,   242,   36000000,   27531062,        0,   -8468938,          0
 26069,   243,   36000000,   24416583,        0,  -11583417,          0
 26069,   244,   36000000,   24440475,        0,  -11559525,          0
 26069,   245,   36000000,   36120554,        1,     120554,     120554
 26069,   246,   36000000,   24518577,        0,  -11481423,          0
 26069,   247,   36000000,   30996339,        0,   -5003661,          0
 26069,   248,   36000000,   24469997,        0,  -11530003,          0
 26069,   249,   36000000,   24756212,        0,  -11243788,          0
 26069,   250,   36000000,   32690343,        0,   -3309657,          0
 26069,   251,   36000000,   25863305,        0,  -10136695,          0
 26069,   252,   36000000,   25039479,        0,  -10960521,          0
 26069,   253,   36000000,   24514703,        0,  -11485297,          0
 26069,   254,   36000000,   24458021,        0,  -11541979,          0
 26069,   255,   36000000,   35445598,        0,    -554402,          0
 26069,   256,   36000000,   27740564,        0,   -8259436,          0
 26069,   257,   36000000,   29125739,        0,   -6874261,          0
 26069,   258,   36000000,   31911665,        0,   -4088335,          0
 26069,   259,   36000000,   26524112,        0,   -9475888,          0
 26069,   260,   36000000,   24470737,        0,  -11529263,          0
 26069,   261,   36000000,   29689134,        0,   -6310866,          0
 26069,   262,   36000000,   25682435,        0,  -10317565,          0
 26069,   263,   36000000,   24953981,        0,  -11046019,          0
 26069,   264,   36000000,   33702149,        0,   -2297851,          0
 26069,   265,   36000000,   24467075,        0,  -11532925,          0
 26069,   266,   36000000,   24756022,        0,  -11243978,          0
 26069,   267,   36000000,   24448680,        0,  -11551320,          0
 26069,   268,   36000000,   31510265,        0,   -4489735,          0
 26069,   269,   36000000,   24567689,        0,  -11432311,          0
 26069,   270,   36000000,   25417130,        0,  -10582870,          0
 26069,   271,   36000000,   31307474,        0,   -4692526,          0
 26069,   272,   36000000,   26301913,        0,   -9698087,          0
 26069,   273,   36000000,   24712009,        0,  -11287991,          0
 26069,   274,   36000000,   24442402,        0,  -11557598,          0
 26069,   275,   36000000,   25731303,        0,  -10268697,          0
 26069,   276,   36000000,   24543131,        0,  -11456869,          0
 26069,   277,   36000000,   24439954,        0,  -11560046,          0
 26069,   278,   36000000,   24416902,        0,  -11583098,          0
 26069,   279,   36000000,   30298168,        0,   -5701832,          0
 26069,   280,   36000000,   32211504,        0,   -3788496,          0
 26069,   281,   36000000,   31275820,        0,   -4724180,          0
# task NAME=myapp PID=26073 COST=13958000 PERIOD=18000000 CPU=0
 26073,     2,   18000000,      13735,        0,  -17986265,          0
 26073,     3,   18000000,      90149,        0,  -17909851,          0
 26073,     4,   18000000,   13831694,        0,   -4168306,          0
 26073,     5,   18000000,   14399859,        0,   -3600141,          0
 26073,     6,   18000000,   20125350,        1,    2125350,    2125350
 26073,     7,   18000000,   15919840,        0,   -2080160,          0
 26073,     8,   18000000,   16049151,        0,   -1950849,          0
 26073,     9,   18000000,   13998255,        0,   -4001745,          0
 26073,    10,   18000000,   13849680,        0,   -4150320,          0
 26073,    11,   18000000,   32755144,        1,   14755144,   14755144
 26073,    12,   18000000,   28562202,        1,   10562202,   10562202
 26073,    13,   18000000,   24381024,        1,    6381024,    6381024
 26073,    14,   18000000,   20187834,        1,    2187834,    2187834
 26073,    15,   18000000,   16036402,        0,   -1963598,          0
 26073,    16,   18000000,   22439986,        1,    4439986,    4439986
 26073,    17,   18000000,   18347074,        1,     347074,     347074
 26073,    18,   18000000,   14146534,        0,   -3853466,          0
 26073,    19,   18000000,   16192450,        0,   -1807550,          0
 26073,    20,   18000000,   13875247,        0,   -4124753,          0
 26073,    21,   18000000,   14194162,        0,   -3805838,          0
 26073,    22,   18000000,   18186714,        1,     186714,     186714
 26073,    23,   18000000,   13981410,        0,   -4018590,          0
 26073,    24,   18000000,   15899977,        0,   -2100023,          0
 26073,    25,   18000000,   13924455,        0,   -4075545,          0
 26073,    26,   18000000,   14431368,        0,   -3568632,          0
 26073,    27,   18000000,   13928109,        0,   -4071891,          0
 26073,    28,   18000000,   22644754,        1,    4644754,    4644754
 26073,    29,   18000000,   18729207,        1,     729207,     729207
 26073,    30,   18000000,   14530770,        0,   -3469230,          0
 26073,    31,   18000000,   13928028,        0,   -4071972,          0
 26073,    32,   18000000,   16369244,        0,   -1630756,          0
 26073,    33,   18000000,   13842551,        0,   -4157449,          0
 26073,    34,   18000000,   13854469,        0,   -4145531,          0
 26073,    35,   18000000,   14772601,        0,   -3227399,          0
 26073,    36,   18000000,   21396723,        1,    3396723,    3396723
 26073,    37,   18000000,   17188697,        0,    -811303,          0
 26073,    38,   18000000,   13894700,        0,   -4105300,          0
 26073,    39,   18000000,   13842456,        0,   -4157544,          0
 26073,    40,   18000000,   16274837,        0,   -1725163,          0
 26073,    41,   18000000,   21917834,        1,    3917834,    3917834
 26073,    42,   18000000,   17727779,        0,    -272221,          0
 26073,    43,   18000000,   15699892,        0,   -2300108,          0
 26073,    44,   18000000,   14130007,        0,   -3869993,          0
 26073,    45,   18000000,   20460046,        1,    2460046,    2460046
 26073,    46,   18000000,   21297523,        1,    3297523,    3297523
 26073,    47,   18000000,   17094008,        0,    -905992,          0
 26073,    48,   18000000,   13828284,        0,   -4171716,          0
 26073,    49,   18000000,   13877306,        0,   -4122694,          0
 26073,    50,   18000000,   18024819,        1,      24819,      24819
 26073,    51,   18000000,   13793733,        0,   -4206267,          0
 26073,    52,   18000000,   13835805,        0,   -4164195,          0
 26073,    53,   18000000,   15642160,        0,   -2357840,          0
 26073,    54,   18000000,   32177858,        1,   14177858,   14177858
 26073,    55,   18000000,   27984299,        1,    9984299,    9984299
 26073,    56,   18000000,   23791816,        1,    5791816,    5791816
 26073,    57,   18000000,   19880758,        1,    1880758,    1880758
 26073,    58,   18000000,   15685023,        0,   -2314977,          0
 26073,    59,   18000000,   13893935,        0,   -4106065,          0
 26073,    60,   18000000,   17371668,        0,    -628332,          0
 26073,    61,   18000000,   18495429,        1,     495429,     495429
 26073,    62,   18000000,   14303231,        0,   -3696769,          0
 26073,    63,   18000000,   13843961,        0,   -4156039,          0
 26073,    64,   18000000,   21804331,        1,    3804331,    3804331
 26073,    65,   18000000,   17602484,        0,    -397516,          0
 26073,    66,   18000000,   13853968,        0,   -4146032,          0
 26073,    67,   18000000,   14190865,        0,   -3809135,          0
 26073,    68,   18000000,   14140369,        0,   -3859631,          0
 26073,    69,   18000000,   13844417,        0,   -4155583,          0
 26073,    70,   18000000,   14127784,        0,   -3872216,          0
 26073,    71,   18000000,   18483827,        1,     483827,     483827
 26073,    72,   18000000,   14308143,        0,   -3691857,          0
 26073,    73,   18000000,   14309719,        0,   -3690281,          0
 26073,    74,   18000000,   17579367,        0,    -420633,          0
 26073,    75,   18000000,   13836238,        0,   -4163762,          0
 26073,    76,   18000000,   17967971,        0,     -32029,          0
 26073,    77,   18000000,   14072056,        0,   -3927944,          0
 26073,    78,   18000000,   22729261,        1,    4729261,    4729261
 26073,    79,   18000000,   18532877,        1,     532877,     532877
 26073,    80,   18000000,   14349721,        0,   -3650279,          0
 26073,    81,   18000000,   15980536,        0,   -2019464,          0
 26073,    82,   18000000,   15720841,        0,   -2279159,          0
 26073,    83,   18000000,   13868502,        0,   -4131498,          0
 26073,    84,   18000000,   23916334,        1,    5916334,    5916334
 26073,    85,   18000000,   20013359,        1,    2013359,    2013359
 26073,    86,   18000000,   15801418,        0,   -2198582,          0
 26073,    87,   18000000,   13963519,        0,   -4036481,          0
 26073,    88,   18000000,   17451465,        0,    -548535,          0
 26073,    89,   18000000,   13846614,        0,   -4153386,          0
 26073,    90,   18000000,   13838994,        0,   -4161006,          0
 26073,    91,   18000000,   13837755,        0,   -4162245,          0
 26073,    92,   18000000,   14674705,        0,   -3325295,          0
 26073,    93,   18000000,   14949372,        0,   -3050628,          0
 26073,    94,   18000000,   13868074,        0,   -4131926,          0
 26073,    95,   18000000,   28876163,        1,   10876163,   10876163
 26073,    96,   18000000,   24669013,        1,    6669013,    6669013
 26073,    97,   18000000,   20473260,        1,    2473260,    2473260
 26073,    98,   18000000,   16464383,        0,   -1535617,          0
 26073,    99,   18000000,   19638990,        1,    1638990,    1638990
 26073,   100,   18000000,   15434022,        0,   -2565978,          0
 26073,   101,   18000000,   15834655,        0,   -2165345,          0
 26073,   102,   18000000,   13891113,        0,   -4108887,          0
 26073,   103,   18000000,   13823148,        0,   -4176852,          0
 26073,   104,   18000000,   13847861,        0,   -4152139,          0
 26073,   105,   18000000,   19900653,        1,    1900653,    1900653
 26073,   106,   18000000,   16397331,        0,   -1602669,          0
 26073,   107,   18000000,   14515775,        0,   -3484225,          0
 26073,   108,   18000000,   13839911,        0,   -4160089,          0
 26073,   109,   18000000,   13841671,        0,   -4158329,          0
 26073,   110,   18000000,   17759902,        0,    -240098,          0
 26073,   111,   18000000,   13928143,        0,   -4071857,          0
 26073,   112,   18000000,   14851184,        0,   -3148816,          0
 26073,   113,   18000000,   14149043,        0,   -3850957,          0
 26073,   114,   18000000,   13823951,        0,   -4176049,          0
 26073,   115,   18000000,   13875738,        0,   -4124262,          0
 26073,   116,   18000000,   20172861,        1,    2172861,    2172861
 26073,   117,   18000000,   15967774,        0,   -2032226,          0
 26073,   118,   18000000,   14102864,        0,   -3897136,          0
 26073,   119,   18000000,   16617141,        0,   -1382859,          0
 26073,   120,   18000000,   14310101,        0,   -3689899,          0
 26073,   121,   18000000,   13832390,        0,   -4167610,          0
 26073,   122,   18000000,   16278072,        0,   -1721928,          0
 26073,   123,   18000000,   14858181,        0,   -3141819,          0
 26073,   124,   18000000,   13819173,        0,   -4180827,          0
 26073,   125,   18000000,   13907762,        0,   -4092238,          0
 26073,   126,   18000000,   20417741,        1,    2417741,    2417741
 26073,   127,   18000000,   16231676,        0,   -1768324,          0
 26073,   128,   18000000,   17266279,        0,    -733721,          0
 26073,   129,   18000000,   13873656,        0,   -4126344,          0
 26073,   130,   18000000,   15019797,        0,   -2980203,          0
 26073,   131,   18000000,   17807883,        0,    -192117,          0
 26073,   132,   18000000,   13900837,        0,   -4099163,          0
 26073,   133,   18000000,   13858246,        0,   -4141754,          0
 26073,   134,   18000000,   18195392,        1,     195392,     195392
 26073,   135,   18000000,   13986999,        0,   -4013001,          0
 26073,   136,   18000000,   20389192,        1,    2389192,    2389192
 26073,   137,   18000000,   16188498,        0,   -1811502,          0
 26073,   138,   18000000,   15726551,        0,   -2273449,          0
 26073,   139,   18000000,   13832079,        0,   -4167921,          0
 26073,   140,   18000000,   22835658,        1,    4835658,    4835658
 26073,   141,   18000000,   18632249,        1,     632249,     632249
 26073,   142,   18000000,   14431991,        0,   -3568009,          0
 26073,   143,   18000000,   18915665,        1,     915665,     915665
 26073,   144,   18000000,   14716370,        0,   -3283630,          0
 26073,   145,   18000000,   17124165,        0,    -875835,          0
 26073,   146,   18000000,   13956473,        0,   -4043527,          0
 26073,   147,   18000000,   14139512,        0,   -3860488,          0
 26073,   148,   18000000,   13822560,        0,   -4177440,          0
 26073,   149,   18000000,   13832832,        0,   -4167168,          0
 26073,   150,   18000000,   20344976,        1,    2344976,    2344976
 26073,   151,   18000000,   16140580,        0,   -1859420,          0
 26073,   152,   18000000,   21957903,        1,    3957903,    3957903
 26073,   153,   18000000,   17762490,        0,    -237510,          0
 26073,   154,   18000000,   13810966,        0,   -4189034,          0
 26073,   155,   18000000,   15594871,        0,   -2405129,          0
 26073,   156,   18000000,   13965712,        0,   -4034288,          0
 26073,   157,   18000000,   24153259,        1,    6153259,    6153259
 26073,   158,   18000000,   19951781,        1,    1951781,    1951781
 26073,   159,   18000000,   15753678,        0,   -2246322,          0
 26073,   160,   18000000,   17189937,        0,    -810063,          0
 26073,   161,   18000000,   20269711,        1,    2269711,    2269711
 26073,   162,   18000000,   16065999,        0,   -1934001,          0
 26073,   163,   18000000,   13870769,        0,   -4129231,          0
 26073,   164,   18000000,   13915415,        0,   -4084585,          0
 26073,   165,   18000000,   13940594,        0,   -4059406,          0
 26073,   166,   18000000,   25643957,        1,    7643957,    7643957
 26073,   167,   18000000,   21435530,        1,    3435530,    3435530
 26073,   168,   18000000,   17523959,        0,    -476041,          0
 26073,   169,   18000000,   13865985,        0,   -4134015,          0
 26073,   170,   18000000,   19254206,        1,    1254206,    1254206
 26073,   171,   18000000,   15069803,        0,   -2930197,          0
 26073,   172,   18000000,   20705238,        1,    2705238,    2705238
 26073,   173,   18000000,   16496771,        0,   -1503229,          0
 26073,   174,   18000000,   16755918,        0,   -1244082,          0
 26073,   175,   18000000,   14691679,        0,   -3308321,          0
 26073,   176,   18000000,   16403843,        0,   -1596157,          0
 26073,   177,   18000000,   15674735,        0,   -2325265,          0
 26073,   178,   18000000,   18840190,        1,     840190,     840190
 26073,   179,   18000000,   14647619,        0,   -3352381,          0
 26073,   180,   18000000,   13875633,        0,   -4124367,          0
 26073,   181,   18000000,   13963368,        0,   -4036632,          0
 26073,   182,   18000000,   16925295,        0,   -1074705,          0
 26073,   183,   18000000,   13850482,        0,   -4149518,          0
 26073,   184,   18000000,   15610770,        0,   -2389230,          0
 26073,   185,   18000000,   13845044,        0,   -4154956,          0
 26073,   186,   18000000,   16074079,        0,   -1925921,          0
 26073,   187,   18000000,   13839041,        0,   -4160959,          0
 26073,   188,   18000000,   14051457,        0,   -3948543,          0
 26073,   189,   18000000,   32139304,        1,   14139304,   14139304
 26073,   190,   18000000,   27938628,        1,    9938628,    9938628
 26073,   191,   18000000,   23739415,        1,    5739415,    5739415
 26073,   192,   18000000,   27802891,        1,    9802891,    9802891
 26073,   193,   18000000,   23611986,        1,    5611986,    5611986
 26073,   194,   18000000,   19403497,        1,    1403497,    1403497
 26073,   195,   18000000,   15195854,        0,   -2804146,          0
 26073,   196,   18000000,   31987828,        1,   13987828,   13987828
 26073,   197,   18000000,   27787322,        1,    9787322,    9787322
 26073,   198,   18000000,   23582838,        1,    5582838,    5582838
 26073,   199,   18000000,   20323222,        1,    2323222,    2323222
 26073,   200,   18000000,   16127117,        0,   -1872883,          0
 26073,   201,   18000000,   14615571,        0,   -3384429,          0
 26073,   202,   18000000,   13820853,        0,   -4179147,          0
 26073,   203,   18000000,   15175432,        0,   -2824568,          0
 26073,   204,   18000000,   20267542,        1,    2267542,    2267542
 26073,   205,   18000000,   16068383,        0,   -1931617,          0
 26073,   206,   18000000,   14501741,        0,   -3498259,          0
 26073,   207,   18000000,   13841372,        0,   -4158628,          0
 26073,   208,   18000000,   18732695,        1,     732695,     732695
 26073,   209,   18000000,   14531072,        0,   -3468928,          0
 26073,   210,   18000000,   14467222,        0,   -3532778,          0
 26073,   211,   18000000,   27652928,        1,    9652928,    9652928
 26073,   212,   18000000,   23451484,        1,    5451484,    5451484
 26073,   213,   18000000,   19522252,        1,    1522252,    1522252
 26073,   214,   18000000,   15321884,        0,   -2678116,          0
 26073,   215,   18000000,   16570048,        0,   -1429952,          0
 26073,   216,   18000000,   16629617,        0,   -1370383,          0
 26073,   217,   18000000,   14139732,        0,   -3860268,          0
 26073,   218,   18000000,   13941954,        0,   -4058046,          0
 26073,   219,   18000000,   13843259,        0,   -4156741,          0
 26073,   220,   18000000,   16248805,        0,   -1751195,          0
 26073,   221,   18000000,   17693241,        0,    -306759,          0
 26073,   222,   18000000,   13838105,        0,   -4161895,          0
 26073,   223,   18000000,   13854311,        0,   -4145689,          0
 26073,   224,   18000000,   19485163,        1,    1485163,    1485163
 26073,   225,   18000000,   15286201,        0,   -2713799,          0
 26073,   226,   18000000,   13856499,        0,   -4143501,          0
 26073,   227,   18000000,   17183134,        0,    -816866,          0
 26073,   228,   18000000,   13903597,        0,   -4096403,          0
 26073,   229,   18000000,   15296925,        0,   -2703075,          0
 26073,   230,   18000000,   20053339,        1,    2053339,    2053339
 26073,   231,   18000000,   16125982,        0,   -1874018,          0
 26073,   232,   18000000,   14153360,        0,   -3846640,          0
 26073,   233,   18000000,   14824863,        0,   -3175137,          0
 26073,   234,   18000000,   17086908,        0,    -913092,          0
 26073,   235,   18000000,   13853611,        0,   -4146389,          0
 26073,   236,   18000000,   21615532,        1,    3615532,    3615532
 26073,   237,   18000000,   17419108,        0,    -580892,          0
 26073,   238,   18000000,   33073026,        1,   15073026,   15073026
 26073,   239,   18000000,   28871255,        1,   10871255,   10871255
 26073,   240,   18000000,   24668889,        1,    6668889,    6668889
 26073,   241,   18000000,   20475598,        1,    2475598,    2475598
 26073,   242,   18000000,   16271595,        0,   -1728405,          0
 26073,   243,   18000000,   15188052,        0,   -2811948,          0
 26073,   244,   18000000,   13827879,        0,   -4172121,          0
 26073,   245,   18000000,   14158965,        0,   -3841035,          0
 26073,   246,   18000000,   24136945,        1,    6136945,    6136945
 26073,   247,   18000000,   19931589,        1,    1931589,    1931589
 26073,   248,   18000000,   15736023,        0,   -2263977,          0
 26073,   249,   18000000,   15646465,        0,   -2353535,          0
 26073,   250,   18000000,   13832244,        0,   -4167756,          0
 26073,   251,   18000000,   14211950,        0,   -3788050,          0
 26073,   252,   18000000,   15688828,        0,   -2311172,          0
 26073,   253,   18000000,   19005239,        1,    1005239,    1005239
 26073,   254,   18000000,   14799857,        0,   -3200143,          0
 26073,   255,   18000000,   17606781,        0,    -393219,          0
 26073,   256,   18000000,   13875021,        0,   -4124979,          0
 26073,   257,   18000000,   19451074,        1,    1451074,    1451074
 26073,   258,   18000000,   15255550,        0,   -2744450,          0
 26073,   259,   18000000,   14053255,        0,   -3946745,          0
 26073,   260,   18000000,   23570534,        1,    5570534,    5570534
 26073,   261,   18000000,   19376965,        1,    1376965,    1376965
 26073,   262,   18000000,   15178127,        0,   -2821873,          0
 26073,   263,   18000000,   16252661,        0,   -1747339,          0
 26073,   264,   18000000,   21870067,        1,    3870067,    3870067
 26073,   265,   18000000,   17964825,        0,     -35175,          0
 26073,   266,   18000000,   13908732,        0,   -4091268,          0
 26073,   267,   18000000,   14845589,        0,   -3154411,          0
 26073,   268,   18000000,   20720168,        1,    2720168,    2720168
 26073,   269,   18000000,   16527162,        0,   -1472838,          0
 26073,   270,   18000000,   13933090,        0,   -4066910,          0
 26073,   271,   18000000,   15575585,        0,   -2424415,          0
 26073,   272,   18000000,   22050983,        1,    4050983,    4050983
 26073,   273,   18000000,   17850842,        0,    -149158,          0
 26073,   274,   18000000,   13879429,        0,   -4120571,          0
 26073,   275,   18000000,   14142500,        0,   -3857500,          0
 26073,   276,   18000000,   17868666,        0,    -131334,          0
 26073,   277,   18000000,   15870712,        0,   -2129288,          0
 26073,   278,   18000000,   14751074,        0,   -3248926,          0
 26073,   279,   18000000,   13839588,        0,   -4160412,          0
 26073,   280,   18000000,   17058322,        0,    -941678,          0
 26073,   281,   18000000,   22938655,        1,    4938655,    4938655
 26073,   282,   18000000,   18737351,        1,     737351,     737351
 26073,   283,   18000000,   14544962,        0,   -3455038,          0
 26073,   284,   18000000,   17112930,        0,    -887070,          0
 26073,   285,   18000000,   15133952,        0,   -2866048,          0
 26073,   286,   18000000,   14417465,        0,   -3582535,          0
 26073,   287,   18000000,   28243406,        1,   10243406,   10243406
 26073,   288,   18000000,   24042161,        1,    6042161,    6042161
 26073,   289,   18000000,   19830929,        1,    1830929,    1830929
 26073,   290,   18000000,   15642440,        0,   -2357560,          0
 26073,   291,   18000000,   19811328,        1,    1811328,    1811328
 26073,   292,   18000000,   15605391,        0,   -2394609,          0
 26073,   293,   18000000,   40293726,        1,   22293726,   22293726
 26073,   294,   18000000,   36496341,        1,   18496341,   18496341
 26073,   295,   18000000,   32290061,        1,   14290061,   14290061
 26073,   296,   18000000,   28090830,        1,   10090830,   10090830
 26073,   297,   18000000,   24489032,        1,    6489032,    6489032
 26073,   298,   18000000,   20288096,        1,    2288096,    2288096
 26073,   299,   18000000,   16083412,        0,   -1916588,          0
 26073,   300,   18000000,   14205193,        0,   -3794807,          0
 26073,   301,   18000000,   14888119,        0,   -3111881,          0
 26073,   302,   18000000,   24130944,        1,    6130944,    6130944
 26073,   303,   18000000,   19928425,        1,    1928425,    1928425
 26073,   304,   18000000,   15739783,        0,   -2260217,          0
 26073,   305,   18000000,   16756090,        0,   -1243910,          0
 26073,   306,   18000000,   13844099,        0,   -4155901,          0
 26073,   307,   18000000,   14168649,        0,   -3831351,          0
 26073,   308,   18000000,   16651107,        0,   -1348893,          0
 26073,   309,   18000000,   14650127,        0,   -3349873,          0
 26073,   310,   18000000,   18962333,        1,     962333,     962333
 26073,   311,   18000000,   18118781,        1,     118781,     118781
 26073,   312,   18000000,   13911236,        0,   -4088764,          0
 26073,   313,   18000000,   13845329,        0,   -4154671,          0
 26073,   314,   18000000,   14469846,        0,   -3530154,          0
 26073,   315,   18000000,   22142242,        1,    4142242,    4142242
 26073,   316,   18000000,   17935079,        0,     -64921,          0
 26073,   317,   18000000,   16217203,        0,   -1782797,          0
 26073,   318,   18000000,   13873375,        0,   -4126625,          0
 26073,   319,   18000000,   13896325,        0,   -4103675,          0
 26073,   320,   18000000,   19146705,        1,    1146705,    1146705
 26073,   321,   18000000,   15255370,        0,   -2744630,          0
 26073,   322,   18000000,   14877612,        0,   -3122388,          0
 26073,   323,   18000000,   13897713,        0,   -4102287,          0
 26073,   324,   18000000,   13815059,        0,   -4184941,          0
 26073,   325,   18000000,   15130439,        0,   -2869561,          0
 26073,   326,   18000000,   23427960,        1,    5427960,    5427960
 26073,   327,   18000000,   19231736,        1,    1231736,    1231736
 26073,   328,   18000000,   15322657,        0,   -2677343,          0
 26073,   329,   18000000,   13866869,        0,   -4133131,          0
 26073,   330,   18000000,   13871390,        0,   -4128610,          0
 26073,   331,   18000000,   13847216,        0,   -4152784,          0
 26073,   332,   18000000,   20480526,        1,    2480526,    2480526
 26073,   333,   18000000,   16276624,        0,   -1723376,          0
 26073,   334,   18000000,   13867875,        0,   -4132125,          0
 26073,   335,   18000000,   17512055,        0,    -487945,          0
 26073,   336,   18000000,   13946882,        0,   -4053118,          0
 26073,   337,   18000000,   13847301,        0,   -4152699,          0
 26073,   338,   18000000,   13829351,        0,   -4170649,          0
 26073,   339,   18000000,   13907002,        0,   -4092998,          0
 26073,   340,   18000000,   19387453,        1,    1387453,    1387453
 26073,   341,   18000000,   15175776,        0,   -2824224,          0
 26073,   342,   18000000,   14442794,        0,   -3557206,          0
 26073,   343,   18000000,   14162479,        0,   -3837521,          0
 26073,   344,   18000000,   18116741,        1,     116741,     116741
 26073,   345,   18000000,   13907620,        0,   -4092380,          0
 26073,   346,   18000000,   20143064,        1,    2143064,    2143064
 26073,   347,   18000000,   15942295,        0,   -2057705,          0
 26073,   348,   18000000,   14075686,        0,   -3924314,          0
 26073,   349,   18000000,   14485084,        0,   -3514916,          0
 26073,   350,   18000000,   20820794,        1,    2820794,    2820794
 26073,   351,   18000000,   16620617,        0,   -1379383,          0
 26073,   352,   18000000,   13834786,        0,   -4165214,          0
 26073,   353,   18000000,   15028225,        0,   -2971775,          0
 26073,   354,   18000000,   14497802,        0,   -3502198,          0
 26073,   355,   18000000,   13827607,        0,   -4172393,          0
 26073,   356,   18000000,   17324324,        0,    -675676,          0
 26073,   357,   18000000,   13961029,        0,   -4038971,          0
 26073,   358,   18000000,   21177245,        1,    3177245,    3177245
 26073,   359,   18000000,   16967126,        0,   -1032874,          0
 26073,   360,   18000000,   13838137,        0,   -4161863,          0
 26073,   361,   18000000,   13964068,        0,   -4035932,          0
 26073,   362,   18000000,   13920781,        0,   -4079219,          0
 26073,   363,   18000000,   14131169,        0,   -3868831,          0
 26073,   364,   18000000,   15098644,        0,   -2901356,          0
 26073,   365,   18000000,   21186821,        1,    3186821,    3186821
 26073,   366,   18000000,   17154367,        0,    -845633,          0
 26073,   367,   18000000,   18476354,        1,     476354,     476354
 26073,   368,   18000000,   14268370,        0,   -3731630,          0
 26073,   369,   18000000,   13844113,        0,   -4155887,          0
 26073,   370,   18000000,   27095530,        1,    9095530,    9095530
 26073,   371,   18000000,   22895050,        1,    4895050,    4895050
 26073,   372,   18000000,   18695418,        1,     695418,     695418
 26073,   373,   18000000,   14492380,        0,   -3507620,          0
 26073,   374,   18000000,   26932984,        1,    8932984,    8932984
 26073,   375,   18000000,   22738537,        1,    4738537,    4738537
 26073,   376,   18000000,   18532517,        1,     532517,     532517
 26073,   377,   18000000,   17656392,        0,    -343608,          0
 26073,   378,   18000000,   13863813,        0,   -4136187,          0
 26073,   379,   18000000,   19324415,        1,    1324415,    1324415
 26073,   380,   18000000,   15123470,        0,   -2876530,          0
 26073,   381,   18000000,   20275237,        1,    2275237,    2275237
 26073,   382,   18000000,   16074919,        0,   -1925081,          0
 26073,   383,   18000000,   26020477,        1,    8020477,    8020477
 26073,   384,   18000000,   21810101,        1,    3810101,    3810101
 26073,   385,   18000000,   17612602,        0,    -387398,          0
 26073,   386,   18000000,   22706107,        1,    4706107,    4706107
 26073,   387,   18000000,   18515152,        1,     515152,     515152
 26073,   388,   18000000,   14323220,        0,   -3676780,          0
 26073,   389,   18000000,   14816438,        0,   -3183562,          0
 26073,   390,   18000000,   13815079,        0,   -4184921,          0
 26073,   391,   18000000,   13838039,        0,   -4161961,          0
 26073,   392,   18000000,   18189836,        1,     189836,     189836
 26073,   393,   18000000,   13982470,        0,   -4017530,          0
 26073,   394,   18000000,   13843960,        0,   -4156040,          0
 26073,   395,   18000000,   13854488,        0,   -4145512,          0
 26073,   396,   18000000,   26795388,        1,    8795388,    8795388
 26073,   397,   18000000,   22883001,        1,    4883001,    4883001
 26073,   398,   18000000,   18681765,        1,     681765,     681765
 26073,   399,   18000000,   14490259,        0,   -3509741,          0
 26073,   400,   18000000,   16647635,        0,   -1352365,          0
 26073,   401,   18000000,   13845886,        0,   -4154114,          0
 26073,   402,   18000000,   13878880,        0,   -4121120,          0
 26073,   403,   18000000,   14592739,        0,   -3407261,          0
 26073,   404,   18000000,   14325200,        0,   -3674800,          0
 26073,   405,   18000000,   13866741,        0,   -4133259,          0
 26073,   406,   18000000,   21810748,        1,    3810748,    3810748
 26073,   407,   18000000,   17627031,        0,    -372969,          0
 26073,   408,   18000000,   13817611,        0,   -4182389,          0
 26073,   409,   18000000,   19775352,        1,    1775352,    1775352
 26073,   410,   18000000,   15578148,        0,   -2421852,          0
 26073,   411,   18000000,   13833712,        0,   -4166288,          0
 26073,   412,   18000000,   13818671,        0,   -4181329,          0
 26073,   413,   18000000,   22451237,        1,    4451237,    4451237
 26073,   414,   18000000,   30295082,        1,   12295082,   12295082
 26073,   415,   18000000,   26091881,        1,    8091881,    8091881
 26073,   416,   18000000,   21890667,        1,    3890667,    3890667
 26073,   417,   18000000,   17705677,        0,    -294323,          0
 26073,   418,   18000000,   14309619,        0,   -3690381,          0
 26073,   419,   18000000,   22508367,        1,    4508367,    4508367
 26073,   420,   18000000,   18305778,        1,     305778,     305778
 26073,   421,   18000000,   14097954,        0,   -3902046,          0
 26073,   422,   18000000,   13811772,        0,   -4188228,          0
 26073,   423,   18000000,   24166035,        1,    6166035,    6166035
 26073,   424,   18000000,   19951195,        1,    1951195,    1951195
 26073,   425,   18000000,   16042911,        0,   -1957089,          0
 26073,   426,   18000000,   13872133,        0,   -4127867,          0
 26073,   427,   18000000,   21133600,        1,    3133600,    3133600
 26073,   428,   18000000,   16923898,        0,   -1076102,          0
 26073,   429,   18000000,   13876657,        0,   -4123343,          0
 26073,   430,   18000000,   13860079,        0,   -4139921,          0
 26073,   431,   18000000,   28306684,        1,   10306684,   10306684
 26073,   432,   18000000,   24387039,        1,    6387039,    6387039
 26073,   433,   18000000,   20191519,        1,    2191519,    2191519
 26073,   434,   18000000,   15983396,        0,   -2016604,          0
 26073,   435,   18000000,   14702216,        0,   -3297784,          0
 26073,   436,   18000000,   13845786,        0,   -4154214,          0
 26073,   437,   18000000,   22400057,        1,    4400057,    4400057
 26073,   438,   18000000,   18191370,        1,     191370,     191370
 26073,   439,   18000000,   14269921,        0,   -3730079,          0
 26073,   440,   18000000,   13821376,        0,   -4178624,          0
 26073,   441,   18000000,   18145199,        1,     145199,     145199
 26073,   442,   18000000,   13932577,        0,   -4067423,          0
 26073,   443,   18000000,   13846215,        0,   -4153785,          0
 26073,   444,   18000000,   15178213,        0,   -2821787,          0
 26073,   445,   18000000,   14332346,        0,   -3667654,          0
 26073,   446,   18000000,   16425388,        0,   -1574612,          0
 26073,   447,   18000000,   13832511,        0,   -4167489,          0
 26073,   448,   18000000,   22133556,        1,    4133556,    4133556
 26073,   449,   18000000,   20625865,        1,    2625865,    2625865
 26073,   450,   18000000,   16421576,        0,   -1578424,          0
 26073,   451,   18000000,   13914098,        0,   -4085902,          0
 26073,   452,   18000000,   21347416,        1,    3347416,    3347416
 26073,   453,   18000000,   17426703,        0,    -573297,          0
 26073,   454,   18000000,   13875315,        0,   -4124685,          0
 26073,   455,   18000000,   19231913,        1,    1231913,    1231913
 26073,   456,   18000000,   15052714,        0,   -2947286,          0
 26073,   457,   18000000,   13900668,        0,   -4099332,          0
 26073,   458,   18000000,   22366543,        1,    4366543,    4366543
 26073,   459,   18000000,   18166496,        1,     166496,     166496
 26073,   460,   18000000,   14253273,        0,   -3746727,          0
 26073,   461,   18000000,   18163755,        1,     163755,     163755
 26073,   462,   18000000,   14019039,        0,   -3980961,          0
 26073,   463,   18000000,   17001522,        0,    -998478,          0
 26073,   464,   18000000,   13833263,        0,   -4166737,          0
 26073,   465,   18000000,   13868636,        0,   -4131364,          0
 26073,   466,   18000000,   13911331,        0,   -4088669,          0
 26073,   467,   18000000,   14205843,        0,   -3794157,          0
 26073,   468,   18000000,   13814362,        0,   -4185638,          0
 26073,   469,   18000000,   16591543,        0,   -1408457,          0
 26073,   470,   18000000,   13973798,        0,   -4026202,          0
 26073,   471,   18000000,   13830025,        0,   -4169975,          0
 26073,   472,   18000000,   13838160,        0,   -4161840,          0
 26073,   473,   18000000,   19078084,        1,    1078084,    1078084
 26073,   474,   18000000,   15173241,        0,   -2826759,          0
 26073,   475,   18000000,   13894436,        0,   -4105564,          0
 26073,   476,   18000000,   20954015,        1,    2954015,    2954015
 26073,   477,   18000000,   16765613,        0,   -1234387,          0
 26073,   478,   18000000,   13835858,        0,   -4164142,          0
 26073,   479,   18000000,   14907585,        0,   -3092415,          0
 26073,   480,   18000000,   18277272,        1,     277272,     277272
 26073,   481,   18000000,   14364618,        0,   -3635382,          0
 26073,   482,   18000000,   13814391,        0,   -4185609,          0
 26073,   483,   18000000,   13836111,        0,   -4163889,          0
 26073,   484,   18000000,   16183250,        0,   -1816750,          0
 26073,   485,   18000000,   13837445,        0,   -4162555,          0
 26073,   486,   18000000,   21923088,        1,    3923088,    3923088
 26073,   487,   18000000,   17729811,        0,    -270189,          0
 26073,   488,   18000000,   14140234,        0,   -3859766,          0
 26073,   489,   18000000,   13936358,        0,   -4063642,          0
 26073,   490,   18000000,   13840795,        0,   -4159205,          0
 26073,   491,   18000000,   31192926,        1,   13192926,   13192926
 26073,   492,   18000000,   26992201,        1,    8992201,    8992201
 26073,   493,   18000000,   22798891,        1,    4798891,    4798891
 26073,   494,   18000000,   18596139,        1,     596139,     596139
 26073,   495,   18000000,   14686178,        0,   -3313822,          0
 26073,   496,   18000000,   14252982,        0,   -3747018,          0
 26073,   497,   18000000,   17912847,        0,     -87153,          0
 26073,   498,   18000000,   13817856,        0,   -4182144,          0
 26073,   499,   18000000,   14737340,        0,   -3262660,          0
 26073,   500,   18000000,   21687968,        1,    3687968,    3687968
 26073,   501,   18000000,   17498188,        0,    -501812,          0
 26073,   502,   18000000,   14459988,        0,   -3540012,          0
 26073,   503,   18000000,   13833601,        0,   -4166399,          0
 26073,   504,   18000000,   13851203,        0,   -4148797,          0
 26073,   505,   18000000,   13861559,        0,   -4138441,          0
 26073,   506,   18000000,   18913815,        1,     913815,     913815
 26073,   507,   18000000,   14715606,        0,   -3284394,          0
 26073,   508,   18000000,   13988292,        0,   -4011708,          0
 26073,   509,   18000000,   16953224,        0,   -1046776,          0
 26073,   510,   18000000,   13859230,        0,   -4140770,          0
 26073,   511,   18000000,   13834969,        0,   -4165031,          0
 26073,   512,   18000000,   13827391,        0,   -4172609,          0
 26073,   513,   18000000,   19112345,        1,    1112345,    1112345
 26073,   514,   18000000,   14919994,        0,   -3080006,          0
 26073,   515,   18000000,   15666826,        0,   -2333174,          0
 26073,   516,   18000000,   14031441,        0,   -3968559,          0
 26073,   517,   18000000,   13896672,        0,   -4103328,          0
 26073,   518,   18000000,   18678211,        1,     678211,     678211
 26073,   519,   18000000,   14481594,        0,   -3518406,          0
 26073,   520,   18000000,   13824234,        0,   -4175766,          0
 26073,   521,   18000000,   15112644,        0,   -2887356,          0
 26073,   522,   18000000,   13834738,        0,   -4165262,          0
 26073,   523,   18000000,   14251230,        0,   -3748770,          0
 26073,   524,   18000000,   14897766,        0,   -3102234,          0
 26073,   525,   18000000,   20688191,        1,    2688191,    2688191
 26073,   526,   18000000,   16493851,        0,   -1506149,          0
 26073,   527,   18000000,   13876481,        0,   -4123519,          0
 26073,   528,   18000000,   14199727,        0,   -3800273,          0
 26073,   529,   18000000,   13881838,        0,   -4118162,          0
 26073,   530,   18000000,   14938344,        0,   -3061656,          0
 26073,   531,   18000000,   13841195,        0,   -4158805,          0
 26073,   532,   18000000,   14029139,        0,   -3970861,          0
 26073,   533,   18000000,   20962947,        1,    2962947,    2962947
 26073,   534,   18000000,   16803435,        0,   -1196565,          0
 26073,   535,   18000000,   13882947,        0,   -4117053,          0
 26073,   536,   18000000,   22455864,        1,    4455864,    4455864
 26073,   537,   18000000,   18253758,        1,     253758,     253758
 26073,   538,   18000000,   14053966,        0,   -3946034,          0
 26073,   539,   18000000,   22868987,        1,    4868987,    4868987
 26073,   540,   18000000,   18668998,        1,     668998,     668998
 26073,   541,   18000000,   14466652,        0,   -3533348,          0
 26073,   542,   18000000,   14864911,        0,   -3135089,          0
 26073,   543,   18000000,   14134005,        0,   -3865995,          0
 26073,   544,   18000000,   14166766,        0,   -3833234,          0
 26073,   545,   18000000,   13839069,        0,   -4160931,          0
 26073,   546,   18000000,   30249336,        1,   12249336,   12249336
 26073,   547,   18000000,   26039407,        1,    8039407,    8039407
 26073,   548,   18000000,   21821577,        1,    3821577,    3821577
 26073,   549,   18000000,   17628333,        0,    -371667,          0
 26073,   550,   18000000,   14231972,        0,   -3768028,          0
 26073,   551,   18000000,   13909066,        0,   -4090934,          0
 26073,   552,   18000000,   19644473,        1,    1644473,    1644473
 26073,   553,   18000000,   15449526,        0,   -2550474,          0
 26073,   554,   18000000,   17957307,        0,     -42693,          0
 26073,   555,   18000000,   15207284,        0,   -2792716,          0
 26073,   556,   18000000,   13849020,        0,   -4150980,          0
 26073,   557,   18000000,   21618536,        1,    3618536,    3618536
 26073,   558,   18000000,   17411167,        0,    -588833,          0
 26073,   559,   18000000,   13932951,        0,   -4067049,          0
# task NAME=myapp PID=26076 COST=31689000 PERIOD=63000000 CPU=0
 26076,     2,   63000000,      14669,        0,  -62985331,          0
 26076,     3,   63000000,      92721,        0,  -62907279,          0
 26076,     4,   63000000,   31360671,        0,  -31639329,          0
 26076,     5,   63000000,   31387471,        0,  -31612529,          0
 26076,     6,   63000000,   32483792,        0,  -30516208,          0
 26076,     7,   63000000,   53760830,        0,   -9239170,          0
 26076,     8,   63000000,   33540100,        0,  -29459900,          0
 26076,     9,   63000000,   33423139,        0,  -29576861,          0
 26076,    10,   63000000,   34011968,        0,  -28988032,          0
 26076,    11,   63000000,   31419066,        0,  -31580934,          0
 26076,    12,   63000000,   36115754,        0,  -26884246,          0
 26076,    13,   63000000,   31968308,        0,  -31031692,          0
 26076,    14,   63000000,   31379433,        0,  -31620567,          0
 26076,    15,   63000000,   35077005,        0,  -27922995,          0
 26076,    16,   63000000,   31379258,        0,  -31620742,          0
 26076,    17,   63000000,   46681906,        0,  -16318094,          0
 26076,    18,   63000000,   31353966,        0,  -31646034,          0
 26076,    19,   63000000,   31400780,        0,  -31599220,          0
 26076,    20,   63000000,   33286742,        0,  -29713258,          0
 26076,    21,   63000000,   31393738,        0,  -31606262,          0
 26076,    22,   63000000,   31406509,        0,  -31593491,          0
 26076,    23,   63000000,   33657344,        0,  -29342656,          0
 26076,    24,   63000000,   33959363,        0,  -29040637,          0
 26076,    25,   63000000,   33074158,        0,  -29925842,          0
 26076,    26,   63000000,   31341508,        0,  -31658492,          0
 26076,    27,   63000000,   31449495,        0,  -31550505,          0
 26076,    28,   63000000,   32238710,        0,  -30761290,          0
 26076,    29,   63000000,   31393534,        0,  -31606466,          0
 26076,    30,   63000000,   31426778,        0,  -31573222,          0
 26076,    31,   63000000,   48835836,        0,  -14164164,          0
 26076,    32,   63000000,   31775722,        0,  -31224278,          0
 26076,    33,   63000000,   31378753,        0,  -31621247,          0
 26076,    34,   63000000,   34065121,        0,  -28934879,          0
 26076,    35,   63000000,   31403510,        0,  -31596490,          0
 26076,    36,   63000000,   39606955,        0,  -23393045,          0
 26076,    37,   63000000,   32963225,        0,  -30036775,          0
 26076,    38,   63000000,   32588865,        0,  -30411135,          0
 26076,    39,   63000000,   31375580,        0,  -31624420,          0
 26076,    40,   63000000,   31688108,        0,  -31311892,          0
 26076,    41,   63000000,   39880194,        0,  -23119806,          0
 26076,    42,   63000000,   35239049,        0,  -27760951,          0
 26076,    43,   63000000,   35718921,        0,  -27281079,          0
 26076,    44,   63000000,   32930695,        0,  -30069305,          0
 26076,    45,   63000000,   43056881,        0,  -19943119,          0
 26076,    46,   63000000,   34677462,        0,  -28322538,          0
 26076,    47,   63000000,   41566996,        0,  -21433004,          0
 26076,    48,   63000000,   34915832,        0,  -28084168,          0
 26076,    49,   63000000,   33246118,        0,  -29753882,          0
 26076,    50,   63000000,   31787477,        0,  -31212523,          0
 26076,    51,   63000000,   31358935,        0,  -31641065,          0
 26076,    52,   63000000,   31618011,        0,  -31381989,          0
 26076,    53,   63000000,   34477158,        0,  -28522842,          0
 26076,    54,   63000000,   31668551,        0,  -31331449,          0
 26076,    55,   63000000,   31839644,        0,  -31160356,          0
 26076,    56,   63000000,   31820148,        0,  -31179852,          0
 26076,    57,   63000000,   40169869,        0,  -22830131,          0
 26076,    58,   63000000,   31668898,        0,  -31331102,          0
 26076,    59,   63000000,   31411012,        0,  -31588988,          0
 26076,    60,   63000000,   31708198,        0,  -31291802,          0
 26076,    61,   63000000,   32832272,        0,  -30167728,          0
 26076,    62,   63000000,   37721588,        0,  -25278412,          0
 26076,    63,   63000000,   31762205,        0,  -31237795,          0
 26076,    64,   63000000,   31930616,        0,  -31069384,          0
 26076,    65,   63000000,   34317870,        0,  -28682130,          0
 26076,    66,   63000000,   34299263,        0,  -28700737,          0
 26076,    67,   63000000,   35707640,        0,  -27292360,          0
 26076,    68,   63000000,   39987529,        0,  -23012471,          0
 26076,    69,   63000000,   36048983,        0,  -26951017,          0
 26076,    70,   63000000,   31736907,        0,  -31263093,          0
 26076,    71,   63000000,   31803375,        0,  -31196625,          0
 26076,    72,   63000000,   31657579,        0,  -31342421,          0
 26076,    73,   63000000,   33858065,        0,  -29141935,          0
 26076,    74,   63000000,   31857182,        0,  -31142818,          0
 26076,    75,   63000000,   41643473,        0,  -21356527,          0
 26076,    76,   63000000,   31690816,        0,  -31309184,          0
 26076,    77,   63000000,   31393272,        0,  -31606728,          0
 26076,    78,   63000000,   31680430,        0,  -31319570,          0
 26076,    79,   63000000,   31716818,        0,  -31283182,          0
 26076,    80,   63000000,   33526215,        0,  -29473785,          0
 26076,    81,   63000000,   42293091,        0,  -20706909,          0
 26076,    82,   63000000,   32906690,        0,  -30093310,          0
 26076,    83,   63000000,   33441649,        0,  -29558351,          0
 26076,    84,   63000000,   32088359,        0,  -30911641,          0
 26076,    85,   63000000,   32777155,        0,  -30222845,          0
 26076,    86,   63000000,   38809820,        0,  -24190180,          0
 26076,    87,   63000000,   31369624,        0,  -31630376,          0
 26076,    88,   63000000,   32192091,        0,  -30807909,          0
 26076,    89,   63000000,   31367065,        0,  -31632935,          0
 26076,    90,   63000000,   39590598,        0,  -23409402,          0
 26076,    91,   63000000,   31537903,        0,  -31462097,          0
 26076,    92,   63000000,   31611121,        0,  -31388879,          0
 26076,    93,   63000000,   31433718,        0,  -31566282,          0
 26076,    94,   63000000,   33851681,        0,  -29148319,          0
 26076,    95,   63000000,   32646300,        0,  -30353700,          0
 26076,    96,   63000000,   31385927,        0,  -31614073,          0
 26076,    97,   63000000,   36816470,        0,  -26183530,          0
 26076,    98,   63000000,   35639474,        0,  -27360526,          0
 26076,    99,   63000000,   31408197,        0,  -31591803,          0
 26076,   100,   63000000,   34389904,        0,  -28610096,          0
 26076,   101,   63000000,   37653261,        0,  -25346739,          0
 26076,   102,   63000000,   31356562,        0,  -31643438,          0
 26076,   103,   63000000,   32548786,        0,  -30451214,          0
 26076,   104,   63000000,   32601805,        0,  -30398195,          0
 26076,   105,   63000000,   31374405,        0,  -31625595,          0
 26076,   106,   63000000,   34301104,        0,  -28698896,          0
 26076,   107,   63000000,   39851908,        0,  -23148092,          0
 26076,   108,   63000000,   44300450,        0,  -18699550,          0
 26076,   109,   63000000,   39660189,        0,  -23339811,          0
 26076,   110,   63000000,   34664116,        0,  -28335884,          0
 26076,   111,   63000000,   41367893,        0,  -21632107,          0
 26076,   112,   63000000,   32502970,        0,  -30497030,          0
 26076,   113,   63000000,   31348994,        0,  -31651006,          0
 26076,   114,   63000000,   48909334,        0,  -14090666,          0
 26076,   115,   63000000,   31383955,        0,  -31616045,          0
 26076,   116,   63000000,   31383384,        0,  -31616616,          0
 26076,   117,   63000000,   37391072,        0,  -25608928,          0
 26076,   118,   63000000,   31400278,        0,  -31599722,          0
 26076,   119,   63000000,   35632727,        0,  -27367273,          0
 26076,   120,   63000000,   32015183,        0,  -30984817,          0
 26076,   121,   63000000,   32388896,        0,  -30611104,          0
 26076,   122,   63000000,   31387177,        0,  -31612823,          0
 26076,   123,   63000000,   35378546,        0,  -27621454,          0
 26076,   124,   63000000,   38595892,        0,  -24404108,          0
 26076,   125,   63000000,   31373850,        0,  -31626150,          0
 26076,   126,   63000000,   31382379,        0,  -31617621,          0
 26076,   127,   63000000,   35123531,        0,  -27876469,          0
 26076,   128,   63000000,   31371589,        0,  -31628411,          0
 26076,   129,   63000000,   31445545,        0,  -31554455,          0
 26076,   130,   63000000,   31430612,        0,  -31569388,          0
 26076,   131,   63000000,   31451853,        0,  -31548147,          0
 26076,   132,   63000000,   31423041,        0,  -31576959,          0
 26076,   133,   63000000,   38547826,        0,  -24452174,          0
 26076,   134,   63000000,   31482336,        0,  -31517664,          0
 26076,   135,   63000000,   31394932,        0,  -31605068,          0
 26076,   136,   63000000,   34981761,        0,  -28018239,          0
 26076,   137,   63000000,   31501541,        0,  -31498459,          0
 26076,   138,   63000000,   31347260,        0,  -31652740,          0
 26076,   139,   63000000,   31469751,        0,  -31530249,          0
 26076,   140,   63000000,   32806989,        0,  -30193011,          0
 26076,   141,   63000000,   36481454,        0,  -26518546,          0
 26076,   142,   63000000,   31474102,        0,  -31525898,          0
 26076,   143,   63000000,   32147257,        0,  -30852743,          0
 26076,   144,   63000000,   34232005,        0,  -28767995,          0
 26076,   145,   63000000,   41945470,        0,  -21054530,          0
 26076,   146,   63000000,   31401215,        0,  -31598785,          0
 26076,   147,   63000000,   38757574,        0,  -24242426,          0
 26076,   148,   63000000,   31391514,        0,  -31608486,          0
 26076,   149,   63000000,   31354138,        0,  -31645862,          0
 26076,   150,   63000000,   31346630,        0,  -31653370,          0
 26076,   151,   63000000,   32650003,        0,  -30349997,          0
 26076,   152,   63000000,   31640926,        0,  -31359074,          0
 26076,   153,   63000000,   31983771,        0,  -31016229,          0
 26076,   154,   63000000,   31365942,        0,  -31634058,          0
 26076,   155,   63000000,   37141681,        0,  -25858319,          0
 26076,   156,   63000000,   31380499,        0,  -31619501,          0
 26076,   157,   63000000,   39040135,        0,  -23959865,          0
 26076,   158,   63000000,   31366026,        0,  -31633974,          0
 26076,   159,   63000000,   34210123,        0,  -28789877,          0
 26076,   160,   63000000,   33084852,        0,  -29915148,          0
 26076,   161,   63000000,   31889197,        0,  -31110803,          0
 26076,   162,   63000000,   36658070,        0,  -26341930,          0
# task NAME=myapp PID=26080 COST=2218000 PERIOD=61000000 CPU=0
 26080,     2,   61000000,      22488,        0,  -60977512,          0
 26080,     3,   61000000,      78612,        0,  -60921388,          0
 26080,     4,   61000000,    2259635,        0,  -58740365,          0
 26080,     5,   61000000,    2258805,        0,  -58741195,          0
 26080,     6,   61000000,    7337655,        0,  -53662345,          0
 26080,     7,   61000000,    2552506,        0,  -58447494,          0
 26080,     8,   61000000,    3719313,        0,  -57280687,          0
 26080,     9,   61000000,    5273243,        0,  -55726757,          0
 26080,    10,   61000000,    2301395,        0,  -58698605,          0
 26080,    11,   61000000,    2445737,        0,  -58554263,          0
 26080,    12,   61000000,    2323271,        0,  -58676729,          0
 26080,    13,   61000000,    2854959,        0,  -58145041,          0
 26080,    14,   61000000,    2533410,        0,  -58466590,          0
 26080,    15,   61000000,    2531917,        0,  -58468083,          0
 26080,    16,   61000000,    2238293,        0,  -58761707,          0
 26080,    17,   61000000,   21718695,        0,  -39281305,          0
 26080,    18,   61000000,    2875263,        0,  -58124737,          0
 26080,    19,   61000000,    4558545,        0,  -56441455,          0
 26080,    20,   61000000,    2325099,        0,  -58674901,          0
 26080,    21,   61000000,    8035585,        0,  -52964415,          0
 26080,    22,   61000000,    8472074,        0,  -52527926,          0
 26080,    23,   61000000,    2300922,        0,  -58699078,          0
 26080,    24,   61000000,    2232092,        0,  -58767908,          0
 26080,    25,   61000000,    2231948,        0,  -58768052,          0
 26080,    26,   61000000,    4279835,        0,  -56720165,          0
 26080,    27,   61000000,    7503131,        0,  -53496869,          0
 26080,    28,   61000000,    2348294,        0,  -58651706,          0
 26080,    29,   61000000,    2237365,        0,  -58762635,          0
 26080,    30,   61000000,    2256639,        0,  -58743361,          0
 26080,    31,   61000000,    3678207,        0,  -57321793,          0
 26080,    32,   61000000,    6189880,        0,  -54810120,          0
 26080,    33,   61000000,    2235360,        0,  -58764640,          0
 26080,    34,   61000000,    2285476,        0,  -58714524,          0
 26080,    35,   61000000,    2232570,        0,  -58767430,          0
 26080,    36,   61000000,    2257300,        0,  -58742700,          0
 26080,    37,   61000000,    6511340,        0,  -54488660,          0
 26080,    38,   61000000,    3485641,        0,  -57514359,          0
 26080,    39,   61000000,    3022995,        0,  -57977005,          0
 26080,    40,   61000000,    2506181,        0,  -58493819,          0
 26080,    41,   61000000,    2235011,        0,  -58764989,          0
 26080,    42,   61000000,    5679315,        0,  -55320685,          0
 26080,    43,   61000000,    2227138,        0,  -58772862,          0
 26080,    44,   61000000,    2250640,        0,  -58749360,          0
 26080,    45,   61000000,    3653948,        0,  -57346052,          0
 26080,    46,   61000000,    2236969,        0,  -58763031,          0
 26080,    47,   61000000,    2239613,        0,  -58760387,          0
 26080,    48,   61000000,    2323727,        0,  -58676273,          0
 26080,    49,   61000000,    3470716,        0,  -57529284,          0
 26080,    50,   61000000,   11087279,        0,  -49912721,          0
 26080,    51,   61000000,    2336973,        0,  -58663027,          0
 26080,    52,   61000000,    3221989,        0,  -57778011,          0
 26080,    53,   61000000,    2248330,        0,  -58751670,          0
 26080,    54,   61000000,    8996924,        0,  -52003076,          0
 26080,    55,   61000000,   12730783,        0,  -48269217,          0
 26080,    56,   61000000,    2418659,        0,  -58581341,          0
 26080,    57,   61000000,    2239893,        0,  -58760107,          0
 26080,    58,   61000000,    2216766,        0,  -58783234,          0
 26080,    59,   61000000,    4656083,        0,  -56343917,          0
 26080,    60,   61000000,    6261018,        0,  -54738982,          0
 26080,    61,   61000000,    7388482,        0,  -53611518,          0
 26080,    62,   61000000,    6761078,        0,  -54238922,          0
 26080,    63,   61000000,    2251882,        0,  -58748118,          0
 26080,    64,   61000000,    6737569,        0,  -54262431,          0
 26080,    65,   61000000,    3557704,        0,  -57442296,          0
 26080,    66,   61000000,    2503076,        0,  -58496924,          0
 26080,    67,   61000000,    3808464,        0,  -57191536,          0
 26080,    68,   61000000,    4896776,        0,  -56103224,          0
 26080,    69,   61000000,    2936216,        0,  -58063784,          0
 26080,    70,   61000000,    6997253,        0,  -54002747,          0
 26080,    71,   61000000,    6442150,        0,  -54557850,          0
 26080,    72,   61000000,    2249447,        0,  -58750553,          0
 26080,    73,   61000000,    3050843,        0,  -57949157,          0
 26080,    74,   61000000,    2229290,        0,  -58770710,          0
 26080,    75,   61000000,    2262241,        0,  -58737759,          0
 26080,    76,   61000000,    2270024,        0,  -58729976,          0
 26080,    77,   61000000,    2228135,        0,  -58771865,          0
 26080,    78,   61000000,    7209300,        0,  -53790700,          0
 26080,    79,   61000000,    3643260,        0,  -57356740,          0
 26080,    80,   61000000,    4242045,        0,  -56757955,          0
 26080,    81,   61000000,    2422674,        0,  -58577326,          0
 26080,    82,   61000000,    4382294,        0,  -56617706,          0
 26080,    83,   61000000,    3663490,        0,  -57336510,          0
 26080,    84,   61000000,    4297112,        0,  -56702888,          0
 26080,    85,   61000000,    2325720,        0,  -58674280,          0
 26080,    86,   61000000,    3085012,        0,  -57914988,          0
 26080,    87,   61000000,    8277241,        0,  -52722759,          0
 26080,    88,   61000000,    2398696,        0,  -58601304,          0
 26080,    89,   61000000,    2253445,        0,  -58746555,          0
 26080,    90,   61000000,    2288746,        0,  -58711254,          0
 26080,    91,   61000000,    2243928,        0,  -58756072,          0
 26080,    92,   61000000,    2251025,        0,  -58748975,          0
 26080,    93,   61000000,    5047193,        0,  -55952807,          0
 26080,    94,   61000000,    2511790,        0,  -58488210,          0
 26080,    95,   61000000,   10466941,        0,  -50533059,          0
 26080,    96,   61000000,    2232110,        0,  -58767890,          0
 26080,    97,   61000000,    2230860,        0,  -58769140,          0
 26080,    98,   61000000,    2238089,        0,  -58761911,          0
 26080,    99,   61000000,    5752591,        0,  -55247409,          0
 26080,   100,   61000000,    2242834,        0,  -58757166,          0
 26080,   101,   61000000,    2543708,        0,  -58456292,          0
 26080,   102,   61000000,    2275041,        0,  -58724959,          0
 26080,   103,   61000000,    7524976,        0,  -53475024,          0
 26080,   104,   61000000,    3321731,        0,  -57678269,          0
 26080,   105,   61000000,    2334778,        0,  -58665222,          0
 26080,   106,   61000000,    2262247,        0,  -58737753,          0
 26080,   107,   61000000,    3066232,        0,  -57933768,          0
 26080,   108,   61000000,    4502578,        0,  -56497422,          0
 26080,   109,   61000000,   14234092,        0,  -46765908,          0
 26080,   110,   61000000,    2235842,        0,  -58764158,          0
 26080,   111,   61000000,    2273393,        0,  -58726607,          0
 26080,   112,   61000000,    2849737,        0,  -58150263,          0
 26080,   113,   61000000,   13661595,        0,  -47338405,          0
 26080,   114,   61000000,    6955834,        0,  -54044166,          0
 26080,   115,   61000000,    6383957,        0,  -54616043,          0
 26080,   116,   61000000,    7313447,        0,  -53686553,          0
 26080,   117,   61000000,    2233389,        0,  -58766611,          0
 26080,   118,   61000000,    7867790,        0,  -53132210,          0
 26080,   119,   61000000,    9248652,        0,  -51751348,          0
 26080,   120,   61000000,    3872601,        0,  -57127399,          0
 26080,   121,   61000000,   12244905,        0,  -48755095,          0
 26080,   122,   61000000,    4572314,        0,  -56427686,          0
 26080,   123,   61000000,    2254083,        0,  -58745917,          0
 26080,   124,   61000000,    7280954,        0,  -53719046,          0
 26080,   125,   61000000,   11357593,        0,  -49642407,          0
 26080,   126,   61000000,    7530700,        0,  -53469300,          0
 26080,   127,   61000000,   16500605,        0,  -44499395,          0
 26080,   128,   61000000,    5173970,        0,  -55826030,          0
 26080,   129,   61000000,    2241111,        0,  -58758889,          0
 26080,   130,   61000000,    3526001,        0,  -57473999,          0
 26080,   131,   61000000,    2225465,        0,  -58774535,          0
 26080,   132,   61000000,    3484793,        0,  -57515207,          0
 26080,   133,   61000000,    6064724,        0,  -54935276,          0
 26080,   134,   61000000,    2286152,        0,  -58713848,          0
 26080,   135,   61000000,    2289746,        0,  -58710254,          0
 26080,   136,   61000000,    4713299,        0,  -56286701,          0
 26080,   137,   61000000,    2264078,        0,  -58735922,          0
 26080,   138,   61000000,    2321162,        0,  -58678838,          0
 26080,   139,   61000000,    4707506,        0,  -56292494,          0
 26080,   140,   61000000,    2537780,        0,  -58462220,          0
 26080,   141,   61000000,    3395882,        0,  -57604118,          0
 26080,   142,   61000000,    2239005,        0,  -58760995,          0
 26080,   143,   61000000,   12434938,        0,  -48565062,          0
 26080,   144,   61000000,    4710994,        0,  -56289006,          0
 26080,   145,   61000000,    3645841,        0,  -57354159,          0
 26080,   146,   61000000,    7605022,        0,  -53394978,          0
 26080,   147,   61000000,   27591067,        0,  -33408933,          0
 26080,   148,   61000000,    2265907,        0,  -58734093,          0
 26080,   149,   61000000,    2243766,        0,  -58756234,          0
 26080,   150,   61000000,    3593450,        0,  -57406550,          0
 26080,   151,   61000000,    3927556,        0,  -57072444,          0
 26080,   152,   61000000,    4910199,        0,  -56089801,          0
 26080,   153,   61000000,    3784941,        0,  -57215059,          0
 26080,   154,   61000000,    2236510,        0,  -58763490,          0
 26080,   155,   61000000,    2228592,        0,  -58771408,          0
 26080,   156,   61000000,    2385573,        0,  -58614427,          0
 26080,   157,   61000000,    8822432,        0,  -52177568,          0
 26080,   158,   61000000,    2239074,        0,  -58760926,          0
 26080,   159,   61000000,    2658563,        0,  -58341437,          0
 26080,   160,   61000000,    8507328,        0,  -52492672,          0
 26080,   161,   61000000,    2238662,        0,  -58761338,          0
 26080,   162,   61000000,    7299893,        0,  -53700107,          0
 26080,   163,   61000000,    2232992,        0,  -58767008,          0
 26080,   164,   61000000,    2298381,        0,  -58701619,          0
 26080,   165,   61000000,    9709780,        0,  -51290220,          0
 26080,   166,   61000000,    2236547,        0,  -58763453,          0
 26080,   167,   61000000,    2242471,        0,  -58757529,          0
