# Task,   Job,     Period,   Response, DL Miss?,   Lateness,  Tardiness
# task NAME=myapp PID=5735 COST=10328000 PERIOD=12000000 CPU=0
  5735,     2,   12000000,       5792,        0,  -11994208,          0
  5735,     3,   12000000,     722292,        0,  -11277708,          0
  5735,     4,   12000000,   17682486,        1,    5682486,    5682486
  5735,     5,   12000000,   25508529,        1,   13508529,   13508529
  5735,     6,   12000000,   33645957,        1,   21645957,   21645957
  5735,     7,   12000000,   41472561,        1,   29472561,   29472561
  5735,     8,   12000000,   49342560,        1,   37342560,   37342560
  5735,     9,   12000000,   57207966,        1,   45207966,   45207966
  5735,    10,   12000000,   65052868,        1,   53052868,   53052868
  5735,    11,   12000000,   72834790,        1,   60834790,   60834790
  5735,    12,   12000000,   80621333,        1,   68621333,   68621333
  5735,    13,   12000000,   88700809,        1,   76700809,   76700809
  5735,    14,   12000000,   96624376,        1,   84624376,   84624376
  5735,    15,   12000000,  104412707,        1,   92412707,   92412707
  5735,    16,   12000000,  112203760,        1,  100203760,  100203760
  5735,    17,   12000000,  120042098,        1,  108042098,  108042098
  5735,    18,   12000000,  125804107,        1,  113804107,  113804107
  5735,    19,   12000000,  135914048,        1,  123914048,  123914048
  5735,    20,   12000000,  143723269,        1,  131723269,  131723269
  5735,    21,   12000000,  149558030,        1,  137558030,  137558030
  5735,    22,   12000000,  159415519,        1,  147415519,  147415519
  5735,    23,   12000000,  165248505,        1,  153248505,  153248505
  5735,    24,   12000000,  173078777,        1,  161078777,  161078777
  5735,    25,   12000000,  180934631,        1,  168934631,  168934631
  5735,    26,   12000000,  188719387,        1,  176719387,  176719387
  5735,    27,   12000000,  196505630,        1,  184505630,  184505630
  5735,    28,   12000000,  204355461,        1,  192355461,  192355461
  5735,    29,   12000000,  212189962,        1,  200189962,  200189962
  5735,    30,   12000000,  220035950,        1,  208035950,  208035950
  5735,    31,   12000000,  227825941,        1,  215825941,  215825941
  5735,    32,   12000000,  237628439,        1,  225628439,  225628439
  5735,    33,   12000000,  244105244,        1,  232105244,  232105244
  5735,    34,   12000000,  251474054,        1,  239474054,  239474054
  5735,    35,   12000000,  259300380,        1,  247300380,  247300380
  5735,    36,   12000000,  265130181,        1,  253130181,  253130181
  5735,    37,   12000000,  272956288,        1,  260956288,  260956288
  5735,    38,   12000000,  281114137,        1,  269114137,  269114137
  5735,    39,   12000000,  288882431,        1,  276882431,  276882431
  5735,    40,   12000000,  296643413,        1,  284643413,  284643413
  5735,    41,   12000000,  304440322,        1,  292440322,  292440322
  5735,    42,   12000000,  312579487,        1,  300579487,  300579487
  5735,    43,   12000000,  320058016,        1,  308058016,  308058016
  5735,    44,   12000000,  328549859,        1,  316549859,  316549859
  5735,    45,   12000000,  335918262,        1,  323918262,  323918262
  5735,    46,   12000000,  341725523,        1,  329725523,  329725523
  5735,    47,   12000000,  349551291,        1,  337551291,  337551291
  5735,    48,   12000000,  357398205,        1,  345398205,  345398205
  5735,    49,   12000000,  365200281,        1,  353200281,  353200281
  5735,    50,   12000000,  374981648,        1,  362981648,  362981648
  5735,    51,   12000000,  383088588,        1,  371088588,  371088588
  5735,    52,   12000000,  388892223,        1,  376892223,  376892223
# task NAME=myapp PID=5738 COST=21464000 PERIOD=33000000 CPU=0
  5738,     2,   33000000,       5816,        0,  -32994184,          0
  5738,     3,   33000000,     777746,        0,  -32222254,          0
  5738,     4,   33000000,   39550911,        1,    6550911,    6550911
  5738,     5,   33000000,   47071803,        1,   14071803,   14071803
  5738,     6,   33000000,   56469440,        1,   23469440,   23469440
  5738,     7,   33000000,   64110258,        1,   31110258,   31110258
  5738,     8,   33000000,   71580586,        1,   38580586,   38580586
  5738,     9,   33000000,   78980418,        1,   45980418,   45980418
  5738,    10,   33000000,   86357919,        1,   53357919,   53357919
  5738,    11,   33000000,   97889520,        1,   64889520,   64889520
  5738,    12,   33000000,  105202215,        1,   72202215,   72202215
  5738,    13,   33000000,  110642749,        1,   77642749,   77642749
  5738,    14,   33000000,  118010309,        1,   85010309,   85010309
  5738,    15,   33000000,  125459211,        1,   92459211,   92459211
  5738,    16,   33000000,  134915397,        1,  101915397,  101915397
  5738,    17,   33000000,  142606052,        1,  109606052,  109606052
  5738,    18,   33000000,  150039897,        1,  117039897,  117039897
  5738,    19,   33000000,  157406516,        1,  124406516,  124406516
  5738,    20,   33000000,  167218874,        1,  134218874,  134218874
  5738,    21,   33000000,  174658132,        1,  141658132,  141658132
  5738,    22,   33000000,  182087273,        1,  149087273,  149087273
  5738,    23,   33000000,  191480307,        1,  158480307,  158480307
  5738,    24,   33000000,  198971327,        1,  165971327,  165971327
  5738,    25,   33000000,  206334594,        1,  173334594,  173334594
  5738,    26,   33000000,  213716704,        1,  180716704,  180716704
  5738,    27,   33000000,  223159254,        1,  190159254,  190159254
  5738,    28,   33000000,  228661653,        1,  195661653,  195661653
  5738,    29,   33000000,  238316177,        1,  205316177,  205316177
  5738,    30,   33000000,  245701183,        1,  212701183,  212701183
  5738,    31,   33000000,  253199495,        1,  220199495,  220199495
  5738,    32,   33000000,  264900403,        1,  231900403,  231900403
  5738,    33,   33000000,  270247810,        1,  237247810,  237247810
  5738,    34,   33000000,  279663744,        1,  246663744,  246663744
  5738,    35,   33000000,  285096771,        1,  252096771,  252096771
  5738,    36,   33000000,  294566834,        1,  261566834,  261566834
  5738,    37,   33000000,  302031145,        1,  269031145,  269031145
  5738,    38,   33000000,  309439856,        1,  276439856,  276439856
  5738,    39,   33000000,  316925651,        1,  283925651,  283925651
  5738,    40,   33000000,  326303133,        1,  293303133,  293303133
  5738,    41,   33000000,  331667826,        1,  298667826,  298667826
  5738,    42,   33000000,  341155130,        1,  308155130,  308155130
  5738,    43,   33000000,  348517511,        1,  315517511,  315517511
  5738,    44,   33000000,  356755949,        1,  323755949,  323755949
  5738,    45,   33000000,  365301145,        1,  332301145,  332301145
  5738,    46,   33000000,  370684706,        1,  337684706,  337684706
  5738,    47,   33000000,  380370750,        1,  347370750,  347370750
  5738,    48,   33000000,  387779423,        1,  354779423,  354779423
  5738,    49,   33000000,  395166240,        1,  362166240,  362166240
  5738,    50,   33000000,  402560080,        1,  369560080,  369560080
  5738,    51,   33000000,  412046738,        1,  379046738,  379046738
  5738,    52,   33000000,  419480521,        1,  386480521,  386480521
  5738,    53,   33000000,  427133627,        1,  394133627,  394133627
  5738,    54,   33000000,  434520155,        1,  401520155,  401520155
  5738,    55,   33000000,  443893981,        1,  410893981,  410893981
  5738,    56,   33000000,  451599792,        1,  418599792,  418599792
  5738,    57,   33000000,  461013397,        1,  428013397,  428013397
  5738,    58,   33000000,  466370505,        1,  433370505,  433370505
  5738,    59,   33000000,  476114359,        1,  443114359,  443114359
  5738,    60,   33000000,  483510308,        1,  450510308,  450510308
  5738,    61,   33000000,  491526684,        1,  458526684,  458526684
  5738,    62,   33000000,  498248383,        1,  465248383,  465248383
  5738,    63,   33000000,  505635078,        1,  472635078,  472635078
  5738,    64,   33000000,  515056726,        1,  482056726,  482056726
  5738,    65,   33000000,  523215445,        1,  490215445,  490215445
  5738,    66,   33000000,  530180881,        1,  497180881,  497180881
  5738,    67,   33000000,  537644538,        1,  504644538,  504644538
  5738,    68,   33000000,  549145114,        1,  516145114,  516145114
  5738,    69,   33000000,  554563907,        1,  521563907,  521563907
  5738,    70,   33000000,  562012653,        1,  529012653,  529012653
  5738,    71,   33000000,  569385455,        1,  536385455,  536385455
  5738,    72,   33000000,  580879684,        1,  547879684,  547879684
  5738,    73,   33000000,  587372840,        1,  554372840,  554372840
  5738,    74,   33000000,  595720851,        1,  562720851,  562720851
  5738,    75,   33000000,  601387679,        1,  568387679,  568387679
  5738,    76,   33000000,  608800279,        1,  575800279,  575800279
  5738,    77,   33000000,  619584910,        1,  586584910,  586584910
  5738,    78,   33000000,  628070900,        1,  595070900,  595070900
  5738,    79,   33000000,  633059259,        1,  600059259,  600059259
  5738,    80,   33000000,  640458874,        1,  607458874,  607458874
  5738,    81,   33000000,  650231676,        1,  617231676,  617231676
  5738,    82,   33000000,  657584966,        1,  624584966,  624584966
  5738,    83,   33000000,  665046947,        1,  632046947,  632046947
  5738,    84,   33000000,  674409020,        1,  641409020,  641409020
  5738,    85,   33000000,  681830770,        1,  648830770,  648830770
  5738,    86,   33000000,  691288499,        1,  658288499,  658288499
  5738,    87,   33000000,  696919116,        1,  663919116,  663919116
  5738,    88,   33000000,  704322195,        1,  671322195,  671322195
  5738,    89,   33000000,  711706083,        1,  678706083,  678706083
  5738,    90,   33000000,  721456897,        1,  688456897,  688456897
  5738,    91,   33000000,  728945586,        1,  695945586,  695945586
  5738,    92,   33000000,  736321471,        1,  703321471,  703321471
  5738,    93,   33000000,  743731057,        1,  710731057,  710731057
  5738,    94,   33000000,  753158949,        1,  720158949,  720158949
  5738,    95,   33000000,  760591210,        1,  727591210,  727591210
  5738,    96,   33000000,  768074218,        1,  735074218,  735074218
  5738,    97,   33000000,  775490502,        1,  742490502,  742490502
  5738,    98,   33000000,  784900384,        1,  751900384,  751900384
  5738,    99,   33000000,  792293548,        1,  759293548,  759293548
  5738,   100,   33000000,  801738417,        1,  768738417,  768738417
  5738,   101,   33000000,  809122385,        1,  776122385,  776122385
  5738,   102,   33000000,  814777586,        1,  781777586,  781777586
# task NAME=myapp PID=5742 COST=36567000 PERIOD=44000000 CPU=0
  5742,     2,   44000000,       7109,        0,  -43992891,          0
  5742,     3,   44000000,     748330,        0,  -43251670,          0
  5742,     4,   44000000,   68598743,        1,   24598743,   24598743
  5742,     5,   44000000,   93307775,        1,   49307775,   49307775
  5742,     6,   44000000,  122064528,        1,   78064528,   78064528
  5742,     7,   44000000,  144694963,        1,  100694963,  100694963
  5742,     8,   44000000,  169512526,        1,  125512526,  125512526
  5742,     9,   44000000,  198324503,        1,  154324503,  154324503
  5742,    10,   44000000,  221085183,        1,  177085183,  177085183
  5742,    11,   44000000,  248284464,        1,  204284464,  204284464
  5742,    12,   44000000,  272571428,        1,  228571428,  228571428
  5742,    13,   44000000,  297627790,        1,  253627790,  253627790
  5742,    14,   44000000,  324253424,        1,  280253424,  280253424
  5742,    15,   44000000,  348961801,        1,  304961801,  304961801
  5742,    16,   44000000,  376050714,        1,  332050714,  332050714
  5742,    17,   44000000,  400754829,        1,  356754829,  356754829
  5742,    18,   44000000,  427551215,        1,  383551215,  383551215
  5742,    19,   44000000,  452159703,        1,  408159703,  408159703
  5742,    20,   44000000,  477097381,        1,  433097381,  433097381
  5742,    21,   44000000,  503869547,        1,  459869547,  459869547
  5742,    22,   44000000,  528662537,        1,  484662537,  484662537
  5742,    23,   44000000,  553406267,        1,  509406267,  509406267
  5742,    24,   44000000,  582177611,        1,  538177611,  538177611
  5742,    25,   44000000,  605141515,        1,  561141515,  561141515
  5742,    26,   44000000,  631876081,        1,  587876081,  587876081
  5742,    27,   44000000,  656919698,        1,  612919698,  612919698
  5742,    28,   44000000,  683683076,        1,  639683076,  639683076
  5742,    29,   44000000,  708369571,        1,  664369571,  664369571
  5742,    30,   44000000,  733134398,        1,  689134398,  689134398
  5742,    31,   44000000,  759913666,        1,  715913666,  715913666
  5742,    32,   44000000,  784606534,        1,  740606534,  740606534
  5742,    33,   44000000,  811628875,        1,  767628875,  767628875
  5742,    34,   44000000,  836388785,        1,  792388785,  792388785
  5742,    35,   44000000,  863174506,        1,  819174506,  819174506
  5742,    36,   44000000,  887860036,        1,  843860036,  843860036
  5742,    37,   44000000,  912517456,        1,  868517456,  868517456
  5742,    38,   44000000,  937241352,        1,  893241352,  893241352
  5742,    39,   44000000,  963866163,        1,  919866163,  919866163
  5742,    40,   44000000,  990848958,        1,  946848958,  946848958
  5742,    41,   44000000, 1013591799,        1,  969591799,  969591799
  5742,    42,   44000000, 1040647359,        1,  996647359,  996647359
  5742,    43,   44000000, 1065397975,        1, 1021397975, 1021397975
  5742,    44,   44000000, 1092194698,        1, 1048194698, 1048194698
  5742,    45,   44000000, 1116980008,        1, 1072980008, 1072980008
  5742,    46,   44000000, 1141699732,        1, 1097699732, 1097699732
  5742,    47,   44000000, 1168601184,        1, 1124601184, 1124601184
  5742,    48,   44000000, 1194681549,        1, 1150681549, 1150681549
  5742,    49,   44000000, 1222059461,        1, 1178059461, 1178059461
  5742,    50,   44000000, 1246703708,        1, 1202703708, 1202703708
  5742,    51,   44000000, 1269681254,        1, 1225681254, 1225681254
  5742,    52,   44000000, 1296136705,        1, 1252136705, 1252136705
  5742,    53,   44000000, 1322962755,        1, 1278962755, 1278962755
  5742,    54,   44000000, 1348066181,        1, 1304066181, 1304066181
  5742,    55,   44000000, 1372859746,        1, 1328859746, 1328859746
# task NAME=myapp PID=5746 COST=45086000 PERIOD=57000000 CPU=0
  5746,     2,   57000000,       6466,        0,  -56993534,          0
  5746,     3,   57000000,     727988,        0,  -56272012,          0
  5746,     4,   57000000,   85702285,        1,   28702285,   28702285
  5746,     5,   57000000,  111562681,        1,   54562681,   54562681
  5746,     6,   57000000,  143277919,        1,   86277919,   86277919
  5746,     7,   57000000,  169455599,        1,  112455599,  112455599
  5746,     8,   57000000,  201518109,        1,  144518109,  144518109
  5746,     9,   57000000,  229393694,        1,  172393694,  172393694
  5746,    10,   57000000,  257193550,        1,  200193550,  200193550
  5746,    11,   57000000,  285349717,        1,  228349717,  228349717
  5746,    12,   57000000,  315292790,        1,  258292790,  258292790
  5746,    13,   57000000,  343087561,        1,  286087561,  286087561
  5746,    14,   57000000,  372870748,        1,  315870748,  315870748
  5746,    15,   57000000,  402725970,        1,  345725970,  345725970
  5746,    16,   57000000,  428512625,        1,  371512625,  371512625
  5746,    17,   57000000,  458694283,        1,  401694283,  401694283
  5746,    18,   57000000,  486424087,        1,  429424087,  429424087
  5746,    19,   57000000,  518175747,        1,  461175747,  461175747
  5746,    20,   57000000,  544350442,        1,  487350442,  487350442
  5746,    21,   57000000,  574394791,        1,  517394791,  517394791
  5746,    22,   57000000,  602397844,        1,  545397844,  545397844
  5746,    23,   57000000,  632689818,        1,  575689818,  575689818
  5746,    24,   57000000,  660238760,        1,  603238760,  603238760
  5746,    25,   57000000,  692258842,        1,  635258842,  635258842
  5746,    26,   57000000,  718121666,        1,  661121666,  661121666
  5746,    27,   57000000,  748204473,        1,  691204473,  691204473
  5746,    28,   57000000,  776239931,        1,  719239931,  719239931
  5746,    29,   57000000,  805951548,        1,  748951548,  748951548
  5746,    30,   57000000,  833994193,        1,  776994193,  776994193
  5746,    31,   57000000,  861773747,        1,  804773747,  804773747
  5746,    32,   57000000,  891623486,        1,  834623486,  834623486
  5746,    33,   57000000,  919437007,        1,  862437007,  862437007
  5746,    34,   57000000,  951330412,        1,  894330412,  894330412
  5746,    35,   57000000,  977061577,        1,  920061577,  920061577
  5746,    36,   57000000, 1007054056,        1,  950054056,  950054056
  5746,    37,   57000000, 1034945348,        1,  977945348,  977945348
  5746,    38,   57000000, 1062769131,        1, 1005769131, 1005769131
  5746,    39,   57000000, 1094948862,        1, 1037948862, 1037948862
  5746,    40,   57000000, 1120796849,        1, 1063796849, 1063796849
  5746,    41,   57000000, 1152816063,        1, 1095816063, 1095816063
  5746,    42,   57000000, 1178650100,        1, 1121650100, 1121650100
  5746,    43,   57000000, 1208461450,        1, 1151461450, 1151461450
  5746,    44,   57000000, 1236481546,        1, 1179481546, 1179481546
  5746,    45,   57000000, 1266357966,        1, 1209357966, 1209357966
  5746,    46,   57000000, 1296470335,        1, 1239470335, 1239470335
  5746,    47,   57000000, 1324259462,        1, 1267259462, 1267259462
  5746,    48,   57000000, 1354052086,        1, 1297052086, 1297052086
  5746,    49,   57000000, 1383859226,        1, 1326859226, 1326859226
  5746,    50,   57000000, 1409949707,        1, 1352949707, 1352949707
  5746,    51,   57000000, 1439750588,        1, 1382750588, 1382750588
  5746,    52,   57000000, 1467877985,        1, 1410877985, 1410877985
  5746,    53,   57000000, 1498099258,        1, 1441099258, 1441099258
  5746,    54,   57000000, 1527995169,        1, 1470995169, 1470995169
  5746,    55,   57000000, 1555802722,        1, 1498802722, 1498802722
  5746,    56,   57000000, 1583851237,        1, 1526851237, 1526851237
  5746,    57,   57000000, 1611665742,        1, 1554665742, 1554665742
  5746,    58,   57000000, 1641627489,        1, 1584627489, 1584627489
  5746,    59,   57000000, 1669408912,        1, 1612408912, 1612408912
  5746,    60,   57000000, 1701559434,        1, 1644559434, 1644559434
# task NAME=myapp PID=5750 COST=56879000 PERIOD=71000000 CPU=0
  5750,     2,   71000000,       8095,        0,  -70991905,          0
  5750,     3,   71000000,     772536,        0,  -70227464,          0
  5750,     4,   71000000,  104926381,        1,   33926381,   33926381
  5750,     5,   71000000,  142214564,        1,   71214564,   71214564
  5750,     6,   71000000,  179171145,        1,  108171145,  108171145
  5750,     7,   71000000,  218178366,        1,  147178366,  147178366
  5750,     8,   71000000,  253281054,        1,  182281054,  182281054
  5750,     9,   71000000,  290611876,        1,  219611876,  219611876
  5750,    10,   71000000,  329932159,        1,  258932159,  258932159
  5750,    11,   71000000,  364961315,        1,  293961315,  293961315
  5750,    12,   71000000,  401999133,        1,  330999133,  330999133
  5750,    13,   71000000,  438949571,        1,  367949571,  367949571
  5750,    14,   71000000,  478296843,        1,  407296843,  407296843
  5750,    15,   71000000,  513285983,        1,  442285983,  442285983
  5750,    16,   71000000,  550306331,        1,  479306331,  479306331
  5750,    17,   71000000,  589407770,        1,  518407770,  518407770
  5750,    18,   71000000,  626608649,        1,  555608649,  555608649
  5750,    19,   71000000,  665870854,        1,  594870854,  594870854
  5750,    20,   71000000,  698750364,        1,  627750364,  627750364
  5750,    21,   71000000,  737828006,        1,  666828006,  666828006
  5750,    22,   71000000,  772768142,        1,  701768142,  701768142
  5750,    23,   71000000,  812109994,        1,  741109994,  741109994
  5750,    24,   71000000,  849186388,        1,  778186388,  778186388
  5750,    25,   71000000,  886131778,        1,  815131778,  815131778
  5750,    26,   71000000,  923096091,        1,  852096091,  852096091
  5750,    27,   71000000,  960216970,        1,  889216970,  889216970
  5750,    28,   71000000,  997510526,        1,  926510526,  926510526
  5750,    29,   71000000, 1034510224,        1,  963510224,  963510224
  5750,    30,   71000000, 1071567739,        1, 1000567739, 1000567739
  5750,    31,   71000000, 1108798264,        1, 1037798264, 1037798264
  5750,    32,   71000000, 1146195017,        1, 1075195017, 1075195017
  5750,    33,   71000000, 1183228833,        1, 1112228833, 1112228833
  5750,    34,   71000000, 1220321219,        1, 1149321219, 1149321219
  5750,    35,   71000000, 1257374672,        1, 1186374672, 1186374672
  5750,    36,   71000000, 1298869107,        1, 1227869107, 1227869107
  5750,    37,   71000000, 1334439716,        1, 1263439716, 1263439716
  5750,    38,   71000000, 1372765517,        1, 1301765517, 1301765517
  5750,    39,   71000000, 1408587406,        1, 1337587406, 1337587406
  5750,    40,   71000000, 1445835331,        1, 1374835331, 1374835331
  5750,    41,   71000000, 1482947359,        1, 1411947359, 1411947359
  5750,    42,   71000000, 1520245217,        1, 1449245217, 1449245217
  5750,    43,   71000000, 1557568884,        1, 1486568884, 1486568884
  5750,    44,   71000000, 1596625332,        1, 1525625332, 1525625332
  5750,    45,   71000000, 1635430457,        1, 1564430457, 1564430457
  5750,    46,   71000000, 1673216170,        1, 1602216170, 1602216170
  5750,    47,   71000000, 1708187833,        1, 1637187833, 1637187833
  5750,    48,   71000000, 1745189180,        1, 1674189180, 1674189180
  5750,    49,   71000000, 1782308227,        1, 1711308227, 1711308227
  5750,    50,   71000000, 1819545697,        1, 1748545697, 1748545697
  5750,    51,   71000000, 1856897134,        1, 1785897134, 1785897134
  5750,    52,   71000000, 1894013120,        1, 1823013120, 1823013120
  5750,    53,   71000000, 1931349160,        1, 1860349160, 1860349160
  5750,    54,   71000000, 1970702678,        1, 1899702678, 1899702678
  5750,    55,   71000000, 2007575658,        1, 1936575658, 1936575658
  5750,    56,   71000000, 2042686921,        1, 1971686921, 1971686921
  5750,    57,   71000000, 2082464831,        1, 2011464831, 2011464831
  5750,    58,   71000000, 2121258125,        1, 2050258125, 2050258125
  5750,    59,   71000000, 2156553716,        1, 2085553716, 2085553716
# task NAME=myapp PID=5754 COST=15413000 PERIOD=58000000 CPU=0
  5754,     2,   58000000,      13931,        0,  -57986069,          0
  5754,     3,   58000000,     744662,        0,  -57255338,          0
  5754,     4,   58000000,   26680010,        0,  -31319990,          0
  5754,     5,   58000000,   28448590,        0,  -29551410,          0
  5754,     6,   58000000,   26645977,        0,  -31354023,          0
  5754,     7,   58000000,   29955759,        0,  -28044241,          0
  5754,     8,   58000000,   26396216,        0,  -31603784,          0
  5754,     9,   58000000,   28514898,        0,  -29485102,          0
  5754,    10,   58000000,   28398796,        0,  -29601204,          0
  5754,    11,   58000000,   28434669,        0,  -29565331,          0
  5754,    12,   58000000,   28485303,        0,  -29514697,          0
  5754,    13,   58000000,   30472687,        0,  -27527313,          0
  5754,    14,   58000000,   28456110,        0,  -29543890,          0
  5754,    15,   58000000,   30466942,        0,  -27533058,          0
  5754,    16,   58000000,   26429406,        0,  -31570594,          0
  5754,    17,   58000000,   28698133,        0,  -29301867,          0
  5754,    18,   58000000,   28468096,        0,  -29531904,          0
  5754,    19,   58000000,   28465102,        0,  -29534898,          0
  5754,    20,   58000000,   26428534,        0,  -31571466,          0
  5754,    21,   58000000,   28706807,        0,  -29293193,          0
  5754,    22,   58000000,   26779211,        0,  -31220789,          0
  5754,    23,   58000000,   30445416,        0,  -27554584,          0
  5754,    24,   58000000,   26532801,        0,  -31467199,          0
  5754,    25,   58000000,   28555954,        0,  -29444046,          0
  5754,    26,   58000000,   26479286,        0,  -31520714,          0
  5754,    27,   58000000,   28464296,        0,  -29535704,          0
  5754,    28,   58000000,   29408754,        0,  -28591246,          0
  5754,    29,   58000000,   28441596,        0,  -29558404,          0
  5754,    30,   58000000,   28683642,        0,  -29316358,          0
  5754,    31,   58000000,   28466688,        0,  -29533312,          0
  5754,    32,   58000000,   26405687,        0,  -31594313,          0
  5754,    33,   58000000,   28495739,        0,  -29504261,          0
  5754,    34,   58000000,   26408718,        0,  -31591282,          0
  5754,    35,   58000000,   28530710,        0,  -29469290,          0
  5754,    36,   58000000,   28408271,        0,  -29591729,          0
  5754,    37,   58000000,   28429624,        0,  -29570376,          0
  5754,    38,   58000000,   26413953,        0,  -31586047,          0
  5754,    39,   58000000,   28497643,        0,  -29502357,          0
  5754,    40,   58000000,   26384040,        0,  -31615960,          0
  5754,    41,   58000000,   30525217,        0,  -27474783,          0
  5754,    42,   58000000,   26373414,        0,  -31626586,          0
  5754,    43,   58000000,   28518361,        0,  -29481639,          0
  5754,    44,   58000000,   26399191,        0,  -31600809,          0
  5754,    45,   58000000,   30703871,        0,  -27296129,          0
  5754,    46,   58000000,   26678212,        0,  -31321788,          0
  5754,    47,   58000000,   28765897,        0,  -29234103,          0
  5754,    48,   58000000,   26511182,        0,  -31488818,          0
  5754,    49,   58000000,   28730042,        0,  -29269958,          0
  5754,    50,   58000000,   26395459,        0,  -31604541,          0
  5754,    51,   58000000,   30475669,        0,  -27524331,          0
  5754,    52,   58000000,   28461298,        0,  -29538702,          0
  5754,    53,   58000000,   30522884,        0,  -27477116,          0
  5754,    54,   58000000,   28371268,        0,  -29628732,          0
  5754,    55,   58000000,   29535464,        0,  -28464536,          0
  5754,    56,   58000000,   26438115,        0,  -31561885,          0
  5754,    57,   58000000,   30531094,        0,  -27468906,          0
  5754,    58,   58000000,   28707360,        0,  -29292640,          0
  5754,    59,   58000000,   30449680,        0,  -27550320,          0
  5754,    60,   58000000,   27844717,        0,  -30155283,          0
  5754,    61,   58000000,   29266838,        0,  -28733162,          0
  5754,    62,   58000000,   26689376,        0,  -31310624,          0
  5754,    63,   58000000,   30429901,        0,  -27570099,          0
  5754,    64,   58000000,   26433877,        0,  -31566123,          0
  5754,    65,   58000000,   28433452,        0,  -29566548,          0
  5754,    66,   58000000,   28436940,        0,  -29563060,          0
  5754,    67,   58000000,   30439342,        0,  -27560658,          0
  5754,    68,   58000000,   27391654,        0,  -30608346,          0
  5754,    69,   58000000,   28428184,        0,  -29571816,          0
  5754,    70,   58000000,   26434016,        0,  -31565984,          0
  5754,    71,   58000000,   28478363,        0,  -29521637,          0
  5754,    72,   58000000,   26365691,        0,  -31634309,          0
  5754,    73,   58000000,   28786255,        0,  -29213745,          0
  5754,    74,   58000000,   26409774,        0,  -31590226,          0
  5754,    75,   58000000,   28718117,        0,  -29281883,          0
  5754,    76,   58000000,   27075394,        0,  -30924606,          0
  5754,    77,   58000000,   30742338,        0,  -27257662,          0
  5754,    78,   58000000,   28473560,        0,  -29526440,          0
  5754,    79,   58000000,   28465990,        0,  -29534010,          0
  5754,    80,   58000000,   28438739,        0,  -29561261,          0
  5754,    81,   58000000,   28476769,        0,  -29523231,          0
  5754,    82,   58000000,   26434477,        0,  -31565523,          0
  5754,    83,   58000000,   28530074,        0,  -29469926,          0
  5754,    84,   58000000,   26443677,        0,  -31556323,          0
  5754,    85,   58000000,   30472098,        0,  -27527902,          0
  5754,    86,   58000000,   26447281,        0,  -31552719,          0
  5754,    87,   58000000,   28526724,        0,  -29473276,          0
  5754,    88,   58000000,   26442402,        0,  -31557598,          0
  5754,    89,   58000000,   30427727,        0,  -27572273,          0
  5754,    90,   58000000,   26793817,        0,  -31206183,          0
  5754,    91,   58000000,   30460701,        0,  -27539299,          0
  5754,    92,   58000000,   26564883,        0,  -31435117,          0
  5754,    93,   58000000,   28897543,        0,  -29102457,          0
  5754,    94,   58000000,   26492094,        0,  -31507906,          0
  5754,    95,   58000000,   28440128,        0,  -29559872,          0
  5754,    96,   58000000,   26441538,        0,  -31558462,          0
  5754,    97,   58000000,   29514874,        0,  -28485126,          0
  5754,    98,   58000000,   26450268,        0,  -31549732,          0
  5754,    99,   58000000,   28508695,        0,  -29491305,          0
  5754,   100,   58000000,   26452847,        0,  -31547153,          0
  5754,   101,   58000000,   30441175,        0,  -27558825,          0
  5754,   102,   58000000,   28383113,        0,  -29616887,          0
  5754,   103,   58000000,   30698751,        0,  -27301249,          0
  5754,   104,   58000000,   26439685,        0,  -31560315,          0
  5754,   105,   58000000,   28546082,        0,  -29453918,          0
  5754,   106,   58000000,   26489501,        0,  -31510499,          0
  5754,   107,   58000000,   28541956,        0,  -29458044,          0
  5754,   108,   58000000,   26396759,        0,  -31603241,          0
  5754,   109,   58000000,   30462978,        0,  -27537022,          0
  5754,   110,   58000000,   26377623,        0,  -31622377,          0
  5754,   111,   58000000,   30472244,        0,  -27527756,          0
  5754,   112,   58000000,   27275563,        0,  -30724437,          0
  5754,   113,   58000000,   28461027,        0,  -29538973,          0
  5754,   114,   58000000,   26474014,        0,  -31525986,          0
  5754,   115,   58000000,   28473585,        0,  -29526415,          0
  5754,   116,   58000000,   28517065,        0,  -29482935,          0
  5754,   117,   58000000,   28513322,        0,  -29486678,          0
  5754,   118,   58000000,   28439889,        0,  -29560111,          0
  5754,   119,   58000000,   28418867,        0,  -29581133,          0
  5754,   120,   58000000,   26427043,        0,  -31572957,          0
  5754,   121,   58000000,   30636040,        0,  -27363960,          0
  5754,   122,   58000000,   28504921,        0,  -29495079,          0
  5754,   123,   58000000,   30532701,        0,  -27467299,          0
  5754,   124,   58000000,   26400817,        0,  -31599183,          0
  5754,   125,   58000000,   28464092,        0,  -29535908,          0
  5754,   126,   58000000,   26430241,        0,  -31569759,          0
  5754,   127,   58000000,   28447931,        0,  -29552069,          0
  5754,   128,   58000000,   26478087,        0,  -31521913,          0
  5754,   129,   58000000,   28448410,        0,  -29551590,          0
  5754,   130,   58000000,   26709920,        0,  -31290080,          0
  5754,   131,   58000000,   28497704,        0,  -29502296,          0
  5754,   132,   58000000,   27575721,        0,  -30424279,          0
  5754,   133,   58000000,   28507896,        0,  -29492104,          0
  5754,   134,   58000000,   26416142,        0,  -31583858,          0
  5754,   135,   58000000,   28493604,        0,  -29506396,          0
  5754,   136,   58000000,   26447119,        0,  -31552881,          0
  5754,   137,   58000000,   30531702,        0,  -27468298,          0
  5754,   138,   58000000,   28412740,        0,  -29587260,          0
  5754,   139,   58000000,   28492448,        0,  -29507552,          0
  5754,   140,   58000000,   26399980,        0,  -31600020,          0
  5754,   141,   58000000,   28452851,        0,  -29547149,          0
  5754,   142,   58000000,   26654926,        0,  -31345074,          0
  5754,   143,   58000000,   28575978,        0,  -29424022,          0
  5754,   144,   58000000,   27879152,        0,  -30120848,          0
  5754,   145,   58000000,   30423806,        0,  -27576194,          0
  5754,   146,   58000000,   26674626,        0,  -31325374,          0
  5754,   147,   58000000,   28448926,        0,  -29551074,          0
  5754,   148,   58000000,   26452142,        0,  -31547858,          0
  5754,   149,   58000000,   28447060,        0,  -29552940,          0
  5754,   150,   58000000,   28445009,        0,  -29554991,          0
  5754,   151,   58000000,   28461618,        0,  -29538382,          0
  5754,   152,   58000000,   28454642,        0,  -29545358,          0
  5754,   153,   58000000,   28435209,        0,  -29564791,          0
  5754,   154,   58000000,   27536981,        0,  -30463019,          0
  5754,   155,   58000000,   28445872,        0,  -29554128,          0
  5754,   156,   58000000,   26432402,        0,  -31567598,          0
  5754,   157,   58000000,   30459741,        0,  -27540259,          0
  5754,   158,   58000000,   26399004,        0,  -31600996,          0
  5754,   159,   58000000,   28649189,        0,  -29350811,          0
  5754,   160,   58000000,   26476629,        0,  -31523371,          0
  5754,   161,   58000000,   30555442,        0,  -27444558,          0
  5754,   162,   58000000,   26440539,        0,  -31559461,          0
  5754,   163,   58000000,   28447145,        0,  -29552855,          0
  5754,   164,   58000000,   26419996,        0,  -31580004,          0
  5754,   165,   58000000,   30484814,        0,  -27515186,          0
  5754,   166,   58000000,   26464524,        0,  -31535476,          0
  5754,   167,   58000000,   30482417,        0,  -27517583,          0
  5754,   168,   58000000,   26423759,        0,  -31576241,          0
  5754,   169,   58000000,   28445990,        0,  -29554010,          0
  5754,   170,   58000000,   28420481,        0,  -29579519,          0
  5754,   171,   58000000,   28520096,        0,  -29479904,          0
  5754,   172,   58000000,   28435856,        0,  -29564144,          0
  5754,   173,   58000000,   30466131,        0,  -27533869,          0
  5754,   174,   58000000,   26576989,        0,  -31423011,          0
  5754,   175,   58000000,   28454022,        0,  -29545978,          0
  5754,   176,   58000000,   26342335,        0,  -31657665,          0
