# Task,   Job,     Period,   Response, DL Miss?,   Lateness,  Tardiness
# task NAME=myapp PID=7579 COST=68748000 PERIOD=80000000 CPU=0
  7579,     2,   80000000,      18490,        0,  -79981510,          0
  7579,     3,   80000000,     976247,        0,  -79023753,          0
  7579,     4,   80000000,  130171379,        1,   50171379,   50171379
  7579,     5,   80000000,  181850376,        1,  101850376,  101850376
  7579,     6,   80000000,  228308896,        1,  148308896,  148308896
  7579,     7,   80000000,  282095210,        1,  202095210,  202095210
  7579,     8,   80000000,  331284043,        1,  251284043,  251284043
  7579,     9,   80000000,  380402593,        1,  300402593,  300402593
  7579,    10,   80000000,  431966565,        1,  351966565,  351966565
  7579,    11,   80000000,  483402104,        1,  403402104,  403402104
  7579,    12,   80000000,  534826470,        1,  454826470,  454826470
  7579,    13,   80000000,  584040928,        1,  504040928,  504040928
  7579,    14,   80000000,  635376114,        1,  555376114,  555376114
  7579,    15,   80000000,  686886224,        1,  606886224,  606886224
  7579,    16,   80000000,  736087164,        1,  656087164,  656087164
  7579,    17,   80000000,  787482936,        1,  707482936,  707482936
  7579,    18,   80000000,  836548302,        1,  756548302,  756548302
  7579,    19,   80000000,  889939359,        1,  809939359,  809939359
  7579,    20,   80000000,  939432775,        1,  859432775,  859432775
  7579,    21,   80000000,  988565966,        1,  908565966,  908565966
  7579,    22,   80000000, 1039944046,        1,  959944046,  959944046
  7579,    23,   80000000, 1091505937,        1, 1011505937, 1011505937
  7579,    24,   80000000, 1142820096,        1, 1062820096, 1062820096
  7579,    25,   80000000, 1192213546,        1, 1112213546, 1112213546
  7579,    26,   80000000, 1243995410,        1, 1163995410, 1163995410
  7579,    27,   80000000, 1297109429,        1, 1217109429, 1217109429
  7579,    28,   80000000, 1344370172,        1, 1264370172, 1264370172
  7579,    29,   80000000, 1396105425,        1, 1316105425, 1316105425
  7579,    30,   80000000, 1449338158,        1, 1369338158, 1369338158
  7579,    31,   80000000, 1498606745,        1, 1418606745, 1418606745
  7579,    32,   80000000, 1547951995,        1, 1467951995, 1467951995
  7579,    33,   80000000, 1601185201,        1, 1521185201, 1521185201
  7579,    34,   80000000, 1649491822,        1, 1569491822, 1569491822
  7579,    35,   80000000, 1699676807,        1, 1619676807, 1619676807
  7579,    36,   80000000, 1752887524,        1, 1672887524, 1672887524
  7579,    37,   80000000, 1799958414,        1, 1719958414, 1719958414
  7579,    38,   80000000, 1853402108,        1, 1773402108, 1773402108
  7579,    39,   80000000, 1902613031,        1, 1822613031, 1822613031
  7579,    40,   80000000, 1951708776,        1, 1871708776, 1871708776
  7579,    41,   80000000, 2005075179,        1, 1925075179, 1925075179
  7579,    42,   80000000, 2052491466,        1, 1972491466, 1972491466
  7579,    43,   80000000, 2103592578,        1, 2023592578, 2023592578
  7579,    44,   80000000, 2154734694,        1, 2074734694, 2074734694
  7579,    45,   80000000, 2204097159,        1, 2124097159, 2124097159
  7579,    46,   80000000, 2255505001,        1, 2175505001, 2175505001
  7579,    47,   80000000, 2306821581,        1, 2226821581, 2226821581
  7579,    48,   80000000, 2356098008,        1, 2276098008, 2276098008
  7579,    49,   80000000, 2407527635,        1, 2327527635, 2327527635
  7579,    50,   80000000, 2458917108,        1, 2378917108, 2378917108
  7579,    51,   80000000, 2508299661,        1, 2428299661, 2428299661
  7579,    52,   80000000, 2561606360,        1, 2481606360, 2481606360
# task NAME=myapp PID=7583 COST=13808000 PERIOD=18000000 CPU=0
  7583,     2,   18000000,      14426,        0,  -17985574,          0
  7583,     3,   18000000,     983916,        0,  -17016084,          0
  7583,     4,   18000000,   21900343,        1,    3900343,    3900343
  7583,     5,   18000000,   31175216,        1,   13175216,   13175216
  7583,     6,   18000000,   38304082,        1,   20304082,   20304082
  7583,     7,   18000000,   50713275,        1,   32713275,   32713275
  7583,     8,   18000000,   56810034,        1,   38810034,   38810034
  7583,     9,   18000000,   63904361,        1,   45904361,   45904361
  7583,    10,   18000000,   73082516,        1,   55082516,   55082516
  7583,    11,   18000000,   80152019,        1,   62152019,   62152019
  7583,    12,   18000000,   91257814,        1,   73257814,   73257814
  7583,    13,   18000000,   98339631,        1,   80339631,   80339631
  7583,    14,   18000000,  105778062,        1,   87778062,   87778062
  7583,    15,   18000000,  114440444,        1,   96440444,   96440444
  7583,    16,   18000000,  124182038,        1,  106182038,  106182038
  7583,    17,   18000000,  130852112,        1,  112852112,  112852112
  7583,    18,   18000000,  137941607,        1,  119941607,  119941607
  7583,    19,   18000000,  149056047,        1,  131056047,  131056047
  7583,    20,   18000000,  154498418,        1,  136498418,  136498418
  7583,    21,   18000000,  163536053,        1,  145536053,  145536053
  7583,    22,   18000000,  172605352,        1,  154605352,  154605352
  7583,    23,   18000000,  179690222,        1,  161690222,  161690222
  7583,    24,   18000000,  188856739,        1,  170856739,  170856739
  7583,    25,   18000000,  195941803,        1,  177941803,  177941803
  7583,    26,   18000000,  205327013,        1,  187327013,  187327013
  7583,    27,   18000000,  214494551,        1,  196494551,  196494551
  7583,    28,   18000000,  223546427,        1,  205546427,  205546427
  7583,    29,   18000000,  228722866,        1,  210722866,  210722866
  7583,    30,   18000000,  238104930,        1,  220104930,  220104930
  7583,    31,   18000000,  247243086,        1,  229243086,  229243086
  7583,    32,   18000000,  256287925,        1,  238287925,  238287925
  7583,    33,   18000000,  263471116,        1,  245471116,  245471116
  7583,    34,   18000000,  270537788,        1,  252537788,  252537788
  7583,    35,   18000000,  279598178,        1,  261598178,  261598178
  7583,    36,   18000000,  286696509,        1,  268696509,  268696509
  7583,    37,   18000000,  295901252,        1,  277901252,  277901252
  7583,    38,   18000000,  305041553,        1,  287041553,  287041553
  7583,    39,   18000000,  312098949,        1,  294098949,  294098949
  7583,    40,   18000000,  323524665,        1,  305524665,  305524665
  7583,    41,   18000000,  328597745,        1,  310597745,  310597745
  7583,    42,   18000000,  339643066,        1,  321643066,  321643066
  7583,    43,   18000000,  346738293,        1,  328738293,  328738293
  7583,    44,   18000000,  353870701,        1,  335870701,  335870701
  7583,    45,   18000000,  365241727,        1,  347241727,  347241727
  7583,    46,   18000000,  370748006,        1,  352748006,  352748006
  7583,    47,   18000000,  381957473,        1,  363957473,  363957473
  7583,    48,   18000000,  386568675,        1,  368568675,  368568675
  7583,    49,   18000000,  395679910,        1,  377679910,  377679910
  7583,    50,   18000000,  404758873,        1,  386758873,  386758873
  7583,    51,   18000000,  411871495,        1,  393871495,  393871495
  7583,    52,   18000000,  422972042,        1,  404972042,  404972042
  7583,    53,   18000000,  428072260,        1,  410072260,  410072260
  7583,    54,   18000000,  439226952,        1,  421226952,  421226952
  7583,    55,   18000000,  446334784,        1,  428334784,  428334784
  7583,    56,   18000000,  453474438,        1,  435474438,  435474438
  7583,    57,   18000000,  460534388,        1,  442534388,  442534388
  7583,    58,   18000000,  469630240,        1,  451630240,  451630240
  7583,    59,   18000000,  476710442,        1,  458710442,  458710442
  7583,    60,   18000000,  485873506,        1,  467873506,  467873506
  7583,    61,   18000000,  494963191,        1,  476963191,  476963191
  7583,    62,   18000000,  502063230,        1,  484063230,  484063230
  7583,    63,   18000000,  511256676,        1,  493256676,  493256676
  7583,    64,   18000000,  520632220,        1,  502632220,  502632220
# task NAME=myapp PID=7586 COST=14704000 PERIOD=27000000 CPU=0
  7586,     2,   27000000,      10220,        0,  -26989780,          0
  7586,     3,   27000000,     988007,        0,  -26011993,          0
  7586,     4,   27000000,   27884547,        1,     884547,     884547
  7586,     5,   27000000,   28955356,        1,    1955356,    1955356
  7586,     6,   27000000,   30119869,        1,    3119869,    3119869
  7586,     7,   27000000,   31062576,        1,    4062576,    4062576
  7586,     8,   27000000,   32898294,        1,    5898294,    5898294
  7586,     9,   27000000,   32944807,        1,    5944807,    5944807
  7586,    10,   27000000,   36228246,        1,    9228246,    9228246
  7586,    11,   27000000,   35113993,        1,    8113993,    8113993
  7586,    12,   27000000,   36013712,        1,    9013712,    9013712
  7586,    13,   27000000,   38940687,        1,   11940687,   11940687
  7586,    14,   27000000,   39837836,        1,   12837836,   12837836
  7586,    15,   27000000,   39022451,        1,   12022451,   12022451
  7586,    16,   27000000,   40017606,        1,   13017606,   13017606
  7586,    17,   27000000,   40921812,        1,   13921812,   13921812
  7586,    18,   27000000,   41852377,        1,   14852377,   14852377
  7586,    19,   27000000,   42962523,        1,   15962523,   15962523
  7586,    20,   27000000,   45166992,        1,   18166992,   18166992
  7586,    21,   27000000,   44797300,        1,   17797300,   17797300
  7586,    22,   27000000,   45834948,        1,   18834948,   18834948
  7586,    23,   27000000,   44773574,        1,   17773574,   17773574
  7586,    24,   27000000,   47682146,        1,   20682146,   20682146
  7586,    25,   27000000,   48576004,        1,   21576004,   21576004
  7586,    26,   27000000,   49504641,        1,   22504641,   22504641
  7586,    27,   27000000,   50459127,        1,   23459127,   23459127
  7586,    28,   27000000,   49394686,        1,   22394686,   22394686
  7586,    29,   27000000,   52370334,        1,   25370334,   25370334
  7586,    30,   27000000,   52311454,        1,   25311454,   25311454
  7586,    31,   27000000,   52332274,        1,   25332274,   25332274
  7586,    32,   27000000,   55215984,        1,   28215984,   28215984
  7586,    33,   27000000,   56009966,        1,   29009966,   29009966
  7586,    34,   27000000,   57270403,        1,   30270403,   30270403
  7586,    35,   27000000,   56244774,        1,   29244774,   29244774
  7586,    36,   27000000,   57182129,        1,   30182129,   30182129
  7586,    37,   27000000,   58417809,        1,   31417809,   31417809
  7586,    38,   27000000,   61429216,        1,   34429216,   34429216
  7586,    39,   27000000,   62807365,        1,   35807365,   35807365
  7586,    40,   27000000,   61750099,        1,   34750099,   34750099
  7586,    41,   27000000,   62261401,        1,   35261401,   35261401
  7586,    42,   27000000,   63475630,        1,   36475630,   36475630
  7586,    43,   27000000,   64788909,        1,   37788909,   37788909
  7586,    44,   27000000,   65355144,        1,   38355144,   38355144
  7586,    45,   27000000,   66296495,        1,   39296495,   39296495
  7586,    46,   27000000,   69568309,        1,   42568309,   42568309
  7586,    47,   27000000,   70463002,        1,   43463002,   43463002
  7586,    48,   27000000,   69381713,        1,   42381713,   42381713
  7586,    49,   27000000,   70292912,        1,   43292912,   43292912
  7586,    50,   27000000,   71270491,        1,   44270491,   44270491
  7586,    51,   27000000,   72246993,        1,   45246993,   45246993
  7586,    52,   27000000,   75202840,        1,   48202840,   48202840
  7586,    53,   27000000,   74110433,        1,   47110433,   47110433
  7586,    54,   27000000,   75090064,        1,   48090064,   48090064
  7586,    55,   27000000,   76267362,        1,   49267362,   49267362
  7586,    56,   27000000,   77206190,        1,   50206190,   50206190
  7586,    57,   27000000,   78151244,        1,   51151244,   51151244
  7586,    58,   27000000,   81130123,        1,   54130123,   54130123
  7586,    59,   27000000,   82046390,        1,   55046390,   55046390
  7586,    60,   27000000,   83268240,        1,   56268240,   56268240
  7586,    61,   27000000,   84159064,        1,   57159064,   57159064
  7586,    62,   27000000,   83092362,        1,   56092362,   56092362
  7586,    63,   27000000,   84112530,        1,   57112530,   57112530
  7586,    64,   27000000,   85082042,        1,   58082042,   58082042
  7586,    65,   27000000,   88426945,        1,   61426945,   61426945
  7586,    66,   27000000,   86966626,        1,   59966626,   59966626
  7586,    67,   27000000,   87924233,        1,   60924233,   60924233
  7586,    68,   27000000,   90847623,        1,   63847623,   63847623
  7586,    69,   27000000,   90050463,        1,   63050463,   63050463
  7586,    70,   27000000,   90988423,        1,   63988423,   63988423
  7586,    71,   27000000,   91887782,        1,   64887782,   64887782
  7586,    72,   27000000,   92790926,        1,   65790926,   65790926
  7586,    73,   27000000,   93933896,        1,   66933896,   66933896
  7586,    74,   27000000,   94870752,        1,   67870752,   67870752
  7586,    75,   27000000,   95860413,        1,   68860413,   68860413
  7586,    76,   27000000,   96788394,        1,   69788394,   69788394
  7586,    77,   27000000,   99777735,        1,   72777735,   72777735
  7586,    78,   27000000,   98702177,        1,   71702177,   71702177
  7586,    79,   27000000,  102031835,        1,   75031835,   75031835
  7586,    80,   27000000,  102604126,        1,   75604126,   75604126
  7586,    81,   27000000,  103590616,        1,   76590616,   76590616
  7586,    82,   27000000,  102601428,        1,   75601428,   75601428
  7586,    83,   27000000,  105523196,        1,   78523196,   78523196
  7586,    84,   27000000,  104562321,        1,   77562321,   77562321
  7586,    85,   27000000,  107498349,        1,   80498349,   80498349
  7586,    86,   27000000,  106381116,        1,   79381116,   79381116
  7586,    87,   27000000,  107441223,        1,   80441223,   80441223
  7586,    88,   27000000,  110425706,        1,   83425706,   83425706
  7586,    89,   27000000,  109344197,        1,   82344197,   82344197
  7586,    90,   27000000,  110264495,        1,   83264495,   83264495
  7586,    91,   27000000,  111533535,        1,   84533535,   84533535
  7586,    92,   27000000,  114498950,        1,   87498950,   87498950
  7586,    93,   27000000,  113436241,        1,   86436241,   86436241
  7586,    94,   27000000,  114392971,        1,   87392971,   87392971
  7586,    95,   27000000,  117290838,        1,   90290838,   90290838
  7586,    96,   27000000,  116238072,        1,   89238072,   89238072
  7586,    97,   27000000,  119217432,        1,   92217432,   92217432
  7586,    98,   27000000,  120151389,        1,   93151389,   93151389
  7586,    99,   27000000,  119084881,        1,   92084881,   92084881
  7586,   100,   27000000,  122316425,        1,   95316425,   95316425
  7586,   101,   27000000,  121210902,        1,   94210902,   94210902
  7586,   102,   27000000,  122113599,        1,   95113599,   95113599
  7586,   103,   27000000,  123013936,        1,   96013936,   96013936
  7586,   104,   27000000,  125863222,        1,   98863222,   98863222
  7586,   105,   27000000,  123187703,        1,   96187703,   96187703
  7586,   106,   27000000,  123685692,        1,   96685692,   96685692
  7586,   107,   27000000,  124598722,        1,   97598722,   97598722
  7586,   108,   27000000,  125594253,        1,   98594253,   98594253
  7586,   109,   27000000,  126779411,        1,   99779411,   99779411
  7586,   110,   27000000,  127732796,        1,  100732796,  100732796
  7586,   111,   27000000,  128924750,        1,  101924750,  101924750
  7586,   112,   27000000,  131581382,        1,  104581382,  104581382
  7586,   113,   27000000,  134839460,        1,  107839460,  107839460
  7586,   114,   27000000,  133769940,        1,  106769940,  106769940
  7586,   115,   27000000,  132728478,        1,  105728478,  105728478
  7586,   116,   27000000,  133705495,        1,  106705495,  106705495
  7586,   117,   27000000,  134624659,        1,  107624659,  107624659
  7586,   118,   27000000,  135564416,        1,  108564416,  108564416
  7586,   119,   27000000,  136548177,        1,  109548177,  109548177
  7586,   120,   27000000,  137515702,        1,  110515702,  110515702
  7586,   121,   27000000,  140468231,        1,  113468231,  113468231
  7586,   122,   27000000,  139647030,        1,  112647030,  112647030
  7586,   123,   27000000,  140542488,        1,  113542488,  113542488
  7586,   124,   27000000,  141541273,        1,  114541273,  114541273
  7586,   125,   27000000,  142484205,        1,  115484205,  115484205
  7586,   126,   27000000,  143419363,        1,  116419363,  116419363
  7586,   127,   27000000,  144673722,        1,  117673722,  117673722
  7586,   128,   27000000,  145962223,        1,  118962223,  118962223
  7586,   129,   27000000,  147635930,        1,  120635930,  120635930
  7586,   130,   27000000,  149550727,        1,  122550727,  122550727
  7586,   131,   27000000,  149829301,        1,  122829301,  122829301
  7586,   132,   27000000,  151666170,        1,  124666170,  124666170
  7586,   133,   27000000,  152586463,        1,  125586463,  125586463
  7586,   134,   27000000,  151502283,        1,  124502283,  124502283
  7586,   135,   27000000,  152451610,        1,  125451610,  125451610
  7586,   136,   27000000,  155647067,        1,  128647067,  128647067
  7586,   137,   27000000,  154621929,        1,  127621929,  127621929
  7586,   138,   27000000,  155571361,        1,  128571361,  128571361
  7586,   139,   27000000,  156493201,        1,  129493201,  129493201
  7586,   140,   27000000,  157936821,        1,  130936821,  130936821
  7586,   141,   27000000,  158327496,        1,  131327496,  131327496
  7586,   142,   27000000,  159246918,        1,  132246918,  132246918
  7586,   143,   27000000,  160153290,        1,  133153290,  133153290
  7586,   144,   27000000,  161122825,        1,  134122825,  134122825
  7586,   145,   27000000,  162334614,        1,  135334614,  135334614
  7586,   146,   27000000,  163276192,        1,  136276192,  136276192
  7586,   147,   27000000,  164251585,        1,  137251585,  137251585
  7586,   148,   27000000,  165184640,        1,  138184640,  138184640
  7586,   149,   27000000,  166422830,        1,  139422830,  139422830
  7586,   150,   27000000,  167367045,        1,  140367045,  140367045
  7586,   151,   27000000,  168368639,        1,  141368639,  141368639
  7586,   152,   27000000,  169275105,        1,  142275105,  142275105
  7586,   153,   27000000,  170216925,        1,  143216925,  143216925
  7586,   154,   27000000,  171166788,        1,  144166788,  144166788
  7586,   155,   27000000,  174144196,        1,  147144196,  147144196
  7586,   156,   27000000,  173068332,        1,  146068332,  146068332
  7586,   157,   27000000,  174026137,        1,  147026137,  147026137
  7586,   158,   27000000,  177215411,        1,  150215411,  150215411
  7586,   159,   27000000,  176194934,        1,  149194934,  149194934
  7586,   160,   27000000,  179192677,        1,  152192677,  152192677
  7586,   161,   27000000,  180136744,        1,  153136744,  153136744
  7586,   162,   27000000,  179413772,        1,  152413772,  152413772
  7586,   163,   27000000,  180351575,        1,  153351575,  153351575
  7586,   164,   27000000,  181221620,        1,  154221620,  154221620
  7586,   165,   27000000,  182153348,        1,  155153348,  155153348
  7586,   166,   27000000,  183083011,        1,  156083011,  156083011
  7586,   167,   27000000,  184325080,        1,  157325080,  157325080
  7586,   168,   27000000,  185280943,        1,  158280943,  158280943
  7586,   169,   27000000,  186251594,        1,  159251594,  159251594
  7586,   170,   27000000,  187219392,        1,  160219392,  160219392
  7586,   171,   27000000,  188155614,        1,  161155614,  161155614
  7586,   172,   27000000,  189166215,        1,  162166215,  162166215
  7586,   173,   27000000,  190114089,        1,  163114089,  163114089
  7586,   174,   27000000,  193047676,        1,  166047676,  166047676
  7586,   175,   27000000,  192660660,        1,  165660660,  165660660
  7586,   176,   27000000,  194900077,        1,  167900077,  167900077
  7586,   177,   27000000,  193745069,        1,  166745069,  166745069
  7586,   178,   27000000,  196684316,        1,  169684316,  169684316
  7586,   179,   27000000,  195647020,        1,  168647020,  168647020
  7586,   180,   27000000,  196961527,        1,  169961527,  169961527
  7586,   181,   27000000,  197854154,        1,  170854154,  170854154
  7586,   182,   27000000,  198832667,        1,  171832667,  171832667
  7586,   183,   27000000,  199715777,        1,  172715777,  172715777
  7586,   184,   27000000,  200609144,        1,  173609144,  173609144
  7586,   185,   27000000,  203743455,        1,  176743455,  176743455
  7586,   186,   27000000,  202723592,        1,  175723592,  175723592
  7586,   187,   27000000,  203956200,        1,  176956200,  176956200
  7586,   188,   27000000,  204884560,        1,  177884560,  177884560
  7586,   189,   27000000,  205805835,        1,  178805835,  178805835
  7586,   190,   27000000,  206710224,        1,  179710224,  179710224
  7586,   191,   27000000,  207635093,        1,  180635093,  180635093
  7586,   192,   27000000,  208596866,        1,  181596866,  181596866
  7586,   193,   27000000,  211479169,        1,  184479169,  184479169
  7586,   194,   27000000,  210806093,        1,  183806093,  183806093
  7586,   195,   27000000,  211761457,        1,  184761457,  184761457
  7586,   196,   27000000,  212674200,        1,  185674200,  185674200
  7586,   197,   27000000,  213616942,        1,  186616942,  186616942
  7586,   198,   27000000,  214766542,        1,  187766542,  187766542
  7586,   199,   27000000,  217777558,        1,  190777558,  190777558
  7586,   200,   27000000,  216885789,        1,  189885789,  189885789
  7586,   201,   27000000,  219633786,        1,  192633786,  192633786
  7586,   202,   27000000,  218591492,        1,  191591492,  191591492
  7586,   203,   27000000,  219785080,        1,  192785080,  192785080
  7586,   204,   27000000,  220693801,        1,  193693801,  193693801
  7586,   205,   27000000,  221685809,        1,  194685809,  194685809
  7586,   206,   27000000,  222645343,        1,  195645343,  195645343
  7586,   207,   27000000,  224974501,        1,  197974501,  197974501
  7586,   208,   27000000,  224521348,        1,  197521348,  197521348
  7586,   209,   27000000,  225441811,        1,  198441811,  198441811
  7586,   210,   27000000,  226406685,        1,  199406685,  199406685
  7586,   211,   27000000,  227352801,        1,  200352801,  200352801
  7586,   212,   27000000,  228361871,        1,  201361871,  201361871
  7586,   213,   27000000,  229260474,        1,  202260474,  202260474
  7586,   214,   27000000,  230193325,        1,  203193325,  203193325
  7586,   215,   27000000,  231119158,        1,  204119158,  204119158
  7586,   216,   27000000,  234102068,        1,  207102068,  207102068
  7586,   217,   27000000,  235269111,        1,  208269111,  208269111
  7586,   218,   27000000,  236066128,        1,  209066128,  209066128
  7586,   219,   27000000,  234834247,        1,  207834247,  207834247
  7586,   220,   27000000,  233725569,        1,  206725569,  206725569
  7586,   221,   27000000,  236883823,        1,  209883823,  209883823
  7586,   222,   27000000,  237817489,        1,  210817489,  210817489
  7586,   223,   27000000,  236744913,        1,  209744913,  209744913
  7586,   224,   27000000,  239731698,        1,  212731698,  212731698
  7586,   225,   27000000,  240902090,        1,  213902090,  213902090
  7586,   226,   27000000,  241791492,        1,  214791492,  214791492
  7586,   227,   27000000,  240708069,        1,  213708069,  213708069
  7586,   228,   27000000,  241705265,        1,  214705265,  214705265
  7586,   229,   27000000,  242603254,        1,  215603254,  215603254
  7586,   230,   27000000,  243550954,        1,  216550954,  216550954
  7586,   231,   27000000,  246413856,        1,  219413856,  219413856
  7586,   232,   27000000,  247386606,        1,  220386606,  220386606
  7586,   233,   27000000,  248340502,        1,  221340502,  221340502
  7586,   234,   27000000,  247825396,        1,  220825396,  220825396
  7586,   235,   27000000,  248508495,        1,  221508495,  221508495
  7586,   236,   27000000,  249468436,        1,  222468436,  222468436
  7586,   237,   27000000,  250418692,        1,  223418692,  223418692
  7586,   238,   27000000,  253490996,        1,  226490996,  226490996
  7586,   239,   27000000,  254344556,        1,  227344556,  227344556
  7586,   240,   27000000,  253292749,        1,  226292749,  226292749
  7586,   241,   27000000,  254241384,        1,  227241384,  227241384
  7586,   242,   27000000,  255168672,        1,  228168672,  228168672
  7586,   243,   27000000,  258126223,        1,  231126223,  231126223
  7586,   244,   27000000,  257027310,        1,  230027310,  230027310
  7586,   245,   27000000,  260042546,        1,  233042546,  233042546
  7586,   246,   27000000,  258983888,        1,  231983888,  231983888
  7586,   247,   27000000,  262007146,        1,  235007146,  235007146
  7586,   248,   27000000,  262353354,        1,  235353354,  235353354
  7586,   249,   27000000,  263728127,        1,  236728127,  236728127
  7586,   250,   27000000,  262668248,        1,  235668248,  235668248
  7586,   251,   27000000,  263613208,        1,  236613208,  236613208
  7586,   252,   27000000,  264784070,        1,  237784070,  237784070
  7586,   253,   27000000,  267736485,        1,  240736485,  240736485
  7586,   254,   27000000,  268640964,        1,  241640964,  241640964
  7586,   255,   27000000,  267533234,        1,  240533234,  240533234
  7586,   256,   27000000,  268680919,        1,  241680919,  241680919
  7586,   257,   27000000,  271631307,        1,  244631307,  244631307
  7586,   258,   27000000,  270513272,        1,  243513272,  243513272
  7586,   259,   27000000,  273372780,        1,  246372780,  246372780
  7586,   260,   27000000,  272336179,        1,  245336179,  245336179
  7586,   261,   27000000,  275453516,        1,  248453516,  248453516
  7586,   262,   27000000,  276127546,        1,  249127546,  249127546
  7586,   263,   27000000,  277312479,        1,  250312479,  250312479
  7586,   264,   27000000,  276460385,        1,  249460385,  249460385
  7586,   265,   27000000,  279219185,        1,  252219185,  252219185
  7586,   266,   27000000,  278084930,        1,  251084930,  251084930
  7586,   267,   27000000,  279054286,        1,  252054286,  252054286
  7586,   268,   27000000,  279991869,        1,  252991869,  252991869
  7586,   269,   27000000,  280912882,        1,  253912882,  253912882
  7586,   270,   27000000,  282055348,        1,  255055348,  255055348
  7586,   271,   27000000,  283122225,        1,  256122225,  256122225
  7586,   272,   27000000,  284100574,        1,  257100574,  257100574
  7586,   273,   27000000,  284988443,        1,  257988443,  257988443
  7586,   274,   27000000,  286338144,        1,  259338144,  259338144
  7586,   275,   27000000,  289184168,        1,  262184168,  262184168
  7586,   276,   27000000,  290279251,        1,  263279251,  263279251
  7586,   277,   27000000,  288957615,        1,  261957615,  261957615
  7586,   278,   27000000,  289971973,        1,  262971973,  262971973
  7586,   279,   27000000,  290924952,        1,  263924952,  263924952
  7586,   280,   27000000,  291874225,        1,  264874225,  264874225
  7586,   281,   27000000,  292944390,        1,  265944390,  265944390
  7586,   282,   27000000,  293912035,        1,  266912035,  266912035
  7586,   283,   27000000,  293193899,        1,  266193899,  266193899
  7586,   284,   27000000,  293672660,        1,  266672660,  266672660
  7586,   285,   27000000,  294873830,        1,  267873830,  267873830
  7586,   286,   27000000,  295578226,        1,  268578226,  268578226
  7586,   287,   27000000,  296527126,        1,  269527126,  269527126
  7586,   288,   27000000,  299423965,        1,  272423965,  272423965
  7586,   289,   27000000,  298337877,        1,  271337877,  271337877
  7586,   290,   27000000,  299248719,        1,  272248719,  272248719
  7586,   291,   27000000,  300175864,        1,  273175864,  273175864
  7586,   292,   27000000,  303144517,        1,  276144517,  276144517
  7586,   293,   27000000,  304067274,        1,  277067274,  277067274
  7586,   294,   27000000,  302953337,        1,  275953337,  275953337
  7586,   295,   27000000,  303877926,        1,  276877926,  276877926
  7586,   296,   27000000,  304789941,        1,  277789941,  277789941
  7586,   297,   27000000,  305754031,        1,  278754031,  278754031
  7586,   298,   27000000,  307650876,        1,  280650876,  280650876
  7586,   299,   27000000,  307623856,        1,  280623856,  280623856
  7586,   300,   27000000,  308601974,        1,  281601974,  281601974
  7586,   301,   27000000,  311793730,        1,  284793730,  284793730
  7586,   302,   27000000,  310626815,        1,  283626815,  283626815
  7586,   303,   27000000,  313569609,        1,  286569609,  286569609
  7586,   304,   27000000,  312445312,        1,  285445312,  285445312
  7586,   305,   27000000,  313417815,        1,  286417815,  286417815
  7586,   306,   27000000,  314536681,        1,  287536681,  287536681
  7586,   307,   27000000,  315448688,        1,  288448688,  288448688
  7586,   308,   27000000,  316435691,        1,  289435691,  289435691
  7586,   309,   27000000,  317329607,        1,  290329607,  290329607
  7586,   310,   27000000,  318525260,        1,  291525260,  291525260
  7586,   311,   27000000,  321466380,        1,  294466380,  294466380
  7586,   312,   27000000,  322369053,        1,  295369053,  295369053
  7586,   313,   27000000,  321391502,        1,  294391502,  294391502
  7586,   314,   27000000,  322346313,        1,  295346313,  295346313
  7586,   315,   27000000,  323287102,        1,  296287102,  296287102
  7586,   316,   27000000,  324221470,        1,  297221470,  297221470
  7586,   317,   27000000,  325252478,        1,  298252478,  298252478
  7586,   318,   27000000,  326168336,        1,  299168336,  299168336
  7586,   319,   27000000,  327382753,        1,  300382753,  300382753
  7586,   320,   27000000,  328403825,        1,  301403825,  301403825
  7586,   321,   27000000,  331352076,        1,  304352076,  304352076
  7586,   322,   27000000,  330733857,        1,  303733857,  303733857
  7586,   323,   27000000,  333320656,        1,  306320656,  306320656
  7586,   324,   27000000,  332182553,        1,  305182553,  305182553
  7586,   325,   27000000,  335117268,        1,  308117268,  308117268
  7586,   326,   27000000,  334034009,        1,  307034009,  307034009
  7586,   327,   27000000,  334977256,        1,  307977256,  307977256
  7586,   328,   27000000,  336306614,        1,  309306614,  309306614
  7586,   329,   27000000,  337093400,        1,  310093400,  310093400
  7586,   330,   27000000,  338106200,        1,  311106200,  311106200
  7586,   331,   27000000,  341063072,        1,  314063072,  314063072
  7586,   332,   27000000,  340255290,        1,  313255290,  313255290
  7586,   333,   27000000,  343054656,        1,  316054656,  316054656
  7586,   334,   27000000,  344051197,        1,  317051197,  317051197
  7586,   335,   27000000,  345034538,        1,  318034538,  318034538
  7586,   336,   27000000,  343934707,        1,  316934707,  316934707
  7586,   337,   27000000,  344841323,        1,  317841323,  317841323
  7586,   338,   27000000,  343871442,        1,  316871442,  316871442
  7586,   339,   27000000,  347048182,        1,  320048182,  320048182
  7586,   340,   27000000,  347546408,        1,  320546408,  320546408
  7586,   341,   27000000,  346730215,        1,  319730215,  319730215
  7586,   342,   27000000,  347574571,        1,  320574571,  320574571
  7586,   343,   27000000,  348539163,        1,  321539163,  321539163
  7586,   344,   27000000,  349501285,        1,  322501285,  322501285
  7586,   345,   27000000,  352453469,        1,  325453469,  325453469
  7586,   346,   27000000,  351586796,        1,  324586796,  324586796
  7586,   347,   27000000,  352492879,        1,  325492879,  325492879
  7586,   348,   27000000,  353426198,        1,  326426198,  326426198
  7586,   349,   27000000,  354461428,        1,  327461428,  327461428
  7586,   350,   27000000,  357516984,        1,  330516984,  330516984
  7586,   351,   27000000,  356336956,        1,  329336956,  329336956
  7586,   352,   27000000,  357226516,        1,  330226516,  330226516
  7586,   353,   27000000,  358227414,        1,  331227414,  331227414
  7586,   354,   27000000,  359205512,        1,  332205512,  332205512
  7586,   355,   27000000,  360430007,        1,  333430007,  333430007
  7586,   356,   27000000,  362848533,        1,  335848533,  335848533
  7586,   357,   27000000,  362050120,        1,  335050120,  335050120
  7586,   358,   27000000,  362996758,        1,  335996758,  335996758
  7586,   359,   27000000,  364342976,        1,  337342976,  337342976
  7586,   360,   27000000,  367169033,        1,  340169033,  340169033
  7586,   361,   27000000,  366099353,        1,  339099353,  339099353
  7586,   362,   27000000,  367093030,        1,  340093030,  340093030
  7586,   363,   27000000,  368077060,        1,  341077060,  341077060
  7586,   364,   27000000,  369612942,        1,  342612942,  342612942
  7586,   365,   27000000,  370164897,        1,  343164897,  343164897
  7586,   366,   27000000,  371110185,        1,  344110185,  344110185
  7586,   367,   27000000,  372079516,        1,  345079516,  345079516
  7586,   368,   27000000,  373046365,        1,  346046365,  346046365
  7586,   369,   27000000,  374012515,        1,  347012515,  347012515
  7586,   370,   27000000,  377027821,        1,  350027821,  350027821
  7586,   371,   27000000,  375998259,        1,  348998259,  348998259
  7586,   372,   27000000,  377028886,        1,  350028886,  350028886
  7586,   373,   27000000,  378312722,        1,  351312722,  351312722
  7586,   374,   27000000,  379328732,        1,  352328732,  352328732
# task NAME=myapp PID=7591 COST=9883000 PERIOD=14000000 CPU=0
  7591,     2,   14000000,      10320,        0,  -13989680,          0
  7591,     3,   14000000,     980377,        0,  -13019623,          0
  7591,     4,   14000000,   14214153,        1,     214153,     214153
  7591,     5,   14000000,   19618511,        1,    5618511,    5618511
  7591,     6,   14000000,   25119738,        1,   11119738,   11119738
  7591,     7,   14000000,   28525406,        1,   14525406,   14525406
  7591,     8,   14000000,   34176172,        1,   20176172,   20176172
  7591,     9,   14000000,   39580238,        1,   25580238,   25580238
  7591,    10,   14000000,   44943898,        1,   30943898,   30943898
  7591,    11,   14000000,   48295869,        1,   34295869,   34295869
  7591,    12,   14000000,   53728186,        1,   39728186,   39728186
  7591,    13,   14000000,   59120209,        1,   45120209,   45120209
  7591,    14,   14000000,   62505830,        1,   48505830,   48505830
  7591,    15,   14000000,   69886767,        1,   55886767,   55886767
  7591,    16,   14000000,   73266260,        1,   59266260,   59266260
  7591,    17,   14000000,   78511313,        1,   64511313,   64511313
  7591,    18,   14000000,   83954488,        1,   69954488,   69954488
  7591,    19,   14000000,   87313362,        1,   73313362,   73313362
  7591,    20,   14000000,   90650421,        1,   76650421,   76650421
  7591,    21,   14000000,   96011226,        1,   82011226,   82011226
  7591,    22,   14000000,  101395161,        1,   87395161,   87395161
  7591,    23,   14000000,  104774594,        1,   90774594,   90774594
  7591,    24,   14000000,  110159673,        1,   96159673,   96159673
  7591,    25,   14000000,  117500180,        1,  103500180,  103500180
  7591,    26,   14000000,  120931657,        1,  106931657,  106931657
  7591,    27,   14000000,  124415359,        1,  110415359,  110415359
  7591,    28,   14000000,  129787306,        1,  115787306,  115787306
  7591,    29,   14000000,  135185611,        1,  121185611,  121185611
  7591,    30,   14000000,  138535969,        1,  124535969,  124535969
  7591,    31,   14000000,  143884267,        1,  129884267,  129884267
  7591,    32,   14000000,  149331487,        1,  135331487,  135331487
  7591,    33,   14000000,  152702645,        1,  138702645,  138702645
  7591,    34,   14000000,  158101126,        1,  144101126,  144101126
  7591,    35,   14000000,  163764681,        1,  149764681,  149764681
  7591,    36,   14000000,  169153901,        1,  155153901,  155153901
  7591,    37,   14000000,  172457609,        1,  158457609,  158457609
  7591,    38,   14000000,  179872620,        1,  165872620,  165872620
  7591,    39,   14000000,  183256704,        1,  169256704,  169256704
  7591,    40,   14000000,  188636491,        1,  174636491,  174636491
  7591,    41,   14000000,  194788981,        1,  180788981,  180788981
  7591,    42,   14000000,  199559819,        1,  185559819,  185559819
  7591,    43,   14000000,  202950278,        1,  188950278,  188950278
  7591,    44,   14000000,  206319095,        1,  192319095,  192319095
  7591,    45,   14000000,  211802060,        1,  197802060,  197802060
  7591,    46,   14000000,  217187490,        1,  203187490,  203187490
  7591,    47,   14000000,  220536471,        1,  206536471,  206536471
  7591,    48,   14000000,  226137655,        1,  212137655,  212137655
  7591,    49,   14000000,  231486472,        1,  217486472,  217486472
  7591,    50,   14000000,  236899740,        1,  222899740,  222899740
  7591,    51,   14000000,  240264988,        1,  226264988,  226264988
  7591,    52,   14000000,  247633050,        1,  233633050,  233633050
  7591,    53,   14000000,  250983846,        1,  236983846,  236983846
  7591,    54,   14000000,  254314016,        1,  240314016,  240314016
  7591,    55,   14000000,  260009766,        1,  246009766,  246009766
  7591,    56,   14000000,  267334230,        1,  253334230,  253334230
  7591,    57,   14000000,  269044596,        1,  255044596,  255044596
  7591,    58,   14000000,  275984137,        1,  261984137,  261984137
  7591,    59,   14000000,  281357039,        1,  267357039,  267357039
  7591,    60,   14000000,  284146338,        1,  270146338,  270146338
  7591,    61,   14000000,  290133844,        1,  276133844,  276133844
  7591,    62,   14000000,  295502506,        1,  281502506,  281502506
  7591,    63,   14000000,  300840640,        1,  286840640,  286840640
  7591,    64,   14000000,  302173545,        1,  288173545,  288173545
  7591,    65,   14000000,  308097097,        1,  294097097,  294097097
  7591,    66,   14000000,  314917053,        1,  300917053,  300917053
  7591,    67,   14000000,  316277127,        1,  302277127,  302277127
  7591,    68,   14000000,  321939200,        1,  307939200,  307939200
  7591,    69,   14000000,  327311492,        1,  313311492,  313311492
  7591,    70,   14000000,  330662148,        1,  316662148,  316662148
  7591,    71,   14000000,  336038708,        1,  322038708,  322038708
  7591,    72,   14000000,  341426069,        1,  327426069,  327426069
  7591,    73,   14000000,  345575460,        1,  331575460,  331575460
  7591,    74,   14000000,  350150121,        1,  336150121,  336150121
  7591,    75,   14000000,  355545516,        1,  341545516,  341545516
  7591,    76,   14000000,  360934358,        1,  346934358,  346934358
  7591,    77,   14000000,  366269874,        1,  352269874,  352269874
  7591,    78,   14000000,  371606305,        1,  357606305,  357606305
# task NAME=myapp PID=7594 COST=64550000 PERIOD=96000000 CPU=0
  7594,     2,   96000000,       5884,        0,  -95994116,          0
  7594,     3,   96000000,    1007024,        0,  -94992976,          0
  7594,     4,   96000000,  122077103,        1,   26077103,   26077103
  7594,     5,   96000000,  149424675,        1,   53424675,   53424675
  7594,     6,   96000000,  173012580,        1,   77012580,   77012580
  7594,     7,   96000000,  201659924,        1,  105659924,  105659924
  7594,     8,   96000000,  224791924,        1,  128791924,  128791924
  7594,     9,   96000000,  254336121,        1,  158336121,  158336121
  7594,    10,   96000000,  281430690,        1,  185430690,  185430690
  7594,    11,   96000000,  306914255,        1,  210914255,  210914255
  7594,    12,   96000000,  332352899,        1,  236352899,  236352899
  7594,    13,   96000000,  360201180,        1,  264201180,  264201180
  7594,    14,   96000000,  384684020,        1,  288684020,  288684020
  7594,    15,   96000000,  412036956,        1,  316036956,  316036956
  7594,    16,   96000000,  439682242,        1,  343682242,  343682242
  7594,    17,   96000000,  466871866,        1,  370871866,  370871866
  7594,    18,   96000000,  492067644,        1,  396067644,  396067644
  7594,    19,   96000000,  521576745,        1,  425576745,  425576745
  7594,    20,   96000000,  544627520,        1,  448627520,  448627520
  7594,    21,   96000000,  571905528,        1,  475905528,  475905528
  7594,    22,   96000000,  599283506,        1,  503283506,  503283506
  7594,    23,   96000000,  624441813,        1,  528441813,  528441813
  7594,    24,   96000000,  653813153,        1,  557813153,  557813153
  7594,    25,   96000000,  679092030,        1,  583092030,  583092030
  7594,    26,   96000000,  704150170,        1,  608150170,  608150170
  7594,    27,   96000000,  731334586,        1,  635334586,  635334586
  7594,    28,   96000000,  765255141,        1,  669255141,  669255141
  7594,    29,   96000000,  790421376,        1,  694421376,  694421376
  7594,    30,   96000000,  816156689,        1,  720156689,  720156689
  7594,    31,   96000000,  843388231,        1,  747388231,  747388231
  7594,    32,   96000000,  870822303,        1,  774822303,  774822303
  7594,    33,   96000000,  896058745,        1,  800058745,  800058745
  7594,    34,   96000000,  926310844,        1,  830310844,  830310844
  7594,    35,   96000000,  948388929,        1,  852388929,  852388929
  7594,    36,   96000000,  975815766,        1,  879815766,  879815766
  7594,    37,   96000000, 1003181298,        1,  907181298,  907181298
  7594,    38,   96000000, 1030664418,        1,  934664418,  934664418
  7594,    39,   96000000, 1056097302,        1,  960097302,  960097302
  7594,    40,   96000000, 1083078255,        1,  987078255,  987078255
  7594,    41,   96000000, 1110318479,        1, 1014318479, 1014318479
  7594,    42,   96000000, 1135636507,        1, 1039636507, 1039636507
  7594,    43,   96000000, 1165192101,        1, 1069192101, 1069192101
  7594,    44,   96000000, 1190362461,        1, 1094362461, 1094362461
  7594,    45,   96000000, 1215733527,        1, 1119733527, 1119733527
  7594,    46,   96000000, 1243175339,        1, 1147175339, 1147175339
  7594,    47,   96000000, 1268630733,        1, 1172630733, 1172630733
  7594,    48,   96000000, 1296027369,        1, 1200027369, 1200027369
  7594,    49,   96000000, 1323487219,        1, 1227487219, 1227487219
  7594,    50,   96000000, 1348578748,        1, 1252578748, 1252578748
  7594,    51,   96000000, 1375813312,        1, 1279813312, 1279813312
  7594,    52,   96000000, 1403209359,        1, 1307209359, 1307209359
  7594,    53,   96000000, 1428574454,        1, 1332574454, 1332574454
  7594,    54,   96000000, 1455970629,        1, 1359970629, 1359970629
  7594,    55,   96000000, 1483399999,        1, 1387399999, 1387399999
  7594,    56,   96000000, 1510588682,        1, 1414588682, 1414588682
  7594,    57,   96000000, 1535756167,        1, 1439756167, 1439756167
  7594,    58,   96000000, 1564918150,        1, 1468918150, 1468918150
  7594,    59,   96000000, 1588292031,        1, 1492292031, 1492292031
  7594,    60,   96000000, 1615700667,        1, 1519700667, 1519700667
  7594,    61,   96000000, 1642965447,        1, 1546965447, 1546965447
  7594,    62,   96000000, 1668764078,        1, 1572764078, 1572764078
  7594,    63,   96000000, 1697661192,        1, 1601661192, 1601661192
  7594,    64,   96000000, 1722824983,        1, 1626824983, 1626824983
  7594,    65,   96000000, 1749114478,        1, 1653114478, 1653114478
  7594,    66,   96000000, 1775431684,        1, 1679431684, 1679431684
  7594,    67,   96000000, 1800752083,        1, 1704752083, 1704752083
  7594,    68,   96000000, 1828686934,        1, 1732686934, 1732686934
  7594,    69,   96000000, 1855332971,        1, 1759332971, 1759332971
  7594,    70,   96000000, 1882991512,        1, 1786991512, 1786991512
  7594,    71,   96000000, 1907906423,        1, 1811906423, 1811906423
  7594,    72,   96000000, 1937009889,        1, 1841009889, 1841009889
  7594,    73,   96000000, 1960385893,        1, 1864385893, 1864385893
  7594,    74,   96000000, 1987537463,        1, 1891537463, 1891537463
  7594,    75,   96000000, 2014825615,        1, 1918825615, 1918825615
  7594,    76,   96000000, 2040022008,        1, 1944022008, 1944022008
  7594,    77,   96000000, 2067396416,        1, 1971396416, 1971396416
  7594,    78,   96000000, 2094640335,        1, 1998640335, 1998640335
  7594,    79,   96000000, 2119797805,        1, 2023797805, 2023797805
  7594,    80,   96000000, 2149309758,        1, 2053309758, 2053309758
  7594,    81,   96000000, 2172703445,        1, 2076703445, 2076703445
  7594,    82,   96000000, 2199939612,        1, 2103939612, 2103939612
  7594,    83,   96000000, 2227206197,        1, 2131206197, 2131206197
  7594,    84,   96000000, 2254514997,        1, 2158514997, 2158514997
  7594,    85,   96000000, 2280175280,        1, 2184175280, 2184175280
  7594,    86,   96000000, 2309444499,        1, 2213444499, 2213444499
  7594,    87,   96000000, 2333270893,        1, 2237270893, 2237270893
  7594,    88,   96000000, 2360412848,        1, 2264412848, 2264412848
  7594,    89,   96000000, 2388165709,        1, 2292165709, 2292165709
  7594,    90,   96000000, 2415687796,        1, 2319687796, 2319687796
  7594,    91,   96000000, 2443266179,        1, 2347266179, 2347266179
# task NAME=myapp PID=7598 COST=34163000 PERIOD=67000000 CPU=0
  7598,     2,   67000000,      10727,        0,  -66989273,          0
  7598,     3,   67000000,     972053,        0,  -66027947,          0
  7598,     4,   67000000,   64635245,        0,   -2364755,          0
  7598,     5,   67000000,   63111162,        0,   -3888838,          0
  7598,     6,   67000000,   62101409,        0,   -4898591,          0
  7598,     7,   67000000,   63197816,        0,   -3802184,          0
  7598,     8,   67000000,   64503191,        0,   -2496809,          0
  7598,     9,   67000000,   63386771,        0,   -3613229,          0
  7598,    10,   67000000,   62350809,        0,   -4649191,          0
  7598,    11,   67000000,   63472238,        0,   -3527762,          0
  7598,    12,   67000000,   66176133,        0,    -823867,          0
  7598,    13,   67000000,   61506957,        0,   -5493043,          0
  7598,    14,   67000000,   62285463,        0,   -4714537,          0
  7598,    15,   67000000,   63164640,        0,   -3835360,          0
  7598,    16,   67000000,   66220013,        0,    -779987,          0
  7598,    17,   67000000,   61091893,        0,   -5908107,          0
  7598,    18,   67000000,   62181379,        0,   -4818621,          0
  7598,    19,   67000000,   63493505,        0,   -3506495,          0
  7598,    20,   67000000,   64281118,        0,   -2718882,          0
  7598,    21,   67000000,   61493890,        0,   -5506110,          0
  7598,    22,   67000000,   62241161,        0,   -4758839,          0
  7598,    23,   67000000,   63245712,        0,   -3754288,          0
  7598,    24,   67000000,   66163858,        0,    -836142,          0
  7598,    25,   67000000,   63096281,        0,   -3903719,          0
  7598,    26,   67000000,   62346520,        0,   -4653480,          0
  7598,    27,   67000000,   64985098,        0,   -2014902,          0
  7598,    28,   67000000,   64492776,        0,   -2507224,          0
  7598,    29,   67000000,   61217403,        0,   -5782597,          0
  7598,    30,   67000000,   62611867,        0,   -4388133,          0
  7598,    31,   67000000,   63174890,        0,   -3825110,          0
  7598,    32,   67000000,   64513573,        0,   -2486427,          0
  7598,    33,   67000000,   61182785,        0,   -5817215,          0
  7598,    34,   67000000,   62194102,        0,   -4805898,          0
  7598,    35,   67000000,   65251320,        0,   -1748680,          0
  7598,    36,   67000000,   64507918,        0,   -2492082,          0
  7598,    37,   67000000,   61895076,        0,   -5104924,          0
  7598,    38,   67000000,   64550383,        0,   -2449617,          0
  7598,    39,   67000000,   63477802,        0,   -3522198,          0
  7598,    40,   67000000,   66220960,        0,    -779040,          0
  7598,    41,   67000000,   63313223,        0,   -3686777,          0
  7598,    42,   67000000,   63013826,        0,   -3986174,          0
  7598,    43,   67000000,   63152269,        0,   -3847731,          0
  7598,    44,   67000000,   64190241,        0,   -2809759,          0
  7598,    45,   67000000,   63117218,        0,   -3882782,          0
  7598,    46,   67000000,   63532119,        0,   -3467881,          0
  7598,    47,   67000000,   63484031,        0,   -3515969,          0
  7598,    48,   67000000,   66203587,        0,    -796413,          0
  7598,    49,   67000000,   61243205,        0,   -5756795,          0
  7598,    50,   67000000,   62250454,        0,   -4749546,          0
  7598,    51,   67000000,   65218939,        0,   -1781061,          0
  7598,    52,   67000000,   64507499,        0,   -2492501,          0
  7598,    53,   67000000,   61183844,        0,   -5816156,          0
  7598,    54,   67000000,   64471445,        0,   -2528555,          0
  7598,    55,   67000000,   63734133,        0,   -3265867,          0
  7598,    56,   67000000,   64491751,        0,   -2508249,          0
  7598,    57,   67000000,   62581064,        0,   -4418936,          0
  7598,    58,   67000000,   64095979,        0,   -2904021,          0
  7598,    59,   67000000,   63249835,        0,   -3750165,          0
  7598,    60,   67000000,   64276470,        0,   -2723530,          0
  7598,    61,   67000000,   61524885,        0,   -5475115,          0
  7598,    62,   67000000,   64169681,        0,   -2830319,          0
  7598,    63,   67000000,   64835314,        0,   -2164686,          0
  7598,    64,   67000000,   66256623,        0,    -743377,          0
  7598,    65,   67000000,   63598608,        0,   -3401392,          0
  7598,    66,   67000000,   62344193,        0,   -4655807,          0
  7598,    67,   67000000,   65310050,        0,   -1689950,          0
  7598,    68,   67000000,   66153099,        0,    -846901,          0
  7598,    69,   67000000,   63412523,        0,   -3587477,          0
  7598,    70,   67000000,   62111234,        0,   -4888766,          0
  7598,    71,   67000000,   63451867,        0,   -3548133,          0
  7598,    72,   67000000,   64214061,        0,   -2785939,          0
  7598,    73,   67000000,   61304965,        0,   -5695035,          0
  7598,    74,   67000000,   64139989,        0,   -2860011,          0
  7598,    75,   67000000,   63197253,        0,   -3802747,          0
  7598,    76,   67000000,   64344449,        0,   -2655551,          0
  7598,    77,   67000000,   61381709,        0,   -5618291,          0
  7598,    78,   67000000,   62127343,        0,   -4872657,          0
  7598,    79,   67000000,   63503096,        0,   -3496904,          0
  7598,    80,   67000000,   66210607,        0,    -789393,          0
  7598,    81,   67000000,   61095178,        0,   -5904822,          0
  7598,    82,   67000000,   64083745,        0,   -2916255,          0
  7598,    83,   67000000,   63215260,        0,   -3784740,          0
  7598,    84,   67000000,   64301031,        0,   -2698969,          0
  7598,    85,   67000000,   63207782,        0,   -3792218,          0
  7598,    86,   67000000,   62416580,        0,   -4583420,          0
  7598,    87,   67000000,   64711534,        0,   -2288466,          0
  7598,    88,   67000000,   64267900,        0,   -2732100,          0
  7598,    89,   67000000,   61167020,        0,   -5832980,          0
  7598,    90,   67000000,   62437625,        0,   -4562375,          0
  7598,    91,   67000000,   63149258,        0,   -3850742,          0
  7598,    92,   67000000,   64214427,        0,   -2785573,          0
  7598,    93,   67000000,   61121905,        0,   -5878095,          0
  7598,    94,   67000000,   64158829,        0,   -2841171,          0
  7598,    95,   67000000,   63429381,        0,   -3570619,          0
  7598,    96,   67000000,   64181033,        0,   -2818967,          0
  7598,    97,   67000000,   61349542,        0,   -5650458,          0
  7598,    98,   67000000,   62164251,        0,   -4835749,          0
  7598,    99,   67000000,   64247299,        0,   -2752701,          0
  7598,   100,   67000000,   64263259,        0,   -2736741,          0
  7598,   101,   67000000,   61375435,        0,   -5624565,          0
  7598,   102,   67000000,   62073461,        0,   -4926539,          0
  7598,   103,   67000000,   63275124,        0,   -3724876,          0
  7598,   104,   67000000,   66313359,        0,    -686641,          0
  7598,   105,   67000000,   62410480,        0,   -4589520,          0
  7598,   106,   67000000,   62203075,        0,   -4796925,          0
  7598,   107,   67000000,   63509108,        0,   -3490892,          0
  7598,   108,   67000000,   64342218,        0,   -2657782,          0
  7598,   109,   67000000,   63036780,        0,   -3963220,          0
  7598,   110,   67000000,   62167074,        0,   -4832926,          0
  7598,   111,   67000000,   63189098,        0,   -3810902,          0
  7598,   112,   67000000,   64539398,        0,   -2460602,          0
  7598,   113,   67000000,   61167611,        0,   -5832389,          0
  7598,   114,   67000000,   65003006,        0,   -1996994,          0
  7598,   115,   67000000,   65255500,        0,   -1744500,          0
  7598,   116,   67000000,   64436754,        0,   -2563246,          0
  7598,   117,   67000000,   61143296,        0,   -5856704,          0
  7598,   118,   67000000,   64127695,        0,   -2872305,          0
  7598,   119,   67000000,   63162412,        0,   -3837588,          0
  7598,   120,   67000000,   64470780,        0,   -2529220,          0
  7598,   121,   67000000,   63220720,        0,   -3779280,          0
  7598,   122,   67000000,   64161333,        0,   -2838667,          0
  7598,   123,   67000000,   64657079,        0,   -2342921,          0
  7598,   124,   67000000,   64171287,        0,   -2828713,          0
  7598,   125,   67000000,   61199031,        0,   -5800969,          0
  7598,   126,   67000000,   62130901,        0,   -4869099,          0
  7598,   127,   67000000,   63181870,        0,   -3818130,          0
  7598,   128,   67000000,   64199528,        0,   -2800472,          0
  7598,   129,   67000000,   63483837,        0,   -3516163,          0
  7598,   130,   67000000,   64119071,        0,   -2880929,          0
  7598,   131,   67000000,   63468046,        0,   -3531954,          0
  7598,   132,   67000000,   64222186,        0,   -2777814,          0
  7598,   133,   67000000,   61226849,        0,   -5773151,          0
  7598,   134,   67000000,   62171706,        0,   -4828294,          0
  7598,   135,   67000000,   63568442,        0,   -3431558,          0
  7598,   136,   67000000,   64451589,        0,   -2548411,          0
  7598,   137,   67000000,   63137865,        0,   -3862135,          0
  7598,   138,   67000000,   64588277,        0,   -2411723,          0
  7598,   139,   67000000,   63205398,        0,   -3794602,          0
  7598,   140,   67000000,   64170755,        0,   -2829245,          0
  7598,   141,   67000000,   61243354,        0,   -5756646,          0
  7598,   142,   67000000,   64264424,        0,   -2735576,          0
  7598,   143,   67000000,   63230058,        0,   -3769942,          0
  7598,   144,   67000000,   64172415,        0,   -2827585,          0
  7598,   145,   67000000,   62571718,        0,   -4428282,          0
  7598,   146,   67000000,   64296013,        0,   -2703987,          0
  7598,   147,   67000000,   65231419,        0,   -1768581,          0
  7598,   148,   67000000,   64342142,        0,   -2657858,          0
  7598,   149,   67000000,   61268602,        0,   -5731398,          0
  7598,   150,   67000000,   64127278,        0,   -2872722,          0
  7598,   151,   67000000,   63729414,        0,   -3270586,          0
  7598,   152,   67000000,   66168247,        0,    -831753,          0
  7598,   153,   67000000,   61296851,        0,   -5703149,          0
# task NAME=myapp PID=7603 COST=34072000 PERIOD=100000000 CPU=0
  7603,     2,  100000000,      20310,        0,  -99979690,          0
  7603,     3,  100000000,     992213,        0,  -99007787,          0
  7603,     4,  100000000,   65144327,        0,  -34855673,          0
  7603,     5,  100000000,   63097898,        0,  -36902102,          0
  7603,     6,  100000000,   65076137,        0,  -34923863,          0
  7603,     7,  100000000,   62994886,        0,  -37005114,          0
  7603,     8,  100000000,   65131500,        0,  -34868500,          0
  7603,     9,  100000000,   63105309,        0,  -36894691,          0
  7603,    10,  100000000,   63144305,        0,  -36855695,          0
  7603,    11,  100000000,   65232006,        0,  -34767994,          0
  7603,    12,  100000000,   65072851,        0,  -34927149,          0
  7603,    13,  100000000,   65071554,        0,  -34928446,          0
  7603,    14,  100000000,   63235249,        0,  -36764751,          0
  7603,    15,  100000000,   63190794,        0,  -36809206,          0
  7603,    16,  100000000,   63341786,        0,  -36658214,          0
  7603,    17,  100000000,   65124103,        0,  -34875897,          0
  7603,    18,  100000000,   65210897,        0,  -34789103,          0
  7603,    19,  100000000,   63074682,        0,  -36925318,          0
  7603,    20,  100000000,   63249061,        0,  -36750939,          0
  7603,    21,  100000000,   63106041,        0,  -36893959,          0
  7603,    22,  100000000,   63127526,        0,  -36872474,          0
  7603,    23,  100000000,   63145370,        0,  -36854630,          0
  7603,    24,  100000000,   63126008,        0,  -36873992,          0
  7603,    25,  100000000,   65090630,        0,  -34909370,          0
  7603,    26,  100000000,   63097150,        0,  -36902850,          0
  7603,    27,  100000000,   65169612,        0,  -34830388,          0
  7603,    28,  100000000,   65176991,        0,  -34823009,          0
  7603,    29,  100000000,   63198465,        0,  -36801535,          0
  7603,    30,  100000000,   63110844,        0,  -36889156,          0
  7603,    31,  100000000,   65128929,        0,  -34871071,          0
  7603,    32,  100000000,   63066449,        0,  -36933551,          0
  7603,    33,  100000000,   63130710,        0,  -36869290,          0
  7603,    34,  100000000,   63160172,        0,  -36839828,          0
  7603,    35,  100000000,   65162764,        0,  -34837236,          0
  7603,    36,  100000000,   65091657,        0,  -34908343,          0
  7603,    37,  100000000,   63288214,        0,  -36711786,          0
  7603,    38,  100000000,   63150382,        0,  -36849618,          0
  7603,    39,  100000000,   65104728,        0,  -34895272,          0
  7603,    40,  100000000,   63370967,        0,  -36629033,          0
  7603,    41,  100000000,   63623533,        0,  -36376467,          0
  7603,    42,  100000000,   63054906,        0,  -36945094,          0
  7603,    43,  100000000,   65523858,        0,  -34476142,          0
  7603,    44,  100000000,   63203880,        0,  -36796120,          0
  7603,    45,  100000000,   63367737,        0,  -36632263,          0
  7603,    46,  100000000,   65479741,        0,  -34520259,          0
  7603,    47,  100000000,   63120782,        0,  -36879218,          0
  7603,    48,  100000000,   63083917,        0,  -36916083,          0
  7603,    49,  100000000,   63248479,        0,  -36751521,          0
  7603,    50,  100000000,   63326586,        0,  -36673414,          0
  7603,    51,  100000000,   65095818,        0,  -34904182,          0
  7603,    52,  100000000,   63256893,        0,  -36743107,          0
  7603,    53,  100000000,   65094108,        0,  -34905892,          0
  7603,    54,  100000000,   63184224,        0,  -36815776,          0
  7603,    55,  100000000,   65087661,        0,  -34912339,          0
  7603,    56,  100000000,   63438660,        0,  -36561340,          0
  7603,    57,  100000000,   65104829,        0,  -34895171,          0
  7603,    58,  100000000,   63170926,        0,  -36829074,          0
  7603,    59,  100000000,   63146768,        0,  -36853232,          0
  7603,    60,  100000000,   65394521,        0,  -34605479,          0
  7603,    61,  100000000,   63090610,        0,  -36909390,          0
  7603,    62,  100000000,   63218412,        0,  -36781588,          0
  7603,    63,  100000000,   63018676,        0,  -36981324,          0
  7603,    64,  100000000,   63932254,        0,  -36067746,          0
  7603,    65,  100000000,   65107763,        0,  -34892237,          0
  7603,    66,  100000000,   65132951,        0,  -34867049,          0
  7603,    67,  100000000,   63084616,        0,  -36915384,          0
  7603,    68,  100000000,   63116291,        0,  -36883709,          0
  7603,    69,  100000000,   65184834,        0,  -34815166,          0
  7603,    70,  100000000,   63132439,        0,  -36867561,          0
  7603,    71,  100000000,   63101901,        0,  -36898099,          0
  7603,    72,  100000000,   63508262,        0,  -36491738,          0
  7603,    73,  100000000,   63195896,        0,  -36804104,          0
  7603,    74,  100000000,   63117971,        0,  -36882029,          0
  7603,    75,  100000000,   63403688,        0,  -36596312,          0
  7603,    76,  100000000,   63363147,        0,  -36636853,          0
  7603,    77,  100000000,   65050761,        0,  -34949239,          0
  7603,    78,  100000000,   63154764,        0,  -36845236,          0
  7603,    79,  100000000,   63167594,        0,  -36832406,          0
  7603,    80,  100000000,   63133992,        0,  -36866008,          0
  7603,    81,  100000000,   65344911,        0,  -34655089,          0
  7603,    82,  100000000,   63126496,        0,  -36873504,          0
  7603,    83,  100000000,   63057374,        0,  -36942626,          0
  7603,    84,  100000000,   63098460,        0,  -36901540,          0
  7603,    85,  100000000,   63331046,        0,  -36668954,          0
  7603,    86,  100000000,   65274111,        0,  -34725889,          0
  7603,    87,  100000000,   63116220,        0,  -36883780,          0
  7603,    88,  100000000,   63071361,        0,  -36928639,          0
  7603,    89,  100000000,   63126781,        0,  -36873219,          0
  7603,    90,  100000000,   65273909,        0,  -34726091,          0
  7603,    91,  100000000,   65403114,        0,  -34596886,          0
  7603,    92,  100000000,   65100100,        0,  -34899900,          0
  7603,    93,  100000000,   65396065,        0,  -34603935,          0
  7603,    94,  100000000,   63161596,        0,  -36838404,          0
  7603,    95,  100000000,   63150802,        0,  -36849198,          0
  7603,    96,  100000000,   63432760,        0,  -36567240,          0
  7603,    97,  100000000,   63060846,        0,  -36939154,          0
  7603,    98,  100000000,   63111352,        0,  -36888648,          0
  7603,    99,  100000000,   64259047,        0,  -35740953,          0
  7603,   100,  100000000,   65629132,        0,  -34370868,          0
  7603,   101,  100000000,   63138105,        0,  -36861895,          0
  7603,   102,  100000000,   65120949,        0,  -34879051,          0
  7603,   103,  100000000,   63530835,        0,  -36469165,          0
  7603,   104,  100000000,   65221933,        0,  -34778067,          0
