# Task,   Job,     Period,   Response, DL Miss?,   Lateness,  Tardiness
# task NAME=myapp PID=6106 COST=39222000 PERIOD=61000000 CPU=0
  6106,     2,   61000000,      19964,        0,  -60980036,          0
  6106,     3,   61000000,     112031,        0,  -60887969,          0
  6106,     4,   61000000,   38831075,        0,  -22168925,          0
  6106,     5,   61000000,   48234120,        0,  -12765880,          0
  6106,     6,   61000000,   41811293,        0,  -19188707,          0
  6106,     7,   61000000,   39080876,        0,  -21919124,          0
  6106,     8,   61000000,   39290751,        0,  -21709249,          0
  6106,     9,   61000000,   39233201,        0,  -21766799,          0
  6106,    10,   61000000,   41056827,        0,  -19943173,          0
  6106,    11,   61000000,   38848949,        0,  -22151051,          0
  6106,    12,   61000000,   46668659,        0,  -14331341,          0
  6106,    13,   61000000,   38843135,        0,  -22156865,          0
  6106,    14,   61000000,   44245966,        0,  -16754034,          0
  6106,    15,   61000000,   43840873,        0,  -17159127,          0
  6106,    16,   61000000,   38801428,        0,  -22198572,          0
  6106,    17,   61000000,   38782949,        0,  -22217051,          0
  6106,    18,   61000000,   44040334,        0,  -16959666,          0
  6106,    19,   61000000,   38801055,        0,  -22198945,          0
  6106,    20,   61000000,   55605564,        0,   -5394436,          0
  6106,    21,   61000000,   38819758,        0,  -22180242,          0
  6106,    22,   61000000,   38849970,        0,  -22150030,          0
  6106,    23,   61000000,   43508889,        0,  -17491111,          0
  6106,    24,   61000000,   42870182,        0,  -18129818,          0
  6106,    25,   61000000,   46209104,        0,  -14790896,          0
  6106,    26,   61000000,   39092014,        0,  -21907986,          0
  6106,    27,   61000000,   38804264,        0,  -22195736,          0
  6106,    28,   61000000,   39344188,        0,  -21655812,          0
  6106,    29,   61000000,   49925739,        0,  -11074261,          0
  6106,    30,   61000000,   39083729,        0,  -21916271,          0
  6106,    31,   61000000,   38824660,        0,  -22175340,          0
  6106,    32,   61000000,   39100009,        0,  -21899991,          0
  6106,    33,   61000000,   38833476,        0,  -22166524,          0
  6106,    34,   61000000,   43715589,        0,  -17284411,          0
  6106,    35,   61000000,   41336996,        0,  -19663004,          0
  6106,    36,   61000000,   39066208,        0,  -21933792,          0
  6106,    37,   61000000,   46308063,        0,  -14691937,          0
  6106,    38,   61000000,   48063063,        0,  -12936937,          0
  6106,    39,   61000000,   50124936,        0,  -10875064,          0
  6106,    40,   61000000,   44973079,        0,  -16026921,          0
  6106,    41,   61000000,   38851313,        0,  -22148687,          0
  6106,    42,   61000000,   41069858,        0,  -19930142,          0
  6106,    43,   61000000,   43236868,        0,  -17763132,          0
  6106,    44,   61000000,   39093135,        0,  -21906865,          0
  6106,    45,   61000000,   38905943,        0,  -22094057,          0
  6106,    46,   61000000,   39108180,        0,  -21891820,          0
  6106,    47,   61000000,   44313925,        0,  -16686075,          0
  6106,    48,   61000000,   39103229,        0,  -21896771,          0
  6106,    49,   61000000,   38814604,        0,  -22185396,          0
  6106,    50,   61000000,   39153537,        0,  -21846463,          0
  6106,    51,   61000000,   52621106,        0,   -8378894,          0
  6106,    52,   61000000,   40416035,        0,  -20583965,          0
  6106,    53,   61000000,   38833632,        0,  -22166368,          0
  6106,    54,   61000000,   39347913,        0,  -21652087,          0
  6106,    55,   61000000,   39141551,        0,  -21858449,          0
  6106,    56,   61000000,   38835140,        0,  -22164860,          0
  6106,    57,   61000000,   38938083,        0,  -22061917,          0
  6106,    58,   61000000,   44198887,        0,  -16801113,          0
  6106,    59,   61000000,   54050181,        0,   -6949819,          0
  6106,    60,   61000000,   55864892,        0,   -5135108,          0
  6106,    61,   61000000,   38831144,        0,  -22168856,          0
  6106,    62,   61000000,   38840076,        0,  -22159924,          0
  6106,    63,   61000000,   38781102,        0,  -22218898,          0
  6106,    64,   61000000,   44888151,        0,  -16111849,          0
  6106,    65,   61000000,   45858426,        0,  -15141574,          0
  6106,    66,   61000000,   45302683,        0,  -15697317,          0
  6106,    67,   61000000,   38849029,        0,  -22150971,          0
  6106,    68,   61000000,   41033879,        0,  -19966121,          0
  6106,    69,   61000000,   39140210,        0,  -21859790,          0
  6106,    70,   61000000,   38962346,        0,  -22037654,          0
  6106,    71,   61000000,   39920538,        0,  -21079462,          0
  6106,    72,   61000000,   38836569,        0,  -22163431,          0
  6106,    73,   61000000,   43420574,        0,  -17579426,          0
  6106,    74,   61000000,   38796051,        0,  -22203949,          0
  6106,    75,   61000000,   39103321,        0,  -21896679,          0
  6106,    76,   61000000,   40469910,        0,  -20530090,          0
  6106,    77,   61000000,   41114023,        0,  -19885977,          0
  6106,    78,   61000000,   48096625,        0,  -12903375,          0
  6106,    79,   61000000,   39104756,        0,  -21895244,          0
  6106,    80,   61000000,   40049295,        0,  -20950705,          0
  6106,    81,   61000000,   39096842,        0,  -21903158,          0
  6106,    82,   61000000,   38782811,        0,  -22217189,          0
  6106,    83,   61000000,   39647500,        0,  -21352500,          0
  6106,    84,   61000000,   38795412,        0,  -22204588,          0
  6106,    85,   61000000,   39114623,        0,  -21885377,          0
  6106,    86,   61000000,   46331189,        0,  -14668811,          0
  6106,    87,   61000000,   57706052,        0,   -3293948,          0
  6106,    88,   61000000,   38781355,        0,  -22218645,          0
  6106,    89,   61000000,   39102528,        0,  -21897472,          0
  6106,    90,   61000000,   39883324,        0,  -21116676,          0
  6106,    91,   61000000,   49273222,        0,  -11726778,          0
  6106,    92,   61000000,   45939697,        0,  -15060303,          0
  6106,    93,   61000000,   44610797,        0,  -16389203,          0
  6106,    94,   61000000,   44272700,        0,  -16727300,          0
  6106,    95,   61000000,   43695870,        0,  -17304130,          0
  6106,    96,   61000000,   43063397,        0,  -17936603,          0
  6106,    97,   61000000,   41902055,        0,  -19097945,          0
  6106,    98,   61000000,   38818813,        0,  -22181187,          0
  6106,    99,   61000000,   51862666,        0,   -9137334,          0
  6106,   100,   61000000,   50102595,        0,  -10897405,          0
  6106,   101,   61000000,   54584371,        0,   -6415629,          0
  6106,   102,   61000000,   40063088,        0,  -20936912,          0
  6106,   103,   61000000,   38831355,        0,  -22168645,          0
  6106,   104,   61000000,   38871959,        0,  -22128041,          0
  6106,   105,   61000000,   38829863,        0,  -22170137,          0
  6106,   106,   61000000,   38784123,        0,  -22215877,          0
  6106,   107,   61000000,   45204531,        0,  -15795469,          0
  6106,   108,   61000000,   42808038,        0,  -18191962,          0
  6106,   109,   61000000,   43021798,        0,  -17978202,          0
  6106,   110,   61000000,   39091186,        0,  -21908814,          0
  6106,   111,   61000000,   38802441,        0,  -22197559,          0
  6106,   112,   61000000,   40162851,        0,  -20837149,          0
  6106,   113,   61000000,   38896694,        0,  -22103306,          0
  6106,   114,   61000000,   40519397,        0,  -20480603,          0
  6106,   115,   61000000,   41219069,        0,  -19780931,          0
  6106,   116,   61000000,   46994485,        0,  -14005515,          0
  6106,   117,   61000000,   38803669,        0,  -22196331,          0
  6106,   118,   61000000,   39084301,        0,  -21915699,          0
  6106,   119,   61000000,   38775164,        0,  -22224836,          0
  6106,   120,   61000000,   39112486,        0,  -21887514,          0
  6106,   121,   61000000,   40934876,        0,  -20065124,          0
  6106,   122,   61000000,   47524515,        0,  -13475485,          0
  6106,   123,   61000000,   40806710,        0,  -20193290,          0
  6106,   124,   61000000,   39072021,        0,  -21927979,          0
  6106,   125,   61000000,   41688791,        0,  -19311209,          0
  6106,   126,   61000000,   50279102,        0,  -10720898,          0
  6106,   127,   61000000,   38782939,        0,  -22217061,          0
  6106,   128,   61000000,   39802152,        0,  -21197848,          0
  6106,   129,   61000000,   45587624,        0,  -15412376,          0
  6106,   130,   61000000,   39152916,        0,  -21847084,          0
  6106,   131,   61000000,   38783639,        0,  -22216361,          0
  6106,   132,   61000000,   45063600,        0,  -15936400,          0
  6106,   133,   61000000,   39464093,        0,  -21535907,          0
  6106,   134,   61000000,   39092074,        0,  -21907926,          0
  6106,   135,   61000000,   38792017,        0,  -22207983,          0
  6106,   136,   61000000,   42085909,        0,  -18914091,          0
  6106,   137,   61000000,   38788112,        0,  -22211888,          0
  6106,   138,   61000000,   42551007,        0,  -18448993,          0
  6106,   139,   61000000,   38819820,        0,  -22180180,          0
  6106,   140,   61000000,   38784383,        0,  -22215617,          0
  6106,   141,   61000000,   38810397,        0,  -22189603,          0
  6106,   142,   61000000,   40473193,        0,  -20526807,          0
  6106,   143,   61000000,   38790050,        0,  -22209950,          0
  6106,   144,   61000000,   38787418,        0,  -22212582,          0
  6106,   145,   61000000,   50205661,        0,  -10794339,          0
  6106,   146,   61000000,   53552930,        0,   -7447070,          0
  6106,   147,   61000000,   41747816,        0,  -19252184,          0
  6106,   148,   61000000,   38822229,        0,  -22177771,          0
  6106,   149,   61000000,   38782695,        0,  -22217305,          0
  6106,   150,   61000000,   38893942,        0,  -22106058,          0
  6106,   151,   61000000,   40068166,        0,  -20931834,          0
  6106,   152,   61000000,   39173912,        0,  -21826088,          0
  6106,   153,   61000000,   39172478,        0,  -21827522,          0
  6106,   154,   61000000,   38826371,        0,  -22173629,          0
  6106,   155,   61000000,   39214772,        0,  -21785228,          0
  6106,   156,   61000000,   38787573,        0,  -22212427,          0
  6106,   157,   61000000,   40728914,        0,  -20271086,          0
  6106,   158,   61000000,   38794073,        0,  -22205927,          0
  6106,   159,   61000000,   49361350,        0,  -11638650,          0
  6106,   160,   61000000,   38790680,        0,  -22209320,          0
  6106,   161,   61000000,   39166842,        0,  -21833158,          0
  6106,   162,   61000000,   39181013,        0,  -21818987,          0
  6106,   163,   61000000,   42295217,        0,  -18704783,          0
  6106,   164,   61000000,   42504819,        0,  -18495181,          0
  6106,   165,   61000000,   53401986,        0,   -7598014,          0
  6106,   166,   61000000,   45578876,        0,  -15421124,          0
  6106,   167,   61000000,   39149099,        0,  -21850901,          0
# task NAME=myapp PID=6110 COST=4008000 PERIOD=21000000 CPU=0
  6110,     2,   21000000,      14048,        0,  -20985952,          0
  6110,     3,   21000000,      82368,        0,  -20917632,          0
  6110,     4,   21000000,    4024511,        0,  -16975489,          0
  6110,     5,   21000000,    3997350,        0,  -17002650,          0
  6110,     6,   21000000,    7411154,        0,  -13588846,          0
  6110,     7,   21000000,   22025149,        1,    1025149,    1025149
  6110,     8,   21000000,    4980421,        0,  -16019579,          0
  6110,     9,   21000000,    5457834,        0,  -15542166,          0
  6110,    10,   21000000,    4000834,        0,  -16999166,          0
  6110,    11,   21000000,    4035579,        0,  -16964421,          0
  6110,    12,   21000000,    7229876,        0,  -13770124,          0
  6110,    13,   21000000,   18560800,        0,   -2439200,          0
  6110,    14,   21000000,    4315777,        0,  -16684223,          0
  6110,    15,   21000000,    6038695,        0,  -14961305,          0
  6110,    16,   21000000,    4015442,        0,  -16984558,          0
  6110,    17,   21000000,    7891734,        0,  -13108266,          0
  6110,    18,   21000000,    4292350,        0,  -16707650,          0
  6110,    19,   21000000,    5128587,        0,  -15871413,          0
  6110,    20,   21000000,   19330511,        0,   -1669489,          0
  6110,    21,   21000000,    3992053,        0,  -17007947,          0
  6110,    22,   21000000,    5374212,        0,  -15625788,          0
  6110,    23,   21000000,    5425542,        0,  -15574458,          0
  6110,    24,   21000000,    6115266,        0,  -14884734,          0
  6110,    25,   21000000,    4210531,        0,  -16789469,          0
  6110,    26,   21000000,   10743626,        0,  -10256374,          0
  6110,    27,   21000000,    4026560,        0,  -16973440,          0
  6110,    28,   21000000,    6604721,        0,  -14395279,          0
  6110,    29,   21000000,    3991382,        0,  -17008618,          0
  6110,    30,   21000000,    5100146,        0,  -15899854,          0
  6110,    31,   21000000,    5264884,        0,  -15735116,          0
  6110,    32,   21000000,    4100712,        0,  -16899288,          0
  6110,    33,   21000000,   12974866,        0,   -8025134,          0
  6110,    34,   21000000,    7166122,        0,  -13833878,          0
  6110,    35,   21000000,    6910674,        0,  -14089326,          0
  6110,    36,   21000000,    3999039,        0,  -17000961,          0
  6110,    37,   21000000,    4300421,        0,  -16699579,          0
  6110,    38,   21000000,    6292784,        0,  -14707216,          0
  6110,    39,   21000000,    4986781,        0,  -16013219,          0
  6110,    40,   21000000,    6539090,        0,  -14460910,          0
  6110,    41,   21000000,    3999767,        0,  -17000233,          0
  6110,    42,   21000000,    3993365,        0,  -17006635,          0
  6110,    43,   21000000,    4317380,        0,  -16682620,          0
  6110,    44,   21000000,   18824027,        0,   -2175973,          0
  6110,    45,   21000000,   16501791,        0,   -4498209,          0
  6110,    46,   21000000,   17241964,        0,   -3758036,          0
  6110,    47,   21000000,    5096414,        0,  -15903586,          0
  6110,    48,   21000000,    4429412,        0,  -16570588,          0
  6110,    49,   21000000,    3989970,        0,  -17010030,          0
  6110,    50,   21000000,    4023261,        0,  -16976739,          0
  6110,    51,   21000000,    7862570,        0,  -13137430,          0
  6110,    52,   21000000,    4068699,        0,  -16931301,          0
  6110,    53,   21000000,    4477929,        0,  -16522071,          0
  6110,    54,   21000000,    4037338,        0,  -16962662,          0
  6110,    55,   21000000,    5434497,        0,  -15565503,          0
  6110,    56,   21000000,   16837598,        0,   -4162402,          0
  6110,    57,   21000000,    4317628,        0,  -16682372,          0
  6110,    58,   21000000,    8012968,        0,  -12987032,          0
  6110,    59,   21000000,    9537834,        0,  -11462166,          0
  6110,    60,   21000000,    3997156,        0,  -17002844,          0
  6110,    61,   21000000,    8161438,        0,  -12838562,          0
  6110,    62,   21000000,    5513342,        0,  -15486658,          0
  6110,    63,   21000000,    7088633,        0,  -13911367,          0
  6110,    64,   21000000,    4035792,        0,  -16964208,          0
  6110,    65,   21000000,    4280659,        0,  -16719341,          0
  6110,    66,   21000000,    4273082,        0,  -16726918,          0
  6110,    67,   21000000,    5100208,        0,  -15899792,          0
  6110,    68,   21000000,    5880240,        0,  -15119760,          0
  6110,    69,   21000000,    7621456,        0,  -13378544,          0
  6110,    70,   21000000,    6185452,        0,  -14814548,          0
  6110,    71,   21000000,   32164669,        1,   11164669,   11164669
  6110,    72,   21000000,   15128794,        0,   -5871206,          0
  6110,    73,   21000000,    4057168,        0,  -16942832,          0
  6110,    74,   21000000,    4049092,        0,  -16950908,          0
  6110,    75,   21000000,   10445523,        0,  -10554477,          0
  6110,    76,   21000000,   11022109,        0,   -9977891,          0
  6110,    77,   21000000,    9434855,        0,  -11565145,          0
  6110,    78,   21000000,    4015501,        0,  -16984499,          0
  6110,    79,   21000000,   14402284,        0,   -6597716,          0
  6110,    80,   21000000,    4292156,        0,  -16707844,          0
  6110,    81,   21000000,    4026151,        0,  -16973849,          0
  6110,    82,   21000000,    7514394,        0,  -13485606,          0
  6110,    83,   21000000,    4029789,        0,  -16970211,          0
  6110,    84,   21000000,    4092720,        0,  -16907280,          0
  6110,    85,   21000000,    5793736,        0,  -15206264,          0
  6110,    86,   21000000,    4035926,        0,  -16964074,          0
  6110,    87,   21000000,    5331502,        0,  -15668498,          0
  6110,    88,   21000000,    4314265,        0,  -16685735,          0
  6110,    89,   21000000,    7577324,        0,  -13422676,          0
  6110,    90,   21000000,    3994466,        0,  -17005534,          0
  6110,    91,   21000000,   20221547,        0,    -778453,          0
  6110,    92,   21000000,   15323686,        0,   -5676314,          0
  6110,    93,   21000000,    3993484,        0,  -17006516,          0
  6110,    94,   21000000,    4586235,        0,  -16413765,          0
  6110,    95,   21000000,    6030382,        0,  -14969618,          0
  6110,    96,   21000000,    4351667,        0,  -16648333,          0
  6110,    97,   21000000,    3991850,        0,  -17008150,          0
  6110,    98,   21000000,   13134846,        0,   -7865154,          0
  6110,    99,   21000000,    3990857,        0,  -17009143,          0
  6110,   100,   21000000,   16224509,        0,   -4775491,          0
  6110,   101,   21000000,    6889581,        0,  -14110419,          0
  6110,   102,   21000000,    5088296,        0,  -15911704,          0
  6110,   103,   21000000,    5249299,        0,  -15750701,          0
  6110,   104,   21000000,    5488998,        0,  -15511002,          0
  6110,   105,   21000000,    7038818,        0,  -13961182,          0
  6110,   106,   21000000,    6513942,        0,  -14486058,          0
  6110,   107,   21000000,    4026450,        0,  -16973550,          0
  6110,   108,   21000000,    4377482,        0,  -16622518,          0
  6110,   109,   21000000,    9203979,        0,  -11796021,          0
  6110,   110,   21000000,    4027503,        0,  -16972497,          0
  6110,   111,   21000000,   16737751,        0,   -4262249,          0
  6110,   112,   21000000,   17670179,        0,   -3329821,          0
  6110,   113,   21000000,    7607269,        0,  -13392731,          0
  6110,   114,   21000000,    5631146,        0,  -15368854,          0
  6110,   115,   21000000,    6464646,        0,  -14535354,          0
  6110,   116,   21000000,    4037938,        0,  -16962062,          0
  6110,   117,   21000000,    3989319,        0,  -17010681,          0
  6110,   118,   21000000,    6577842,        0,  -14422158,          0
  6110,   119,   21000000,    3991030,        0,  -17008970,          0
  6110,   120,   21000000,    6456815,        0,  -14543185,          0
  6110,   121,   21000000,    4051990,        0,  -16948010,          0
  6110,   122,   21000000,    4818001,        0,  -16181999,          0
  6110,   123,   21000000,    5180855,        0,  -15819145,          0
  6110,   124,   21000000,    5112210,        0,  -15887790,          0
  6110,   125,   21000000,    4108059,        0,  -16891941,          0
  6110,   126,   21000000,   12998188,        0,   -8001812,          0
  6110,   127,   21000000,    5144390,        0,  -15855610,          0
  6110,   128,   21000000,    3991146,        0,  -17008854,          0
  6110,   129,   21000000,    5785112,        0,  -15214888,          0
  6110,   130,   21000000,    8027063,        0,  -12972937,          0
  6110,   131,   21000000,    6294612,        0,  -14705388,          0
  6110,   132,   21000000,    3995514,        0,  -17004486,          0
  6110,   133,   21000000,    5356294,        0,  -15643706,          0
  6110,   134,   21000000,    4099991,        0,  -16900009,          0
  6110,   135,   21000000,    3992046,        0,  -17007954,          0
  6110,   136,   21000000,    4032307,        0,  -16967693,          0
  6110,   137,   21000000,    9614587,        0,  -11385413,          0
  6110,   138,   21000000,   16071920,        0,   -4928080,          0
  6110,   139,   21000000,   10504692,        0,  -10495308,          0
  6110,   140,   21000000,   17434713,        0,   -3565287,          0
  6110,   141,   21000000,    4027907,        0,  -16972093,          0
  6110,   142,   21000000,    4030366,        0,  -16969634,          0
  6110,   143,   21000000,    6753555,        0,  -14246445,          0
  6110,   144,   21000000,    3992717,        0,  -17007283,          0
  6110,   145,   21000000,    5031015,        0,  -15968985,          0
  6110,   146,   21000000,    4349760,        0,  -16650240,          0
  6110,   147,   21000000,   12665268,        0,   -8334732,          0
  6110,   148,   21000000,    4030247,        0,  -16969753,          0
  6110,   149,   21000000,    3999666,        0,  -17000334,          0
  6110,   150,   21000000,    7189821,        0,  -13810179,          0
  6110,   151,   21000000,    4103295,        0,  -16896705,          0
  6110,   152,   21000000,    4044895,        0,  -16955105,          0
  6110,   153,   21000000,    4330165,        0,  -16669835,          0
  6110,   154,   21000000,    4060870,        0,  -16939130,          0
  6110,   155,   21000000,    7761431,        0,  -13238569,          0
  6110,   156,   21000000,    4016166,        0,  -16983834,          0
  6110,   157,   21000000,    3995688,        0,  -17004312,          0
  6110,   158,   21000000,    9191483,        0,  -11808517,          0
  6110,   159,   21000000,    5411344,        0,  -15588656,          0
  6110,   160,   21000000,    4050856,        0,  -16949144,          0
  6110,   161,   21000000,    6229054,        0,  -14770946,          0
  6110,   162,   21000000,    4606630,        0,  -16393370,          0
  6110,   163,   21000000,    4001441,        0,  -16998559,          0
  6110,   164,   21000000,    5552738,        0,  -15447262,          0
  6110,   165,   21000000,   16905860,        0,   -4094140,          0
  6110,   166,   21000000,   12832496,        0,   -8167504,          0
  6110,   167,   21000000,    3993413,        0,  -17006587,          0
  6110,   168,   21000000,    4005031,        0,  -16994969,          0
  6110,   169,   21000000,   19573088,        0,   -1426912,          0
  6110,   170,   21000000,    4370247,        0,  -16629753,          0
  6110,   171,   21000000,    4287016,        0,  -16712984,          0
  6110,   172,   21000000,    3992049,        0,  -17007951,          0
  6110,   173,   21000000,    4058497,        0,  -16941503,          0
  6110,   174,   21000000,    4171508,        0,  -16828492,          0
  6110,   175,   21000000,    4315589,        0,  -16684411,          0
  6110,   176,   21000000,   14867695,        0,   -6132305,          0
  6110,   177,   21000000,    4073695,        0,  -16926305,          0
  6110,   178,   21000000,    4013569,        0,  -16986431,          0
  6110,   179,   21000000,   14268217,        0,   -6731783,          0
  6110,   180,   21000000,    3990257,        0,  -17009743,          0
  6110,   181,   21000000,    3989322,        0,  -17010678,          0
  6110,   182,   21000000,    5333722,        0,  -15666278,          0
  6110,   183,   21000000,   17930827,        0,   -3069173,          0
  6110,   184,   21000000,    4052380,        0,  -16947620,          0
  6110,   185,   21000000,    3998438,        0,  -17001562,          0
  6110,   186,   21000000,    6491129,        0,  -14508871,          0
  6110,   187,   21000000,   20163129,        0,    -836871,          0
  6110,   188,   21000000,    4270848,        0,  -16729152,          0
  6110,   189,   21000000,    4068176,        0,  -16931824,          0
  6110,   190,   21000000,   17045243,        0,   -3954757,          0
  6110,   191,   21000000,    4124311,        0,  -16875689,          0
  6110,   192,   21000000,    5294999,        0,  -15705001,          0
  6110,   193,   21000000,    4026617,        0,  -16973383,          0
  6110,   194,   21000000,    4044138,        0,  -16955862,          0
  6110,   195,   21000000,    4027211,        0,  -16972789,          0
  6110,   196,   21000000,    5360946,        0,  -15639054,          0
  6110,   197,   21000000,    8998917,        0,  -12001083,          0
  6110,   198,   21000000,    4072105,        0,  -16927895,          0
  6110,   199,   21000000,   19907256,        0,   -1092744,          0
  6110,   200,   21000000,    4234765,        0,  -16765235,          0
  6110,   201,   21000000,    3992501,        0,  -17007499,          0
  6110,   202,   21000000,    5822557,        0,  -15177443,          0
  6110,   203,   21000000,    4051220,        0,  -16948780,          0
  6110,   204,   21000000,    4028354,        0,  -16971646,          0
  6110,   205,   21000000,    8618148,        0,  -12381852,          0
  6110,   206,   21000000,    6348907,        0,  -14651093,          0
  6110,   207,   21000000,    5305185,        0,  -15694815,          0
  6110,   208,   21000000,    4331653,        0,  -16668347,          0
  6110,   209,   21000000,    4028729,        0,  -16971271,          0
  6110,   210,   21000000,   15718847,        0,   -5281153,          0
  6110,   211,   21000000,   14970385,        0,   -6029615,          0
  6110,   212,   21000000,    3992866,        0,  -17007134,          0
  6110,   213,   21000000,   11159108,        0,   -9840892,          0
  6110,   214,   21000000,    7161088,        0,  -13838912,          0
  6110,   215,   21000000,    5807255,        0,  -15192745,          0
  6110,   216,   21000000,    9984298,        0,  -11015702,          0
  6110,   217,   21000000,    4036804,        0,  -16963196,          0
  6110,   218,   21000000,    7298709,        0,  -13701291,          0
  6110,   219,   21000000,    4125081,        0,  -16874919,          0
  6110,   220,   21000000,   10397797,        0,  -10602203,          0
  6110,   221,   21000000,    6099313,        0,  -14900687,          0
  6110,   222,   21000000,    4812793,        0,  -16187207,          0
  6110,   223,   21000000,    4108087,        0,  -16891913,          0
  6110,   224,   21000000,    3990050,        0,  -17009950,          0
  6110,   225,   21000000,   10661098,        0,  -10338902,          0
  6110,   226,   21000000,    4029036,        0,  -16970964,          0
  6110,   227,   21000000,    4021586,        0,  -16978414,          0
  6110,   228,   21000000,    4401847,        0,  -16598153,          0
  6110,   229,   21000000,    6699822,        0,  -14300178,          0
  6110,   230,   21000000,    4548478,        0,  -16451522,          0
  6110,   231,   21000000,    9618290,        0,  -11381710,          0
  6110,   232,   21000000,    4019051,        0,  -16980949,          0
  6110,   233,   21000000,    8318754,        0,  -12681246,          0
  6110,   234,   21000000,   11768793,        0,   -9231207,          0
  6110,   235,   21000000,    3998223,        0,  -17001777,          0
  6110,   236,   21000000,    3990331,        0,  -17009669,          0
  6110,   237,   21000000,   10459140,        0,  -10540860,          0
  6110,   238,   21000000,    5961064,        0,  -15038936,          0
  6110,   239,   21000000,    4027214,        0,  -16972786,          0
  6110,   240,   21000000,    4023289,        0,  -16976711,          0
  6110,   241,   21000000,    4943582,        0,  -16056418,          0
  6110,   242,   21000000,    8035127,        0,  -12964873,          0
  6110,   243,   21000000,   12297344,        0,   -8702656,          0
  6110,   244,   21000000,    8443988,        0,  -12556012,          0
  6110,   245,   21000000,    8725642,        0,  -12274358,          0
  6110,   246,   21000000,    4323468,        0,  -16676532,          0
  6110,   247,   21000000,    4054493,        0,  -16945507,          0
  6110,   248,   21000000,    3991722,        0,  -17008278,          0
  6110,   249,   21000000,    3994006,        0,  -17005994,          0
  6110,   250,   21000000,   19090277,        0,   -1909723,          0
  6110,   251,   21000000,    9852469,        0,  -11147531,          0
  6110,   252,   21000000,    4055306,        0,  -16944694,          0
  6110,   253,   21000000,    4393214,        0,  -16606786,          0
  6110,   254,   21000000,   17769585,        0,   -3230415,          0
  6110,   255,   21000000,    3996739,        0,  -17003261,          0
  6110,   256,   21000000,    5289036,        0,  -15710964,          0
  6110,   257,   21000000,    7868139,        0,  -13131861,          0
  6110,   258,   21000000,    4004926,        0,  -16995074,          0
  6110,   259,   21000000,    5920773,        0,  -15079227,          0
  6110,   260,   21000000,    4440852,        0,  -16559148,          0
  6110,   261,   21000000,    3994197,        0,  -17005803,          0
  6110,   262,   21000000,    4005823,        0,  -16994177,          0
  6110,   263,   21000000,   10370867,        0,  -10629133,          0
  6110,   264,   21000000,    8763973,        0,  -12236027,          0
  6110,   265,   21000000,    4163903,        0,  -16836097,          0
  6110,   266,   21000000,   26574738,        1,    5574738,    5574738
  6110,   267,   21000000,    9537488,        0,  -11462512,          0
  6110,   268,   21000000,    5391679,        0,  -15608321,          0
  6110,   269,   21000000,   18987649,        0,   -2012351,          0
  6110,   270,   21000000,    4029412,        0,  -16970588,          0
  6110,   271,   21000000,    5317207,        0,  -15682793,          0
  6110,   272,   21000000,    6634288,        0,  -14365712,          0
  6110,   273,   21000000,   10709230,        0,  -10290770,          0
  6110,   274,   21000000,    7314131,        0,  -13685869,          0
  6110,   275,   21000000,    4984127,        0,  -16015873,          0
  6110,   276,   21000000,    3986025,        0,  -17013975,          0
  6110,   277,   21000000,    8566049,        0,  -12433951,          0
  6110,   278,   21000000,   14842126,        0,   -6157874,          0
  6110,   279,   21000000,    3999369,        0,  -17000631,          0
  6110,   280,   21000000,    8378359,        0,  -12621641,          0
  6110,   281,   21000000,    4120000,        0,  -16880000,          0
  6110,   282,   21000000,   19413007,        0,   -1586993,          0
  6110,   283,   21000000,    4121820,        0,  -16878180,          0
  6110,   284,   21000000,    6040078,        0,  -14959922,          0
  6110,   285,   21000000,    9316443,        0,  -11683557,          0
  6110,   286,   21000000,    6199011,        0,  -14800989,          0
  6110,   287,   21000000,    8168576,        0,  -12831424,          0
  6110,   288,   21000000,    5651212,        0,  -15348788,          0
  6110,   289,   21000000,    9270408,        0,  -11729592,          0
  6110,   290,   21000000,    5621672,        0,  -15378328,          0
  6110,   291,   21000000,   17057103,        0,   -3942897,          0
  6110,   292,   21000000,    8490607,        0,  -12509393,          0
  6110,   293,   21000000,    6641492,        0,  -14358508,          0
  6110,   294,   21000000,    4065964,        0,  -16934036,          0
  6110,   295,   21000000,   13690369,        0,   -7309631,          0
  6110,   296,   21000000,    4287927,        0,  -16712073,          0
  6110,   297,   21000000,    4369411,        0,  -16630589,          0
  6110,   298,   21000000,    4001589,        0,  -16998411,          0
  6110,   299,   21000000,    4881010,        0,  -16118990,          0
  6110,   300,   21000000,    3991028,        0,  -17008972,          0
  6110,   301,   21000000,    8565300,        0,  -12434700,          0
  6110,   302,   21000000,    5169186,        0,  -15830814,          0
  6110,   303,   21000000,    4059911,        0,  -16940089,          0
  6110,   304,   21000000,    4023853,        0,  -16976147,          0
  6110,   305,   21000000,    4112717,        0,  -16887283,          0
  6110,   306,   21000000,    6042611,        0,  -14957389,          0
  6110,   307,   21000000,    4047745,        0,  -16952255,          0
  6110,   308,   21000000,    4014432,        0,  -16985568,          0
  6110,   309,   21000000,    6578904,        0,  -14421096,          0
  6110,   310,   21000000,   11900380,        0,   -9099620,          0
  6110,   311,   21000000,    5039361,        0,  -15960639,          0
  6110,   312,   21000000,    3980536,        0,  -17019464,          0
  6110,   313,   21000000,    4081557,        0,  -16918443,          0
  6110,   314,   21000000,    3991777,        0,  -17008223,          0
  6110,   315,   21000000,    4029581,        0,  -16970419,          0
  6110,   316,   21000000,    4595283,        0,  -16404717,          0
  6110,   317,   21000000,    4235501,        0,  -16764499,          0
  6110,   318,   21000000,   13329000,        0,   -7671000,          0
  6110,   319,   21000000,    5969995,        0,  -15030005,          0
  6110,   320,   21000000,   15259235,        0,   -5740765,          0
  6110,   321,   21000000,   25840308,        1,    4840308,    4840308
  6110,   322,   21000000,    8803337,        0,  -12196663,          0
  6110,   323,   21000000,    8462215,        0,  -12537785,          0
  6110,   324,   21000000,    4000333,        0,  -16999667,          0
  6110,   325,   21000000,    4441754,        0,  -16558246,          0
  6110,   326,   21000000,    4014696,        0,  -16985304,          0
  6110,   327,   21000000,    3991040,        0,  -17008960,          0
  6110,   328,   21000000,    4030771,        0,  -16969229,          0
  6110,   329,   21000000,    6027250,        0,  -14972750,          0
  6110,   330,   21000000,    4022663,        0,  -16977337,          0
  6110,   331,   21000000,    3986350,        0,  -17013650,          0
  6110,   332,   21000000,    4273018,        0,  -16726982,          0
  6110,   333,   21000000,   10031490,        0,  -10968510,          0
  6110,   334,   21000000,    4104400,        0,  -16895600,          0
  6110,   335,   21000000,    4027018,        0,  -16972982,          0
  6110,   336,   21000000,    3996097,        0,  -17003903,          0
  6110,   337,   21000000,    4022807,        0,  -16977193,          0
  6110,   338,   21000000,    4318692,        0,  -16681308,          0
  6110,   339,   21000000,    4023127,        0,  -16976873,          0
  6110,   340,   21000000,    4043166,        0,  -16956834,          0
  6110,   341,   21000000,    4000487,        0,  -16999513,          0
  6110,   342,   21000000,    4026710,        0,  -16973290,          0
  6110,   343,   21000000,    4115657,        0,  -16884343,          0
  6110,   344,   21000000,    7342968,        0,  -13657032,          0
  6110,   345,   21000000,    5270432,        0,  -15729568,          0
  6110,   346,   21000000,    5554633,        0,  -15445367,          0
  6110,   347,   21000000,    3993931,        0,  -17006069,          0
  6110,   348,   21000000,    5265407,        0,  -15734593,          0
  6110,   349,   21000000,   11924959,        0,   -9075041,          0
  6110,   350,   21000000,    4290451,        0,  -16709549,          0
  6110,   351,   21000000,    4049235,        0,  -16950765,          0
  6110,   352,   21000000,    5482539,        0,  -15517461,          0
  6110,   353,   21000000,   22191337,        1,    1191337,    1191337
  6110,   354,   21000000,    5154681,        0,  -15845319,          0
  6110,   355,   21000000,    4166945,        0,  -16833055,          0
  6110,   356,   21000000,    4024753,        0,  -16975247,          0
  6110,   357,   21000000,    4201344,        0,  -16798656,          0
  6110,   358,   21000000,    5198032,        0,  -15801968,          0
  6110,   359,   21000000,    4157329,        0,  -16842671,          0
  6110,   360,   21000000,    4043673,        0,  -16956327,          0
  6110,   361,   21000000,    8755954,        0,  -12244046,          0
  6110,   362,   21000000,    4494680,        0,  -16505320,          0
  6110,   363,   21000000,    3993617,        0,  -17006383,          0
  6110,   364,   21000000,   15709954,        0,   -5290046,          0
  6110,   365,   21000000,    4561867,        0,  -16438133,          0
  6110,   366,   21000000,    3989504,        0,  -17010496,          0
  6110,   367,   21000000,   11174141,        0,   -9825859,          0
  6110,   368,   21000000,    5050731,        0,  -15949269,          0
  6110,   369,   21000000,    4005461,        0,  -16994539,          0
  6110,   370,   21000000,    6219212,        0,  -14780788,          0
  6110,   371,   21000000,    7163581,        0,  -13836419,          0
  6110,   372,   21000000,    4106460,        0,  -16893540,          0
  6110,   373,   21000000,   18557745,        0,   -2442255,          0
  6110,   374,   21000000,    3994439,        0,  -17005561,          0
  6110,   375,   21000000,    4034303,        0,  -16965697,          0
  6110,   376,   21000000,   22955882,        1,    1955882,    1955882
  6110,   377,   21000000,    5920270,        0,  -15079730,          0
  6110,   378,   21000000,    4035834,        0,  -16964166,          0
  6110,   379,   21000000,   17552462,        0,   -3447538,          0
  6110,   380,   21000000,    4025828,        0,  -16974172,          0
  6110,   381,   21000000,    4033827,        0,  -16966173,          0
  6110,   382,   21000000,    4334867,        0,  -16665133,          0
  6110,   383,   21000000,    3993270,        0,  -17006730,          0
  6110,   384,   21000000,   17910869,        0,   -3089131,          0
  6110,   385,   21000000,   17359269,        0,   -3640731,          0
  6110,   386,   21000000,    6573349,        0,  -14426651,          0
  6110,   387,   21000000,    3992331,        0,  -17007669,          0
  6110,   388,   21000000,    4371847,        0,  -16628153,          0
  6110,   389,   21000000,    3989782,        0,  -17010218,          0
  6110,   390,   21000000,   13294299,        0,   -7705701,          0
  6110,   391,   21000000,    4562737,        0,  -16437263,          0
  6110,   392,   21000000,    4006276,        0,  -16993724,          0
  6110,   393,   21000000,    5727155,        0,  -15272845,          0
  6110,   394,   21000000,    6059081,        0,  -14940919,          0
  6110,   395,   21000000,    8804016,        0,  -12195984,          0
  6110,   396,   21000000,   17071719,        0,   -3928281,          0
  6110,   397,   21000000,    6813245,        0,  -14186755,          0
  6110,   398,   21000000,    5101819,        0,  -15898181,          0
  6110,   399,   21000000,    4176777,        0,  -16823223,          0
  6110,   400,   21000000,    4242343,        0,  -16757657,          0
  6110,   401,   21000000,    5422317,        0,  -15577683,          0
  6110,   402,   21000000,    4033328,        0,  -16966672,          0
  6110,   403,   21000000,    8982679,        0,  -12017321,          0
  6110,   404,   21000000,    4115549,        0,  -16884451,          0
  6110,   405,   21000000,    6144548,        0,  -14855452,          0
  6110,   406,   21000000,    4018372,        0,  -16981628,          0
  6110,   407,   21000000,    4062027,        0,  -16937973,          0
  6110,   408,   21000000,    4656689,        0,  -16343311,          0
  6110,   409,   21000000,    4896126,        0,  -16103874,          0
  6110,   410,   21000000,    3991190,        0,  -17008810,          0
  6110,   411,   21000000,    4059602,        0,  -16940398,          0
  6110,   412,   21000000,    3990872,        0,  -17009128,          0
  6110,   413,   21000000,   11973847,        0,   -9026153,          0
  6110,   414,   21000000,    4021186,        0,  -16978814,          0
  6110,   415,   21000000,   17945934,        0,   -3054066,          0
  6110,   416,   21000000,    5211935,        0,  -15788065,          0
  6110,   417,   21000000,    3994683,        0,  -17005317,          0
  6110,   418,   21000000,    4082650,        0,  -16917350,          0
  6110,   419,   21000000,    3996974,        0,  -17003026,          0
  6110,   420,   21000000,   22365880,        1,    1365880,    1365880
  6110,   421,   21000000,    5331610,        0,  -15668390,          0
  6110,   422,   21000000,    4000765,        0,  -16999235,          0
  6110,   423,   21000000,    4477660,        0,  -16522340,          0
  6110,   424,   21000000,    4854653,        0,  -16145347,          0
  6110,   425,   21000000,    5317534,        0,  -15682466,          0
  6110,   426,   21000000,    6465888,        0,  -14534112,          0
  6110,   427,   21000000,    4192239,        0,  -16807761,          0
  6110,   428,   21000000,   13718816,        0,   -7281184,          0
  6110,   429,   21000000,    4904530,        0,  -16095470,          0
  6110,   430,   21000000,    4088650,        0,  -16911350,          0
  6110,   431,   21000000,   10288373,        0,  -10711627,          0
  6110,   432,   21000000,    3990577,        0,  -17009423,          0
  6110,   433,   21000000,    5338914,        0,  -15661086,          0
  6110,   434,   21000000,   14306312,        0,   -6693688,          0
  6110,   435,   21000000,    3997355,        0,  -17002645,          0
  6110,   436,   21000000,    4053774,        0,  -16946226,          0
  6110,   437,   21000000,    7454608,        0,  -13545392,          0
  6110,   438,   21000000,    4021098,        0,  -16978902,          0
  6110,   439,   21000000,    3994408,        0,  -17005592,          0
  6110,   440,   21000000,    5018838,        0,  -15981162,          0
  6110,   441,   21000000,   14179961,        0,   -6820039,          0
  6110,   442,   21000000,   11229869,        0,   -9770131,          0
  6110,   443,   21000000,   11640251,        0,   -9359749,          0
  6110,   444,   21000000,    3995928,        0,  -17004072,          0
  6110,   445,   21000000,    4021247,        0,  -16978753,          0
  6110,   446,   21000000,    5086195,        0,  -15913805,          0
  6110,   447,   21000000,    4593045,        0,  -16406955,          0
  6110,   448,   21000000,    4197640,        0,  -16802360,          0
  6110,   449,   21000000,    8926391,        0,  -12073609,          0
  6110,   450,   21000000,    4042069,        0,  -16957931,          0
  6110,   451,   21000000,   11867755,        0,   -9132245,          0
  6110,   452,   21000000,   13098417,        0,   -7901583,          0
  6110,   453,   21000000,    4291015,        0,  -16708985,          0
  6110,   454,   21000000,    8025221,        0,  -12974779,          0
  6110,   455,   21000000,    4962581,        0,  -16037419,          0
  6110,   456,   21000000,   11691943,        0,   -9308057,          0
  6110,   457,   21000000,    4099212,        0,  -16900788,          0
  6110,   458,   21000000,    4025535,        0,  -16974465,          0
  6110,   459,   21000000,    6643918,        0,  -14356082,          0
  6110,   460,   21000000,   12623965,        0,   -8376035,          0
  6110,   461,   21000000,    3996554,        0,  -17003446,          0
  6110,   462,   21000000,   13945219,        0,   -7054781,          0
  6110,   463,   21000000,    6836812,        0,  -14163188,          0
  6110,   464,   21000000,    5864870,        0,  -15135130,          0
  6110,   465,   21000000,    4019777,        0,  -16980223,          0
  6110,   466,   21000000,    4030434,        0,  -16969566,          0
  6110,   467,   21000000,   12239684,        0,   -8760316,          0
  6110,   468,   21000000,    4000894,        0,  -16999106,          0
  6110,   469,   21000000,    3990187,        0,  -17009813,          0
  6110,   470,   21000000,    3998827,        0,  -17001173,          0
  6110,   471,   21000000,    5442584,        0,  -15557416,          0
  6110,   472,   21000000,   13686934,        0,   -7313066,          0
  6110,   473,   21000000,    4020192,        0,  -16979808,          0
  6110,   474,   21000000,   12387999,        0,   -8612001,          0
  6110,   475,   21000000,    5582570,        0,  -15417430,          0
  6110,   476,   21000000,    4021215,        0,  -16978785,          0
  6110,   477,   21000000,    8267811,        0,  -12732189,          0
  6110,   478,   21000000,    5091826,        0,  -15908174,          0
  6110,   479,   21000000,    3991100,        0,  -17008900,          0
  6110,   480,   21000000,    9815807,        0,  -11184193,          0
# task NAME=myapp PID=6113 COST=56329000 PERIOD=83000000 CPU=0
  6113,     2,   83000000,      14553,        0,  -82985447,          0
  6113,     3,   83000000,      74265,        0,  -82925735,          0
  6113,     4,   83000000,   55722372,        0,  -27277628,          0
  6113,     5,   83000000,   55794029,        0,  -27205971,          0
  6113,     6,   83000000,   56028196,        0,  -26971804,          0
  6113,     7,   83000000,   57271370,        0,  -25728630,          0
  6113,     8,   83000000,   55743152,        0,  -27256848,          0
  6113,     9,   83000000,   58497472,        0,  -24502528,          0
  6113,    10,   83000000,   62135405,        0,  -20864595,          0
  6113,    11,   83000000,   55720865,        0,  -27279135,          0
  6113,    12,   83000000,   62905643,        0,  -20094357,          0
  6113,    13,   83000000,   55721718,        0,  -27278282,          0
  6113,    14,   83000000,   62080921,        0,  -20919079,          0
  6113,    15,   83000000,   59322424,        0,  -23677576,          0
  6113,    16,   83000000,   59251844,        0,  -23748156,          0
  6113,    17,   83000000,   61330360,        0,  -21669640,          0
  6113,    18,   83000000,   56228882,        0,  -26771118,          0
  6113,    19,   83000000,   55737639,        0,  -27262361,          0
  6113,    20,   83000000,   55750734,        0,  -27249266,          0
  6113,    21,   83000000,   65166599,        0,  -17833401,          0
  6113,    22,   83000000,   55673056,        0,  -27326944,          0
  6113,    23,   83000000,   58162756,        0,  -24837244,          0
  6113,    24,   83000000,   56031627,        0,  -26968373,          0
  6113,    25,   83000000,   58460150,        0,  -24539850,          0
  6113,    26,   83000000,   55670977,        0,  -27329023,          0
  6113,    27,   83000000,   66734089,        0,  -16265911,          0
  6113,    28,   83000000,   59532059,        0,  -23467941,          0
  6113,    29,   83000000,   70367882,        0,  -12632118,          0
  6113,    30,   83000000,   75028430,        0,   -7971570,          0
  6113,    31,   83000000,   55695015,        0,  -27304985,          0
  6113,    32,   83000000,   55678666,        0,  -27321334,          0
  6113,    33,   83000000,   71885613,        0,  -11114387,          0
  6113,    34,   83000000,   55713349,        0,  -27286651,          0
  6113,    35,   83000000,   58044087,        0,  -24955913,          0
  6113,    36,   83000000,   66882931,        0,  -16117069,          0
  6113,    37,   83000000,   55681028,        0,  -27318972,          0
  6113,    38,   83000000,   59173605,        0,  -23826395,          0
  6113,    39,   83000000,   56022157,        0,  -26977843,          0
  6113,    40,   83000000,   56715497,        0,  -26284503,          0
  6113,    41,   83000000,   59749394,        0,  -23250606,          0
  6113,    42,   83000000,   55948195,        0,  -27051805,          0
  6113,    43,   83000000,   55776434,        0,  -27223566,          0
  6113,    44,   83000000,   59689085,        0,  -23310915,          0
  6113,    45,   83000000,   62653437,        0,  -20346563,          0
  6113,    46,   83000000,   57211940,        0,  -25788060,          0
  6113,    47,   83000000,   56057420,        0,  -26942580,          0
  6113,    48,   83000000,   56092567,        0,  -26907433,          0
  6113,    49,   83000000,   55756243,        0,  -27243757,          0
  6113,    50,   83000000,   57043961,        0,  -25956039,          0
  6113,    51,   83000000,   55992943,        0,  -27007057,          0
  6113,    52,   83000000,   55754085,        0,  -27245915,          0
  6113,    53,   83000000,   57876541,        0,  -25123459,          0
  6113,    54,   83000000,   55989997,        0,  -27010003,          0
  6113,    55,   83000000,   55745734,        0,  -27254266,          0
  6113,    56,   83000000,   55974986,        0,  -27025014,          0
  6113,    57,   83000000,   56017325,        0,  -26982675,          0
  6113,    58,   83000000,   72032066,        0,  -10967934,          0
  6113,    59,   83000000,   67340217,        0,  -15659783,          0
  6113,    60,   83000000,   60035581,        0,  -22964419,          0
  6113,    61,   83000000,   55704986,        0,  -27295014,          0
  6113,    62,   83000000,   59747336,        0,  -23252664,          0
  6113,    63,   83000000,   55985261,        0,  -27014739,          0
  6113,    64,   83000000,   64981033,        0,  -18018967,          0
  6113,    65,   83000000,   55966864,        0,  -27033136,          0
  6113,    66,   83000000,   56070876,        0,  -26929124,          0
  6113,    67,   83000000,   63137259,        0,  -19862741,          0
  6113,    68,   83000000,   55996843,        0,  -27003157,          0
  6113,    69,   83000000,   80305671,        0,   -2694329,          0
  6113,    70,   83000000,   64565778,        0,  -18434222,          0
  6113,    71,   83000000,   56058031,        0,  -26941969,          0
  6113,    72,   83000000,   56020770,        0,  -26979230,          0
  6113,    73,   83000000,   64376107,        0,  -18623893,          0
  6113,    74,   83000000,   56092312,        0,  -26907688,          0
  6113,    75,   83000000,   58933827,        0,  -24066173,          0
  6113,    76,   83000000,   61624110,        0,  -21375890,          0
  6113,    77,   83000000,   57884327,        0,  -25115673,          0
  6113,    78,   83000000,   56022117,        0,  -26977883,          0
  6113,    79,   83000000,   55732150,        0,  -27267850,          0
  6113,    80,   83000000,   56187364,        0,  -26812636,          0
  6113,    81,   83000000,   57731858,        0,  -25268142,          0
  6113,    82,   83000000,   55869508,        0,  -27130492,          0
  6113,    83,   83000000,   56648186,        0,  -26351814,          0
  6113,    84,   83000000,   58727143,        0,  -24272857,          0
  6113,    85,   83000000,   72425027,        0,  -10574973,          0
  6113,    86,   83000000,   66810190,        0,  -16189810,          0
  6113,    87,   83000000,   60145836,        0,  -22854164,          0
  6113,    88,   83000000,   58928585,        0,  -24071415,          0
  6113,    89,   83000000,   56026540,        0,  -26973460,          0
  6113,    90,   83000000,   57024017,        0,  -25975983,          0
  6113,    91,   83000000,   55745874,        0,  -27254126,          0
  6113,    92,   83000000,   56063030,        0,  -26936970,          0
  6113,    93,   83000000,   55723597,        0,  -27276403,          0
  6113,    94,   83000000,   56941761,        0,  -26058239,          0
  6113,    95,   83000000,   67471212,        0,  -15528788,          0
  6113,    96,   83000000,   55731201,        0,  -27268799,          0
  6113,    97,   83000000,   55719708,        0,  -27280292,          0
  6113,    98,   83000000,   55992375,        0,  -27007625,          0
  6113,    99,   83000000,   65138989,        0,  -17861011,          0
  6113,   100,   83000000,   57445815,        0,  -25554185,          0
  6113,   101,   83000000,   56060256,        0,  -26939744,          0
  6113,   102,   83000000,   55769455,        0,  -27230545,          0
  6113,   103,   83000000,   55695764,        0,  -27304236,          0
  6113,   104,   83000000,   69379753,        0,  -13620247,          0
  6113,   105,   83000000,   55715191,        0,  -27284809,          0
  6113,   106,   83000000,   57705459,        0,  -25294541,          0
  6113,   107,   83000000,   57323814,        0,  -25676186,          0
  6113,   108,   83000000,   55823976,        0,  -27176024,          0
  6113,   109,   83000000,   55902400,        0,  -27097600,          0
  6113,   110,   83000000,   56014241,        0,  -26985759,          0
  6113,   111,   83000000,   56149349,        0,  -26850651,          0
  6113,   112,   83000000,   59428185,        0,  -23571815,          0
  6113,   113,   83000000,   62327529,        0,  -20672471,          0
  6113,   114,   83000000,   55680056,        0,  -27319944,          0
  6113,   115,   83000000,   60661449,        0,  -22338551,          0
  6113,   116,   83000000,   56400552,        0,  -26599448,          0
  6113,   117,   83000000,   55659364,        0,  -27340636,          0
  6113,   118,   83000000,   55708680,        0,  -27291320,          0
  6113,   119,   83000000,   55991991,        0,  -27008009,          0
  6113,   120,   83000000,   55689654,        0,  -27310346,          0
  6113,   121,   83000000,   63758727,        0,  -19241273,          0
  6113,   122,   83000000,   55997687,        0,  -27002313,          0
  6113,   123,   83000000,   62113572,        0,  -20886428,          0
  6113,   124,   83000000,   68089201,        0,  -14910799,          0
# task NAME=myapp PID=6117 COST=5707000 PERIOD=93000000 CPU=0
  6117,     2,   93000000,       2909,        0,  -92997091,          0
  6117,     3,   93000000,     139072,        0,  -92860928,          0
  6117,     4,   93000000,    5722302,        0,  -87277698,          0
  6117,     5,   93000000,    5674493,        0,  -87325507,          0
  6117,     6,   93000000,   24001732,        0,  -68998268,          0
  6117,     7,   93000000,   16597054,        0,  -76402946,          0
  6117,     8,   93000000,    7456719,        0,  -85543281,          0
  6117,     9,   93000000,    5698446,        0,  -87301554,          0
  6117,    10,   93000000,    8823683,        0,  -84176317,          0
  6117,    11,   93000000,    5700841,        0,  -87299159,          0
  6117,    12,   93000000,    8238343,        0,  -84761657,          0
  6117,    13,   93000000,    5841879,        0,  -87158121,          0
  6117,    14,   93000000,    5680154,        0,  -87319846,          0
  6117,    15,   93000000,   13487863,        0,  -79512137,          0
  6117,    16,   93000000,    8709247,        0,  -84290753,          0
  6117,    17,   93000000,    5703181,        0,  -87296819,          0
  6117,    18,   93000000,    5677772,        0,  -87322228,          0
  6117,    19,   93000000,    6163714,        0,  -86836286,          0
  6117,    20,   93000000,    6684916,        0,  -86315084,          0
  6117,    21,   93000000,    5703416,        0,  -87296584,          0
  6117,    22,   93000000,    7021928,        0,  -85978072,          0
  6117,    23,   93000000,   14821564,        0,  -78178436,          0
  6117,    24,   93000000,    8356961,        0,  -84643039,          0
  6117,    25,   93000000,   17100088,        0,  -75899912,          0
  6117,    26,   93000000,    6027845,        0,  -86972155,          0
  6117,    27,   93000000,   14251936,        0,  -78748064,          0
  6117,    28,   93000000,    5805796,        0,  -87194204,          0
  6117,    29,   93000000,    5690676,        0,  -87309324,          0
  6117,    30,   93000000,    5684130,        0,  -87315870,          0
  6117,    31,   93000000,    8864905,        0,  -84135095,          0
  6117,    32,   93000000,    5776567,        0,  -87223433,          0
  6117,    33,   93000000,    7715246,        0,  -85284754,          0
  6117,    34,   93000000,    5673863,        0,  -87326137,          0
  6117,    35,   93000000,    7042006,        0,  -85957994,          0
  6117,    36,   93000000,    6570088,        0,  -86429912,          0
  6117,    37,   93000000,   11588275,        0,  -81411725,          0
  6117,    38,   93000000,   11809160,        0,  -81190840,          0
  6117,    39,   93000000,   13998563,        0,  -79001437,          0
  6117,    40,   93000000,    5683913,        0,  -87316087,          0
  6117,    41,   93000000,    5793692,        0,  -87206308,          0
  6117,    42,   93000000,    6964726,        0,  -86035274,          0
  6117,    43,   93000000,    5886483,        0,  -87113517,          0
  6117,    44,   93000000,    5678002,        0,  -87321998,          0
  6117,    45,   93000000,    8189545,        0,  -84810455,          0
  6117,    46,   93000000,    5697687,        0,  -87302313,          0
  6117,    47,   93000000,    6512978,        0,  -86487022,          0
  6117,    48,   93000000,   14371267,        0,  -78628733,          0
  6117,    49,   93000000,   17270547,        0,  -75729453,          0
  6117,    50,   93000000,   12382882,        0,  -80617118,          0
  6117,    51,   93000000,    5678238,        0,  -87321762,          0
  6117,    52,   93000000,   11002030,        0,  -81997970,          0
  6117,    53,   93000000,   16557761,        0,  -76442239,          0
  6117,    54,   93000000,    5700559,        0,  -87299441,          0
  6117,    55,   93000000,   14263251,        0,  -78736749,          0
  6117,    56,   93000000,   16123462,        0,  -76876538,          0
  6117,    57,   93000000,    6676517,        0,  -86323483,          0
  6117,    58,   93000000,   15479456,        0,  -77520544,          0
  6117,    59,   93000000,   17433528,        0,  -75566472,          0
  6117,    60,   93000000,    5675414,        0,  -87324586,          0
  6117,    61,   93000000,    7541570,        0,  -85458430,          0
  6117,    62,   93000000,    8642549,        0,  -84357451,          0
  6117,    63,   93000000,    5691565,        0,  -87308435,          0
  6117,    64,   93000000,    8066621,        0,  -84933379,          0
  6117,    65,   93000000,   24760148,        0,  -68239852,          0
  6117,    66,   93000000,   21858524,        0,  -71141476,          0
  6117,    67,   93000000,    5978674,        0,  -87021326,          0
  6117,    68,   93000000,    5818035,        0,  -87181965,          0
  6117,    69,   93000000,    7357429,        0,  -85642571,          0
  6117,    70,   93000000,    8708625,        0,  -84291375,          0
  6117,    71,   93000000,    9760789,        0,  -83239211,          0
  6117,    72,   93000000,    5931948,        0,  -87068052,          0
  6117,    73,   93000000,    6469372,        0,  -86530628,          0
  6117,    74,   93000000,    8636743,        0,  -84363257,          0
  6117,    75,   93000000,    9088466,        0,  -83911534,          0
  6117,    76,   93000000,    5670361,        0,  -87329639,          0
  6117,    77,   93000000,    9135055,        0,  -83864945,          0
  6117,    78,   93000000,    9725731,        0,  -83274269,          0
  6117,    79,   93000000,    8409892,        0,  -84590108,          0
  6117,    80,   93000000,    9004685,        0,  -83995315,          0
  6117,    81,   93000000,    5681522,        0,  -87318478,          0
  6117,    82,   93000000,   23712666,        0,  -69287334,          0
  6117,    83,   93000000,    5745836,        0,  -87254164,          0
  6117,    84,   93000000,    6473886,        0,  -86526114,          0
  6117,    85,   93000000,    5694967,        0,  -87305033,          0
  6117,    86,   93000000,    5690985,        0,  -87309015,          0
  6117,    87,   93000000,   13501758,        0,  -79498242,          0
  6117,    88,   93000000,    6762355,        0,  -86237645,          0
  6117,    89,   93000000,    5678302,        0,  -87321698,          0
  6117,    90,   93000000,   14543155,        0,  -78456845,          0
  6117,    91,   93000000,   10251765,        0,  -82748235,          0
  6117,    92,   93000000,    5988795,        0,  -87011205,          0
  6117,    93,   93000000,    5681360,        0,  -87318640,          0
  6117,    94,   93000000,    5706069,        0,  -87293931,          0
  6117,    95,   93000000,   10544965,        0,  -82455035,          0
  6117,    96,   93000000,   21420216,        0,  -71579784,          0
  6117,    97,   93000000,    9031674,        0,  -83968326,          0
  6117,    98,   93000000,   22701842,        0,  -70298158,          0
  6117,    99,   93000000,   10051512,        0,  -82948488,          0
  6117,   100,   93000000,   10458666,        0,  -82541334,          0
  6117,   101,   93000000,    6672928,        0,  -86327072,          0
  6117,   102,   93000000,    5894255,        0,  -87105745,          0
  6117,   103,   93000000,    8089016,        0,  -84910984,          0
  6117,   104,   93000000,    6678515,        0,  -86321485,          0
  6117,   105,   93000000,    8121648,        0,  -84878352,          0
  6117,   106,   93000000,    8133390,        0,  -84866610,          0
  6117,   107,   93000000,   13471214,        0,  -79528786,          0
  6117,   108,   93000000,    5677202,        0,  -87322798,          0
  6117,   109,   93000000,    5677079,        0,  -87322921,          0
  6117,   110,   93000000,   10813322,        0,  -82186678,          0
  6117,   111,   93000000,    9784486,        0,  -83215514,          0
# task NAME=myapp PID=6122 COST=5467000 PERIOD=55000000 CPU=0
  6122,     2,   55000000,      20193,        0,  -54979807,          0
  6122,     3,   55000000,      68140,        0,  -54931860,          0
  6122,     4,   55000000,    5462322,        0,  -49537678,          0
  6122,     5,   55000000,    5459160,        0,  -49540840,          0
  6122,     6,   55000000,   13948504,        0,  -41051496,          0
  6122,     7,   55000000,   13567958,        0,  -41432042,          0
  6122,     8,   55000000,    5731853,        0,  -49268147,          0
  6122,     9,   55000000,    5437871,        0,  -49562129,          0
  6122,    10,   55000000,   10523678,        0,  -44476322,          0
  6122,    11,   55000000,   14694228,        0,  -40305772,          0
  6122,    12,   55000000,    5446148,        0,  -49553852,          0
  6122,    13,   55000000,    5442928,        0,  -49557072,          0
  6122,    14,   55000000,    5565247,        0,  -49434753,          0
  6122,    15,   55000000,    5449475,        0,  -49550525,          0
  6122,    16,   55000000,    5469396,        0,  -49530604,          0
  6122,    17,   55000000,   10337755,        0,  -44662245,          0
  6122,    18,   55000000,    7065839,        0,  -47934161,          0
  6122,    19,   55000000,   15470080,        0,  -39529920,          0
  6122,    20,   55000000,    5450620,        0,  -49549380,          0
  6122,    21,   55000000,    6031708,        0,  -48968292,          0
  6122,    22,   55000000,    5470180,        0,  -49529820,          0
  6122,    23,   55000000,    5506804,        0,  -49493196,          0
  6122,    24,   55000000,    9489618,        0,  -45510382,          0
  6122,    25,   55000000,   11992825,        0,  -43007175,          0
  6122,    26,   55000000,   12651468,        0,  -42348532,          0
  6122,    27,   55000000,    5476467,        0,  -49523533,          0
  6122,    28,   55000000,   14596603,        0,  -40403397,          0
  6122,    29,   55000000,   13037300,        0,  -41962700,          0
  6122,    30,   55000000,    5493046,        0,  -49506954,          0
  6122,    31,   55000000,    5448303,        0,  -49551697,          0
  6122,    32,   55000000,    5509396,        0,  -49490604,          0
  6122,    33,   55000000,    6021616,        0,  -48978384,          0
  6122,    34,   55000000,   19115171,        0,  -35884829,          0
  6122,    35,   55000000,    5438512,        0,  -49561488,          0
  6122,    36,   55000000,    5446637,        0,  -49553363,          0
  6122,    37,   55000000,   10312360,        0,  -44687640,          0
  6122,    38,   55000000,    8217616,        0,  -46782384,          0
  6122,    39,   55000000,    5465617,        0,  -49534383,          0
  6122,    40,   55000000,   10866906,        0,  -44133094,          0
  6122,    41,   55000000,    6688936,        0,  -48311064,          0
  6122,    42,   55000000,    5976153,        0,  -49023847,          0
  6122,    43,   55000000,    6580776,        0,  -48419224,          0
  6122,    44,   55000000,    5494644,        0,  -49505356,          0
  6122,    45,   55000000,    9731692,        0,  -45268308,          0
  6122,    46,   55000000,    5444147,        0,  -49555853,          0
  6122,    47,   55000000,   10953746,        0,  -44046254,          0
  6122,    48,   55000000,    5437378,        0,  -49562622,          0
  6122,    49,   55000000,    5452130,        0,  -49547870,          0
  6122,    50,   55000000,    5442575,        0,  -49557425,          0
  6122,    51,   55000000,    5438447,        0,  -49561553,          0
  6122,    52,   55000000,    5706214,        0,  -49293786,          0
  6122,    53,   55000000,    5455596,        0,  -49544404,          0
  6122,    54,   55000000,   12280608,        0,  -42719392,          0
  6122,    55,   55000000,   11952127,        0,  -43047873,          0
  6122,    56,   55000000,    5437695,        0,  -49562305,          0
  6122,    57,   55000000,   11895304,        0,  -43104696,          0
  6122,    58,   55000000,    9862517,        0,  -45137483,          0
  6122,    59,   55000000,    7746208,        0,  -47253792,          0
  6122,    60,   55000000,    6382025,        0,  -48617975,          0
  6122,    61,   55000000,    5575004,        0,  -49424996,          0
  6122,    62,   55000000,    6768940,        0,  -48231060,          0
  6122,    63,   55000000,    5444122,        0,  -49555878,          0
  6122,    64,   55000000,   12393380,        0,  -42606620,          0
  6122,    65,   55000000,    5449710,        0,  -49550290,          0
  6122,    66,   55000000,    5450830,        0,  -49549170,          0
  6122,    67,   55000000,    5450910,        0,  -49549090,          0
  6122,    68,   55000000,    5459066,        0,  -49540934,          0
  6122,    69,   55000000,   11732225,        0,  -43267775,          0
  6122,    70,   55000000,   16555710,        0,  -38444290,          0
  6122,    71,   55000000,    7437006,        0,  -47562994,          0
  6122,    72,   55000000,    5442785,        0,  -49557215,          0
  6122,    73,   55000000,    7181136,        0,  -47818864,          0
  6122,    74,   55000000,    5487923,        0,  -49512077,          0
  6122,    75,   55000000,    5713344,        0,  -49286656,          0
  6122,    76,   55000000,    6291516,        0,  -48708484,          0
  6122,    77,   55000000,    5442825,        0,  -49557175,          0
  6122,    78,   55000000,   12204119,        0,  -42795881,          0
  6122,    79,   55000000,   17946195,        0,  -37053805,          0
  6122,    80,   55000000,    6624719,        0,  -48375281,          0
  6122,    81,   55000000,    5467381,        0,  -49532619,          0
  6122,    82,   55000000,    8385016,        0,  -46614984,          0
  6122,    83,   55000000,    6437059,        0,  -48562941,          0
  6122,    84,   55000000,    6332398,        0,  -48667602,          0
  6122,    85,   55000000,    5444664,        0,  -49555336,          0
  6122,    86,   55000000,   31305835,        0,  -23694165,          0
  6122,    87,   55000000,    8289535,        0,  -46710465,          0
  6122,    88,   55000000,    5788500,        0,  -49211500,          0
  6122,    89,   55000000,    5446070,        0,  -49553930,          0
  6122,    90,   55000000,    5470039,        0,  -49529961,          0
  6122,    91,   55000000,    5437316,        0,  -49562684,          0
  6122,    92,   55000000,   18745109,        0,  -36254891,          0
  6122,    93,   55000000,    6289480,        0,  -48710520,          0
  6122,    94,   55000000,    5476945,        0,  -49523055,          0
  6122,    95,   55000000,    5440170,        0,  -49559830,          0
  6122,    96,   55000000,    8277325,        0,  -46722675,          0
  6122,    97,   55000000,    6635101,        0,  -48364899,          0
  6122,    98,   55000000,    5490246,        0,  -49509754,          0
  6122,    99,   55000000,   11769948,        0,  -43230052,          0
  6122,   100,   55000000,    7463336,        0,  -47536664,          0
  6122,   101,   55000000,    5438654,        0,  -49561346,          0
  6122,   102,   55000000,    5442751,        0,  -49557249,          0
  6122,   103,   55000000,    5448488,        0,  -49551512,          0
  6122,   104,   55000000,    9700872,        0,  -45299128,          0
  6122,   105,   55000000,    7794344,        0,  -47205656,          0
  6122,   106,   55000000,   11457299,        0,  -43542701,          0
  6122,   107,   55000000,    5438538,        0,  -49561462,          0
  6122,   108,   55000000,   14564550,        0,  -40435450,          0
  6122,   109,   55000000,    5449809,        0,  -49550191,          0
  6122,   110,   55000000,    5434862,        0,  -49565138,          0
  6122,   111,   55000000,    5941917,        0,  -49058083,          0
  6122,   112,   55000000,    5477383,        0,  -49522617,          0
  6122,   113,   55000000,   13351988,        0,  -41648012,          0
  6122,   114,   55000000,    8515342,        0,  -46484658,          0
  6122,   115,   55000000,    6727168,        0,  -48272832,          0
  6122,   116,   55000000,    5441948,        0,  -49558052,          0
  6122,   117,   55000000,    5454577,        0,  -49545423,          0
  6122,   118,   55000000,   12817713,        0,  -42182287,          0
  6122,   119,   55000000,    5436009,        0,  -49563991,          0
  6122,   120,   55000000,    5463844,        0,  -49536156,          0
  6122,   121,   55000000,    9462283,        0,  -45537717,          0
  6122,   122,   55000000,    5446210,        0,  -49553790,          0
  6122,   123,   55000000,   13391401,        0,  -41608599,          0
  6122,   124,   55000000,    5445415,        0,  -49554585,          0
  6122,   125,   55000000,    5487936,        0,  -49512064,          0
  6122,   126,   55000000,    5441905,        0,  -49558095,          0
  6122,   127,   55000000,    5443667,        0,  -49556333,          0
  6122,   128,   55000000,    5459949,        0,  -49540051,          0
  6122,   129,   55000000,    5461055,        0,  -49538945,          0
  6122,   130,   55000000,   12617332,        0,  -42382668,          0
  6122,   131,   55000000,    5442092,        0,  -49557908,          0
  6122,   132,   55000000,    5486860,        0,  -49513140,          0
  6122,   133,   55000000,   14346784,        0,  -40653216,          0
  6122,   134,   55000000,    6259224,        0,  -48740776,          0
  6122,   135,   55000000,    8855796,        0,  -46144204,          0
  6122,   136,   55000000,    5449022,        0,  -49550978,          0
  6122,   137,   55000000,    5446838,        0,  -49553162,          0
  6122,   138,   55000000,    5589323,        0,  -49410677,          0
  6122,   139,   55000000,    5595041,        0,  -49404959,          0
  6122,   140,   55000000,   13926308,        0,  -41073692,          0
  6122,   141,   55000000,    8663273,        0,  -46336727,          0
  6122,   142,   55000000,    5536440,        0,  -49463560,          0
  6122,   143,   55000000,    5524968,        0,  -49475032,          0
  6122,   144,   55000000,    8200325,        0,  -46799675,          0
  6122,   145,   55000000,   11816673,        0,  -43183327,          0
  6122,   146,   55000000,    5437295,        0,  -49562705,          0
  6122,   147,   55000000,    5442502,        0,  -49557498,          0
  6122,   148,   55000000,    6234799,        0,  -48765201,          0
  6122,   149,   55000000,   11455587,        0,  -43544413,          0
  6122,   150,   55000000,    5809832,        0,  -49190168,          0
  6122,   151,   55000000,    5442543,        0,  -49557457,          0
  6122,   152,   55000000,    9970871,        0,  -45029129,          0
  6122,   153,   55000000,   18160278,        0,  -36839722,          0
  6122,   154,   55000000,    5443923,        0,  -49556077,          0
  6122,   155,   55000000,    5510612,        0,  -49489388,          0
  6122,   156,   55000000,    5442515,        0,  -49557485,          0
  6122,   157,   55000000,   12394117,        0,  -42605883,          0
  6122,   158,   55000000,    5797596,        0,  -49202404,          0
  6122,   159,   55000000,    5440820,        0,  -49559180,          0
  6122,   160,   55000000,    5439411,        0,  -49560589,          0
  6122,   161,   55000000,    6752421,        0,  -48247579,          0
  6122,   162,   55000000,    9090972,        0,  -45909028,          0
  6122,   163,   55000000,    5443006,        0,  -49556994,          0
  6122,   164,   55000000,    5647379,        0,  -49352621,          0
  6122,   165,   55000000,    5439128,        0,  -49560872,          0
  6122,   166,   55000000,    5441936,        0,  -49558064,          0
  6122,   167,   55000000,    5442796,        0,  -49557204,          0
  6122,   168,   55000000,    5472663,        0,  -49527337,          0
  6122,   169,   55000000,    9967068,        0,  -45032932,          0
  6122,   170,   55000000,    9423770,        0,  -45576230,          0
  6122,   171,   55000000,   12425635,        0,  -42574365,          0
  6122,   172,   55000000,    5504334,        0,  -49495666,          0
  6122,   173,   55000000,   11248374,        0,  -43751626,          0
  6122,   174,   55000000,   13454594,        0,  -41545406,          0
  6122,   175,   55000000,    6778594,        0,  -48221406,          0
  6122,   176,   55000000,    5442851,        0,  -49557149,          0
  6122,   177,   55000000,    6572384,        0,  -48427616,          0
  6122,   178,   55000000,    6686745,        0,  -48313255,          0
  6122,   179,   55000000,    7476458,        0,  -47523542,          0
  6122,   180,   55000000,   21150534,        0,  -33849466,          0
  6122,   181,   55000000,    5494747,        0,  -49505253,          0
  6122,   182,   55000000,   18372204,        0,  -36627796,          0
  6122,   183,   55000000,    6086023,        0,  -48913977,          0
  6122,   184,   55000000,   10821249,        0,  -44178751,          0
  6122,   185,   55000000,    5739135,        0,  -49260865,          0
# task NAME=myapp PID=6126 COST=23197000 PERIOD=71000000 CPU=0
  6126,     2,   71000000,       7109,        0,  -70992891,          0
  6126,     3,   71000000,      71384,        0,  -70928616,          0
  6126,     4,   71000000,   23025097,        0,  -47974903,          0
  6126,     5,   71000000,   23290210,        0,  -47709790,          0
  6126,     6,   71000000,   23051422,        0,  -47948578,          0
  6126,     7,   71000000,   39016670,        0,  -31983330,          0
  6126,     8,   71000000,   22968758,        0,  -48031242,          0
  6126,     9,   71000000,   29002001,        0,  -41997999,          0
  6126,    10,   71000000,   23021582,        0,  -47978418,          0
  6126,    11,   71000000,   39533830,        0,  -31466170,          0
  6126,    12,   71000000,   23347228,        0,  -47652772,          0
  6126,    13,   71000000,   24647920,        0,  -46352080,          0
  6126,    14,   71000000,   22971020,        0,  -48028980,          0
  6126,    15,   71000000,   22958601,        0,  -48041399,          0
  6126,    16,   71000000,   32207129,        0,  -38792871,          0
  6126,    17,   71000000,   27029094,        0,  -43970906,          0
  6126,    18,   71000000,   23100077,        0,  -47899923,          0
  6126,    19,   71000000,   25161293,        0,  -45838707,          0
  6126,    20,   71000000,   25496550,        0,  -45503450,          0
  6126,    21,   71000000,   23245233,        0,  -47754767,          0
  6126,    22,   71000000,   22930074,        0,  -48069926,          0
  6126,    23,   71000000,   22990823,        0,  -48009177,          0
  6126,    24,   71000000,   23017402,        0,  -47982598,          0
  6126,    25,   71000000,   28464330,        0,  -42535670,          0
  6126,    26,   71000000,   23275655,        0,  -47724345,          0
  6126,    27,   71000000,   28948734,        0,  -42051266,          0
  6126,    28,   71000000,   31947779,        0,  -39052221,          0
  6126,    29,   71000000,   23819647,        0,  -47180353,          0
  6126,    30,   71000000,   27438469,        0,  -43561531,          0
  6126,    31,   71000000,   25428473,        0,  -45571527,          0
  6126,    32,   71000000,   27050859,        0,  -43949141,          0
  6126,    33,   71000000,   32894925,        0,  -38105075,          0
  6126,    34,   71000000,   29780267,        0,  -41219733,          0
  6126,    35,   71000000,   29239546,        0,  -41760454,          0
  6126,    36,   71000000,   29996890,        0,  -41003110,          0
  6126,    37,   71000000,   29397756,        0,  -41602244,          0
  6126,    38,   71000000,   22956655,        0,  -48043345,          0
  6126,    39,   71000000,   22956385,        0,  -48043615,          0
  6126,    40,   71000000,   23149808,        0,  -47850192,          0
  6126,    41,   71000000,   27234044,        0,  -43765956,          0
  6126,    42,   71000000,   23259715,        0,  -47740285,          0
  6126,    43,   71000000,   40084396,        0,  -30915604,          0
  6126,    44,   71000000,   24710630,        0,  -46289370,          0
  6126,    45,   71000000,   24000863,        0,  -46999137,          0
  6126,    46,   71000000,   23249576,        0,  -47750424,          0
  6126,    47,   71000000,   25140724,        0,  -45859276,          0
  6126,    48,   71000000,   26562570,        0,  -44437430,          0
  6126,    49,   71000000,   23273613,        0,  -47726387,          0
  6126,    50,   71000000,   22955733,        0,  -48044267,          0
  6126,    51,   71000000,   26197055,        0,  -44802945,          0
  6126,    52,   71000000,   28904911,        0,  -42095089,          0
  6126,    53,   71000000,   22977649,        0,  -48022351,          0
  6126,    54,   71000000,   22947364,        0,  -48052636,          0
  6126,    55,   71000000,   28542046,        0,  -42457954,          0
  6126,    56,   71000000,   27915802,        0,  -43084198,          0
  6126,    57,   71000000,   22957089,        0,  -48042911,          0
  6126,    58,   71000000,   23070636,        0,  -47929364,          0
  6126,    59,   71000000,   24547899,        0,  -46452101,          0
  6126,    60,   71000000,   22939000,        0,  -48061000,          0
  6126,    61,   71000000,   32360889,        0,  -38639111,          0
  6126,    62,   71000000,   28673317,        0,  -42326683,          0
  6126,    63,   71000000,   23297163,        0,  -47702837,          0
  6126,    64,   71000000,   22981052,        0,  -48018948,          0
  6126,    65,   71000000,   26488952,        0,  -44511048,          0
  6126,    66,   71000000,   27838637,        0,  -43161363,          0
  6126,    67,   71000000,   24472248,        0,  -46527752,          0
  6126,    68,   71000000,   23040374,        0,  -47959626,          0
  6126,    69,   71000000,   31046579,        0,  -39953421,          0
  6126,    70,   71000000,   23266101,        0,  -47733899,          0
  6126,    71,   71000000,   33769133,        0,  -37230867,          0
  6126,    72,   71000000,   26522195,        0,  -44477805,          0
  6126,    73,   71000000,   22953647,        0,  -48046353,          0
  6126,    74,   71000000,   35634039,        0,  -35365961,          0
  6126,    75,   71000000,   29164391,        0,  -41835609,          0
  6126,    76,   71000000,   22962670,        0,  -48037330,          0
  6126,    77,   71000000,   22962621,        0,  -48037379,          0
  6126,    78,   71000000,   24844377,        0,  -46155623,          0
  6126,    79,   71000000,   30847257,        0,  -40152743,          0
  6126,    80,   71000000,   25767165,        0,  -45232835,          0
  6126,    81,   71000000,   51036244,        0,  -19963756,          0
  6126,    82,   71000000,   24996839,        0,  -46003161,          0
  6126,    83,   71000000,   22984376,        0,  -48015624,          0
  6126,    84,   71000000,   23128917,        0,  -47871083,          0
  6126,    85,   71000000,   34243143,        0,  -36756857,          0
  6126,    86,   71000000,   23249551,        0,  -47750449,          0
  6126,    87,   71000000,   26088837,        0,  -44911163,          0
  6126,    88,   71000000,   27196779,        0,  -43803221,          0
  6126,    89,   71000000,   24510468,        0,  -46489532,          0
  6126,    90,   71000000,   31006033,        0,  -39993967,          0
  6126,    91,   71000000,   23005712,        0,  -47994288,          0
  6126,    92,   71000000,   22947915,        0,  -48052085,          0
  6126,    93,   71000000,   27495116,        0,  -43504884,          0
  6126,    94,   71000000,   22964076,        0,  -48035924,          0
  6126,    95,   71000000,   22962734,        0,  -48037266,          0
  6126,    96,   71000000,   28516639,        0,  -42483361,          0
  6126,    97,   71000000,   22960051,        0,  -48039949,          0
  6126,    98,   71000000,   34127962,        0,  -36872038,          0
  6126,    99,   71000000,   22970661,        0,  -48029339,          0
  6126,   100,   71000000,   28421061,        0,  -42578939,          0
  6126,   101,   71000000,   25327519,        0,  -45672481,          0
  6126,   102,   71000000,   30411389,        0,  -40588611,          0
  6126,   103,   71000000,   23630778,        0,  -47369222,          0
  6126,   104,   71000000,   27120087,        0,  -43879913,          0
  6126,   105,   71000000,   45059185,        0,  -25940815,          0
  6126,   106,   71000000,   24638112,        0,  -46361888,          0
  6126,   107,   71000000,   24456531,        0,  -46543469,          0
  6126,   108,   71000000,   29842699,        0,  -41157301,          0
  6126,   109,   71000000,   49393355,        0,  -21606645,          0
  6126,   110,   71000000,   24546336,        0,  -46453664,          0
  6126,   111,   71000000,   25848820,        0,  -45151180,          0
  6126,   112,   71000000,   24203129,        0,  -46796871,          0
  6126,   113,   71000000,   30148554,        0,  -40851446,          0
  6126,   114,   71000000,   23241286,        0,  -47758714,          0
  6126,   115,   71000000,   23240586,        0,  -47759414,          0
  6126,   116,   71000000,   26392129,        0,  -44607871,          0
  6126,   117,   71000000,   24665303,        0,  -46334697,          0
  6126,   118,   71000000,   24336163,        0,  -46663837,          0
  6126,   119,   71000000,   27859274,        0,  -43140726,          0
  6126,   120,   71000000,   22999193,        0,  -48000807,          0
  6126,   121,   71000000,   22958945,        0,  -48041055,          0
  6126,   122,   71000000,   22970328,        0,  -48029672,          0
  6126,   123,   71000000,   30311990,        0,  -40688010,          0
  6126,   124,   71000000,   22944560,        0,  -48055440,          0
  6126,   125,   71000000,   32893938,        0,  -38106062,          0
  6126,   126,   71000000,   32016435,        0,  -38983565,          0
  6126,   127,   71000000,   27666144,        0,  -43333856,          0
  6126,   128,   71000000,   22989978,        0,  -48010022,          0
  6126,   129,   71000000,   23900636,        0,  -47099364,          0
  6126,   130,   71000000,   26323262,        0,  -44676738,          0
  6126,   131,   71000000,   27245031,        0,  -43754969,          0
  6126,   132,   71000000,   28584899,        0,  -42415101,          0
  6126,   133,   71000000,   22957803,        0,  -48042197,          0
  6126,   134,   71000000,   23104668,        0,  -47895332,          0
  6126,   135,   71000000,   25889669,        0,  -45110331,          0
  6126,   136,   71000000,   22960487,        0,  -48039513,          0
  6126,   137,   71000000,   31047951,        0,  -39952049,          0
  6126,   138,   71000000,   23033122,        0,  -47966878,          0
  6126,   139,   71000000,   26692758,        0,  -44307242,          0
  6126,   140,   71000000,   22950733,        0,  -48049267,          0
  6126,   141,   71000000,   26622974,        0,  -44377026,          0
  6126,   142,   71000000,   25477621,        0,  -45522379,          0
  6126,   143,   71000000,   22983362,        0,  -48016638,          0
  6126,   144,   71000000,   37118270,        0,  -33881730,          0
