105 4 101
109 5 104
158 6 152
162 10 152
157 6 151
110 4 106
150 6 144
167 17 150
136 6 130
124 5 119
174 21 153
166 14 152
136 6 130
159 8 151
164 12 152
139 6 133
131 6 125
176 22 154
111 5 106
133 5 128
116 5 111
160 7 153
108 4 104
181 29 152
158 7 151
163 13 150
160 9 151
159 8 151
159 7 152
157 7 150
109 5 104
154 6 148
136 6 130
164 11 153
115 5 110
173 22 151
165 14 151
162 9 153
162 10 152
162 11 151
170 18 152
159 7 152
162 12 150
164 13 151
144 6 138
117 5 112
120 5 115
169 17 152
163 13 150
160 8 152
105 4 101
161 8 153
160 9 151
188 34 154
157 7 150
135 6 129
175 23 152
169 16 153
128 5 123
158 7 151
163 13 150
157 5 152
173 21 152
186 33 153
158 7 151
188 34 154
131 5 126
157 7 150
164 14 150
117 5 112
164 13 151
167 15 152
159 8 151
132 6 126
161 11 150
132 4 128
180 29 151
174 23 151
106 4 102
110 5 105
160 7 153
171 17 154
130 5 125
164 9 155
163 9 154
135 6 129
107 5 102
159 7 152
160 8 152
142 6 136
191 39 152
162 10 152
166 14 152
107 4 103
162 12 150
164 13 151
182 28 154
172 18 154
125 4 121
170 17 153
169 17 152
156 7 149
176 23 153
158 7 151
163 11 152
106 4 102
117 5 112
162 12 150
146 6 140
