# Task,   Job,     Period,   Response, DL Miss?,   Lateness,  Tardiness
# task NAME=myapp PID=30572 COST=63392000 PERIOD=73000000 CPU=0
 30572,     2,   73000000,       5804,        0,  -72994196,          0
 30572,     3,   73000000,     109043,        0,  -72890957,          0
 30572,     4,   73000000,  113243755,        1,   40243755,   40243755
 30572,     5,   73000000,  161061167,        1,   88061167,   88061167
 30572,     6,   73000000,  208019267,        1,  135019267,  135019267
 30572,     7,   73000000,  255142183,        1,  182142183,  182142183
 30572,     8,   73000000,  300454467,        1,  227454467,  227454467
 30572,     9,   73000000,  347139948,        1,  274139948,  274139948
 30572,    10,   73000000,  392842092,        1,  319842092,  319842092
 30572,    11,   73000000,  438527008,        1,  365527008,  365527008
 30572,    12,   73000000,  483938968,        1,  410938968,  410938968
 30572,    13,   73000000,  524672617,        1,  451672617,  451672617
 30572,    14,   73000000,  567475184,        1,  494475184,  494475184
 30572,    15,   73000000,  611217768,        1,  538217768,  538217768
 30572,    16,   73000000,  658322080,        1,  585322080,  585322080
 30572,    17,   73000000,  705846621,        1,  632846621,  632846621
 30572,    18,   73000000,  743825027,        1,  670825027,  670825027
 30572,    19,   73000000,  790359820,        1,  717359820,  717359820
 30572,    20,   73000000,  837211263,        1,  764211263,  764211263
 30572,    21,   73000000,  881292219,        1,  808292219,  808292219
 30572,    22,   73000000,  927876378,        1,  854876378,  854876378
 30572,    23,   73000000,  970385701,        1,  897385701,  897385701
 30572,    24,   73000000, 1014072422,        1,  941072422,  941072422
 30572,    25,   73000000, 1062252428,        1,  989252428,  989252428
 30572,    26,   73000000, 1104371679,        1, 1031371679, 1031371679
 30572,    27,   73000000, 1149959630,        1, 1076959630, 1076959630
 30572,    28,   73000000, 1197173310,        1, 1124173310, 1124173310
 30572,    29,   73000000, 1244305482,        1, 1171305482, 1171305482
 30572,    30,   73000000, 1291183929,        1, 1218183929, 1218183929
 30572,    31,   73000000, 1334624368,        1, 1261624368, 1261624368
 30572,    32,   73000000, 1378396260,        1, 1305396260, 1305396260
 30572,    33,   73000000, 1425633818,        1, 1352633818, 1352633818
 30572,    34,   73000000, 1471108328,        1, 1398108328, 1398108328
 30572,    35,   73000000, 1518594451,        1, 1445594451, 1445594451
 30572,    36,   73000000, 1567023789,        1, 1494023789, 1494023789
 30572,    37,   73000000, 1610863131,        1, 1537863131, 1537863131
 30572,    38,   73000000, 1651504473,        1, 1578504473, 1578504473
 30572,    39,   73000000, 1695288522,        1, 1622288522, 1622288522
 30572,    40,   73000000, 1741588524,        1, 1668588524, 1668588524
 30572,    41,   73000000, 1788047226,        1, 1715047226, 1715047226
 30572,    42,   73000000, 1832291230,        1, 1759291230, 1759291230
 30572,    43,   73000000, 1879936680,        1, 1806936680, 1806936680
 30572,    44,   73000000, 1921476396,        1, 1848476396, 1848476396
 30572,    45,   73000000, 1965690617,        1, 1892690617, 1892690617
 30572,    46,   73000000, 2012137416,        1, 1939137416, 1939137416
 30572,    47,   73000000, 2054497078,        1, 1981497078, 1981497078
 30572,    48,   73000000, 2097327908,        1, 2024327908, 2024327908
 30572,    49,   73000000, 2141591970,        1, 2068591970, 2068591970
 30572,    50,   73000000, 2188838233,        1, 2115838233, 2115838233
 30572,    51,   73000000, 2234323534,        1, 2161323534, 2161323534
 30572,    52,   73000000, 2281605973,        1, 2208605973, 2208605973
 30572,    53,   73000000, 2328989255,        1, 2255989255, 2255989255
# task NAME=myapp PID=30575 COST=43547000 PERIOD=85000000 CPU=0
 30575,     2,   85000000,      28209,        0,  -84971791,          0
 30575,     3,   85000000,      98528,        0,  -84901472,          0
 30575,     4,   85000000,   78272130,        0,   -6727870,          0
 30575,     5,   85000000,   77632773,        0,   -7367227,          0
 30575,     6,   85000000,   78696260,        0,   -6303740,          0
 30575,     7,   85000000,   80511768,        0,   -4488232,          0
 30575,     8,   85000000,   78144122,        0,   -6855878,          0
 30575,     9,   85000000,   78629844,        0,   -6370156,          0
 30575,    10,   85000000,   80227885,        0,   -4772115,          0
 30575,    11,   85000000,   80131963,        0,   -4868037,          0
 30575,    12,   85000000,   81098794,        0,   -3901206,          0
 30575,    13,   85000000,   80166948,        0,   -4833052,          0
 30575,    14,   85000000,   80252574,        0,   -4747426,          0
 30575,    15,   85000000,   80305475,        0,   -4694525,          0
 30575,    16,   85000000,   79296983,        0,   -5703017,          0
 30575,    17,   85000000,   77646395,        0,   -7353605,          0
 30575,    18,   85000000,   82685442,        0,   -2314558,          0
 30575,    19,   85000000,   79076008,        0,   -5923992,          0
 30575,    20,   85000000,   79522432,        0,   -5477568,          0
 30575,    21,   85000000,   81174319,        0,   -3825681,          0
 30575,    22,   85000000,   80198374,        0,   -4801626,          0
 30575,    23,   85000000,   81210347,        0,   -3789653,          0
 30575,    24,   85000000,   77211722,        0,   -7788278,          0
 30575,    25,   85000000,   81463711,        0,   -3536289,          0
 30575,    26,   85000000,   78857819,        0,   -6142181,          0
 30575,    27,   85000000,   74807852,        0,  -10192148,          0
 30575,    28,   85000000,   79606187,        0,   -5393813,          0
 30575,    29,   85000000,   81410189,        0,   -3589811,          0
 30575,    30,   85000000,   75563954,        0,   -9436046,          0
 30575,    31,   85000000,   78547176,        0,   -6452824,          0
 30575,    32,   85000000,   80134209,        0,   -4865791,          0
 30575,    33,   85000000,   81153914,        0,   -3846086,          0
 30575,    34,   85000000,   80153439,        0,   -4846561,          0
 30575,    35,   85000000,   74591077,        0,  -10408923,          0
 30575,    36,   85000000,   78101648,        0,   -6898352,          0
 30575,    37,   85000000,   78375855,        0,   -6624145,          0
 30575,    38,   85000000,   82195733,        0,   -2804267,          0
 30575,    39,   85000000,   80802200,        0,   -4197800,          0
 30575,    40,   85000000,   75356403,        0,   -9643597,          0
 30575,    41,   85000000,   80642759,        0,   -4357241,          0
 30575,    42,   85000000,   76166400,        0,   -8833600,          0
 30575,    43,   85000000,   77358420,        0,   -7641580,          0
 30575,    44,   85000000,   78306978,        0,   -6693022,          0
 30575,    45,   85000000,   81286794,        0,   -3713206,          0
 30575,    46,   85000000,   79885215,        0,   -5114785,          0
 30575,    47,   85000000,   79887052,        0,   -5112948,          0
 30575,    48,   85000000,   78447114,        0,   -6552886,          0
 30575,    49,   85000000,   80354805,        0,   -4645195,          0
 30575,    50,   85000000,   80347265,        0,   -4652735,          0
 30575,    51,   85000000,   78485548,        0,   -6514452,          0
 30575,    52,   85000000,   79027409,        0,   -5972591,          0
 30575,    53,   85000000,   81670984,        0,   -3329016,          0
 30575,    54,   85000000,   79670375,        0,   -5329625,          0
 30575,    55,   85000000,   79165413,        0,   -5834587,          0
 30575,    56,   85000000,   77953437,        0,   -7046563,          0
 30575,    57,   85000000,   80352201,        0,   -4647799,          0
 30575,    58,   85000000,   80801785,        0,   -4198215,          0
 30575,    59,   85000000,   79460745,        0,   -5539255,          0
 30575,    60,   85000000,   74848231,        0,  -10151769,          0
 30575,    61,   85000000,   81106692,        0,   -3893308,          0
 30575,    62,   85000000,   82421787,        0,   -2578213,          0
 30575,    63,   85000000,   79140521,        0,   -5859479,          0
 30575,    64,   85000000,   73029800,        0,  -11970200,          0
 30575,    65,   85000000,   78941265,        0,   -6058735,          0
 30575,    66,   85000000,   83005041,        0,   -1994959,          0
 30575,    67,   85000000,   78349544,        0,   -6650456,          0
 30575,    68,   85000000,   73983746,        0,  -11016254,          0
 30575,    69,   85000000,   83449629,        0,   -1550371,          0
 30575,    70,   85000000,   77775243,        0,   -7224757,          0
 30575,    71,   85000000,   78358811,        0,   -6641189,          0
 30575,    72,   85000000,   79097621,        0,   -5902379,          0
 30575,    73,   85000000,   81303205,        0,   -3696795,          0
 30575,    74,   85000000,   81066242,        0,   -3933758,          0
 30575,    75,   85000000,   80320863,        0,   -4679137,          0
 30575,    76,   85000000,   77979863,        0,   -7020137,          0
 30575,    77,   85000000,   76528168,        0,   -8471832,          0
 30575,    78,   85000000,   79530768,        0,   -5469232,          0
 30575,    79,   85000000,   73935509,        0,  -11064491,          0
 30575,    80,   85000000,   78139659,        0,   -6860341,          0
 30575,    81,   85000000,   81199936,        0,   -3800064,          0
 30575,    82,   85000000,   79331544,        0,   -5668456,          0
 30575,    83,   85000000,   75897834,        0,   -9102166,          0
 30575,    84,   85000000,   78465104,        0,   -6534896,          0
 30575,    85,   85000000,   80365403,        0,   -4634597,          0
 30575,    86,   85000000,   83262871,        0,   -1737129,          0
 30575,    87,   85000000,   78284881,        0,   -6715119,          0
 30575,    88,   85000000,   77530074,        0,   -7469926,          0
 30575,    89,   85000000,   80350401,        0,   -4649599,          0
 30575,    90,   85000000,   76482899,        0,   -8517101,          0
 30575,    91,   85000000,   79230939,        0,   -5769061,          0
 30575,    92,   85000000,   75120847,        0,   -9879153,          0
 30575,    93,   85000000,   82462952,        0,   -2537048,          0
 30575,    94,   85000000,   79604234,        0,   -5395766,          0
 30575,    95,   85000000,   81303888,        0,   -3696112,          0
 30575,    96,   85000000,   77516762,        0,   -7483238,          0
 30575,    97,   85000000,   81230209,        0,   -3769791,          0
 30575,    98,   85000000,   80151199,        0,   -4848801,          0
 30575,    99,   85000000,   79154456,        0,   -5845544,          0
 30575,   100,   85000000,   73857294,        0,  -11142706,          0
 30575,   101,   85000000,   82558528,        0,   -2441472,          0
 30575,   102,   85000000,   79471055,        0,   -5528945,          0
 30575,   103,   85000000,   79157185,        0,   -5842815,          0
 30575,   104,   85000000,   78116524,        0,   -6883476,          0
 30575,   105,   85000000,   77420807,        0,   -7579193,          0
 30575,   106,   85000000,   81556123,        0,   -3443877,          0
 30575,   107,   85000000,   74817875,        0,  -10182125,          0
 30575,   108,   85000000,   77227115,        0,   -7772885,          0
 30575,   109,   85000000,   80365354,        0,   -4634646,          0
 30575,   110,   85000000,   76205217,        0,   -8794783,          0
 30575,   111,   85000000,   74397694,        0,  -10602306,          0
 30575,   112,   85000000,   74368918,        0,  -10631082,          0
 30575,   113,   85000000,   80714892,        0,   -4285108,          0
 30575,   114,   85000000,   80162443,        0,   -4837557,          0
 30575,   115,   85000000,   78511601,        0,   -6488399,          0
 30575,   116,   85000000,   77445424,        0,   -7554576,          0
 30575,   117,   85000000,   77096507,        0,   -7903493,          0
 30575,   118,   85000000,   82107565,        0,   -2892435,          0
 30575,   119,   85000000,   79356230,        0,   -5643770,          0
 30575,   120,   85000000,   77188210,        0,   -7811790,          0
 30575,   121,   85000000,   81181291,        0,   -3818709,          0
# task NAME=myapp PID=30580 COST=66949000 PERIOD=85000000 CPU=0
 30580,     2,   85000000,       9773,        0,  -84990227,          0
 30580,     3,   85000000,     105845,        0,  -84894155,          0
 30580,     4,   85000000,  117069481,        1,   32069481,   32069481
 30580,     5,   85000000,  159911123,        1,   74911123,   74911123
 30580,     6,   85000000,  199605873,        1,  114605873,  114605873
 30580,     7,   85000000,  235378288,        1,  150378288,  150378288
 30580,     8,   85000000,  275974204,        1,  190974204,  190974204
 30580,     9,   85000000,  318671074,        1,  233671074,  233671074
 30580,    10,   85000000,  358849707,        1,  273849707,  273849707
 30580,    11,   85000000,  397913119,        1,  312913119,  312913119
 30580,    12,   85000000,  438417575,        1,  353417575,  353417575
 30580,    13,   85000000,  478486553,        1,  393486553,  393486553
 30580,    14,   85000000,  519053560,        1,  434053560,  434053560
 30580,    15,   85000000,  556983642,        1,  471983642,  471983642
 30580,    16,   85000000,  594597575,        1,  509597575,  509597575
 30580,    17,   85000000,  634310964,        1,  549310964,  549310964
 30580,    18,   85000000,  675261883,        1,  590261883,  590261883
 30580,    19,   85000000,  710506544,        1,  625506544,  625506544
 30580,    20,   85000000,  753001802,        1,  668001802,  668001802
 30580,    21,   85000000,  793503300,        1,  708503300,  708503300
 30580,    22,   85000000,  826933915,        1,  741933915,  741933915
 30580,    23,   85000000,  867420241,        1,  782420241,  782420241
 30580,    24,   85000000,  909113592,        1,  824113592,  824113592
 30580,    25,   85000000,  946635823,        1,  861635823,  861635823
 30580,    26,   85000000,  983944695,        1,  898944695,  898944695
 30580,    27,   85000000, 1024647647,        1,  939647647,  939647647
 30580,    28,   85000000, 1064965352,        1,  979965352,  979965352
 30580,    29,   85000000, 1104057976,        1, 1019057976, 1019057976
 30580,    30,   85000000, 1139240157,        1, 1054240157, 1054240157
 30580,    31,   85000000, 1182333240,        1, 1097333240, 1097333240
 30580,    32,   85000000, 1216963305,        1, 1131963305, 1131963305
 30580,    33,   85000000, 1257847965,        1, 1172847965, 1172847965
 30580,    34,   85000000, 1300578825,        1, 1215578825, 1215578825
 30580,    35,   85000000, 1342134385,        1, 1257134385, 1257134385
 30580,    36,   85000000, 1383700466,        1, 1298700466, 1298700466
 30580,    37,   85000000, 1420490018,        1, 1335490018, 1335490018
 30580,    38,   85000000, 1459480857,        1, 1374480857, 1374480857
 30580,    39,   85000000, 1499438841,        1, 1414438841, 1414438841
 30580,    40,   85000000, 1536979303,        1, 1451979303, 1451979303
 30580,    41,   85000000, 1577313363,        1, 1492313363, 1492313363
 30580,    42,   85000000, 1617985979,        1, 1532985979, 1532985979
 30580,    43,   85000000, 1656042266,        1, 1571042266, 1571042266
 30580,    44,   85000000, 1697397766,        1, 1612397766, 1612397766
 30580,    45,   85000000, 1733489638,        1, 1648489638, 1648489638
 30580,    46,   85000000, 1768620688,        1, 1683620688, 1683620688
 30580,    47,   85000000, 1809992788,        1, 1724992788, 1724992788
 30580,    48,   85000000, 1845298695,        1, 1760298695, 1760298695
 30580,    49,   85000000, 1884916691,        1, 1799916691, 1799916691
 30580,    50,   85000000, 1926973570,        1, 1841973570, 1841973570
 30580,    51,   85000000, 1966839532,        1, 1881839532, 1881839532
 30580,    52,   85000000, 2009578776,        1, 1924578776, 1924578776
 30580,    53,   85000000, 2053505542,        1, 1968505542, 1968505542
 30580,    54,   85000000, 2088087797,        1, 2003087797, 2003087797
 30580,    55,   85000000, 2123483800,        1, 2038483800, 2038483800
 30580,    56,   85000000, 2165181199,        1, 2080181199, 2080181199
 30580,    57,   85000000, 2204835151,        1, 2119835151, 2119835151
 30580,    58,   85000000, 2245731835,        1, 2160731835, 2160731835
 30580,    59,   85000000, 2288241545,        1, 2203241545, 2203241545
 30580,    60,   85000000, 2328212226,        1, 2243212226, 2243212226
 30580,    61,   85000000, 2362378610,        1, 2277378610, 2277378610
 30580,    62,   85000000, 2403215562,        1, 2318215562, 2318215562
 30580,    63,   85000000, 2442009457,        1, 2357009457, 2357009457
 30580,    64,   85000000, 2478729467,        1, 2393729467, 2393729467
# task NAME=myapp PID=30584 COST=10455000 PERIOD=12000000 CPU=0
 30584,     2,   12000000,      17838,        0,  -11982162,          0
 30584,     3,   12000000,      92235,        0,  -11907765,          0
 30584,     4,   12000000,   17861747,        1,    5861747,    5861747
 30584,     5,   12000000,   23780841,        1,   11780841,   11780841
 30584,     6,   12000000,   33831718,        1,   21831718,   21831718
 30584,     7,   12000000,   40091359,        1,   28091359,   28091359
 30584,     8,   12000000,   47764677,        1,   35764677,   35764677
 30584,     9,   12000000,   55701238,        1,   43701238,   43701238
 30584,    10,   12000000,   63622118,        1,   51622118,   51622118
 30584,    11,   12000000,   71613714,        1,   59613714,   59613714
 30584,    12,   12000000,   78704117,        1,   66704117,   66704117
 30584,    13,   12000000,   85712282,        1,   73712282,   73712282
 30584,    14,   12000000,   91649689,        1,   79649689,   79649689
 30584,    15,   12000000,  101554124,        1,   89554124,   89554124
 30584,    16,   12000000,  107499408,        1,   95499408,   95499408
 30584,    17,   12000000,  115709786,        1,  103709786,  103709786
 30584,    18,   12000000,  123639134,        1,  111639134,  111639134
 30584,    19,   12000000,  131554648,        1,  119554648,  119554648
 30584,    20,   12000000,  139543902,        1,  127543902,  127543902
 30584,    21,   12000000,  147503921,        1,  135503921,  135503921
 30584,    22,   12000000,  154536174,        1,  142536174,  142536174
 30584,    23,   12000000,  164724517,        1,  152724517,  152724517
 30584,    24,   12000000,  170647564,        1,  158647564,  158647564
 30584,    25,   12000000,  178561973,        1,  166561973,  166561973
 30584,    26,   12000000,  186469307,        1,  174469307,  174469307
 30584,    27,   12000000,  194456386,        1,  182456386,  182456386
 30584,    28,   12000000,  199683361,        1,  187683361,  187683361
 30584,    29,   12000000,  207621556,        1,  195621556,  195621556
 30584,    30,   12000000,  216639361,        1,  204639361,  204639361
 30584,    31,   12000000,  224541524,        1,  212541524,  212541524
 30584,    32,   12000000,  230504238,        1,  218504238,  218504238
 30584,    33,   12000000,  238455564,        1,  226455564,  226455564
 30584,    34,   12000000,  246374616,        1,  234374616,  234374616
 30584,    35,   12000000,  254277764,        1,  242277764,  242277764
 30584,    36,   12000000,  262276042,        1,  250276042,  250276042
 30584,    37,   12000000,  270212410,        1,  258212410,  258212410
 30584,    38,   12000000,  278159230,        1,  266159230,  266159230
 30584,    39,   12000000,  286066887,        1,  274066887,  274066887
 30584,    40,   12000000,  293980780,        1,  281980780,  281980780
 30584,    41,   12000000,  300050241,        1,  288050241,  288050241
 30584,    42,   12000000,  307367689,        1,  295367689,  295367689
 30584,    43,   12000000,  315279510,        1,  303279510,  303279510
 30584,    44,   12000000,  323235974,        1,  311235974,  311235974
 30584,    45,   12000000,  331194379,        1,  319194379,  319194379
 30584,    46,   12000000,  339129455,        1,  327129455,  327129455
 30584,    47,   12000000,  349002139,        1,  337002139,  337002139
 30584,    48,   12000000,  355456693,        1,  343456693,  343456693
 30584,    49,   12000000,  363675461,        1,  351675461,  351675461
 30584,    50,   12000000,  369997454,        1,  357997454,  357997454
 30584,    51,   12000000,  377939839,        1,  365939839,  365939839
 30584,    52,   12000000,  385908063,        1,  373908063,  373908063
 30584,    53,   12000000,  393832069,        1,  381832069,  381832069
# task NAME=myapp PID=30587 COST=29480000 PERIOD=52000000 CPU=0
 30587,     2,   52000000,      14135,        0,  -51985865,          0
 30587,     3,   52000000,     102159,        0,  -51897841,          0
 30587,     4,   52000000,   51913318,        0,     -86682,          0
 30587,     5,   52000000,   54971167,        1,    2971167,    2971167
 30587,     6,   52000000,   56266529,        1,    4266529,    4266529
 30587,     7,   52000000,   56225506,        1,    4225506,    4225506
 30587,     8,   52000000,   58538377,        1,    6538377,    6538377
 30587,     9,   52000000,   61393274,        1,    9393274,    9393274
 30587,    10,   52000000,   68034690,        1,   16034690,   16034690
 30587,    11,   52000000,   70030580,        1,   18030580,   18030580
 30587,    12,   52000000,   70223585,        1,   18223585,   18223585
 30587,    13,   52000000,   74212390,        1,   22212390,   22212390
 30587,    14,   52000000,   77850895,        1,   25850895,   25850895
 30587,    15,   52000000,   81859111,        1,   29859111,   29859111
 30587,    16,   52000000,   80261232,        1,   28261232,   28261232
 30587,    17,   52000000,   83615239,        1,   31615239,   31615239
 30587,    18,   52000000,   86663207,        1,   34663207,   34663207
 30587,    19,   52000000,   90897474,        1,   38897474,   38897474
 30587,    20,   52000000,   95929053,        1,   43929053,   43929053
 30587,    21,   52000000,   98011443,        1,   46011443,   46011443
 30587,    22,   52000000,  100047466,        1,   48047466,   48047466
 30587,    23,   52000000,  103136826,        1,   51136826,   51136826
 30587,    24,   52000000,  107038092,        1,   55038092,   55038092
 30587,    25,   52000000,  110117753,        1,   58117753,   58117753
 30587,    26,   52000000,  114333295,        1,   62333295,   62333295
 30587,    27,   52000000,  118465252,        1,   66465252,   66465252
 30587,    28,   52000000,  118848293,        1,   66848293,   66848293
 30587,    29,   52000000,  122974739,        1,   70974739,   70974739
 30587,    30,   52000000,  126102707,        1,   74102707,   74102707
 30587,    31,   52000000,  130148414,        1,   78148414,   78148414
 30587,    32,   52000000,  134133677,        1,   82133677,   82133677
 30587,    33,   52000000,  137240978,        1,   85240978,   85240978
 30587,    34,   52000000,  139184331,        1,   87184331,   87184331
 30587,    35,   52000000,  143452033,        1,   91452033,   91452033
 30587,    36,   52000000,  143570719,        1,   91570719,   91570719
 30587,    37,   52000000,  146409690,        1,   94409690,   94409690
 30587,    38,   52000000,  150409217,        1,   98409217,   98409217
 30587,    39,   52000000,  154567122,        1,  102567122,  102567122
 30587,    40,   52000000,  154794809,        1,  102794809,  102794809
 30587,    41,   52000000,  155453961,        1,  103453961,  103453961
 30587,    42,   52000000,  157963377,        1,  105963377,  105963377
 30587,    43,   52000000,  161867828,        1,  109867828,  109867828
 30587,    44,   52000000,  162868879,        1,  110868879,  110868879
 30587,    45,   52000000,  164250139,        1,  112250139,  112250139
 30587,    46,   52000000,  163316572,        1,  111316572,  111316572
 30587,    47,   52000000,  163297357,        1,  111297357,  111297357
 30587,    48,   52000000,  167241805,        1,  115241805,  115241805
 30587,    49,   52000000,  171190312,        1,  119190312,  119190312
 30587,    50,   52000000,  175163116,        1,  123163116,  123163116
 30587,    51,   52000000,  179146169,        1,  127146169,  127146169
 30587,    52,   52000000,  182350224,        1,  130350224,  130350224
 30587,    53,   52000000,  182520364,        1,  130520364,  130520364
 30587,    54,   52000000,  186257622,        1,  134257622,  134257622
 30587,    55,   52000000,  190194151,        1,  138194151,  138194151
 30587,    56,   52000000,  194403132,        1,  142403132,  142403132
 30587,    57,   52000000,  195553124,        1,  143553124,  143553124
 30587,    58,   52000000,  199560157,        1,  147560157,  147560157
 30587,    59,   52000000,  203597081,        1,  151597081,  151597081
 30587,    60,   52000000,  209648072,        1,  157648072,  157648072
 30587,    61,   52000000,  211574515,        1,  159574515,  159574515
 30587,    62,   52000000,  215074800,        1,  163074800,  163074800
 30587,    63,   52000000,  219626914,        1,  167626914,  167626914
 30587,    64,   52000000,  221869448,        1,  169869448,  169869448
 30587,    65,   52000000,  226107995,        1,  174107995,  174107995
 30587,    66,   52000000,  227377239,        1,  175377239,  175377239
 30587,    67,   52000000,  231125061,        1,  179125061,  179125061
 30587,    68,   52000000,  237123842,        1,  185123842,  185123842
 30587,    69,   52000000,  235234920,        1,  183234920,  183234920
 30587,    70,   52000000,  238301246,        1,  186301246,  186301246
 30587,    71,   52000000,  240205595,        1,  188205595,  188205595
 30587,    72,   52000000,  243483826,        1,  191483826,  191483826
 30587,    73,   52000000,  247250646,        1,  195250646,  195250646
 30587,    74,   52000000,  251409134,        1,  199409134,  199409134
 30587,    75,   52000000,  256383487,        1,  204383487,  204383487
 30587,    76,   52000000,  258708271,        1,  206708271,  206708271
 30587,    77,   52000000,  259743998,        1,  207743998,  207743998
 30587,    78,   52000000,  262829419,        1,  210829419,  210829419
 30587,    79,   52000000,  265944538,        1,  213944538,  213944538
 30587,    80,   52000000,  267286711,        1,  215286711,  215286711
 30587,    81,   52000000,  272196010,        1,  220196010,  220196010
 30587,    82,   52000000,  275102522,        1,  223102522,  223102522
 30587,    83,   52000000,  278515298,        1,  226515298,  226515298
 30587,    84,   52000000,  283612600,        1,  231612600,  231612600
 30587,    85,   52000000,  282764118,        1,  230764118,  230764118
 30587,    86,   52000000,  286806432,        1,  234806432,  234806432
 30587,    87,   52000000,  290802790,        1,  238802790,  238802790
 30587,    88,   52000000,  284217126,        1,  232217126,  232217126
 30587,    89,   52000000,  288211214,        1,  236211214,  236211214
 30587,    90,   52000000,  291266227,        1,  239266227,  239266227
 30587,    91,   52000000,  295218126,        1,  243218126,  243218126
 30587,    92,   52000000,  298619793,        1,  246619793,  246619793
 30587,    93,   52000000,  304443299,        1,  252443299,  252443299
 30587,    94,   52000000,  306309096,        1,  254309096,  254309096
 30587,    95,   52000000,  307419404,        1,  255419404,  255419404
 30587,    96,   52000000,  311430524,        1,  259430524,  259430524
 30587,    97,   52000000,  314511358,        1,  262511358,  262511358
 30587,    98,   52000000,  318177415,        1,  266177415,  266177415
 30587,    99,   52000000,  319299595,        1,  267299595,  267299595
 30587,   100,   52000000,  318485661,        1,  266485661,  266485661
 30587,   101,   52000000,  322754303,        1,  270754303,  270754303
 30587,   102,   52000000,  323793087,        1,  271793087,  271793087
 30587,   103,   52000000,  329849554,        1,  277849554,  277849554
 30587,   104,   52000000,  330983941,        1,  278983941,  278983941
 30587,   105,   52000000,  335500422,        1,  283500422,  283500422
 30587,   106,   52000000,  336571521,        1,  284571521,  284571521
 30587,   107,   52000000,  338722842,        1,  286722842,  286722842
 30587,   108,   52000000,  342661180,        1,  290661180,  290661180
 30587,   109,   52000000,  346770696,        1,  294770696,  294770696
 30587,   110,   52000000,  351209376,        1,  299209376,  299209376
 30587,   111,   52000000,  356110006,        1,  304110006,  304110006
 30587,   112,   52000000,  355450425,        1,  303450425,  303450425
 30587,   113,   52000000,  361531772,        1,  309531772,  309531772
 30587,   114,   52000000,  363415977,        1,  311415977,  311415977
 30587,   115,   52000000,  367420973,        1,  315420973,  315420973
 30587,   116,   52000000,  371441919,        1,  319441919,  319441919
 30587,   117,   52000000,  377059967,        1,  325059967,  325059967
 30587,   118,   52000000,  374885441,        1,  322885441,  322885441
 30587,   119,   52000000,  378295340,        1,  326295340,  326295340
 30587,   120,   52000000,  379636862,        1,  327636862,  327636862
 30587,   121,   52000000,  382700978,        1,  330700978,  330700978
 30587,   122,   52000000,  386519254,        1,  334519254,  334519254
 30587,   123,   52000000,  386725743,        1,  334725743,  334725743
 30587,   124,   52000000,  390745588,        1,  338745588,  338745588
 30587,   125,   52000000,  394691672,        1,  342691672,  342691672
 30587,   126,   52000000,  398110537,        1,  346110537,  346110537
 30587,   127,   52000000,  402108805,        1,  350108805,  350108805
 30587,   128,   52000000,  406918994,        1,  354918994,  354918994
 30587,   129,   52000000,  407414471,        1,  355414471,  355414471
 30587,   130,   52000000,  407642764,        1,  355642764,  355642764
 30587,   131,   52000000,  410733714,        1,  358733714,  358733714
 30587,   132,   52000000,  415736981,        1,  363736981,  363736981
 30587,   133,   52000000,  418112157,        1,  366112157,  366112157
 30587,   134,   52000000,  419337025,        1,  367337025,  367337025
 30587,   135,   52000000,  419572306,        1,  367572306,  367572306
 30587,   136,   52000000,  425295370,        1,  373295370,  373295370
 30587,   137,   52000000,  427450420,        1,  375450420,  375450420
 30587,   138,   52000000,  430363095,        1,  378363095,  378363095
 30587,   139,   52000000,  427606138,        1,  375606138,  375606138
 30587,   140,   52000000,  433564954,        1,  381564954,  381564954
 30587,   141,   52000000,  433462066,        1,  381462066,  381462066
 30587,   142,   52000000,  439021431,        1,  387021431,  387021431
 30587,   143,   52000000,  442030322,        1,  390030322,  390030322
 30587,   144,   52000000,  444065658,        1,  392065658,  392065658
 30587,   145,   52000000,  446995708,        1,  394995708,  394995708
 30587,   146,   52000000,  450835525,        1,  398835525,  398835525
 30587,   147,   52000000,  454334196,        1,  402334196,  402334196
 30587,   148,   52000000,  458355218,        1,  406355218,  406355218
 30587,   149,   52000000,  457937303,        1,  405937303,  405937303
 30587,   150,   52000000,  461931443,        1,  409931443,  409931443
 30587,   151,   52000000,  462969038,        1,  410969038,  410969038
 30587,   152,   52000000,  466938818,        1,  414938818,  414938818
 30587,   153,   52000000,  470018950,        1,  418018950,  418018950
 30587,   154,   52000000,  474387865,        1,  422387865,  422387865
 30587,   155,   52000000,  478288106,        1,  426288106,  426288106
 30587,   156,   52000000,  482612042,        1,  430612042,  430612042
 30587,   157,   52000000,  486903634,        1,  434903634,  434903634
 30587,   158,   52000000,  490660777,        1,  438660777,  438660777
 30587,   159,   52000000,  491729709,        1,  439729709,  439729709
 30587,   160,   52000000,  496256172,        1,  444256172,  444256172
 30587,   161,   52000000,  499105109,        1,  447105109,  447105109
 30587,   162,   52000000,  498440003,        1,  446440003,  446440003
 30587,   163,   52000000,  504754725,        1,  452754725,  452754725
 30587,   164,   52000000,  506656130,        1,  454656130,  454656130
 30587,   165,   52000000,  506246345,        1,  454246345,  454246345
 30587,   166,   52000000,  509207594,        1,  457207594,  457207594
 30587,   167,   52000000,  513430414,        1,  461430414,  461430414
 30587,   168,   52000000,  514483129,        1,  462483129,  462483129
 30587,   169,   52000000,  518486612,        1,  466486612,  466486612
 30587,   170,   52000000,  520150152,        1,  468150152,  468150152
 30587,   171,   52000000,  521817215,        1,  469817215,  469817215
 30587,   172,   52000000,  522652931,        1,  470652931,  470652931
 30587,   173,   52000000,  526901576,        1,  474901576,  474901576
 30587,   174,   52000000,  530015017,        1,  478015017,  478015017
 30587,   175,   52000000,  533991640,        1,  481991640,  481991640
 30587,   176,   52000000,  538016541,        1,  486016541,  486016541
 30587,   177,   52000000,  542285371,        1,  490285371,  490285371
 30587,   178,   52000000,  541356633,        1,  489356633,  489356633
 30587,   179,   52000000,  542273611,        1,  490273611,  490273611
 30587,   180,   52000000,  543831172,        1,  491831172,  491831172
 30587,   181,   52000000,  547246633,        1,  495246633,  495246633
 30587,   182,   52000000,  551263838,        1,  499263838,  499263838
 30587,   183,   52000000,  554392993,        1,  502392993,  502392993
 30587,   184,   52000000,  555527420,        1,  503527420,  503527420
 30587,   185,   52000000,  559511400,        1,  507511400,  507511400
 30587,   186,   52000000,  563486297,        1,  511486297,  511486297
 30587,   187,   52000000,  567412394,        1,  515412394,  515412394
 30587,   188,   52000000,  571583966,        1,  519583966,  519583966
 30587,   189,   52000000,  569960052,        1,  517960052,  517960052
 30587,   190,   52000000,  567611656,        1,  515611656,  515611656
 30587,   191,   52000000,  570652359,        1,  518652359,  518652359
 30587,   192,   52000000,  574958638,        1,  522958638,  522958638
 30587,   193,   52000000,  580047876,        1,  528047876,  528047876
 30587,   194,   52000000,  582998152,        1,  530998152,  530998152
 30587,   195,   52000000,  587048837,        1,  535048837,  535048837
 30587,   196,   52000000,  591102945,        1,  539102945,  539102945
# task NAME=myapp PID=30591 COST=8656000 PERIOD=22000000 CPU=0
 30591,     2,   22000000,      43175,        0,  -21956825,          0
 30591,     3,   22000000,     113796,        0,  -21886204,          0
 30591,     4,   22000000,   15875897,        0,   -6124103,          0
 30591,     5,   22000000,   14121438,        0,   -7878562,          0
 30591,     6,   22000000,   16175677,        0,   -5824323,          0
 30591,     7,   22000000,   12108437,        0,   -9891563,          0
 30591,     8,   22000000,   15345128,        0,   -6654872,          0
 30591,     9,   22000000,   11946853,        0,  -10053147,          0
 30591,    10,   22000000,   16055632,        0,   -5944368,          0
 30591,    11,   22000000,   11821842,        0,  -10178158,          0
 30591,    12,   22000000,   16046671,        0,   -5953329,          0
 30591,    13,   22000000,   13994920,        0,   -8005080,          0
 30591,    14,   22000000,   16049808,        0,   -5950192,          0
 30591,    15,   22000000,   13976071,        0,   -8023929,          0
 30591,    16,   22000000,   16962587,        0,   -5037413,          0
 30591,    17,   22000000,   14187056,        0,   -7812944,          0
 30591,    18,   22000000,   16054122,        0,   -5945878,          0
 30591,    19,   22000000,   16712980,        0,   -5287020,          0
 30591,    20,   22000000,   16092622,        0,   -5907378,          0
 30591,    21,   22000000,   16040785,        0,   -5959215,          0
 30591,    22,   22000000,   16079244,        0,   -5920756,          0
 30591,    23,   22000000,   13957838,        0,   -8042162,          0
 30591,    24,   22000000,   13151818,        0,   -8848182,          0
 30591,    25,   22000000,   15952958,        0,   -6047042,          0
 30591,    26,   22000000,   16314056,        0,   -5685944,          0
 30591,    27,   22000000,   13954514,        0,   -8045486,          0
 30591,    28,   22000000,   16033094,        0,   -5966906,          0
 30591,    29,   22000000,   12703541,        0,   -9296459,          0
 30591,    30,   22000000,   18022700,        0,   -3977300,          0
 30591,    31,   22000000,   15964012,        0,   -6035988,          0
 30591,    32,   22000000,   13082253,        0,   -8917747,          0
 30591,    33,   22000000,   13951988,        0,   -8048012,          0
 30591,    34,   22000000,   16072169,        0,   -5927831,          0
 30591,    35,   22000000,   16003189,        0,   -5996811,          0
 30591,    36,   22000000,   14009588,        0,   -7990412,          0
 30591,    37,   22000000,   13318310,        0,   -8681690,          0
 30591,    38,   22000000,   16036362,        0,   -5963638,          0
 30591,    39,   22000000,   13979577,        0,   -8020423,          0
 30591,    40,   22000000,   16030163,        0,   -5969837,          0
 30591,    41,   22000000,   16060976,        0,   -5939024,          0
 30591,    42,   22000000,   16031440,        0,   -5968560,          0
 30591,    43,   22000000,   14050850,        0,   -7949150,          0
 30591,    44,   22000000,   13386769,        0,   -8613231,          0
 30591,    45,   22000000,   14082405,        0,   -7917595,          0
 30591,    46,   22000000,   17485307,        0,   -4514693,          0
 30591,    47,   22000000,   14018776,        0,   -7981224,          0
 30591,    48,   22000000,   17961157,        0,   -4038843,          0
 30591,    49,   22000000,   14059856,        0,   -7940144,          0
 30591,    50,   22000000,   18016366,        0,   -3983634,          0
 30591,    51,   22000000,   13977059,        0,   -8022941,          0
 30591,    52,   22000000,   18004015,        0,   -3995985,          0
 30591,    53,   22000000,   14915374,        0,   -7084626,          0
 30591,    54,   22000000,   16282206,        0,   -5717794,          0
 30591,    55,   22000000,   16092479,        0,   -5907521,          0
 30591,    56,   22000000,   19106546,        0,   -2893454,          0
 30591,    57,   22000000,   14032198,        0,   -7967802,          0
 30591,    58,   22000000,   16056301,        0,   -5943699,          0
 30591,    59,   22000000,   14891329,        0,   -7108671,          0
 30591,    60,   22000000,   13704248,        0,   -8295752,          0
 30591,    61,   22000000,   11999885,        0,  -10000115,          0
 30591,    62,   22000000,   17176398,        0,   -4823602,          0
 30591,    63,   22000000,   14049308,        0,   -7950692,          0
 30591,    64,   22000000,   16190283,        0,   -5809717,          0
 30591,    65,   22000000,   14037626,        0,   -7962374,          0
 30591,    66,   22000000,   15177663,        0,   -6822337,          0
 30591,    67,   22000000,   16002980,        0,   -5997020,          0
 30591,    68,   22000000,   16065048,        0,   -5934952,          0
 30591,    69,   22000000,   15351328,        0,   -6648672,          0
 30591,    70,   22000000,   16075673,        0,   -5924327,          0
 30591,    71,   22000000,   14034130,        0,   -7965870,          0
 30591,    72,   22000000,   16178637,        0,   -5821363,          0
 30591,    73,   22000000,   14015750,        0,   -7984250,          0
 30591,    74,   22000000,   16061972,        0,   -5938028,          0
 30591,    75,   22000000,   16018178,        0,   -5981822,          0
 30591,    76,   22000000,   16730154,        0,   -5269846,          0
 30591,    77,   22000000,   14056206,        0,   -7943794,          0
 30591,    78,   22000000,   13354720,        0,   -8645280,          0
 30591,    79,   22000000,   15564667,        0,   -6435333,          0
 30591,    80,   22000000,   16056559,        0,   -5943441,          0
 30591,    81,   22000000,   14283559,        0,   -7716441,          0
 30591,    82,   22000000,   14102422,        0,   -7897578,          0
 30591,    83,   22000000,   16003690,        0,   -5996310,          0
 30591,    84,   22000000,   16333467,        0,   -5666533,          0
 30591,    85,   22000000,   14034595,        0,   -7965405,          0
 30591,    86,   22000000,   16043819,        0,   -5956181,          0
 30591,    87,   22000000,   14422142,        0,   -7577858,          0
 30591,    88,   22000000,   16097563,        0,   -5902437,          0
 30591,    89,   22000000,   16146120,        0,   -5853880,          0
 30591,    90,   22000000,   16062519,        0,   -5937481,          0
 30591,    91,   22000000,   11812453,        0,  -10187547,          0
 30591,    92,   22000000,   17996308,        0,   -4003692,          0
 30591,    93,   22000000,   14022593,        0,   -7977407,          0
 30591,    94,   22000000,   16025514,        0,   -5974486,          0
 30591,    95,   22000000,   11738925,        0,  -10261075,          0
 30591,    96,   22000000,   13417473,        0,   -8582527,          0
 30591,    97,   22000000,   13974641,        0,   -8025359,          0
 30591,    98,   22000000,   17301240,        0,   -4698760,          0
 30591,    99,   22000000,   13840277,        0,   -8159723,          0
 30591,   100,   22000000,   14505686,        0,   -7494314,          0
 30591,   101,   22000000,   14056609,        0,   -7943391,          0
 30591,   102,   22000000,   17599278,        0,   -4400722,          0
 30591,   103,   22000000,   14036567,        0,   -7963433,          0
 30591,   104,   22000000,   16179360,        0,   -5820640,          0
 30591,   105,   22000000,   14838204,        0,   -7161796,          0
 30591,   106,   22000000,   16999010,        0,   -5000990,          0
 30591,   107,   22000000,   14948953,        0,   -7051047,          0
 30591,   108,   22000000,   16085491,        0,   -5914509,          0
 30591,   109,   22000000,   11119498,        0,  -10880502,          0
 30591,   110,   22000000,   16128955,        0,   -5871045,          0
 30591,   111,   22000000,   16017792,        0,   -5982208,          0
 30591,   112,   22000000,   18041032,        0,   -3958968,          0
 30591,   113,   22000000,   13969708,        0,   -8030292,          0
 30591,   114,   22000000,   16087703,        0,   -5912297,          0
 30591,   115,   22000000,   16219921,        0,   -5780079,          0
 30591,   116,   22000000,   18057791,        0,   -3942209,          0
 30591,   117,   22000000,   14269727,        0,   -7730273,          0
 30591,   118,   22000000,   18085207,        0,   -3914793,          0
 30591,   119,   22000000,   15936551,        0,   -6063449,          0
 30591,   120,   22000000,   18003775,        0,   -3996225,          0
 30591,   121,   22000000,   16032130,        0,   -5967870,          0
 30591,   122,   22000000,   16055787,        0,   -5944213,          0
 30591,   123,   22000000,   13044153,        0,   -8955847,          0
 30591,   124,   22000000,   14488405,        0,   -7511595,          0
 30591,   125,   22000000,   14001947,        0,   -7998053,          0
 30591,   126,   22000000,   16047752,        0,   -5952248,          0
 30591,   127,   22000000,   13851393,        0,   -8148607,          0
 30591,   128,   22000000,   18102359,        0,   -3897641,          0
 30591,   129,   22000000,   16022297,        0,   -5977703,          0
 30591,   130,   22000000,   16627158,        0,   -5372842,          0
 30591,   131,   22000000,   11538061,        0,  -10461939,          0
 30591,   132,   22000000,   16085343,        0,   -5914657,          0
 30591,   133,   22000000,   13993713,        0,   -8006287,          0
 30591,   134,   22000000,   17146250,        0,   -4853750,          0
 30591,   135,   22000000,   12010627,        0,   -9989373,          0
 30591,   136,   22000000,   16055572,        0,   -5944428,          0
 30591,   137,   22000000,   14052832,        0,   -7947168,          0
 30591,   138,   22000000,   18055500,        0,   -3944500,          0
 30591,   139,   22000000,   14029719,        0,   -7970281,          0
 30591,   140,   22000000,   18311723,        0,   -3688277,          0
 30591,   141,   22000000,   14250549,        0,   -7749451,          0
 30591,   142,   22000000,   13181449,        0,   -8818551,          0
 30591,   143,   22000000,   14101225,        0,   -7898775,          0
 30591,   144,   22000000,   16094705,        0,   -5905295,          0
 30591,   145,   22000000,   16071600,        0,   -5928400,          0
 30591,   146,   22000000,   13178290,        0,   -8821710,          0
 30591,   147,   22000000,   15964608,        0,   -6035392,          0
 30591,   148,   22000000,   16317098,        0,   -5682902,          0
 30591,   149,   22000000,   13989159,        0,   -8010841,          0
 30591,   150,   22000000,   17160987,        0,   -4839013,          0
 30591,   151,   22000000,   14278869,        0,   -7721131,          0
 30591,   152,   22000000,   16194547,        0,   -5805453,          0
 30591,   153,   22000000,   13996083,        0,   -8003917,          0
 30591,   154,   22000000,   16444214,        0,   -5555786,          0
 30591,   155,   22000000,   13997440,        0,   -8002560,          0
 30591,   156,   22000000,   13181131,        0,   -8818869,          0
 30591,   157,   22000000,   14304740,        0,   -7695260,          0
 30591,   158,   22000000,   17891956,        0,   -4108044,          0
 30591,   159,   22000000,   12580768,        0,   -9419232,          0
 30591,   160,   22000000,   13155257,        0,   -8844743,          0
 30591,   161,   22000000,   15997378,        0,   -6002622,          0
 30591,   162,   22000000,   18065923,        0,   -3934077,          0
 30591,   163,   22000000,   16356694,        0,   -5643306,          0
 30591,   164,   22000000,   16084278,        0,   -5915722,          0
 30591,   165,   22000000,   16074826,        0,   -5925174,          0
 30591,   166,   22000000,   18069896,        0,   -3930104,          0
 30591,   167,   22000000,   12174565,        0,   -9825435,          0
 30591,   168,   22000000,   15428188,        0,   -6571812,          0
 30591,   169,   22000000,   14927474,        0,   -7072526,          0
 30591,   170,   22000000,   18034755,        0,   -3965245,          0
 30591,   171,   22000000,   14017696,        0,   -7982304,          0
 30591,   172,   22000000,   16101287,        0,   -5898713,          0
 30591,   173,   22000000,   16010501,        0,   -5989499,          0
 30591,   174,   22000000,   16012045,        0,   -5987955,          0
 30591,   175,   22000000,   15039215,        0,   -6960785,          0
 30591,   176,   22000000,   18022335,        0,   -3977665,          0
 30591,   177,   22000000,   14054600,        0,   -7945400,          0
 30591,   178,   22000000,   18052184,        0,   -3947816,          0
 30591,   179,   22000000,   15988930,        0,   -6011070,          0
 30591,   180,   22000000,   17720793,        0,   -4279207,          0
 30591,   181,   22000000,   14006223,        0,   -7993777,          0
 30591,   182,   22000000,   18053253,        0,   -3946747,          0
 30591,   183,   22000000,   15996009,        0,   -6003991,          0
 30591,   184,   22000000,   17031966,        0,   -4968034,          0
 30591,   185,   22000000,   16270352,        0,   -5729648,          0
 30591,   186,   22000000,   18063525,        0,   -3936475,          0
 30591,   187,   22000000,   12028893,        0,   -9971107,          0
 30591,   188,   22000000,   14299957,        0,   -7700043,          0
 30591,   189,   22000000,   14812517,        0,   -7187483,          0
 30591,   190,   22000000,   16744882,        0,   -5255118,          0
 30591,   191,   22000000,   16302629,        0,   -5697371,          0
 30591,   192,   22000000,   17553559,        0,   -4446441,          0
 30591,   193,   22000000,   14663280,        0,   -7336720,          0
 30591,   194,   22000000,   14032151,        0,   -7967849,          0
 30591,   195,   22000000,   14052330,        0,   -7947670,          0
 30591,   196,   22000000,   15103554,        0,   -6896446,          0
 30591,   197,   22000000,   16038772,        0,   -5961228,          0
 30591,   198,   22000000,   16048952,        0,   -5951048,          0
 30591,   199,   22000000,   17093927,        0,   -4906073,          0
 30591,   200,   22000000,   14064058,        0,   -7935942,          0
 30591,   201,   22000000,   15989890,        0,   -6010110,          0
 30591,   202,   22000000,   16868289,        0,   -5131711,          0
 30591,   203,   22000000,   12022441,        0,   -9977559,          0
 30591,   204,   22000000,   16078649,        0,   -5921351,          0
 30591,   205,   22000000,   14014098,        0,   -7985902,          0
 30591,   206,   22000000,   14006975,        0,   -7993025,          0
 30591,   207,   22000000,   14069475,        0,   -7930525,          0
 30591,   208,   22000000,   15264916,        0,   -6735084,          0
 30591,   209,   22000000,   16858600,        0,   -5141400,          0
 30591,   210,   22000000,   16061167,        0,   -5938833,          0
 30591,   211,   22000000,   15994621,        0,   -6005379,          0
 30591,   212,   22000000,   14987272,        0,   -7012728,          0
 30591,   213,   22000000,   15998370,        0,   -6001630,          0
 30591,   214,   22000000,   16026912,        0,   -5973088,          0
 30591,   215,   22000000,   11398886,        0,  -10601114,          0
 30591,   216,   22000000,   13713092,        0,   -8286908,          0
 30591,   217,   22000000,   14010006,        0,   -7989994,          0
 30591,   218,   22000000,   16049642,        0,   -5950358,          0
 30591,   219,   22000000,   14009503,        0,   -7990497,          0
 30591,   220,   22000000,   17542607,        0,   -4457393,          0
 30591,   221,   22000000,   14271519,        0,   -7728481,          0
 30591,   222,   22000000,   18064443,        0,   -3935557,          0
 30591,   223,   22000000,   14009003,        0,   -7990997,          0
 30591,   224,   22000000,   16056733,        0,   -5943267,          0
 30591,   225,   22000000,   11760170,        0,  -10239830,          0
 30591,   226,   22000000,   18026689,        0,   -3973311,          0
 30591,   227,   22000000,   14029071,        0,   -7970929,          0
 30591,   228,   22000000,   18015974,        0,   -3984026,          0
 30591,   229,   22000000,   13994525,        0,   -8005475,          0
 30591,   230,   22000000,   16060672,        0,   -5939328,          0
 30591,   231,   22000000,   16092452,        0,   -5907548,          0
 30591,   232,   22000000,   16076388,        0,   -5923612,          0
 30591,   233,   22000000,   11613217,        0,  -10386783,          0
 30591,   234,   22000000,   16361145,        0,   -5638855,          0
 30591,   235,   22000000,   16002746,        0,   -5997254,          0
 30591,   236,   22000000,   16134497,        0,   -5865503,          0
 30591,   237,   22000000,   13549344,        0,   -8450656,          0
 30591,   238,   22000000,   16086587,        0,   -5913413,          0
 30591,   239,   22000000,   14557774,        0,   -7442226,          0
 30591,   240,   22000000,   12260348,        0,   -9739652,          0
 30591,   241,   22000000,   14046564,        0,   -7953436,          0
 30591,   242,   22000000,   18034936,        0,   -3965064,          0
 30591,   243,   22000000,   13900056,        0,   -8099944,          0
 30591,   244,   22000000,   15991703,        0,   -6008297,          0
 30591,   245,   22000000,   14062419,        0,   -7937581,          0
 30591,   246,   22000000,   14075735,        0,   -7924265,          0
 30591,   247,   22000000,   15444980,        0,   -6555020,          0
 30591,   248,   22000000,   17554112,        0,   -4445888,          0
 30591,   249,   22000000,   14014622,        0,   -7985378,          0
 30591,   250,   22000000,   14322162,        0,   -7677838,          0
 30591,   251,   22000000,   14006112,        0,   -7993888,          0
 30591,   252,   22000000,   16071573,        0,   -5928427,          0
 30591,   253,   22000000,   14035567,        0,   -7964433,          0
 30591,   254,   22000000,   15138783,        0,   -6861217,          0
 30591,   255,   22000000,   13983123,        0,   -8016877,          0
 30591,   256,   22000000,   18052566,        0,   -3947434,          0
 30591,   257,   22000000,   13981842,        0,   -8018158,          0
 30591,   258,   22000000,   14097461,        0,   -7902539,          0
 30591,   259,   22000000,   14143311,        0,   -7856689,          0
 30591,   260,   22000000,   16311054,        0,   -5688946,          0
 30591,   261,   22000000,   15448908,        0,   -6551092,          0
 30591,   262,   22000000,   16103824,        0,   -5896176,          0
 30591,   263,   22000000,   14007056,        0,   -7992944,          0
 30591,   264,   22000000,   18073796,        0,   -3926204,          0
 30591,   265,   22000000,   14019333,        0,   -7980667,          0
 30591,   266,   22000000,   18048721,        0,   -3951279,          0
 30591,   267,   22000000,   14014644,        0,   -7985356,          0
 30591,   268,   22000000,   18042468,        0,   -3957532,          0
 30591,   269,   22000000,   15834470,        0,   -6165530,          0
 30591,   270,   22000000,   16923343,        0,   -5076657,          0
 30591,   271,   22000000,   11216327,        0,  -10783673,          0
 30591,   272,   22000000,   18068187,        0,   -3931813,          0
 30591,   273,   22000000,   14384452,        0,   -7615548,          0
 30591,   274,   22000000,   16045854,        0,   -5954146,          0
 30591,   275,   22000000,   14326940,        0,   -7673060,          0
 30591,   276,   22000000,   16059921,        0,   -5940079,          0
 30591,   277,   22000000,   16052223,        0,   -5947777,          0
 30591,   278,   22000000,   16086601,        0,   -5913399,          0
 30591,   279,   22000000,   14943324,        0,   -7056676,          0
 30591,   280,   22000000,   15154911,        0,   -6845089,          0
 30591,   281,   22000000,   16071675,        0,   -5928325,          0
 30591,   282,   22000000,   18319434,        0,   -3680566,          0
 30591,   283,   22000000,   14000045,        0,   -7999955,          0
 30591,   284,   22000000,   18044699,        0,   -3955301,          0
 30591,   285,   22000000,   13971790,        0,   -8028210,          0
 30591,   286,   22000000,   16083455,        0,   -5916545,          0
 30591,   287,   22000000,   16604744,        0,   -5395256,          0
 30591,   288,   22000000,   16091394,        0,   -5908606,          0
 30591,   289,   22000000,   14387686,        0,   -7612314,          0
 30591,   290,   22000000,   16082318,        0,   -5917682,          0
 30591,   291,   22000000,   16047658,        0,   -5952342,          0
 30591,   292,   22000000,   16106796,        0,   -5893204,          0
 30591,   293,   22000000,   16031774,        0,   -5968226,          0
 30591,   294,   22000000,   16916152,        0,   -5083848,          0
 30591,   295,   22000000,   11567150,        0,  -10432850,          0
 30591,   296,   22000000,   16060525,        0,   -5939475,          0
 30591,   297,   22000000,   14068293,        0,   -7931707,          0
 30591,   298,   22000000,   14060763,        0,   -7939237,          0
 30591,   299,   22000000,   13744111,        0,   -8255889,          0
 30591,   300,   22000000,   13126638,        0,   -8873362,          0
 30591,   301,   22000000,   14011612,        0,   -7988388,          0
 30591,   302,   22000000,   18046950,        0,   -3953050,          0
 30591,   303,   22000000,   15981623,        0,   -6018377,          0
 30591,   304,   22000000,   17004964,        0,   -4995036,          0
 30591,   305,   22000000,   14050320,        0,   -7949680,          0
 30591,   306,   22000000,   16068544,        0,   -5931456,          0
 30591,   307,   22000000,   16015075,        0,   -5984925,          0
 30591,   308,   22000000,   16087942,        0,   -5912058,          0
 30591,   309,   22000000,   14068457,        0,   -7931543,          0
 30591,   310,   22000000,   14049570,        0,   -7950430,          0
 30591,   311,   22000000,   14355646,        0,   -7644354,          0
 30591,   312,   22000000,   16745131,        0,   -5254869,          0
 30591,   313,   22000000,   14094016,        0,   -7905984,          0
 30591,   314,   22000000,   16090415,        0,   -5909585,          0
 30591,   315,   22000000,   14056962,        0,   -7943038,          0
 30591,   316,   22000000,   18519966,        0,   -3480034,          0
 30591,   317,   22000000,   14107749,        0,   -7892251,          0
 30591,   318,   22000000,   16278633,        0,   -5721367,          0
 30591,   319,   22000000,   15912653,        0,   -6087347,          0
 30591,   320,   22000000,   16048742,        0,   -5951258,          0
 30591,   321,   22000000,   14014132,        0,   -7985868,          0
 30591,   322,   22000000,   16440968,        0,   -5559032,          0
 30591,   323,   22000000,   16843320,        0,   -5156680,          0
 30591,   324,   22000000,   18061108,        0,   -3938892,          0
 30591,   325,   22000000,   15990012,        0,   -6009988,          0
 30591,   326,   22000000,   12766088,        0,   -9233912,          0
 30591,   327,   22000000,   16059746,        0,   -5940254,          0
 30591,   328,   22000000,   16048840,        0,   -5951160,          0
 30591,   329,   22000000,   14827777,        0,   -7172223,          0
 30591,   330,   22000000,   14864292,        0,   -7135708,          0
 30591,   331,   22000000,   11049309,        0,  -10950691,          0
 30591,   332,   22000000,   16030070,        0,   -5969930,          0
 30591,   333,   22000000,   14288706,        0,   -7711294,          0
 30591,   334,   22000000,   17892549,        0,   -4107451,          0
 30591,   335,   22000000,   14029933,        0,   -7970067,          0
 30591,   336,   22000000,   13376288,        0,   -8623712,          0
 30591,   337,   22000000,   14043359,        0,   -7956641,          0
 30591,   338,   22000000,   18072003,        0,   -3927997,          0
 30591,   339,   22000000,   14096309,        0,   -7903691,          0
 30591,   340,   22000000,   16588130,        0,   -5411870,          0
 30591,   341,   22000000,   16007871,        0,   -5992129,          0
 30591,   342,   22000000,   16078625,        0,   -5921375,          0
 30591,   343,   22000000,   14156063,        0,   -7843937,          0
 30591,   344,   22000000,   15993641,        0,   -6006359,          0
 30591,   345,   22000000,   13983667,        0,   -8016333,          0
 30591,   346,   22000000,   16070022,        0,   -5929978,          0
 30591,   347,   22000000,   16002662,        0,   -5997338,          0
 30591,   348,   22000000,   14388828,        0,   -7611172,          0
 30591,   349,   22000000,   16023849,        0,   -5976151,          0
 30591,   350,   22000000,   16329238,        0,   -5670762,          0
 30591,   351,   22000000,   14010645,        0,   -7989355,          0
 30591,   352,   22000000,   16053746,        0,   -5946254,          0
 30591,   353,   22000000,   11374069,        0,  -10625931,          0
 30591,   354,   22000000,   16055147,        0,   -5944853,          0
 30591,   355,   22000000,   15992021,        0,   -6007979,          0
 30591,   356,   22000000,   16356860,        0,   -5643140,          0
 30591,   357,   22000000,   16006846,        0,   -5993154,          0
 30591,   358,   22000000,   16799724,        0,   -5200276,          0
 30591,   359,   22000000,   13994184,        0,   -8005816,          0
 30591,   360,   22000000,   15297770,        0,   -6702230,          0
 30591,   361,   22000000,   14549806,        0,   -7450194,          0
 30591,   362,   22000000,   16075343,        0,   -5924657,          0
 30591,   363,   22000000,   15989822,        0,   -6010178,          0
 30591,   364,   22000000,   17064575,        0,   -4935425,          0
 30591,   365,   22000000,   14025685,        0,   -7974315,          0
 30591,   366,   22000000,   16133756,        0,   -5866244,          0
 30591,   367,   22000000,   14043786,        0,   -7956214,          0
 30591,   368,   22000000,   16123082,        0,   -5876918,          0
 30591,   369,   22000000,   14344513,        0,   -7655487,          0
 30591,   370,   22000000,   15549481,        0,   -6450519,          0
 30591,   371,   22000000,   14848804,        0,   -7151196,          0
 30591,   372,   22000000,   16037625,        0,   -5962375,          0
 30591,   373,   22000000,   16095294,        0,   -5904706,          0
 30591,   374,   22000000,   18063538,        0,   -3936462,          0
 30591,   375,   22000000,   14398592,        0,   -7601408,          0
 30591,   376,   22000000,   16072915,        0,   -5927085,          0
 30591,   377,   22000000,   13997802,        0,   -8002198,          0
 30591,   378,   22000000,   16106791,        0,   -5893209,          0
 30591,   379,   22000000,   14365602,        0,   -7634398,          0
 30591,   380,   22000000,   13217053,        0,   -8782947,          0
 30591,   381,   22000000,   16057825,        0,   -5942175,          0
 30591,   382,   22000000,   18081329,        0,   -3918671,          0
 30591,   383,   22000000,   13948166,        0,   -8051834,          0
 30591,   384,   22000000,   16053418,        0,   -5946582,          0
 30591,   385,   22000000,   13978629,        0,   -8021371,          0
 30591,   386,   22000000,   18067476,        0,   -3932524,          0
 30591,   387,   22000000,   12012098,        0,   -9987902,          0
 30591,   388,   22000000,   16056999,        0,   -5943001,          0
 30591,   389,   22000000,   15628573,        0,   -6371427,          0
 30591,   390,   22000000,   16345580,        0,   -5654420,          0
 30591,   391,   22000000,   14045862,        0,   -7954138,          0
 30591,   392,   22000000,   19049308,        0,   -2950692,          0
 30591,   393,   22000000,   12547520,        0,   -9452480,          0
 30591,   394,   22000000,   18003997,        0,   -3996003,          0
 30591,   395,   22000000,   14579189,        0,   -7420811,          0
 30591,   396,   22000000,   16102216,        0,   -5897784,          0
 30591,   397,   22000000,   14053029,        0,   -7946971,          0
 30591,   398,   22000000,   16040259,        0,   -5959741,          0
 30591,   399,   22000000,   15965740,        0,   -6034260,          0
 30591,   400,   22000000,   16105668,        0,   -5894332,          0
 30591,   401,   22000000,   16049254,        0,   -5950746,          0
 30591,   402,   22000000,   16101903,        0,   -5898097,          0
 30591,   403,   22000000,   14070116,        0,   -7929884,          0
 30591,   404,   22000000,   16040181,        0,   -5959819,          0
 30591,   405,   22000000,   12307059,        0,   -9692941,          0
 30591,   406,   22000000,   16033447,        0,   -5966553,          0
 30591,   407,   22000000,   15307999,        0,   -6692001,          0
 30591,   408,   22000000,   14505143,        0,   -7494857,          0
 30591,   409,   22000000,   15998480,        0,   -6001520,          0
 30591,   410,   22000000,   18037152,        0,   -3962848,          0
 30591,   411,   22000000,   14345135,        0,   -7654865,          0
 30591,   412,   22000000,   16033336,        0,   -5966664,          0
 30591,   413,   22000000,   14257661,        0,   -7742339,          0
 30591,   414,   22000000,   16196592,        0,   -5803408,          0
 30591,   415,   22000000,   12902738,        0,   -9097262,          0
 30591,   416,   22000000,   16120005,        0,   -5879995,          0
 30591,   417,   22000000,   13948042,        0,   -8051958,          0
 30591,   418,   22000000,   16084769,        0,   -5915231,          0
 30591,   419,   22000000,   12389126,        0,   -9610874,          0
 30591,   420,   22000000,   17023656,        0,   -4976344,          0
 30591,   421,   22000000,   14017236,        0,   -7982764,          0
 30591,   422,   22000000,   16548304,        0,   -5451696,          0
 30591,   423,   22000000,   13991505,        0,   -8008495,          0
 30591,   424,   22000000,   16385832,        0,   -5614168,          0
 30591,   425,   22000000,   13965241,        0,   -8034759,          0
 30591,   426,   22000000,   18061285,        0,   -3938715,          0
 30591,   427,   22000000,   15499382,        0,   -6500618,          0
 30591,   428,   22000000,   16051337,        0,   -5948663,          0
 30591,   429,   22000000,   12549152,        0,   -9450848,          0
 30591,   430,   22000000,   18076890,        0,   -3923110,          0
 30591,   431,   22000000,   14033126,        0,   -7966874,          0
 30591,   432,   22000000,   15483895,        0,   -6516105,          0
 30591,   433,   22000000,   15960038,        0,   -6039962,          0
 30591,   434,   22000000,   16068727,        0,   -5931273,          0
 30591,   435,   22000000,   16006379,        0,   -5993621,          0
 30591,   436,   22000000,   16070008,        0,   -5929992,          0
 30591,   437,   22000000,   14950119,        0,   -7049881,          0
 30591,   438,   22000000,   17065806,        0,   -4934194,          0
 30591,   439,   22000000,   14041438,        0,   -7958562,          0
 30591,   440,   22000000,   16077884,        0,   -5922116,          0
 30591,   441,   22000000,   14003923,        0,   -7996077,          0
 30591,   442,   22000000,   14068801,        0,   -7931199,          0
 30591,   443,   22000000,   14002038,        0,   -7997962,          0
 30591,   444,   22000000,   13297655,        0,   -8702345,          0
 30591,   445,   22000000,   14004867,        0,   -7995133,          0
 30591,   446,   22000000,   16077620,        0,   -5922380,          0
 30591,   447,   22000000,   14058889,        0,   -7941111,          0
 30591,   448,   22000000,   16114207,        0,   -5885793,          0
 30591,   449,   22000000,   14019666,        0,   -7980334,          0
 30591,   450,   22000000,   16110376,        0,   -5889624,          0
 30591,   451,   22000000,   13198331,        0,   -8801669,          0
 30591,   452,   22000000,   13488364,        0,   -8511636,          0
 30591,   453,   22000000,   16019241,        0,   -5980759,          0
 30591,   454,   22000000,   16065932,        0,   -5934068,          0
 30591,   455,   22000000,   14081319,        0,   -7918681,          0
 30591,   456,   22000000,   16506629,        0,   -5493371,          0
 30591,   457,   22000000,   15990106,        0,   -6009894,          0
 30591,   458,   22000000,   16057095,        0,   -5942905,          0
