# Task,   Job,     Period,   Response, DL Miss?,   Lateness,  Tardiness
# task NAME=myapp PID=1194 COST=18370000 PERIOD=52000000 CPU=0
  1194,     2,   52000000,      13823,        0,  -51986177,          0
  1194,     3,   52000000,      54152,        0,  -51945848,          0
  1194,     4,   52000000,   18220607,        0,  -33779393,          0
  1194,     5,   52000000,   18792281,        0,  -33207719,          0
  1194,     6,   52000000,   18241760,        0,  -33758240,          0
  1194,     7,   52000000,   21428884,        0,  -30571116,          0
  1194,     8,   52000000,   18190899,        0,  -33809101,          0
  1194,     9,   52000000,   19574216,        0,  -32425784,          0
  1194,    10,   52000000,   18226683,        0,  -33773317,          0
  1194,    11,   52000000,   18184806,        0,  -33815194,          0
  1194,    12,   52000000,   18204279,        0,  -33795721,          0
  1194,    13,   52000000,   18189093,        0,  -33810907,          0
  1194,    14,   52000000,   26248974,        0,  -25751026,          0
  1194,    15,   52000000,   18225471,        0,  -33774529,          0
  1194,    16,   52000000,   18814742,        0,  -33185258,          0
  1194,    17,   52000000,   18473157,        0,  -33526843,          0
  1194,    18,   52000000,   18188948,        0,  -33811052,          0
  1194,    19,   52000000,   18181641,        0,  -33818359,          0
  1194,    20,   52000000,   18179481,        0,  -33820519,          0
  1194,    21,   52000000,   22633378,        0,  -29366622,          0
  1194,    22,   52000000,   18479736,        0,  -33520264,          0
  1194,    23,   52000000,   22965950,        0,  -29034050,          0
  1194,    24,   52000000,   18365446,        0,  -33634554,          0
  1194,    25,   52000000,   18264086,        0,  -33735914,          0
  1194,    26,   52000000,   18304397,        0,  -33695603,          0
  1194,    27,   52000000,   18217838,        0,  -33782162,          0
  1194,    28,   52000000,   18232538,        0,  -33767462,          0
  1194,    29,   52000000,   18509805,        0,  -33490195,          0
  1194,    30,   52000000,   18185641,        0,  -33814359,          0
  1194,    31,   52000000,   18188778,        0,  -33811222,          0
  1194,    32,   52000000,   18430508,        0,  -33569492,          0
  1194,    33,   52000000,   18195961,        0,  -33804039,          0
  1194,    34,   52000000,   21542539,        0,  -30457461,          0
  1194,    35,   52000000,   31888166,        0,  -20111834,          0
  1194,    36,   52000000,   18212864,        0,  -33787136,          0
  1194,    37,   52000000,   18196806,        0,  -33803194,          0
  1194,    38,   52000000,   18179238,        0,  -33820762,          0
  1194,    39,   52000000,   18221478,        0,  -33778522,          0
  1194,    40,   52000000,   18403302,        0,  -33596698,          0
  1194,    41,   52000000,   18473924,        0,  -33526076,          0
  1194,    42,   52000000,   18351997,        0,  -33648003,          0
  1194,    43,   52000000,   22594370,        0,  -29405630,          0
  1194,    44,   52000000,   18211287,        0,  -33788713,          0
  1194,    45,   52000000,   18186402,        0,  -33813598,          0
  1194,    46,   52000000,   18481276,        0,  -33518724,          0
  1194,    47,   52000000,   24146048,        0,  -27853952,          0
  1194,    48,   52000000,   18176608,        0,  -33823392,          0
  1194,    49,   52000000,   18190315,        0,  -33809685,          0
  1194,    50,   52000000,   18322309,        0,  -33677691,          0
  1194,    51,   52000000,   18194938,        0,  -33805062,          0
  1194,    52,   52000000,   18434943,        0,  -33565057,          0
  1194,    53,   52000000,   18484031,        0,  -33515969,          0
  1194,    54,   52000000,   18183897,        0,  -33816103,          0
  1194,    55,   52000000,   18191889,        0,  -33808111,          0
  1194,    56,   52000000,   18192758,        0,  -33807242,          0
  1194,    57,   52000000,   18185395,        0,  -33814605,          0
  1194,    58,   52000000,   18488607,        0,  -33511393,          0
  1194,    59,   52000000,   23412991,        0,  -28587009,          0
  1194,    60,   52000000,   18222368,        0,  -33777632,          0
  1194,    61,   52000000,   19793566,        0,  -32206434,          0
  1194,    62,   52000000,   18195764,        0,  -33804236,          0
  1194,    63,   52000000,   18190750,        0,  -33809250,          0
  1194,    64,   52000000,   18200298,        0,  -33799702,          0
  1194,    65,   52000000,   18467536,        0,  -33532464,          0
  1194,    66,   52000000,   28550292,        0,  -23449708,          0
  1194,    67,   52000000,   18923013,        0,  -33076987,          0
  1194,    68,   52000000,   18197145,        0,  -33802855,          0
  1194,    69,   52000000,   18187252,        0,  -33812748,          0
  1194,    70,   52000000,   18577789,        0,  -33422211,          0
  1194,    71,   52000000,   18183439,        0,  -33816561,          0
  1194,    72,   52000000,   18191423,        0,  -33808577,          0
  1194,    73,   52000000,   18218010,        0,  -33781990,          0
  1194,    74,   52000000,   18362329,        0,  -33637671,          0
  1194,    75,   52000000,   18176974,        0,  -33823026,          0
  1194,    76,   52000000,   23557644,        0,  -28442356,          0
  1194,    77,   52000000,   20796459,        0,  -31203541,          0
  1194,    78,   52000000,   18278781,        0,  -33721219,          0
  1194,    79,   52000000,   18183002,        0,  -33816998,          0
  1194,    80,   52000000,   18218813,        0,  -33781187,          0
  1194,    81,   52000000,   18241228,        0,  -33758772,          0
  1194,    82,   52000000,   24066013,        0,  -27933987,          0
  1194,    83,   52000000,   18204911,        0,  -33795089,          0
  1194,    84,   52000000,   18255875,        0,  -33744125,          0
  1194,    85,   52000000,   18219112,        0,  -33780888,          0
  1194,    86,   52000000,   18303747,        0,  -33696253,          0
  1194,    87,   52000000,   18279310,        0,  -33720690,          0
  1194,    88,   52000000,   18868595,        0,  -33131405,          0
  1194,    89,   52000000,   18470042,        0,  -33529958,          0
  1194,    90,   52000000,   18318702,        0,  -33681298,          0
  1194,    91,   52000000,   18252565,        0,  -33747435,          0
  1194,    92,   52000000,   18501210,        0,  -33498790,          0
  1194,    93,   52000000,   18189879,        0,  -33810121,          0
  1194,    94,   52000000,   18483579,        0,  -33516421,          0
  1194,    95,   52000000,   18233347,        0,  -33766653,          0
  1194,    96,   52000000,   18202516,        0,  -33797484,          0
  1194,    97,   52000000,   18184965,        0,  -33815035,          0
  1194,    98,   52000000,   18201373,        0,  -33798627,          0
  1194,    99,   52000000,   18198353,        0,  -33801647,          0
  1194,   100,   52000000,   18184476,        0,  -33815524,          0
  1194,   101,   52000000,   18474382,        0,  -33525618,          0
  1194,   102,   52000000,   18244665,        0,  -33755335,          0
  1194,   103,   52000000,   18191358,        0,  -33808642,          0
  1194,   104,   52000000,   22367151,        0,  -29632849,          0
  1194,   105,   52000000,   18487834,        0,  -33512166,          0
  1194,   106,   52000000,   18476724,        0,  -33523276,          0
  1194,   107,   52000000,   18226877,        0,  -33773123,          0
  1194,   108,   52000000,   18184164,        0,  -33815836,          0
  1194,   109,   52000000,   18226603,        0,  -33773397,          0
  1194,   110,   52000000,   18195818,        0,  -33804182,          0
  1194,   111,   52000000,   20612914,        0,  -31387086,          0
  1194,   112,   52000000,   18192197,        0,  -33807803,          0
  1194,   113,   52000000,   18207870,        0,  -33792130,          0
  1194,   114,   52000000,   22641290,        0,  -29358710,          0
  1194,   115,   52000000,   20526362,        0,  -31473638,          0
  1194,   116,   52000000,   18261933,        0,  -33738067,          0
  1194,   117,   52000000,   18206610,        0,  -33793390,          0
  1194,   118,   52000000,   23685892,        0,  -28314108,          0
  1194,   119,   52000000,   18242019,        0,  -33757981,          0
  1194,   120,   52000000,   19433968,        0,  -32566032,          0
  1194,   121,   52000000,   18261789,        0,  -33738211,          0
  1194,   122,   52000000,   18190190,        0,  -33809810,          0
  1194,   123,   52000000,   18194442,        0,  -33805558,          0
  1194,   124,   52000000,   19475493,        0,  -32524507,          0
  1194,   125,   52000000,   18228818,        0,  -33771182,          0
  1194,   126,   52000000,   18217961,        0,  -33782039,          0
  1194,   127,   52000000,   18188431,        0,  -33811569,          0
  1194,   128,   52000000,   18257197,        0,  -33742803,          0
  1194,   129,   52000000,   18184903,        0,  -33815097,          0
  1194,   130,   52000000,   18643456,        0,  -33356544,          0
  1194,   131,   52000000,   18216080,        0,  -33783920,          0
  1194,   132,   52000000,   18185942,        0,  -33814058,          0
  1194,   133,   52000000,   18220947,        0,  -33779053,          0
  1194,   134,   52000000,   18279341,        0,  -33720659,          0
  1194,   135,   52000000,   18219798,        0,  -33780202,          0
  1194,   136,   52000000,   19734078,        0,  -32265922,          0
  1194,   137,   52000000,   18211853,        0,  -33788147,          0
  1194,   138,   52000000,   18220903,        0,  -33779097,          0
  1194,   139,   52000000,   18190813,        0,  -33809187,          0
  1194,   140,   52000000,   18182993,        0,  -33817007,          0
  1194,   141,   52000000,   18229480,        0,  -33770520,          0
  1194,   142,   52000000,   18471510,        0,  -33528490,          0
  1194,   143,   52000000,   19168658,        0,  -32831342,          0
  1194,   144,   52000000,   18195602,        0,  -33804398,          0
  1194,   145,   52000000,   18252949,        0,  -33747051,          0
  1194,   146,   52000000,   18234750,        0,  -33765250,          0
  1194,   147,   52000000,   18473324,        0,  -33526676,          0
  1194,   148,   52000000,   18260353,        0,  -33739647,          0
  1194,   149,   52000000,   18888664,        0,  -33111336,          0
  1194,   150,   52000000,   18185373,        0,  -33814627,          0
  1194,   151,   52000000,   18172683,        0,  -33827317,          0
  1194,   152,   52000000,   18247007,        0,  -33752993,          0
  1194,   153,   52000000,   18206821,        0,  -33793179,          0
  1194,   154,   52000000,   18453861,        0,  -33546139,          0
  1194,   155,   52000000,   18219251,        0,  -33780749,          0
  1194,   156,   52000000,   18183586,        0,  -33816414,          0
  1194,   157,   52000000,   18177369,        0,  -33822631,          0
  1194,   158,   52000000,   22935877,        0,  -29064123,          0
  1194,   159,   52000000,   18467933,        0,  -33532067,          0
  1194,   160,   52000000,   18206479,        0,  -33793521,          0
  1194,   161,   52000000,   18240685,        0,  -33759315,          0
  1194,   162,   52000000,   18191014,        0,  -33808986,          0
  1194,   163,   52000000,   18236288,        0,  -33763712,          0
  1194,   164,   52000000,   20255620,        0,  -31744380,          0
  1194,   165,   52000000,   18226633,        0,  -33773367,          0
  1194,   166,   52000000,   18461888,        0,  -33538112,          0
  1194,   167,   52000000,   18225999,        0,  -33774001,          0
  1194,   168,   52000000,   18963139,        0,  -33036861,          0
  1194,   169,   52000000,   18187866,        0,  -33812134,          0
  1194,   170,   52000000,   18528760,        0,  -33471240,          0
  1194,   171,   52000000,   18506789,        0,  -33493211,          0
  1194,   172,   52000000,   18180225,        0,  -33819775,          0
  1194,   173,   52000000,   18227596,        0,  -33772404,          0
  1194,   174,   52000000,   18229994,        0,  -33770006,          0
  1194,   175,   52000000,   18295370,        0,  -33704630,          0
  1194,   176,   52000000,   18231051,        0,  -33768949,          0
  1194,   177,   52000000,   18194827,        0,  -33805173,          0
  1194,   178,   52000000,   18474406,        0,  -33525594,          0
  1194,   179,   52000000,   25096595,        0,  -26903405,          0
  1194,   180,   52000000,   18223297,        0,  -33776703,          0
  1194,   181,   52000000,   19204791,        0,  -32795209,          0
  1194,   182,   52000000,   18207643,        0,  -33792357,          0
  1194,   183,   52000000,   18458693,        0,  -33541307,          0
  1194,   184,   52000000,   18403764,        0,  -33596236,          0
  1194,   185,   52000000,   18394076,        0,  -33605924,          0
  1194,   186,   52000000,   18189754,        0,  -33810246,          0
  1194,   187,   52000000,   18186292,        0,  -33813708,          0
  1194,   188,   52000000,   18187225,        0,  -33812775,          0
  1194,   189,   52000000,   18238807,        0,  -33761193,          0
  1194,   190,   52000000,   18495256,        0,  -33504744,          0
  1194,   191,   52000000,   18211942,        0,  -33788058,          0
  1194,   192,   52000000,   18191148,        0,  -33808852,          0
  1194,   193,   52000000,   21912928,        0,  -30087072,          0
  1194,   194,   52000000,   18190981,        0,  -33809019,          0
  1194,   195,   52000000,   31456145,        0,  -20543855,          0
  1194,   196,   52000000,   18495440,        0,  -33504560,          0
# task NAME=myapp PID=1197 COST=3213000 PERIOD=22000000 CPU=0
  1197,     2,   22000000,      13918,        0,  -21986082,          0
  1197,     3,   22000000,      62627,        0,  -21937373,          0
  1197,     4,   22000000,    3211446,        0,  -18788554,          0
  1197,     5,   22000000,    3243618,        0,  -18756382,          0
  1197,     6,   22000000,    3214730,        0,  -18785270,          0
  1197,     7,   22000000,    3238689,        0,  -18761311,          0
  1197,     8,   22000000,   10561128,        0,  -11438872,          0
  1197,     9,   22000000,    4211443,        0,  -17788557,          0
  1197,    10,   22000000,    3230786,        0,  -18769214,          0
  1197,    11,   22000000,    5451096,        0,  -16548904,          0
  1197,    12,   22000000,    3210131,        0,  -18789869,          0
  1197,    13,   22000000,    3489747,        0,  -18510253,          0
  1197,    14,   22000000,   10624944,        0,  -11375056,          0
  1197,    15,   22000000,    3210839,        0,  -18789161,          0
  1197,    16,   22000000,    3210356,        0,  -18789644,          0
  1197,    17,   22000000,    5360902,        0,  -16639098,          0
  1197,    18,   22000000,    3211704,        0,  -18788296,          0
  1197,    19,   22000000,    3237425,        0,  -18762575,          0
  1197,    20,   22000000,    3207476,        0,  -18792524,          0
  1197,    21,   22000000,    5559763,        0,  -16440237,          0
  1197,    22,   22000000,    3242446,        0,  -18757554,          0
  1197,    23,   22000000,    3205062,        0,  -18794938,          0
  1197,    24,   22000000,    3235490,        0,  -18764510,          0
  1197,    25,   22000000,    3210672,        0,  -18789328,          0
  1197,    26,   22000000,    3212039,        0,  -18787961,          0
  1197,    27,   22000000,    3258424,        0,  -18741576,          0
  1197,    28,   22000000,    3257413,        0,  -18742587,          0
  1197,    29,   22000000,    3237647,        0,  -18762353,          0
  1197,    30,   22000000,    5781214,        0,  -16218786,          0
  1197,    31,   22000000,    3234045,        0,  -18765955,          0
  1197,    32,   22000000,    3230202,        0,  -18769798,          0
  1197,    33,   22000000,    3220146,        0,  -18779854,          0
  1197,    34,   22000000,    4386643,        0,  -17613357,          0
  1197,    35,   22000000,    3250904,        0,  -18749096,          0
  1197,    36,   22000000,    3214234,        0,  -18785766,          0
  1197,    37,   22000000,    5506053,        0,  -16493947,          0
  1197,    38,   22000000,    3219606,        0,  -18780394,          0
  1197,    39,   22000000,    3216885,        0,  -18783115,          0
  1197,    40,   22000000,    3217822,        0,  -18782178,          0
  1197,    41,   22000000,    9556134,        0,  -12443866,          0
  1197,    42,   22000000,    6469085,        0,  -15530915,          0
  1197,    43,   22000000,    4439068,        0,  -17560932,          0
  1197,    44,   22000000,    4223049,        0,  -17776951,          0
  1197,    45,   22000000,    3293882,        0,  -18706118,          0
  1197,    46,   22000000,    6457812,        0,  -15542188,          0
  1197,    47,   22000000,    4179243,        0,  -17820757,          0
  1197,    48,   22000000,    3249798,        0,  -18750202,          0
  1197,    49,   22000000,    3248391,        0,  -18751609,          0
  1197,    50,   22000000,    3209344,        0,  -18790656,          0
  1197,    51,   22000000,    5660346,        0,  -16339654,          0
  1197,    52,   22000000,    3270054,        0,  -18729946,          0
  1197,    53,   22000000,    3250047,        0,  -18749953,          0
  1197,    54,   22000000,    4656599,        0,  -17343401,          0
  1197,    55,   22000000,    3294604,        0,  -18705396,          0
  1197,    56,   22000000,    3213651,        0,  -18786349,          0
  1197,    57,   22000000,    3214808,        0,  -18785192,          0
  1197,    58,   22000000,    3233884,        0,  -18766116,          0
  1197,    59,   22000000,    9204475,        0,  -12795525,          0
  1197,    60,   22000000,   10478642,        0,  -11521358,          0
  1197,    61,   22000000,    3217578,        0,  -18782422,          0
  1197,    62,   22000000,    3212039,        0,  -18787961,          0
  1197,    63,   22000000,    3209279,        0,  -18790721,          0
  1197,    64,   22000000,    3250095,        0,  -18749905,          0
  1197,    65,   22000000,    6385056,        0,  -15614944,          0
  1197,    66,   22000000,    3240653,        0,  -18759347,          0
  1197,    67,   22000000,    3215466,        0,  -18784534,          0
  1197,    68,   22000000,    7506750,        0,  -14493250,          0
  1197,    69,   22000000,    3234915,        0,  -18765085,          0
  1197,    70,   22000000,    3236550,        0,  -18763450,          0
  1197,    71,   22000000,    3214650,        0,  -18785350,          0
  1197,    72,   22000000,    3219597,        0,  -18780403,          0
  1197,    73,   22000000,    3220983,        0,  -18779017,          0
  1197,    74,   22000000,    3302637,        0,  -18697363,          0
  1197,    75,   22000000,    3209285,        0,  -18790715,          0
  1197,    76,   22000000,    3206769,        0,  -18793231,          0
  1197,    77,   22000000,    3214331,        0,  -18785669,          0
  1197,    78,   22000000,    3215569,        0,  -18784431,          0
  1197,    79,   22000000,   18352040,        0,   -3647960,          0
  1197,    80,   22000000,    3534170,        0,  -18465830,          0
  1197,    81,   22000000,    4291227,        0,  -17708773,          0
  1197,    82,   22000000,    8386820,        0,  -13613180,          0
  1197,    83,   22000000,    3402073,        0,  -18597927,          0
  1197,    84,   22000000,    3214878,        0,  -18785122,          0
  1197,    85,   22000000,    3309722,        0,  -18690278,          0
  1197,    86,   22000000,    6358478,        0,  -15641522,          0
  1197,    87,   22000000,    3214632,        0,  -18785368,          0
  1197,    88,   22000000,    3235440,        0,  -18764560,          0
  1197,    89,   22000000,    3217862,        0,  -18782138,          0
  1197,    90,   22000000,    3213852,        0,  -18786148,          0
  1197,    91,   22000000,    3219037,        0,  -18780963,          0
  1197,    92,   22000000,    6221576,        0,  -15778424,          0
  1197,    93,   22000000,    3211585,        0,  -18788415,          0
  1197,    94,   22000000,    3215199,        0,  -18784801,          0
  1197,    95,   22000000,    3239254,        0,  -18760746,          0
  1197,    96,   22000000,    3277511,        0,  -18722489,          0
  1197,    97,   22000000,    3221478,        0,  -18778522,          0
  1197,    98,   22000000,    3212588,        0,  -18787412,          0
  1197,    99,   22000000,    3516880,        0,  -18483120,          0
  1197,   100,   22000000,    3209524,        0,  -18790476,          0
  1197,   101,   22000000,    3209079,        0,  -18790921,          0
  1197,   102,   22000000,    3212614,        0,  -18787386,          0
  1197,   103,   22000000,    3218679,        0,  -18781321,          0
  1197,   104,   22000000,    3246749,        0,  -18753251,          0
  1197,   105,   22000000,    3243878,        0,  -18756122,          0
  1197,   106,   22000000,    3852332,        0,  -18147668,          0
  1197,   107,   22000000,   15536356,        0,   -6463644,          0
  1197,   108,   22000000,    3221511,        0,  -18778489,          0
  1197,   109,   22000000,    3211346,        0,  -18788654,          0
  1197,   110,   22000000,   10861959,        0,  -11138041,          0
  1197,   111,   22000000,    4310364,        0,  -17689636,          0
  1197,   112,   22000000,    3223941,        0,  -18776059,          0
  1197,   113,   22000000,    3218316,        0,  -18781684,          0
  1197,   114,   22000000,    3217401,        0,  -18782599,          0
  1197,   115,   22000000,    5257981,        0,  -16742019,          0
  1197,   116,   22000000,    3504920,        0,  -18495080,          0
  1197,   117,   22000000,    3212825,        0,  -18787175,          0
  1197,   118,   22000000,    3218312,        0,  -18781688,          0
  1197,   119,   22000000,   11186427,        0,  -10813573,          0
  1197,   120,   22000000,    3210335,        0,  -18789665,          0
  1197,   121,   22000000,    3300304,        0,  -18699696,          0
  1197,   122,   22000000,    3225524,        0,  -18774476,          0
  1197,   123,   22000000,    3212427,        0,  -18787573,          0
  1197,   124,   22000000,    3209133,        0,  -18790867,          0
  1197,   125,   22000000,    3328134,        0,  -18671866,          0
  1197,   126,   22000000,    3229548,        0,  -18770452,          0
  1197,   127,   22000000,    3212860,        0,  -18787140,          0
  1197,   128,   22000000,    3258428,        0,  -18741572,          0
  1197,   129,   22000000,    3237270,        0,  -18762730,          0
  1197,   130,   22000000,    3215985,        0,  -18784015,          0
  1197,   131,   22000000,    4246291,        0,  -17753709,          0
  1197,   132,   22000000,    3840240,        0,  -18159760,          0
  1197,   133,   22000000,    3220462,        0,  -18779538,          0
  1197,   134,   22000000,    3211174,        0,  -18788826,          0
  1197,   135,   22000000,    3222147,        0,  -18777853,          0
  1197,   136,   22000000,    3233293,        0,  -18766707,          0
  1197,   137,   22000000,    3205182,        0,  -18794818,          0
  1197,   138,   22000000,    3231074,        0,  -18768926,          0
  1197,   139,   22000000,    3210547,        0,  -18789453,          0
  1197,   140,   22000000,    8395206,        0,  -13604794,          0
  1197,   141,   22000000,    3323759,        0,  -18676241,          0
  1197,   142,   22000000,    3248856,        0,  -18751144,          0
  1197,   143,   22000000,    3243455,        0,  -18756545,          0
  1197,   144,   22000000,    4943026,        0,  -17056974,          0
  1197,   145,   22000000,    3211904,        0,  -18788096,          0
  1197,   146,   22000000,    3289443,        0,  -18710557,          0
  1197,   147,   22000000,    3236079,        0,  -18763921,          0
  1197,   148,   22000000,    3218006,        0,  -18781994,          0
  1197,   149,   22000000,    3235519,        0,  -18764481,          0
  1197,   150,   22000000,    3215487,        0,  -18784513,          0
  1197,   151,   22000000,    3306846,        0,  -18693154,          0
  1197,   152,   22000000,    3285976,        0,  -18714024,          0
  1197,   153,   22000000,    3237347,        0,  -18762653,          0
  1197,   154,   22000000,    3221241,        0,  -18778759,          0
  1197,   155,   22000000,    3238514,        0,  -18761486,          0
  1197,   156,   22000000,    3208057,        0,  -18791943,          0
  1197,   157,   22000000,    3227821,        0,  -18772179,          0
  1197,   158,   22000000,    3208558,        0,  -18791442,          0
  1197,   159,   22000000,    3224333,        0,  -18775667,          0
  1197,   160,   22000000,    3252290,        0,  -18747710,          0
  1197,   161,   22000000,    3314819,        0,  -18685181,          0
  1197,   162,   22000000,    3209157,        0,  -18790843,          0
  1197,   163,   22000000,    3231181,        0,  -18768819,          0
  1197,   164,   22000000,    3228112,        0,  -18771888,          0
  1197,   165,   22000000,    3241359,        0,  -18758641,          0
  1197,   166,   22000000,    6006458,        0,  -15993542,          0
  1197,   167,   22000000,    3383342,        0,  -18616658,          0
  1197,   168,   22000000,    3215426,        0,  -18784574,          0
  1197,   169,   22000000,    5487848,        0,  -16512152,          0
  1197,   170,   22000000,    3223458,        0,  -18776542,          0
  1197,   171,   22000000,    3226901,        0,  -18773099,          0
  1197,   172,   22000000,    3211675,        0,  -18788325,          0
  1197,   173,   22000000,    3298626,        0,  -18701374,          0
  1197,   174,   22000000,    3307272,        0,  -18692728,          0
  1197,   175,   22000000,    4143700,        0,  -17856300,          0
  1197,   176,   22000000,    3227620,        0,  -18772380,          0
  1197,   177,   22000000,    5195128,        0,  -16804872,          0
  1197,   178,   22000000,    6574213,        0,  -15425787,          0
  1197,   179,   22000000,    3248771,        0,  -18751229,          0
  1197,   180,   22000000,    3208718,        0,  -18791282,          0
  1197,   181,   22000000,   12827854,        0,   -9172146,          0
  1197,   182,   22000000,    3213906,        0,  -18786094,          0
  1197,   183,   22000000,    3334783,        0,  -18665217,          0
  1197,   184,   22000000,    3213477,        0,  -18786523,          0
  1197,   185,   22000000,    3245001,        0,  -18754999,          0
  1197,   186,   22000000,    3250098,        0,  -18749902,          0
  1197,   187,   22000000,    3210171,        0,  -18789829,          0
  1197,   188,   22000000,    3230660,        0,  -18769340,          0
  1197,   189,   22000000,    3247622,        0,  -18752378,          0
  1197,   190,   22000000,    9358249,        0,  -12641751,          0
  1197,   191,   22000000,    3294875,        0,  -18705125,          0
  1197,   192,   22000000,    3213961,        0,  -18786039,          0
  1197,   193,   22000000,    4272815,        0,  -17727185,          0
  1197,   194,   22000000,    3272284,        0,  -18727716,          0
  1197,   195,   22000000,    5559539,        0,  -16440461,          0
  1197,   196,   22000000,    3220095,        0,  -18779905,          0
  1197,   197,   22000000,    3245066,        0,  -18754934,          0
  1197,   198,   22000000,    5080279,        0,  -16919721,          0
  1197,   199,   22000000,    3210268,        0,  -18789732,          0
  1197,   200,   22000000,    3223801,        0,  -18776199,          0
  1197,   201,   22000000,    3312160,        0,  -18687840,          0
  1197,   202,   22000000,    3246309,        0,  -18753691,          0
  1197,   203,   22000000,    3243142,        0,  -18756858,          0
  1197,   204,   22000000,    3231727,        0,  -18768273,          0
  1197,   205,   22000000,    3247024,        0,  -18752976,          0
  1197,   206,   22000000,    3212345,        0,  -18787655,          0
  1197,   207,   22000000,    3505382,        0,  -18494618,          0
  1197,   208,   22000000,    3225276,        0,  -18774724,          0
  1197,   209,   22000000,    3423739,        0,  -18576261,          0
  1197,   210,   22000000,    3223502,        0,  -18776498,          0
  1197,   211,   22000000,    3340370,        0,  -18659630,          0
  1197,   212,   22000000,    3206252,        0,  -18793748,          0
  1197,   213,   22000000,    3289615,        0,  -18710385,          0
  1197,   214,   22000000,    3210289,        0,  -18789711,          0
  1197,   215,   22000000,    3249353,        0,  -18750647,          0
  1197,   216,   22000000,    3210777,        0,  -18789223,          0
  1197,   217,   22000000,    3272192,        0,  -18727808,          0
  1197,   218,   22000000,    3218842,        0,  -18781158,          0
  1197,   219,   22000000,    3260430,        0,  -18739570,          0
  1197,   220,   22000000,    3220023,        0,  -18779977,          0
  1197,   221,   22000000,    3219603,        0,  -18780397,          0
  1197,   222,   22000000,    3216938,        0,  -18783062,          0
  1197,   223,   22000000,    4843558,        0,  -17156442,          0
  1197,   224,   22000000,    3493563,        0,  -18506437,          0
  1197,   225,   22000000,    3227666,        0,  -18772334,          0
  1197,   226,   22000000,    7492117,        0,  -14507883,          0
  1197,   227,   22000000,   13631587,        0,   -8368413,          0
  1197,   228,   22000000,    6051499,        0,  -15948501,          0
  1197,   229,   22000000,    3240534,        0,  -18759466,          0
  1197,   230,   22000000,    4212261,        0,  -17787739,          0
  1197,   231,   22000000,    3266747,        0,  -18733253,          0
  1197,   232,   22000000,    3412942,        0,  -18587058,          0
  1197,   233,   22000000,    3209082,        0,  -18790918,          0
  1197,   234,   22000000,    3269100,        0,  -18730900,          0
  1197,   235,   22000000,    3241890,        0,  -18758110,          0
  1197,   236,   22000000,    3215132,        0,  -18784868,          0
  1197,   237,   22000000,    3220632,        0,  -18779368,          0
  1197,   238,   22000000,    3249031,        0,  -18750969,          0
  1197,   239,   22000000,    3232965,        0,  -18767035,          0
  1197,   240,   22000000,    4733004,        0,  -17266996,          0
  1197,   241,   22000000,    3495785,        0,  -18504215,          0
  1197,   242,   22000000,    6406217,        0,  -15593783,          0
  1197,   243,   22000000,    3258457,        0,  -18741543,          0
  1197,   244,   22000000,    3212575,        0,  -18787425,          0
  1197,   245,   22000000,    3528511,        0,  -18471489,          0
  1197,   246,   22000000,    3270747,        0,  -18729253,          0
  1197,   247,   22000000,    3212086,        0,  -18787914,          0
  1197,   248,   22000000,    3226991,        0,  -18773009,          0
  1197,   249,   22000000,    3220960,        0,  -18779040,          0
  1197,   250,   22000000,    3219654,        0,  -18780346,          0
  1197,   251,   22000000,    3241253,        0,  -18758747,          0
  1197,   252,   22000000,    3263112,        0,  -18736888,          0
  1197,   253,   22000000,    3213282,        0,  -18786718,          0
  1197,   254,   22000000,    3205602,        0,  -18794398,          0
  1197,   255,   22000000,    3211938,        0,  -18788062,          0
  1197,   256,   22000000,    3212971,        0,  -18787029,          0
  1197,   257,   22000000,    3213785,        0,  -18786215,          0
  1197,   258,   22000000,    3221760,        0,  -18778240,          0
  1197,   259,   22000000,    3390167,        0,  -18609833,          0
  1197,   260,   22000000,    3354463,        0,  -18645537,          0
  1197,   261,   22000000,    3259268,        0,  -18740732,          0
  1197,   262,   22000000,    3212523,        0,  -18787477,          0
  1197,   263,   22000000,    3230178,        0,  -18769822,          0
  1197,   264,   22000000,    3236292,        0,  -18763708,          0
  1197,   265,   22000000,    3267187,        0,  -18732813,          0
  1197,   266,   22000000,    3321913,        0,  -18678087,          0
  1197,   267,   22000000,    3213407,        0,  -18786593,          0
  1197,   268,   22000000,    3242850,        0,  -18757150,          0
  1197,   269,   22000000,    3233116,        0,  -18766884,          0
  1197,   270,   22000000,    3219922,        0,  -18780078,          0
  1197,   271,   22000000,    9823054,        0,  -12176946,          0
  1197,   272,   22000000,    3214974,        0,  -18785026,          0
  1197,   273,   22000000,    3265471,        0,  -18734529,          0
  1197,   274,   22000000,    3229777,        0,  -18770223,          0
  1197,   275,   22000000,    3269507,        0,  -18730493,          0
  1197,   276,   22000000,    3272308,        0,  -18727692,          0
  1197,   277,   22000000,    3334385,        0,  -18665615,          0
  1197,   278,   22000000,    3210052,        0,  -18789948,          0
  1197,   279,   22000000,    3977263,        0,  -18022737,          0
  1197,   280,   22000000,    3228385,        0,  -18771615,          0
  1197,   281,   22000000,    3439905,        0,  -18560095,          0
  1197,   282,   22000000,    3224811,        0,  -18775189,          0
  1197,   283,   22000000,    5555476,        0,  -16444524,          0
  1197,   284,   22000000,    3231229,        0,  -18768771,          0
  1197,   285,   22000000,    3212713,        0,  -18787287,          0
  1197,   286,   22000000,    3212243,        0,  -18787757,          0
  1197,   287,   22000000,    3210779,        0,  -18789221,          0
  1197,   288,   22000000,    3296879,        0,  -18703121,          0
  1197,   289,   22000000,    3349635,        0,  -18650365,          0
  1197,   290,   22000000,    3225635,        0,  -18774365,          0
  1197,   291,   22000000,    3231146,        0,  -18768854,          0
  1197,   292,   22000000,    3258919,        0,  -18741081,          0
  1197,   293,   22000000,    3374208,        0,  -18625792,          0
  1197,   294,   22000000,    3211094,        0,  -18788906,          0
  1197,   295,   22000000,    3212957,        0,  -18787043,          0
  1197,   296,   22000000,    5090766,        0,  -16909234,          0
  1197,   297,   22000000,    3261743,        0,  -18738257,          0
  1197,   298,   22000000,    3228758,        0,  -18771242,          0
  1197,   299,   22000000,    3461853,        0,  -18538147,          0
  1197,   300,   22000000,    4125883,        0,  -17874117,          0
  1197,   301,   22000000,    3232463,        0,  -18767537,          0
  1197,   302,   22000000,    3243081,        0,  -18756919,          0
  1197,   303,   22000000,    3212510,        0,  -18787490,          0
  1197,   304,   22000000,    3221423,        0,  -18778577,          0
  1197,   305,   22000000,    3256047,        0,  -18743953,          0
  1197,   306,   22000000,    3211371,        0,  -18788629,          0
  1197,   307,   22000000,    3228943,        0,  -18771057,          0
  1197,   308,   22000000,    3617260,        0,  -18382740,          0
  1197,   309,   22000000,    3238883,        0,  -18761117,          0
  1197,   310,   22000000,    3288432,        0,  -18711568,          0
  1197,   311,   22000000,    3800722,        0,  -18199278,          0
  1197,   312,   22000000,    3216677,        0,  -18783323,          0
  1197,   313,   22000000,    3210226,        0,  -18789774,          0
  1197,   314,   22000000,    3372368,        0,  -18627632,          0
  1197,   315,   22000000,    3225430,        0,  -18774570,          0
  1197,   316,   22000000,    3257968,        0,  -18742032,          0
  1197,   317,   22000000,    4472303,        0,  -17527697,          0
  1197,   318,   22000000,    3239724,        0,  -18760276,          0
  1197,   319,   22000000,    3332717,        0,  -18667283,          0
  1197,   320,   22000000,    3208760,        0,  -18791240,          0
  1197,   321,   22000000,    3230800,        0,  -18769200,          0
  1197,   322,   22000000,    3208812,        0,  -18791188,          0
  1197,   323,   22000000,    3277217,        0,  -18722783,          0
  1197,   324,   22000000,    3234557,        0,  -18765443,          0
  1197,   325,   22000000,    3212086,        0,  -18787914,          0
  1197,   326,   22000000,    3757512,        0,  -18242488,          0
  1197,   327,   22000000,    4701134,        0,  -17298866,          0
  1197,   328,   22000000,    3214681,        0,  -18785319,          0
  1197,   329,   22000000,    3330683,        0,  -18669317,          0
  1197,   330,   22000000,    3431493,        0,  -18568507,          0
  1197,   331,   22000000,    3268754,        0,  -18731246,          0
  1197,   332,   22000000,    3532541,        0,  -18467459,          0
  1197,   333,   22000000,    3212914,        0,  -18787086,          0
  1197,   334,   22000000,    3364993,        0,  -18635007,          0
  1197,   335,   22000000,    3791043,        0,  -18208957,          0
  1197,   336,   22000000,    3240075,        0,  -18759925,          0
  1197,   337,   22000000,    3242340,        0,  -18757660,          0
  1197,   338,   22000000,    3234892,        0,  -18765108,          0
  1197,   339,   22000000,    3237200,        0,  -18762800,          0
  1197,   340,   22000000,    3331371,        0,  -18668629,          0
  1197,   341,   22000000,    3263240,        0,  -18736760,          0
  1197,   342,   22000000,    3570048,        0,  -18429952,          0
  1197,   343,   22000000,    3297233,        0,  -18702767,          0
  1197,   344,   22000000,    3295541,        0,  -18704459,          0
  1197,   345,   22000000,    3205215,        0,  -18794785,          0
  1197,   346,   22000000,    5118528,        0,  -16881472,          0
  1197,   347,   22000000,    3504904,        0,  -18495096,          0
  1197,   348,   22000000,    3236525,        0,  -18763475,          0
  1197,   349,   22000000,    3534854,        0,  -18465146,          0
  1197,   350,   22000000,    3210484,        0,  -18789516,          0
  1197,   351,   22000000,   12184622,        0,   -9815378,          0
  1197,   352,   22000000,    3342195,        0,  -18657805,          0
  1197,   353,   22000000,    3210265,        0,  -18789735,          0
  1197,   354,   22000000,    3211788,        0,  -18788212,          0
  1197,   355,   22000000,    3234515,        0,  -18765485,          0
  1197,   356,   22000000,    3224798,        0,  -18775202,          0
  1197,   357,   22000000,    3212591,        0,  -18787409,          0
  1197,   358,   22000000,    8780214,        0,  -13219786,          0
  1197,   359,   22000000,    3355867,        0,  -18644133,          0
  1197,   360,   22000000,    3212144,        0,  -18787856,          0
  1197,   361,   22000000,    5504403,        0,  -16495597,          0
  1197,   362,   22000000,    3239023,        0,  -18760977,          0
  1197,   363,   22000000,    3245280,        0,  -18754720,          0
  1197,   364,   22000000,    3214675,        0,  -18785325,          0
  1197,   365,   22000000,    3224213,        0,  -18775787,          0
  1197,   366,   22000000,    3495316,        0,  -18504684,          0
  1197,   367,   22000000,    3213776,        0,  -18786224,          0
  1197,   368,   22000000,    3225459,        0,  -18774541,          0
  1197,   369,   22000000,    3229357,        0,  -18770643,          0
  1197,   370,   22000000,    3300156,        0,  -18699844,          0
  1197,   371,   22000000,    3268559,        0,  -18731441,          0
  1197,   372,   22000000,    3224476,        0,  -18775524,          0
  1197,   373,   22000000,    5381678,        0,  -16618322,          0
  1197,   374,   22000000,    3210704,        0,  -18789296,          0
  1197,   375,   22000000,    3227288,        0,  -18772712,          0
  1197,   376,   22000000,    3211125,        0,  -18788875,          0
  1197,   377,   22000000,    4215910,        0,  -17784090,          0
  1197,   378,   22000000,    3209717,        0,  -18790283,          0
  1197,   379,   22000000,    3231698,        0,  -18768302,          0
  1197,   380,   22000000,    3237916,        0,  -18762084,          0
  1197,   381,   22000000,    3209080,        0,  -18790920,          0
  1197,   382,   22000000,    3220236,        0,  -18779764,          0
  1197,   383,   22000000,    3220282,        0,  -18779718,          0
  1197,   384,   22000000,    3241547,        0,  -18758453,          0
  1197,   385,   22000000,    4962444,        0,  -17037556,          0
  1197,   386,   22000000,    3239946,        0,  -18760054,          0
  1197,   387,   22000000,    3280167,        0,  -18719833,          0
  1197,   388,   22000000,    3268971,        0,  -18731029,          0
  1197,   389,   22000000,    9729724,        0,  -12270276,          0
  1197,   390,   22000000,    3273106,        0,  -18726894,          0
  1197,   391,   22000000,    3270405,        0,  -18729595,          0
  1197,   392,   22000000,    3374089,        0,  -18625911,          0
  1197,   393,   22000000,    3223493,        0,  -18776507,          0
  1197,   394,   22000000,    3323571,        0,  -18676429,          0
  1197,   395,   22000000,    3211730,        0,  -18788270,          0
  1197,   396,   22000000,    3292723,        0,  -18707277,          0
  1197,   397,   22000000,    5507967,        0,  -16492033,          0
  1197,   398,   22000000,    3296129,        0,  -18703871,          0
  1197,   399,   22000000,    3212261,        0,  -18787739,          0
  1197,   400,   22000000,    3233377,        0,  -18766623,          0
  1197,   401,   22000000,    3506943,        0,  -18493057,          0
  1197,   402,   22000000,    3211700,        0,  -18788300,          0
  1197,   403,   22000000,    3251984,        0,  -18748016,          0
  1197,   404,   22000000,    4142971,        0,  -17857029,          0
  1197,   405,   22000000,    3227433,        0,  -18772567,          0
  1197,   406,   22000000,    3218248,        0,  -18781752,          0
  1197,   407,   22000000,    3330784,        0,  -18669216,          0
  1197,   408,   22000000,    3257206,        0,  -18742794,          0
  1197,   409,   22000000,    3216630,        0,  -18783370,          0
  1197,   410,   22000000,    3211202,        0,  -18788798,          0
  1197,   411,   22000000,    3209266,        0,  -18790734,          0
  1197,   412,   22000000,    3232691,        0,  -18767309,          0
  1197,   413,   22000000,   10277785,        0,  -11722215,          0
  1197,   414,   22000000,    3249115,        0,  -18750885,          0
  1197,   415,   22000000,    3869423,        0,  -18130577,          0
  1197,   416,   22000000,    3863267,        0,  -18136733,          0
  1197,   417,   22000000,    3219867,        0,  -18780133,          0
  1197,   418,   22000000,    3236625,        0,  -18763375,          0
  1197,   419,   22000000,   10063487,        0,  -11936513,          0
  1197,   420,   22000000,    3214664,        0,  -18785336,          0
  1197,   421,   22000000,    3208559,        0,  -18791441,          0
  1197,   422,   22000000,    3213371,        0,  -18786629,          0
  1197,   423,   22000000,    3217952,        0,  -18782048,          0
  1197,   424,   22000000,    3243734,        0,  -18756266,          0
  1197,   425,   22000000,    3221201,        0,  -18778799,          0
  1197,   426,   22000000,    3251009,        0,  -18748991,          0
  1197,   427,   22000000,    3257704,        0,  -18742296,          0
  1197,   428,   22000000,    3211207,        0,  -18788793,          0
  1197,   429,   22000000,    3227109,        0,  -18772891,          0
  1197,   430,   22000000,    3256736,        0,  -18743264,          0
  1197,   431,   22000000,    3242654,        0,  -18757346,          0
  1197,   432,   22000000,    3214663,        0,  -18785337,          0
  1197,   433,   22000000,    3240130,        0,  -18759870,          0
  1197,   434,   22000000,    3303227,        0,  -18696773,          0
  1197,   435,   22000000,    3304438,        0,  -18695562,          0
  1197,   436,   22000000,    3321889,        0,  -18678111,          0
  1197,   437,   22000000,    3352874,        0,  -18647126,          0
  1197,   438,   22000000,    3211606,        0,  -18788394,          0
  1197,   439,   22000000,    3218090,        0,  -18781910,          0
  1197,   440,   22000000,    3239942,        0,  -18760058,          0
  1197,   441,   22000000,    3245836,        0,  -18754164,          0
  1197,   442,   22000000,    3239437,        0,  -18760563,          0
  1197,   443,   22000000,    7578216,        0,  -14421784,          0
  1197,   444,   22000000,    3209668,        0,  -18790332,          0
  1197,   445,   22000000,    3230068,        0,  -18769932,          0
  1197,   446,   22000000,    3209604,        0,  -18790396,          0
  1197,   447,   22000000,    3583002,        0,  -18416998,          0
  1197,   448,   22000000,   16180620,        0,   -5819380,          0
  1197,   449,   22000000,    3232748,        0,  -18767252,          0
  1197,   450,   22000000,    3225700,        0,  -18774300,          0
  1197,   451,   22000000,    3271287,        0,  -18728713,          0
  1197,   452,   22000000,    3256834,        0,  -18743166,          0
  1197,   453,   22000000,    4891540,        0,  -17108460,          0
  1197,   454,   22000000,    3226794,        0,  -18773206,          0
  1197,   455,   22000000,    3291787,        0,  -18708213,          0
  1197,   456,   22000000,    3219543,        0,  -18780457,          0
  1197,   457,   22000000,    3520836,        0,  -18479164,          0
  1197,   458,   22000000,    3210239,        0,  -18789761,          0
# task NAME=myapp PID=1201 COST=34665000 PERIOD=93000000 CPU=0
  1201,     2,   93000000,      15152,        0,  -92984848,          0
  1201,     3,   93000000,      59909,        0,  -92940091,          0
  1201,     4,   93000000,   34580903,        0,  -58419097,          0
  1201,     5,   93000000,   34290889,        0,  -58709111,          0
  1201,     6,   93000000,   34349222,        0,  -58650778,          0
  1201,     7,   93000000,   34293105,        0,  -58706895,          0
  1201,     8,   93000000,   34660516,        0,  -58339484,          0
  1201,     9,   93000000,   34298166,        0,  -58701834,          0
  1201,    10,   93000000,   34310088,        0,  -58689912,          0
  1201,    11,   93000000,   37170316,        0,  -55829684,          0
  1201,    12,   93000000,   37464425,        0,  -55535575,          0
  1201,    13,   93000000,   34624293,        0,  -58375707,          0
  1201,    14,   93000000,   40887653,        0,  -52112347,          0
  1201,    15,   93000000,   34303061,        0,  -58696939,          0
  1201,    16,   93000000,   34571341,        0,  -58428659,          0
  1201,    17,   93000000,   34288208,        0,  -58711792,          0
  1201,    18,   93000000,   34287090,        0,  -58712910,          0
  1201,    19,   93000000,   36587076,        0,  -56412924,          0
  1201,    20,   93000000,   34648585,        0,  -58351415,          0
  1201,    21,   93000000,   49717990,        0,  -43282010,          0
  1201,    22,   93000000,   34391900,        0,  -58608100,          0
  1201,    23,   93000000,   34583205,        0,  -58416795,          0
  1201,    24,   93000000,   34293230,        0,  -58706770,          0
  1201,    25,   93000000,   34324471,        0,  -58675529,          0
  1201,    26,   93000000,   34427993,        0,  -58572007,          0
  1201,    27,   93000000,   34584650,        0,  -58415350,          0
  1201,    28,   93000000,   34309636,        0,  -58690364,          0
  1201,    29,   93000000,   34315416,        0,  -58684584,          0
  1201,    30,   93000000,   34298993,        0,  -58701007,          0
  1201,    31,   93000000,   34587415,        0,  -58412585,          0
  1201,    32,   93000000,   34294943,        0,  -58705057,          0
  1201,    33,   93000000,   34298760,        0,  -58701240,          0
  1201,    34,   93000000,   34324053,        0,  -58675947,          0
  1201,    35,   93000000,   34575278,        0,  -58424722,          0
  1201,    36,   93000000,   34294116,        0,  -58705884,          0
  1201,    37,   93000000,   34292492,        0,  -58707508,          0
  1201,    38,   93000000,   34309286,        0,  -58690714,          0
  1201,    39,   93000000,   34592946,        0,  -58407054,          0
  1201,    40,   93000000,   44033204,        0,  -48966796,          0
  1201,    41,   93000000,   34397484,        0,  -58602516,          0
  1201,    42,   93000000,   34330254,        0,  -58669746,          0
  1201,    43,   93000000,   35847205,        0,  -57152795,          0
  1201,    44,   93000000,   44915972,        0,  -48084028,          0
  1201,    45,   93000000,   50410668,        0,  -42589332,          0
  1201,    46,   93000000,   34301284,        0,  -58698716,          0
  1201,    47,   93000000,   34596737,        0,  -58403263,          0
  1201,    48,   93000000,   34312747,        0,  -58687253,          0
  1201,    49,   93000000,   34415713,        0,  -58584287,          0
  1201,    50,   93000000,   34268266,        0,  -58731734,          0
  1201,    51,   93000000,   34581974,        0,  -58418026,          0
  1201,    52,   93000000,   34501906,        0,  -58498094,          0
  1201,    53,   93000000,   34274321,        0,  -58725679,          0
  1201,    54,   93000000,   34268355,        0,  -58731645,          0
  1201,    55,   93000000,   34576696,        0,  -58423304,          0
  1201,    56,   93000000,   34387790,        0,  -58612210,          0
  1201,    57,   93000000,   34328061,        0,  -58671939,          0
  1201,    58,   93000000,   34301505,        0,  -58698495,          0
  1201,    59,   93000000,   39444729,        0,  -53555271,          0
  1201,    60,   93000000,   34291742,        0,  -58708258,          0
  1201,    61,   93000000,   34287543,        0,  -58712457,          0
  1201,    62,   93000000,   34568385,        0,  -58431615,          0
  1201,    63,   93000000,   34616701,        0,  -58383299,          0
  1201,    64,   93000000,   34402997,        0,  -58597003,          0
  1201,    65,   93000000,   34420425,        0,  -58579575,          0
  1201,    66,   93000000,   35907104,        0,  -57092896,          0
  1201,    67,   93000000,   34280009,        0,  -58719991,          0
  1201,    68,   93000000,   34451277,        0,  -58548723,          0
  1201,    69,   93000000,   34301790,        0,  -58698210,          0
  1201,    70,   93000000,   34583123,        0,  -58416877,          0
  1201,    71,   93000000,   34416765,        0,  -58583235,          0
  1201,    72,   93000000,   34312717,        0,  -58687283,          0
  1201,    73,   93000000,   34281501,        0,  -58718499,          0
  1201,    74,   93000000,   34638653,        0,  -58361347,          0
  1201,    75,   93000000,   34584436,        0,  -58415564,          0
  1201,    76,   93000000,   34312098,        0,  -58687902,          0
  1201,    77,   93000000,   34300222,        0,  -58699778,          0
  1201,    78,   93000000,   35883196,        0,  -57116804,          0
  1201,    79,   93000000,   34304731,        0,  -58695269,          0
  1201,    80,   93000000,   34287426,        0,  -58712574,          0
  1201,    81,   93000000,   34301990,        0,  -58698010,          0
  1201,    82,   93000000,   34907200,        0,  -58092800,          0
  1201,    83,   93000000,   34276312,        0,  -58723688,          0
  1201,    84,   93000000,   34322591,        0,  -58677409,          0
  1201,    85,   93000000,   34329220,        0,  -58670780,          0
  1201,    86,   93000000,   34638635,        0,  -58361365,          0
  1201,    87,   93000000,   40483123,        0,  -52516877,          0
  1201,    88,   93000000,   43965520,        0,  -49034480,          0
  1201,    89,   93000000,   36748291,        0,  -56251709,          0
  1201,    90,   93000000,   34779202,        0,  -58220798,          0
  1201,    91,   93000000,   34281300,        0,  -58718700,          0
  1201,    92,   93000000,   36889457,        0,  -56110543,          0
  1201,    93,   93000000,   34339860,        0,  -58660140,          0
  1201,    94,   93000000,   34571531,        0,  -58428469,          0
  1201,    95,   93000000,   34276515,        0,  -58723485,          0
  1201,    96,   93000000,   35309398,        0,  -57690602,          0
  1201,    97,   93000000,   34263419,        0,  -58736581,          0
  1201,    98,   93000000,   34565351,        0,  -58434649,          0
  1201,    99,   93000000,   34312106,        0,  -58687894,          0
  1201,   100,   93000000,   39601735,        0,  -53398265,          0
  1201,   101,   93000000,   34313545,        0,  -58686455,          0
  1201,   102,   93000000,   43247433,        0,  -49752567,          0
  1201,   103,   93000000,   34285655,        0,  -58714345,          0
  1201,   104,   93000000,   34289140,        0,  -58710860,          0
  1201,   105,   93000000,   34567998,        0,  -58432002,          0
  1201,   106,   93000000,   34278841,        0,  -58721159,          0
  1201,   107,   93000000,   34287853,        0,  -58712147,          0
  1201,   108,   93000000,   34293815,        0,  -58706185,          0
  1201,   109,   93000000,   34566727,        0,  -58433273,          0
  1201,   110,   93000000,   34293365,        0,  -58706635,          0
  1201,   111,   93000000,   34273817,        0,  -58726183,          0
# task NAME=myapp PID=1205 COST=5245000 PERIOD=41000000 CPU=0
  1205,     2,   41000000,      22255,        0,  -40977745,          0
  1205,     3,   41000000,      50935,        0,  -40949065,          0
  1205,     4,   41000000,    5214481,        0,  -35785519,          0
  1205,     5,   41000000,    5233978,        0,  -35766022,          0
  1205,     6,   41000000,    6654242,        0,  -34345758,          0
  1205,     7,   41000000,    6724999,        0,  -34275001,          0
  1205,     8,   41000000,    5217052,        0,  -35782948,          0
  1205,     9,   41000000,    5213318,        0,  -35786682,          0
  1205,    10,   41000000,    5219281,        0,  -35780719,          0
  1205,    11,   41000000,    5280362,        0,  -35719638,          0
  1205,    12,   41000000,    5224813,        0,  -35775187,          0
  1205,    13,   41000000,    5250659,        0,  -35749341,          0
  1205,    14,   41000000,    5275785,        0,  -35724215,          0
  1205,    15,   41000000,    5338066,        0,  -35661934,          0
  1205,    16,   41000000,    5260810,        0,  -35739190,          0
  1205,    17,   41000000,    5216760,        0,  -35783240,          0
  1205,    18,   41000000,    5236155,        0,  -35763845,          0
  1205,    19,   41000000,    5215659,        0,  -35784341,          0
  1205,    20,   41000000,    5559292,        0,  -35440708,          0
  1205,    21,   41000000,   20051434,        0,  -20948566,          0
  1205,    22,   41000000,   15737592,        0,  -25262408,          0
  1205,    23,   41000000,    5456300,        0,  -35543700,          0
  1205,    24,   41000000,    5504077,        0,  -35495923,          0
  1205,    25,   41000000,    5258325,        0,  -35741675,          0
  1205,    26,   41000000,    9709208,        0,  -31290792,          0
  1205,    27,   41000000,    5510301,        0,  -35489699,          0
  1205,    28,   41000000,    5263324,        0,  -35736676,          0
  1205,    29,   41000000,    5292219,        0,  -35707781,          0
  1205,    30,   41000000,    6971527,        0,  -34028473,          0
  1205,    31,   41000000,    5223399,        0,  -35776601,          0
  1205,    32,   41000000,    5273120,        0,  -35726880,          0
  1205,    33,   41000000,    8634643,        0,  -32365357,          0
  1205,    34,   41000000,    5216671,        0,  -35783329,          0
  1205,    35,   41000000,    5250598,        0,  -35749402,          0
  1205,    36,   41000000,    5291884,        0,  -35708116,          0
  1205,    37,   41000000,    5220143,        0,  -35779857,          0
  1205,    38,   41000000,    5271166,        0,  -35728834,          0
  1205,    39,   41000000,    5216901,        0,  -35783099,          0
  1205,    40,   41000000,    5522486,        0,  -35477514,          0
  1205,    41,   41000000,    5305260,        0,  -35694740,          0
  1205,    42,   41000000,    5248405,        0,  -35751595,          0
  1205,    43,   41000000,    5220557,        0,  -35779443,          0
  1205,    44,   41000000,    5238128,        0,  -35761872,          0
  1205,    45,   41000000,    9793407,        0,  -31206593,          0
  1205,    46,   41000000,    5226043,        0,  -35773957,          0
  1205,    47,   41000000,    8540187,        0,  -32459813,          0
  1205,    48,   41000000,    5264798,        0,  -35735202,          0
  1205,    49,   41000000,    6307004,        0,  -34692996,          0
  1205,    50,   41000000,    5758646,        0,  -35241354,          0
  1205,    51,   41000000,    5279409,        0,  -35720591,          0
  1205,    52,   41000000,    5264602,        0,  -35735398,          0
  1205,    53,   41000000,    5381665,        0,  -35618335,          0
  1205,    54,   41000000,    5221102,        0,  -35778898,          0
  1205,    55,   41000000,    5268923,        0,  -35731077,          0
  1205,    56,   41000000,    5221610,        0,  -35778390,          0
  1205,    57,   41000000,    5329573,        0,  -35670427,          0
  1205,    58,   41000000,    5511062,        0,  -35488938,          0
  1205,    59,   41000000,    5441426,        0,  -35558574,          0
  1205,    60,   41000000,    5285918,        0,  -35714082,          0
  1205,    61,   41000000,    5263078,        0,  -35736922,          0
  1205,    62,   41000000,    5235952,        0,  -35764048,          0
  1205,    63,   41000000,    5291192,        0,  -35708808,          0
  1205,    64,   41000000,    5223439,        0,  -35776561,          0
  1205,    65,   41000000,    5245135,        0,  -35754865,          0
  1205,    66,   41000000,    5243626,        0,  -35756374,          0
  1205,    67,   41000000,    6193286,        0,  -34806714,          0
  1205,    68,   41000000,    5368895,        0,  -35631105,          0
  1205,    69,   41000000,    5252415,        0,  -35747585,          0
  1205,    70,   41000000,    5241274,        0,  -35758726,          0
  1205,    71,   41000000,    5224117,        0,  -35775883,          0
  1205,    72,   41000000,    9266428,        0,  -31733572,          0
  1205,    73,   41000000,    6824192,        0,  -34175808,          0
  1205,    74,   41000000,   10308913,        0,  -30691087,          0
  1205,    75,   41000000,    5247528,        0,  -35752472,          0
  1205,    76,   41000000,    5248943,        0,  -35751057,          0
  1205,    77,   41000000,    5891850,        0,  -35108150,          0
  1205,    78,   41000000,    5218148,        0,  -35781852,          0
  1205,    79,   41000000,    5227415,        0,  -35772585,          0
  1205,    80,   41000000,    5321563,        0,  -35678437,          0
  1205,    81,   41000000,    5224095,        0,  -35775905,          0
  1205,    82,   41000000,    5309428,        0,  -35690572,          0
  1205,    83,   41000000,   11636030,        0,  -29363970,          0
  1205,    84,   41000000,    5220044,        0,  -35779956,          0
  1205,    85,   41000000,    5505670,        0,  -35494330,          0
  1205,    86,   41000000,    5218873,        0,  -35781127,          0
  1205,    87,   41000000,    5223269,        0,  -35776731,          0
  1205,    88,   41000000,   12116680,        0,  -28883320,          0
  1205,    89,   41000000,    5763788,        0,  -35236212,          0
  1205,    90,   41000000,    5218262,        0,  -35781738,          0
  1205,    91,   41000000,    5834221,        0,  -35165779,          0
  1205,    92,   41000000,    5263011,        0,  -35736989,          0
  1205,    93,   41000000,    5229542,        0,  -35770458,          0
  1205,    94,   41000000,    5221719,        0,  -35778281,          0
  1205,    95,   41000000,    5221821,        0,  -35778179,          0
  1205,    96,   41000000,   13620811,        0,  -27379189,          0
  1205,    97,   41000000,    6261993,        0,  -34738007,          0
  1205,    98,   41000000,    5244670,        0,  -35755330,          0
  1205,    99,   41000000,    5309473,        0,  -35690527,          0
  1205,   100,   41000000,    5249699,        0,  -35750301,          0
  1205,   101,   41000000,    5229681,        0,  -35770319,          0
  1205,   102,   41000000,    5265623,        0,  -35734377,          0
  1205,   103,   41000000,    8430207,        0,  -32569793,          0
  1205,   104,   41000000,    9149170,        0,  -31850830,          0
  1205,   105,   41000000,    5216720,        0,  -35783280,          0
  1205,   106,   41000000,    7459569,        0,  -33540431,          0
  1205,   107,   41000000,    5255206,        0,  -35744794,          0
  1205,   108,   41000000,    5288498,        0,  -35711502,          0
  1205,   109,   41000000,    5220846,        0,  -35779154,          0
  1205,   110,   41000000,    5377067,        0,  -35622933,          0
  1205,   111,   41000000,    8065289,        0,  -32934711,          0
  1205,   112,   41000000,    5239007,        0,  -35760993,          0
  1205,   113,   41000000,    5233021,        0,  -35766979,          0
  1205,   114,   41000000,    5218221,        0,  -35781779,          0
  1205,   115,   41000000,   12182060,        0,  -28817940,          0
  1205,   116,   41000000,    6471486,        0,  -34528514,          0
  1205,   117,   41000000,    6998288,        0,  -34001712,          0
  1205,   118,   41000000,    7589803,        0,  -33410197,          0
  1205,   119,   41000000,    5320393,        0,  -35679607,          0
  1205,   120,   41000000,   15202401,        0,  -25797599,          0
  1205,   121,   41000000,    5250874,        0,  -35749126,          0
  1205,   122,   41000000,    5244875,        0,  -35755125,          0
  1205,   123,   41000000,    5218210,        0,  -35781790,          0
  1205,   124,   41000000,    5248705,        0,  -35751295,          0
  1205,   125,   41000000,    8471876,        0,  -32528124,          0
  1205,   126,   41000000,    5236894,        0,  -35763106,          0
  1205,   127,   41000000,    5273302,        0,  -35726698,          0
  1205,   128,   41000000,    5317699,        0,  -35682301,          0
  1205,   129,   41000000,    5334339,        0,  -35665661,          0
  1205,   130,   41000000,    5648962,        0,  -35351038,          0
  1205,   131,   41000000,    5888690,        0,  -35111310,          0
  1205,   132,   41000000,   11096184,        0,  -29903816,          0
  1205,   133,   41000000,    5227683,        0,  -35772317,          0
  1205,   134,   41000000,    5217433,        0,  -35782567,          0
  1205,   135,   41000000,   12578207,        0,  -28421793,          0
  1205,   136,   41000000,    5229580,        0,  -35770420,          0
  1205,   137,   41000000,    5483444,        0,  -35516556,          0
  1205,   138,   41000000,    5217447,        0,  -35782553,          0
  1205,   139,   41000000,    5219494,        0,  -35780506,          0
  1205,   140,   41000000,    8673298,        0,  -32326702,          0
  1205,   141,   41000000,    5219376,        0,  -35780624,          0
  1205,   142,   41000000,   15741996,        0,  -25258004,          0
  1205,   143,   41000000,    5267224,        0,  -35732776,          0
  1205,   144,   41000000,    5254679,        0,  -35745321,          0
  1205,   145,   41000000,    5258846,        0,  -35741154,          0
  1205,   146,   41000000,    6552841,        0,  -34447159,          0
  1205,   147,   41000000,    5557519,        0,  -35442481,          0
  1205,   148,   41000000,    5219958,        0,  -35780042,          0
  1205,   149,   41000000,    5590007,        0,  -35409993,          0
  1205,   150,   41000000,   11129624,        0,  -29870376,          0
  1205,   151,   41000000,    5244628,        0,  -35755372,          0
  1205,   152,   41000000,    5508455,        0,  -35491545,          0
  1205,   153,   41000000,    5248859,        0,  -35751141,          0
  1205,   154,   41000000,    5225639,        0,  -35774361,          0
  1205,   155,   41000000,    5307025,        0,  -35692975,          0
  1205,   156,   41000000,    5219510,        0,  -35780490,          0
  1205,   157,   41000000,    5247979,        0,  -35752021,          0
  1205,   158,   41000000,    6144436,        0,  -34855564,          0
  1205,   159,   41000000,    5263157,        0,  -35736843,          0
  1205,   160,   41000000,    5221486,        0,  -35778514,          0
  1205,   161,   41000000,    5242942,        0,  -35757058,          0
  1205,   162,   41000000,    8198984,        0,  -32801016,          0
  1205,   163,   41000000,    5226199,        0,  -35773801,          0
  1205,   164,   41000000,    5217416,        0,  -35782584,          0
  1205,   165,   41000000,    8654414,        0,  -32345586,          0
  1205,   166,   41000000,    5237660,        0,  -35762340,          0
  1205,   167,   41000000,    5397564,        0,  -35602436,          0
  1205,   168,   41000000,    5253186,        0,  -35746814,          0
  1205,   169,   41000000,    5215256,        0,  -35784744,          0
  1205,   170,   41000000,    5371441,        0,  -35628559,          0
  1205,   171,   41000000,    5223690,        0,  -35776310,          0
  1205,   172,   41000000,    5352379,        0,  -35647621,          0
  1205,   173,   41000000,    6211809,        0,  -34788191,          0
  1205,   174,   41000000,    8526678,        0,  -32473322,          0
  1205,   175,   41000000,    5220894,        0,  -35779106,          0
  1205,   176,   41000000,    5727572,        0,  -35272428,          0
  1205,   177,   41000000,    5311838,        0,  -35688162,          0
  1205,   178,   41000000,    5233405,        0,  -35766595,          0
  1205,   179,   41000000,    5275898,        0,  -35724102,          0
  1205,   180,   41000000,    5236511,        0,  -35763489,          0
  1205,   181,   41000000,    5222497,        0,  -35777503,          0
  1205,   182,   41000000,    5249215,        0,  -35750785,          0
  1205,   183,   41000000,    5222419,        0,  -35777581,          0
  1205,   184,   41000000,    5395319,        0,  -35604681,          0
  1205,   185,   41000000,    5932591,        0,  -35067409,          0
  1205,   186,   41000000,    5230895,        0,  -35769105,          0
  1205,   187,   41000000,    6659179,        0,  -34340821,          0
  1205,   188,   41000000,    5229141,        0,  -35770859,          0
  1205,   189,   41000000,    5452987,        0,  -35547013,          0
  1205,   190,   41000000,    7258186,        0,  -33741814,          0
  1205,   191,   41000000,    6777194,        0,  -34222806,          0
  1205,   192,   41000000,    6534774,        0,  -34465226,          0
  1205,   193,   41000000,    5250896,        0,  -35749104,          0
  1205,   194,   41000000,    5918704,        0,  -35081296,          0
  1205,   195,   41000000,    5529348,        0,  -35470652,          0
  1205,   196,   41000000,    5314914,        0,  -35685086,          0
  1205,   197,   41000000,    5248900,        0,  -35751100,          0
  1205,   198,   41000000,    5216163,        0,  -35783837,          0
  1205,   199,   41000000,    5276231,        0,  -35723769,          0
  1205,   200,   41000000,    5222018,        0,  -35777982,          0
  1205,   201,   41000000,    5318576,        0,  -35681424,          0
  1205,   202,   41000000,    5223520,        0,  -35776480,          0
  1205,   203,   41000000,    9933549,        0,  -31066451,          0
  1205,   204,   41000000,    5250291,        0,  -35749709,          0
  1205,   205,   41000000,    5326332,        0,  -35673668,          0
  1205,   206,   41000000,   12040089,        0,  -28959911,          0
  1205,   207,   41000000,    5235246,        0,  -35764754,          0
  1205,   208,   41000000,    8442867,        0,  -32557133,          0
  1205,   209,   41000000,    5232658,        0,  -35767342,          0
  1205,   210,   41000000,    5519800,        0,  -35480200,          0
  1205,   211,   41000000,    5264458,        0,  -35735542,          0
  1205,   212,   41000000,    5228391,        0,  -35771609,          0
  1205,   213,   41000000,    9500211,        0,  -31499789,          0
  1205,   214,   41000000,   15497303,        0,  -25502697,          0
  1205,   215,   41000000,   10485446,        0,  -30514554,          0
  1205,   216,   41000000,    5315529,        0,  -35684471,          0
  1205,   217,   41000000,    8153019,        0,  -32846981,          0
  1205,   218,   41000000,    8412761,        0,  -32587239,          0
  1205,   219,   41000000,    7963050,        0,  -33036950,          0
  1205,   220,   41000000,    5219521,        0,  -35780479,          0
  1205,   221,   41000000,    5219799,        0,  -35780201,          0
  1205,   222,   41000000,    5269052,        0,  -35730948,          0
  1205,   223,   41000000,   11505730,        0,  -29494270,          0
  1205,   224,   41000000,    5222370,        0,  -35777630,          0
  1205,   225,   41000000,    5218823,        0,  -35781177,          0
  1205,   226,   41000000,    5310917,        0,  -35689083,          0
  1205,   227,   41000000,    5239113,        0,  -35760887,          0
  1205,   228,   41000000,    5207045,        0,  -35792955,          0
  1205,   229,   41000000,    5245523,        0,  -35754477,          0
  1205,   230,   41000000,    5217046,        0,  -35782954,          0
  1205,   231,   41000000,    5216137,        0,  -35783863,          0
  1205,   232,   41000000,    5306599,        0,  -35693401,          0
  1205,   233,   41000000,    7273707,        0,  -33726293,          0
  1205,   234,   41000000,    5221111,        0,  -35778889,          0
  1205,   235,   41000000,    5217264,        0,  -35782736,          0
  1205,   236,   41000000,    5252304,        0,  -35747696,          0
  1205,   237,   41000000,    7221244,        0,  -33778756,          0
  1205,   238,   41000000,    5227720,        0,  -35772280,          0
  1205,   239,   41000000,   11919021,        0,  -29080979,          0
  1205,   240,   41000000,    5220205,        0,  -35779795,          0
  1205,   241,   41000000,    6509602,        0,  -34490398,          0
  1205,   242,   41000000,    7905767,        0,  -33094233,          0
  1205,   243,   41000000,    5230075,        0,  -35769925,          0
  1205,   244,   41000000,    5268671,        0,  -35731329,          0
  1205,   245,   41000000,    5226999,        0,  -35773001,          0
  1205,   246,   41000000,    5263459,        0,  -35736541,          0
  1205,   247,   41000000,    6166398,        0,  -34833602,          0
