120 120 0
176 175 1
129 128 1
125 125 0
171 170 1
420 416 4
122 122 0
174 174 0
220 220 0
156 156 0
131 131 0
131 131 0
202 202 0
123 123 0
113 113 0
118 118 0
115 115 0
127 127 0
202 202 0
1014 961 53
134 134 0
131 131 0
195 195 0
185 185 0
198 198 0
291 290 1
144 144 0
136 135 1
604 590 14
321 319 2
516 506 10
196 196 0
224 224 0
208 208 0
219 219 0
849 797 52
180 180 0
149 149 0
285 285 0
184 184 0
139 138 1
165 165 0
227 227 0
124 124 0
186 185 1
260 258 2
139 139 0
1013 952 61
467 462 5
851 804 47
146 146 0
682 665 17
167 166 1
698 672 26
155 155 0
513 503 10
170 170 0
190 190 0
214 214 0
