# Task,   Job,     Period,   Response, DL Miss?,   Lateness,  Tardiness
# task NAME=myapp PID=27115 COST=9023000 PERIOD=13000000 CPU=0
 27115,     2,   13000000,      13444,        0,  -12986556,          0
 27115,     3,   13000000,     113224,        0,  -12886776,          0
 27115,     4,   13000000,    8971943,        0,   -4028057,          0
 27115,     5,   13000000,    8983990,        0,   -4016010,          0
 27115,     6,   13000000,    8977555,        0,   -4022445,          0
 27115,     7,   13000000,   12502763,        0,    -497237,          0
 27115,     8,   13000000,    9102097,        0,   -3897903,          0
 27115,     9,   13000000,    8997514,        0,   -4002486,          0
 27115,    10,   13000000,    9427725,        0,   -3572275,          0
 27115,    11,   13000000,    8974977,        0,   -4025023,          0
 27115,    12,   13000000,    8986595,        0,   -4013405,          0
 27115,    13,   13000000,    9057618,        0,   -3942382,          0
 27115,    14,   13000000,    9643400,        0,   -3356600,          0
 27115,    15,   13000000,    9002196,        0,   -3997804,          0
 27115,    16,   13000000,    8978757,        0,   -4021243,          0
 27115,    17,   13000000,    9011367,        0,   -3988633,          0
 27115,    18,   13000000,    9667678,        0,   -3332322,          0
 27115,    19,   13000000,    9427049,        0,   -3572951,          0
 27115,    20,   13000000,   20161726,        1,    7161726,    7161726
 27115,    21,   13000000,   16102164,        1,    3102164,    3102164
 27115,    22,   13000000,   12039462,        0,    -960538,          0
 27115,    23,   13000000,    8998810,        0,   -4001190,          0
 27115,    24,   13000000,   13442697,        1,     442697,     442697
 27115,    25,   13000000,    9380604,        0,   -3619396,          0
 27115,    26,   13000000,    8980356,        0,   -4019644,          0
 27115,    27,   13000000,    9050679,        0,   -3949321,          0
 27115,    28,   13000000,   12841328,        0,    -158672,          0
 27115,    29,   13000000,    9031324,        0,   -3968676,          0
 27115,    30,   13000000,   11889679,        0,   -1110321,          0
 27115,    31,   13000000,    9003657,        0,   -3996343,          0
 27115,    32,   13000000,    9003454,        0,   -3996546,          0
 27115,    33,   13000000,    9287880,        0,   -3712120,          0
 27115,    34,   13000000,   10270665,        0,   -2729335,          0
 27115,    35,   13000000,   13997107,        1,     997107,     997107
 27115,    36,   13000000,    9934266,        0,   -3065734,          0
 27115,    37,   13000000,   12893756,        0,    -106244,          0
 27115,    38,   13000000,    8966126,        0,   -4033874,          0
 27115,    39,   13000000,    8973557,        0,   -4026443,          0
 27115,    40,   13000000,   13685813,        1,     685813,     685813
 27115,    41,   13000000,    9627286,        0,   -3372714,          0
 27115,    42,   13000000,   13740330,        1,     740330,     740330
 27115,    43,   13000000,    9965490,        0,   -3034510,          0
 27115,    44,   13000000,    8982766,        0,   -4017234,          0
 27115,    45,   13000000,    8980521,        0,   -4019479,          0
 27115,    46,   13000000,    9454620,        0,   -3545380,          0
 27115,    47,   13000000,   12617868,        0,    -382132,          0
 27115,    48,   13000000,    8970109,        0,   -4029891,          0
 27115,    49,   13000000,    9599953,        0,   -3400047,          0
 27115,    50,   13000000,   10285164,        0,   -2714836,          0
 27115,    51,   13000000,   11044862,        0,   -1955138,          0
 27115,    52,   13000000,    8986707,        0,   -4013293,          0
 27115,    53,   13000000,    8995448,        0,   -4004552,          0
 27115,    54,   13000000,    8967731,        0,   -4032269,          0
 27115,    55,   13000000,    9103955,        0,   -3896045,          0
 27115,    56,   13000000,   10831223,        0,   -2168777,          0
 27115,    57,   13000000,    9454532,        0,   -3545468,          0
 27115,    58,   13000000,   10487439,        0,   -2512561,          0
 27115,    59,   13000000,    8971741,        0,   -4028259,          0
 27115,    60,   13000000,   10312231,        0,   -2687769,          0
 27115,    61,   13000000,   10375834,        0,   -2624166,          0
 27115,    62,   13000000,   16215030,        1,    3215030,    3215030
 27115,    63,   13000000,   20192640,        1,    7192640,    7192640
 27115,    64,   13000000,   16137571,        1,    3137571,    3137571
 27115,    65,   13000000,   12078974,        0,    -921026,          0
 27115,    66,   13000000,    9107405,        0,   -3892595,          0
 27115,    67,   13000000,   16145069,        1,    3145069,    3145069
 27115,    68,   13000000,   12082962,        0,    -917038,          0
 27115,    69,   13000000,    9403246,        0,   -3596754,          0
 27115,    70,   13000000,    8999041,        0,   -4000959,          0
 27115,    71,   13000000,    9001764,        0,   -3998236,          0
 27115,    72,   13000000,   10253261,        0,   -2746739,          0
 27115,    73,   13000000,   10004001,        0,   -2995999,          0
 27115,    74,   13000000,   10675301,        0,   -2324699,          0
 27115,    75,   13000000,    9259228,        0,   -3740772,          0
 27115,    76,   13000000,    9364367,        0,   -3635633,          0
 27115,    77,   13000000,   13500443,        1,     500443,     500443
 27115,    78,   13000000,    9440649,        0,   -3559351,          0
 27115,    79,   13000000,   13070766,        1,      70766,      70766
 27115,    80,   13000000,    9007217,        0,   -3992783,          0
 27115,    81,   13000000,   14174079,        1,    1174079,    1174079
 27115,    82,   13000000,   10114434,        0,   -2885566,          0
 27115,    83,   13000000,    9233310,        0,   -3766690,          0
 27115,    84,   13000000,   20828412,        1,    7828412,    7828412
 27115,    85,   13000000,   16772452,        1,    3772452,    3772452
 27115,    86,   13000000,   12723488,        0,    -276512,          0
 27115,    87,   13000000,   26258807,        1,   13258807,   13258807
 27115,    88,   13000000,   22202961,        1,    9202961,    9202961
 27115,    89,   13000000,   18149326,        1,    5149326,    5149326
 27115,    90,   13000000,   14094977,        1,    1094977,    1094977
 27115,    91,   13000000,   10323452,        0,   -2676548,          0
 27115,    92,   13000000,    9948463,        0,   -3051537,          0
 27115,    93,   13000000,    9111374,        0,   -3888626,          0
 27115,    94,   13000000,   12631693,        0,    -368307,          0
 27115,    95,   13000000,    9299124,        0,   -3700876,          0
 27115,    96,   13000000,   11750929,        0,   -1249071,          0
 27115,    97,   13000000,    9197045,        0,   -3802955,          0
 27115,    98,   13000000,   10490870,        0,   -2509130,          0
 27115,    99,   13000000,    9525988,        0,   -3474012,          0
 27115,   100,   13000000,    9011913,        0,   -3988087,          0
 27115,   101,   13000000,    9037521,        0,   -3962479,          0
 27115,   102,   13000000,    9916600,        0,   -3083400,          0
 27115,   103,   13000000,   13682247,        1,     682247,     682247
 27115,   104,   13000000,    9624097,        0,   -3375903,          0
 27115,   105,   13000000,    9213053,        0,   -3786947,          0
 27115,   106,   13000000,    9374535,        0,   -3625465,          0
 27115,   107,   13000000,    8978499,        0,   -4021501,          0
 27115,   108,   13000000,    8971313,        0,   -4028687,          0
 27115,   109,   13000000,   18441845,        1,    5441845,    5441845
 27115,   110,   13000000,   14672345,        1,    1672345,    1672345
 27115,   111,   13000000,   10613500,        0,   -2386500,          0
 27115,   112,   13000000,    9486049,        0,   -3513951,          0
 27115,   113,   13000000,    8980062,        0,   -4019938,          0
 27115,   114,   13000000,   11415838,        0,   -1584162,          0
 27115,   115,   13000000,    8979681,        0,   -4020319,          0
 27115,   116,   13000000,   13193844,        1,     193844,     193844
 27115,   117,   13000000,    9137573,        0,   -3862427,          0
 27115,   118,   13000000,   10203762,        0,   -2796238,          0
 27115,   119,   13000000,   11611875,        0,   -1388125,          0
 27115,   120,   13000000,    9270363,        0,   -3729637,          0
 27115,   121,   13000000,    9229282,        0,   -3770718,          0
 27115,   122,   13000000,   20407382,        1,    7407382,    7407382
 27115,   123,   13000000,   16353466,        1,    3353466,    3353466
 27115,   124,   13000000,   12299960,        0,    -700040,          0
 27115,   125,   13000000,    9260731,        0,   -3739269,          0
 27115,   126,   13000000,   10288638,        0,   -2711362,          0
 27115,   127,   13000000,    8997516,        0,   -4002484,          0
 27115,   128,   13000000,   10422923,        0,   -2577077,          0
 27115,   129,   13000000,    9736379,        0,   -3263621,          0
 27115,   130,   13000000,   10954134,        0,   -2045866,          0
 27115,   131,   13000000,    8975343,        0,   -4024657,          0
 27115,   132,   13000000,    9011974,        0,   -3988026,          0
 27115,   133,   13000000,    8981717,        0,   -4018283,          0
 27115,   134,   13000000,   10453895,        0,   -2546105,          0
 27115,   135,   13000000,   10057121,        0,   -2942879,          0
 27115,   136,   13000000,    9668753,        0,   -3331247,          0
 27115,   137,   13000000,    8997445,        0,   -4002555,          0
 27115,   138,   13000000,    8972800,        0,   -4027200,          0
 27115,   139,   13000000,    9317778,        0,   -3682222,          0
 27115,   140,   13000000,    9002886,        0,   -3997114,          0
 27115,   141,   13000000,   14699336,        1,    1699336,    1699336
 27115,   142,   13000000,   10637287,        0,   -2362713,          0
 27115,   143,   13000000,    9977232,        0,   -3022768,          0
 27115,   144,   13000000,    9100118,        0,   -3899882,          0
 27115,   145,   13000000,   11914928,        0,   -1085072,          0
 27115,   146,   13000000,    8991337,        0,   -4008663,          0
 27115,   147,   13000000,    8976038,        0,   -4023962,          0
 27115,   148,   13000000,   12714762,        0,    -285238,          0
 27115,   149,   13000000,    8969699,        0,   -4030301,          0
 27115,   150,   13000000,    9724944,        0,   -3275056,          0
 27115,   151,   13000000,    9662130,        0,   -3337870,          0
 27115,   152,   13000000,    8981131,        0,   -4018869,          0
 27115,   153,   13000000,    8983691,        0,   -4016309,          0
 27115,   154,   13000000,    9001916,        0,   -3998084,          0
 27115,   155,   13000000,    9945175,        0,   -3054825,          0
 27115,   156,   13000000,   10704040,        0,   -2295960,          0
 27115,   157,   13000000,    9423359,        0,   -3576641,          0
 27115,   158,   13000000,   11030065,        0,   -1969935,          0
 27115,   159,   13000000,   12429341,        0,    -570659,          0
 27115,   160,   13000000,    9076358,        0,   -3923642,          0
 27115,   161,   13000000,    8985479,        0,   -4014521,          0
 27115,   162,   13000000,    8989822,        0,   -4010178,          0
 27115,   163,   13000000,    9343713,        0,   -3656287,          0
 27115,   164,   13000000,   10058000,        0,   -2942000,          0
 27115,   165,   13000000,    9453515,        0,   -3546485,          0
 27115,   166,   13000000,   13005440,        1,       5440,       5440
 27115,   167,   13000000,    8971678,        0,   -4028322,          0
 27115,   168,   13000000,    9260959,        0,   -3739041,          0
 27115,   169,   13000000,   18337535,        1,    5337535,    5337535
 27115,   170,   13000000,   14279787,        1,    1279787,    1279787
 27115,   171,   13000000,   10218407,        0,   -2781593,          0
 27115,   172,   13000000,    9002296,        0,   -3997704,          0
 27115,   173,   13000000,   10563759,        0,   -2436241,          0
 27115,   174,   13000000,   20034801,        1,    7034801,    7034801
 27115,   175,   13000000,   15959111,        1,    2959111,    2959111
 27115,   176,   13000000,   12465097,        0,    -534903,          0
 27115,   177,   13000000,    8976368,        0,   -4023632,          0
 27115,   178,   13000000,   12517677,        0,    -482323,          0
 27115,   179,   13000000,    9016610,        0,   -3983390,          0
 27115,   180,   13000000,    9221194,        0,   -3778806,          0
 27115,   181,   13000000,    9289765,        0,   -3710235,          0
 27115,   182,   13000000,    8960225,        0,   -4039775,          0
 27115,   183,   13000000,    9023533,        0,   -3976467,          0
 27115,   184,   13000000,    8993055,        0,   -4006945,          0
 27115,   185,   13000000,   12032604,        0,    -967396,          0
 27115,   186,   13000000,   10279751,        0,   -2720249,          0
 27115,   187,   13000000,   24435418,        1,   11435418,   11435418
 27115,   188,   13000000,   20376039,        1,    7376039,    7376039
 27115,   189,   13000000,   16313210,        1,    3313210,    3313210
 27115,   190,   13000000,   12251099,        0,    -748901,          0
 27115,   191,   13000000,    9040140,        0,   -3959860,          0
 27115,   192,   13000000,    9062576,        0,   -3937424,          0
 27115,   193,   13000000,   11166588,        0,   -1833412,          0
 27115,   194,   13000000,    9059521,        0,   -3940479,          0
 27115,   195,   13000000,   12884324,        0,    -115676,          0
 27115,   196,   13000000,    8967875,        0,   -4032125,          0
 27115,   197,   13000000,   10666188,        0,   -2333812,          0
 27115,   198,   13000000,    9605921,        0,   -3394079,          0
 27115,   199,   13000000,   18222555,        1,    5222555,    5222555
 27115,   200,   13000000,   14166751,        1,    1166751,    1166751
 27115,   201,   13000000,   10113764,        0,   -2886236,          0
 27115,   202,   13000000,    8973011,        0,   -4026989,          0
 27115,   203,   13000000,    9508715,        0,   -3491285,          0
 27115,   204,   13000000,   10700432,        0,   -2299568,          0
 27115,   205,   13000000,    9002209,        0,   -3997791,          0
 27115,   206,   13000000,    9745705,        0,   -3254295,          0
 27115,   207,   13000000,    9079971,        0,   -3920029,          0
 27115,   208,   13000000,   12204164,        0,    -795836,          0
 27115,   209,   13000000,    9003999,        0,   -3996001,          0
 27115,   210,   13000000,   10404562,        0,   -2595438,          0
 27115,   211,   13000000,    8978934,        0,   -4021066,          0
 27115,   212,   13000000,    8978646,        0,   -4021354,          0
 27115,   213,   13000000,   10433601,        0,   -2566399,          0
 27115,   214,   13000000,    8997472,        0,   -4002528,          0
 27115,   215,   13000000,    9262257,        0,   -3737743,          0
 27115,   216,   13000000,    9281082,        0,   -3718918,          0
 27115,   217,   13000000,   14026146,        1,    1026146,    1026146
 27115,   218,   13000000,    9960970,        0,   -3039030,          0
 27115,   219,   13000000,    9057847,        0,   -3942153,          0
 27115,   220,   13000000,    9875531,        0,   -3124469,          0
 27115,   221,   13000000,    8977568,        0,   -4022432,          0
 27115,   222,   13000000,    8986088,        0,   -4013912,          0
 27115,   223,   13000000,   18455078,        1,    5455078,    5455078
 27115,   224,   13000000,   14396102,        1,    1396102,    1396102
 27115,   225,   13000000,   10339532,        0,   -2660468,          0
 27115,   226,   13000000,    8976642,        0,   -4023358,          0
 27115,   227,   13000000,    9059210,        0,   -3940790,          0
 27115,   228,   13000000,    8989025,        0,   -4010975,          0
 27115,   229,   13000000,   10573593,        0,   -2426407,          0
 27115,   230,   13000000,   15572312,        1,    2572312,    2572312
 27115,   231,   13000000,   11518025,        0,   -1481975,          0
 27115,   232,   13000000,    8981463,        0,   -4018537,          0
 27115,   233,   13000000,   10204726,        0,   -2795274,          0
 27115,   234,   13000000,    8988369,        0,   -4011631,          0
 27115,   235,   13000000,   16331303,        1,    3331303,    3331303
 27115,   236,   13000000,   12266521,        0,    -733479,          0
 27115,   237,   13000000,    9016398,        0,   -3983602,          0
 27115,   238,   13000000,    9063461,        0,   -3936539,          0
 27115,   239,   13000000,    8983577,        0,   -4016423,          0
 27115,   240,   13000000,    8980787,        0,   -4019213,          0
 27115,   241,   13000000,   11694557,        0,   -1305443,          0
 27115,   242,   13000000,    9055519,        0,   -3944481,          0
 27115,   243,   13000000,   19432248,        1,    6432248,    6432248
 27115,   244,   13000000,   15674234,        1,    2674234,    2674234
 27115,   245,   13000000,   11618554,        0,   -1381446,          0
 27115,   246,   13000000,   18121630,        1,    5121630,    5121630
 27115,   247,   13000000,   14065052,        1,    1065052,    1065052
 27115,   248,   13000000,   10007022,        0,   -2992978,          0
 27115,   249,   13000000,   17574699,        1,    4574699,    4574699
 27115,   250,   13000000,   13526339,        1,     526339,     526339
 27115,   251,   13000000,    9471537,        0,   -3528463,          0
 27115,   252,   13000000,    8980391,        0,   -4019609,          0
 27115,   253,   13000000,   11381660,        0,   -1618340,          0
 27115,   254,   13000000,   11336365,        0,   -1663635,          0
 27115,   255,   13000000,    9042523,        0,   -3957477,          0
 27115,   256,   13000000,   15548345,        1,    2548345,    2548345
 27115,   257,   13000000,   11491512,        0,   -1508488,          0
 27115,   258,   13000000,    9107062,        0,   -3892938,          0
 27115,   259,   13000000,    9481769,        0,   -3518231,          0
 27115,   260,   13000000,    9006613,        0,   -3993387,          0
 27115,   261,   13000000,    8983483,        0,   -4016517,          0
 27115,   262,   13000000,    9110137,        0,   -3889863,          0
 27115,   263,   13000000,    9242688,        0,   -3757312,          0
 27115,   264,   13000000,   10181275,        0,   -2818725,          0
 27115,   265,   13000000,    9618372,        0,   -3381628,          0
 27115,   266,   13000000,   10933450,        0,   -2066550,          0
 27115,   267,   13000000,    9266320,        0,   -3733680,          0
 27115,   268,   13000000,    8990355,        0,   -4009645,          0
 27115,   269,   13000000,    8980040,        0,   -4019960,          0
 27115,   270,   13000000,    8985435,        0,   -4014565,          0
 27115,   271,   13000000,   12186017,        0,    -813983,          0
 27115,   272,   13000000,    9037021,        0,   -3962979,          0
 27115,   273,   13000000,   12163152,        0,    -836848,          0
 27115,   274,   13000000,    9031600,        0,   -3968400,          0
 27115,   275,   13000000,    8983653,        0,   -4016347,          0
 27115,   276,   13000000,   10371014,        0,   -2628986,          0
 27115,   277,   13000000,   11289604,        0,   -1710396,          0
 27115,   278,   13000000,   12403626,        0,    -596374,          0
 27115,   279,   13000000,    9016271,        0,   -3983729,          0
 27115,   280,   13000000,    9075925,        0,   -3924075,          0
 27115,   281,   13000000,   11261246,        0,   -1738754,          0
 27115,   282,   13000000,   10218539,        0,   -2781461,          0
 27115,   283,   13000000,   11113048,        0,   -1886952,          0
 27115,   284,   13000000,   16518202,        1,    3518202,    3518202
 27115,   285,   13000000,   12470301,        0,    -529699,          0
 27115,   286,   13000000,   18618100,        1,    5618100,    5618100
 27115,   287,   13000000,   14607242,        1,    1607242,    1607242
 27115,   288,   13000000,   10552474,        0,   -2447526,          0
 27115,   289,   13000000,   10518601,        0,   -2481399,          0
 27115,   290,   13000000,   10920812,        0,   -2079188,          0
 27115,   291,   13000000,   10464419,        0,   -2535581,          0
 27115,   292,   13000000,    8977358,        0,   -4022642,          0
 27115,   293,   13000000,    9416133,        0,   -3583867,          0
 27115,   294,   13000000,    8991391,        0,   -4008609,          0
 27115,   295,   13000000,   10480555,        0,   -2519445,          0
 27115,   296,   13000000,    8972620,        0,   -4027380,          0
 27115,   297,   13000000,    9010674,        0,   -3989326,          0
 27115,   298,   13000000,    8986885,        0,   -4013115,          0
 27115,   299,   13000000,   12286080,        0,    -713920,          0
 27115,   300,   13000000,   11912173,        0,   -1087827,          0
 27115,   301,   13000000,    9289323,        0,   -3710677,          0
 27115,   302,   13000000,    9043502,        0,   -3956498,          0
 27115,   303,   13000000,   14303702,        1,    1303702,    1303702
 27115,   304,   13000000,   10240534,        0,   -2759466,          0
 27115,   305,   13000000,    9195193,        0,   -3804807,          0
 27115,   306,   13000000,    8985834,        0,   -4014166,          0
 27115,   307,   13000000,   15132188,        1,    2132188,    2132188
 27115,   308,   13000000,   11088864,        0,   -1911136,          0
 27115,   309,   13000000,    9158944,        0,   -3841056,          0
 27115,   310,   13000000,   11068128,        0,   -1931872,          0
 27115,   311,   13000000,    8980653,        0,   -4019347,          0
 27115,   312,   13000000,   23467942,        1,   10467942,   10467942
 27115,   313,   13000000,   19410761,        1,    6410761,    6410761
 27115,   314,   13000000,   15358082,        1,    2358082,    2358082
 27115,   315,   13000000,   11304048,        0,   -1695952,          0
 27115,   316,   13000000,   17187793,        1,    4187793,    4187793
 27115,   317,   13000000,   13123624,        1,     123624,     123624
 27115,   318,   13000000,    9063807,        0,   -3936193,          0
 27115,   319,   13000000,   19398014,        1,    6398014,    6398014
 27115,   320,   13000000,   15328665,        1,    2328665,    2328665
 27115,   321,   13000000,   11267077,        0,   -1732923,          0
 27115,   322,   13000000,    9395703,        0,   -3604297,          0
 27115,   323,   13000000,   10396043,        0,   -2603957,          0
 27115,   324,   13000000,    8990308,        0,   -4009692,          0
 27115,   325,   13000000,   12793360,        0,    -206640,          0
 27115,   326,   13000000,    8988530,        0,   -4011470,          0
 27115,   327,   13000000,    8973615,        0,   -4026385,          0
 27115,   328,   13000000,   16375710,        1,    3375710,    3375710
 27115,   329,   13000000,   12318197,        0,    -681803,          0
 27115,   330,   13000000,    9034706,        0,   -3965294,          0
 27115,   331,   13000000,    9292007,        0,   -3707993,          0
 27115,   332,   13000000,   14273496,        1,    1273496,    1273496
 27115,   333,   13000000,   10321673,        0,   -2678327,          0
 27115,   334,   13000000,    8972209,        0,   -4027791,          0
 27115,   335,   13000000,    8980190,        0,   -4019810,          0
 27115,   336,   13000000,   19762745,        1,    6762745,    6762745
 27115,   337,   13000000,   15704333,        1,    2704333,    2704333
 27115,   338,   13000000,   11644212,        0,   -1355788,          0
 27115,   339,   13000000,    9088031,        0,   -3911969,          0
 27115,   340,   13000000,    8985897,        0,   -4014103,          0
 27115,   341,   13000000,    9291009,        0,   -3708991,          0
 27115,   342,   13000000,    8978618,        0,   -4021382,          0
 27115,   343,   13000000,   12003496,        0,    -996504,          0
 27115,   344,   13000000,   10590122,        0,   -2409878,          0
 27115,   345,   13000000,   13671097,        1,     671097,     671097
 27115,   346,   13000000,    9617616,        0,   -3382384,          0
 27115,   347,   13000000,    8975456,        0,   -4024544,          0
 27115,   348,   13000000,    8980114,        0,   -4019886,          0
 27115,   349,   13000000,   13424283,        1,     424283,     424283
 27115,   350,   13000000,    9364703,        0,   -3635297,          0
 27115,   351,   13000000,    8999032,        0,   -4000968,          0
 27115,   352,   13000000,    9061753,        0,   -3938247,          0
 27115,   353,   13000000,    9154678,        0,   -3845322,          0
 27115,   354,   13000000,   13654230,        1,     654230,     654230
 27115,   355,   13000000,    9591776,        0,   -3408224,          0
 27115,   356,   13000000,    9048202,        0,   -3951798,          0
 27115,   357,   13000000,   10809159,        0,   -2190841,          0
 27115,   358,   13000000,    8986656,        0,   -4013344,          0
 27115,   359,   13000000,    8988189,        0,   -4011811,          0
 27115,   360,   13000000,   12641588,        0,    -358412,          0
 27115,   361,   13000000,    9112709,        0,   -3887291,          0
 27115,   362,   13000000,   15046219,        1,    2046219,    2046219
 27115,   363,   13000000,   10984763,        0,   -2015237,          0
 27115,   364,   13000000,    9038795,        0,   -3961205,          0
 27115,   365,   13000000,   25412306,        1,   12412306,   12412306
 27115,   366,   13000000,   21358094,        1,    8358094,    8358094
 27115,   367,   13000000,   17304076,        1,    4304076,    4304076
 27115,   368,   13000000,   13246005,        1,     246005,     246005
 27115,   369,   13000000,    9194447,        0,   -3805553,          0
 27115,   370,   13000000,   11623530,        0,   -1376470,          0
 27115,   371,   13000000,    9191141,        0,   -3808859,          0
 27115,   372,   13000000,    9086768,        0,   -3913232,          0
 27115,   373,   13000000,    9601331,        0,   -3398669,          0
 27115,   374,   13000000,    9233687,        0,   -3766313,          0
 27115,   375,   13000000,    9099139,        0,   -3900861,          0
 27115,   376,   13000000,    8979559,        0,   -4020441,          0
 27115,   377,   13000000,   12201590,        0,    -798410,          0
 27115,   378,   13000000,   10342613,        0,   -2657387,          0
 27115,   379,   13000000,    9067968,        0,   -3932032,          0
 27115,   380,   13000000,    9365505,        0,   -3634495,          0
 27115,   381,   13000000,   16825744,        1,    3825744,    3825744
 27115,   382,   13000000,   12773404,        0,    -226596,          0
 27115,   383,   13000000,    9056628,        0,   -3943372,          0
 27115,   384,   13000000,    9000314,        0,   -3999686,          0
 27115,   385,   13000000,    9212431,        0,   -3787569,          0
 27115,   386,   13000000,    9889780,        0,   -3110220,          0
 27115,   387,   13000000,    8993908,        0,   -4006092,          0
 27115,   388,   13000000,   22859304,        1,    9859304,    9859304
 27115,   389,   13000000,   18802654,        1,    5802654,    5802654
 27115,   390,   13000000,   14741795,        1,    1741795,    1741795
 27115,   391,   13000000,   10680985,        0,   -2319015,          0
 27115,   392,   13000000,    8989128,        0,   -4010872,          0
 27115,   393,   13000000,    9034888,        0,   -3965112,          0
 27115,   394,   13000000,    8976301,        0,   -4023699,          0
 27115,   395,   13000000,   19047649,        1,    6047649,    6047649
 27115,   396,   13000000,   14974686,        1,    1974686,    1974686
 27115,   397,   13000000,   10916656,        0,   -2083344,          0
 27115,   398,   13000000,    9594139,        0,   -3405861,          0
 27115,   399,   13000000,   14228081,        1,    1228081,    1228081
 27115,   400,   13000000,   10175051,        0,   -2824949,          0
 27115,   401,   13000000,   12504581,        0,    -495419,          0
 27115,   402,   13000000,    9003658,        0,   -3996342,          0
 27115,   403,   13000000,   16275367,        1,    3275367,    3275367
 27115,   404,   13000000,   12221997,        0,    -778003,          0
 27115,   405,   13000000,    9041962,        0,   -3958038,          0
 27115,   406,   13000000,    8984819,        0,   -4015181,          0
 27115,   407,   13000000,   19675360,        1,    6675360,    6675360
 27115,   408,   13000000,   15912304,        1,    2912304,    2912304
 27115,   409,   13000000,   11859124,        0,   -1140876,          0
 27115,   410,   13000000,    9003611,        0,   -3996389,          0
 27115,   411,   13000000,   10350593,        0,   -2649407,          0
 27115,   412,   13000000,    9425320,        0,   -3574680,          0
 27115,   413,   13000000,   13916930,        1,     916930,     916930
 27115,   414,   13000000,    9861789,        0,   -3138211,          0
 27115,   415,   13000000,   14740863,        1,    1740863,    1740863
 27115,   416,   13000000,   10679794,        0,   -2320206,          0
 27115,   417,   13000000,    9131758,        0,   -3868242,          0
 27115,   418,   13000000,    9275706,        0,   -3724294,          0
 27115,   419,   13000000,   10252308,        0,   -2747692,          0
 27115,   420,   13000000,    8980415,        0,   -4019585,          0
 27115,   421,   13000000,    8994583,        0,   -4005417,          0
 27115,   422,   13000000,   12096449,        0,    -903551,          0
 27115,   423,   13000000,    9085669,        0,   -3914331,          0
 27115,   424,   13000000,    9934646,        0,   -3065354,          0
 27115,   425,   13000000,    9000215,        0,   -3999785,          0
 27115,   426,   13000000,   14759659,        1,    1759659,    1759659
 27115,   427,   13000000,   10982160,        0,   -2017840,          0
 27115,   428,   13000000,   14004273,        1,    1004273,    1004273
 27115,   429,   13000000,    9946976,        0,   -3053024,          0
 27115,   430,   13000000,    9037267,        0,   -3962733,          0
 27115,   431,   13000000,   15892415,        1,    2892415,    2892415
 27115,   432,   13000000,   11832383,        0,   -1167617,          0
 27115,   433,   13000000,   14540176,        1,    1540176,    1540176
 27115,   434,   13000000,   10489747,        0,   -2510253,          0
 27115,   435,   13000000,    9343525,        0,   -3656475,          0
 27115,   436,   13000000,   11828072,        0,   -1171928,          0
 27115,   437,   13000000,    9273671,        0,   -3726329,          0
 27115,   438,   13000000,    9067617,        0,   -3932383,          0
 27115,   439,   13000000,    9093852,        0,   -3906148,          0
 27115,   440,   13000000,    8986381,        0,   -4013619,          0
 27115,   441,   13000000,   12560488,        0,    -439512,          0
 27115,   442,   13000000,    9032501,        0,   -3967499,          0
 27115,   443,   13000000,    9006562,        0,   -3993438,          0
 27115,   444,   13000000,    8989473,        0,   -4010527,          0
 27115,   445,   13000000,   10737373,        0,   -2262627,          0
 27115,   446,   13000000,   11201990,        0,   -1798010,          0
 27115,   447,   13000000,    9375551,        0,   -3624449,          0
 27115,   448,   13000000,    8979712,        0,   -4020288,          0
 27115,   449,   13000000,   20109929,        1,    7109929,    7109929
 27115,   450,   13000000,   16050438,        1,    3050438,    3050438
 27115,   451,   13000000,   11979361,        0,   -1020639,          0
 27115,   452,   13000000,   10481330,        0,   -2518670,          0
 27115,   453,   13000000,    9901867,        0,   -3098133,          0
 27115,   454,   13000000,   10003994,        0,   -2996006,          0
 27115,   455,   13000000,    9011938,        0,   -3988062,          0
 27115,   456,   13000000,   27196938,        1,   14196938,   14196938
 27115,   457,   13000000,   23134230,        1,   10134230,   10134230
 27115,   458,   13000000,   19076914,        1,    6076914,    6076914
 27115,   459,   13000000,   15009063,        1,    2009063,    2009063
 27115,   460,   13000000,   10943619,        0,   -2056381,          0
 27115,   461,   13000000,    9139246,        0,   -3860754,          0
 27115,   462,   13000000,    8989471,        0,   -4010529,          0
 27115,   463,   13000000,    9000188,        0,   -3999812,          0
 27115,   464,   13000000,   23200159,        1,   10200159,   10200159
 27115,   465,   13000000,   19420673,        1,    6420673,    6420673
 27115,   466,   13000000,   15357184,        1,    2357184,    2357184
 27115,   467,   13000000,   11298112,        0,   -1701888,          0
 27115,   468,   13000000,    8990190,        0,   -4009810,          0
 27115,   469,   13000000,   11049434,        0,   -1950566,          0
 27115,   470,   13000000,    8974015,        0,   -4025985,          0
 27115,   471,   13000000,   12328797,        0,    -671203,          0
 27115,   472,   13000000,    9768923,        0,   -3231077,          0
 27115,   473,   13000000,    8978574,        0,   -4021426,          0
 27115,   474,   13000000,    9249116,        0,   -3750884,          0
 27115,   475,   13000000,   10126192,        0,   -2873808,          0
 27115,   476,   13000000,    8975181,        0,   -4024819,          0
 27115,   477,   13000000,    9438338,        0,   -3561662,          0
 27115,   478,   13000000,   11141552,        0,   -1858448,          0
 27115,   479,   13000000,    8980515,        0,   -4019485,          0
 27115,   480,   13000000,    8976451,        0,   -4023549,          0
 27115,   481,   13000000,    9106199,        0,   -3893801,          0
 27115,   482,   13000000,    8977079,        0,   -4022921,          0
 27115,   483,   13000000,    9124836,        0,   -3875164,          0
 27115,   484,   13000000,   12408078,        0,    -591922,          0
 27115,   485,   13000000,   10778627,        0,   -2221373,          0
 27115,   486,   13000000,    8976385,        0,   -4023615,          0
 27115,   487,   13000000,   14725997,        1,    1725997,    1725997
 27115,   488,   13000000,   10668869,        0,   -2331131,          0
 27115,   489,   13000000,    9804303,        0,   -3195697,          0
 27115,   490,   13000000,   17995717,        1,    4995717,    4995717
 27115,   491,   13000000,   13931322,        1,     931322,     931322
 27115,   492,   13000000,    9868996,        0,   -3131004,          0
 27115,   493,   13000000,    9503776,        0,   -3496224,          0
 27115,   494,   13000000,   16912364,        1,    3912364,    3912364
 27115,   495,   13000000,   12856564,        0,    -143436,          0
 27115,   496,   13000000,    8991765,        0,   -4008235,          0
 27115,   497,   13000000,   11518413,        0,   -1481587,          0
 27115,   498,   13000000,    9039676,        0,   -3960324,          0
 27115,   499,   13000000,   15122838,        1,    2122838,    2122838
 27115,   500,   13000000,   11063660,        0,   -1936340,          0
 27115,   501,   13000000,    9923204,        0,   -3076796,          0
 27115,   502,   13000000,    9195174,        0,   -3804826,          0
 27115,   503,   13000000,    9398325,        0,   -3601675,          0
 27115,   504,   13000000,    8970633,        0,   -4029367,          0
 27115,   505,   13000000,   14646334,        1,    1646334,    1646334
 27115,   506,   13000000,   10590698,        0,   -2409302,          0
 27115,   507,   13000000,   10460070,        0,   -2539930,          0
 27115,   508,   13000000,    9024458,        0,   -3975542,          0
 27115,   509,   13000000,    8973299,        0,   -4026701,          0
 27115,   510,   13000000,   12690185,        0,    -309815,          0
 27115,   511,   13000000,   16158080,        1,    3158080,    3158080
 27115,   512,   13000000,   12104383,        0,    -895617,          0
 27115,   513,   13000000,    9032023,        0,   -3967977,          0
 27115,   514,   13000000,    9464320,        0,   -3535680,          0
 27115,   515,   13000000,   12217429,        0,    -782571,          0
 27115,   516,   13000000,    9165842,        0,   -3834158,          0
 27115,   517,   13000000,   22330851,        1,    9330851,    9330851
 27115,   518,   13000000,   18273968,        1,    5273968,    5273968
 27115,   519,   13000000,   14210993,        1,    1210993,    1210993
 27115,   520,   13000000,   10150385,        0,   -2849615,          0
 27115,   521,   13000000,    9000819,        0,   -3999181,          0
 27115,   522,   13000000,    8968449,        0,   -4031551,          0
 27115,   523,   13000000,    9647717,        0,   -3352283,          0
 27115,   524,   13000000,   11182399,        0,   -1817601,          0
 27115,   525,   13000000,   17463042,        1,    4463042,    4463042
 27115,   526,   13000000,   13402023,        1,     402023,     402023
 27115,   527,   13000000,    9344202,        0,   -3655798,          0
 27115,   528,   13000000,    9011556,        0,   -3988444,          0
 27115,   529,   13000000,   10074398,        0,   -2925602,          0
 27115,   530,   13000000,    8983674,        0,   -4016326,          0
 27115,   531,   13000000,    9048598,        0,   -3951402,          0
 27115,   532,   13000000,   17124858,        1,    4124858,    4124858
 27115,   533,   13000000,   13349634,        1,     349634,     349634
 27115,   534,   13000000,    9293211,        0,   -3706789,          0
 27115,   535,   13000000,   18686766,        1,    5686766,    5686766
 27115,   536,   13000000,   14624569,        1,    1624569,    1624569
 27115,   537,   13000000,   10565176,        0,   -2434824,          0
 27115,   538,   13000000,    9074197,        0,   -3925803,          0
 27115,   539,   13000000,    8971058,        0,   -4028942,          0
 27115,   540,   13000000,    9554719,        0,   -3445281,          0
 27115,   541,   13000000,   19884780,        1,    6884780,    6884780
 27115,   542,   13000000,   16120559,        1,    3120559,    3120559
 27115,   543,   13000000,   12064518,        0,    -935482,          0
 27115,   544,   13000000,    9118901,        0,   -3881099,          0
 27115,   545,   13000000,    8974619,        0,   -4025381,          0
 27115,   546,   13000000,    9001655,        0,   -3998345,          0
 27115,   547,   13000000,   28620743,        1,   15620743,   15620743
 27115,   548,   13000000,   24560653,        1,   11560653,   11560653
 27115,   549,   13000000,   20502727,        1,    7502727,    7502727
 27115,   550,   13000000,   16447998,        1,    3447998,    3447998
 27115,   551,   13000000,   12607433,        0,    -392567,          0
 27115,   552,   13000000,   12393497,        0,    -606503,          0
 27115,   553,   13000000,    9010850,        0,   -3989150,          0
 27115,   554,   13000000,    8977084,        0,   -4022916,          0
 27115,   555,   13000000,   14979393,        1,    1979393,    1979393
 27115,   556,   13000000,   10910961,        0,   -2089039,          0
 27115,   557,   13000000,   11855058,        0,   -1144942,          0
 27115,   558,   13000000,   11935090,        0,   -1064910,          0
 27115,   559,   13000000,    8990155,        0,   -4009845,          0
 27115,   560,   13000000,    9023166,        0,   -3976834,          0
 27115,   561,   13000000,    9005678,        0,   -3994322,          0
 27115,   562,   13000000,   10206058,        0,   -2793942,          0
 27115,   563,   13000000,    9060051,        0,   -3939949,          0
 27115,   564,   13000000,   11326816,        0,   -1673184,          0
 27115,   565,   13000000,   10947069,        0,   -2052931,          0
 27115,   566,   13000000,    8985350,        0,   -4014650,          0
 27115,   567,   13000000,   11284192,        0,   -1715808,          0
 27115,   568,   13000000,    9023273,        0,   -3976727,          0
 27115,   569,   13000000,   17138299,        1,    4138299,    4138299
 27115,   570,   13000000,   24164530,        1,   11164530,   11164530
 27115,   571,   13000000,   20381742,        1,    7381742,    7381742
 27115,   572,   13000000,   16327264,        1,    3327264,    3327264
 27115,   573,   13000000,   12270309,        0,    -729691,          0
 27115,   574,   13000000,    9029269,        0,   -3970731,          0
 27115,   575,   13000000,    8993445,        0,   -4006555,          0
 27115,   576,   13000000,    9033640,        0,   -3966360,          0
 27115,   577,   13000000,   11876982,        0,   -1123018,          0
 27115,   578,   13000000,    9145905,        0,   -3854095,          0
 27115,   579,   13000000,   14684934,        1,    1684934,    1684934
 27115,   580,   13000000,   10634485,        0,   -2365515,          0
 27115,   581,   13000000,    9266417,        0,   -3733583,          0
 27115,   582,   13000000,    8969059,        0,   -4030941,          0
 27115,   583,   13000000,    8995197,        0,   -4004803,          0
 27115,   584,   13000000,   10112667,        0,   -2887333,          0
 27115,   585,   13000000,   25053767,        1,   12053767,   12053767
 27115,   586,   13000000,   20986776,        1,    7986776,    7986776
 27115,   587,   13000000,   16931696,        1,    3931696,    3931696
 27115,   588,   13000000,   12874536,        0,    -125464,          0
 27115,   589,   13000000,    9048194,        0,   -3951806,          0
 27115,   590,   13000000,    8989802,        0,   -4010198,          0
 27115,   591,   13000000,    9289031,        0,   -3710969,          0
 27115,   592,   13000000,    8983332,        0,   -4016668,          0
 27115,   593,   13000000,    9000342,        0,   -3999658,          0
 27115,   594,   13000000,   12790299,        0,    -209701,          0
 27115,   595,   13000000,    8995360,        0,   -4004640,          0
 27115,   596,   13000000,    8977405,        0,   -4022595,          0
 27115,   597,   13000000,    8974739,        0,   -4025261,          0
 27115,   598,   13000000,    8978769,        0,   -4021231,          0
 27115,   599,   13000000,   10272540,        0,   -2727460,          0
 27115,   600,   13000000,   13499365,        1,     499365,     499365
 27115,   601,   13000000,    9441592,        0,   -3558408,          0
 27115,   602,   13000000,   18582909,        1,    5582909,    5582909
 27115,   603,   13000000,   14531716,        1,    1531716,    1531716
 27115,   604,   13000000,   10473750,        0,   -2526250,          0
 27115,   605,   13000000,   11418221,        0,   -1581779,          0
 27115,   606,   13000000,    9024005,        0,   -3975995,          0
 27115,   607,   13000000,   12619414,        0,    -380586,          0
 27115,   608,   13000000,   19543285,        1,    6543285,    6543285
 27115,   609,   13000000,   15481627,        1,    2481627,    2481627
 27115,   610,   13000000,   11706335,        0,   -1293665,          0
 27115,   611,   13000000,    9052536,        0,   -3947464,          0
 27115,   612,   13000000,   11423588,        0,   -1576412,          0
 27115,   613,   13000000,   11985627,        0,   -1014373,          0
 27115,   614,   13000000,    9043652,        0,   -3956348,          0
 27115,   615,   13000000,    9055229,        0,   -3944771,          0
 27115,   616,   13000000,   20311782,        1,    7311782,    7311782
 27115,   617,   13000000,   16254960,        1,    3254960,    3254960
 27115,   618,   13000000,   12194615,        0,    -805385,          0
 27115,   619,   13000000,    9111427,        0,   -3888573,          0
 27115,   620,   13000000,    9298717,        0,   -3701283,          0
 27115,   621,   13000000,    8983563,        0,   -4016437,          0
 27115,   622,   13000000,    9331171,        0,   -3668829,          0
 27115,   623,   13000000,   21294099,        1,    8294099,    8294099
 27115,   624,   13000000,   17229634,        1,    4229634,    4229634
 27115,   625,   13000000,   13169931,        1,     169931,     169931
 27115,   626,   13000000,    9110697,        0,   -3889303,          0
 27115,   627,   13000000,   11423987,        0,   -1576013,          0
 27115,   628,   13000000,    9010776,        0,   -3989224,          0
 27115,   629,   13000000,    8987414,        0,   -4012586,          0
 27115,   630,   13000000,    9132032,        0,   -3867968,          0
 27115,   631,   13000000,   18966629,        1,    5966629,    5966629
 27115,   632,   13000000,   14912901,        1,    1912901,    1912901
 27115,   633,   13000000,   10857823,        0,   -2142177,          0
 27115,   634,   13000000,    8999781,        0,   -4000219,          0
 27115,   635,   13000000,    8989488,        0,   -4010512,          0
 27115,   636,   13000000,    9043109,        0,   -3956891,          0
 27115,   637,   13000000,   10882078,        0,   -2117922,          0
 27115,   638,   13000000,   11919317,        0,   -1080683,          0
 27115,   639,   13000000,   16565755,        1,    3565755,    3565755
 27115,   640,   13000000,   12513443,        0,    -486557,          0
 27115,   641,   13000000,    9000430,        0,   -3999570,          0
 27115,   642,   13000000,    8976428,        0,   -4023572,          0
 27115,   643,   13000000,    9773710,        0,   -3226290,          0
 27115,   644,   13000000,    8993942,        0,   -4006058,          0
 27115,   645,   13000000,    9081422,        0,   -3918578,          0
 27115,   646,   13000000,    9014338,        0,   -3985662,          0
 27115,   647,   13000000,   11940192,        0,   -1059808,          0
 27115,   648,   13000000,   11034306,        0,   -1965694,          0
 27115,   649,   13000000,    9032963,        0,   -3967037,          0
 27115,   650,   13000000,    9823415,        0,   -3176585,          0
 27115,   651,   13000000,    8980689,        0,   -4019311,          0
 27115,   652,   13000000,   11556061,        0,   -1443939,          0
 27115,   653,   13000000,   11835474,        0,   -1164526,          0
 27115,   654,   13000000,    9096788,        0,   -3903212,          0
 27115,   655,   13000000,   12970751,        0,     -29249,          0
 27115,   656,   13000000,    9015751,        0,   -3984249,          0
 27115,   657,   13000000,    8974381,        0,   -4025619,          0
 27115,   658,   13000000,    9281748,        0,   -3718252,          0
 27115,   659,   13000000,    8980481,        0,   -4019519,          0
 27115,   660,   13000000,   10580353,        0,   -2419647,          0
 27115,   661,   13000000,    9454550,        0,   -3545450,          0
 27115,   662,   13000000,    8969135,        0,   -4030865,          0
 27115,   663,   13000000,   17097613,        1,    4097613,    4097613
 27115,   664,   13000000,   13037621,        1,      37621,      37621
 27115,   665,   13000000,    8966590,        0,   -4033410,          0
 27115,   666,   13000000,    8977807,        0,   -4022193,          0
 27115,   667,   13000000,   11145388,        0,   -1854612,          0
 27115,   668,   13000000,    9598796,        0,   -3401204,          0
 27115,   669,   13000000,   15386102,        1,    2386102,    2386102
 27115,   670,   13000000,   11329975,        0,   -1670025,          0
 27115,   671,   13000000,   18527995,        1,    5527995,    5527995
 27115,   672,   13000000,   14473195,        1,    1473195,    1473195
 27115,   673,   13000000,   10409612,        0,   -2590388,          0
 27115,   674,   13000000,    9000573,        0,   -3999427,          0
 27115,   675,   13000000,    9025847,        0,   -3974153,          0
 27115,   676,   13000000,    8975213,        0,   -4024787,          0
 27115,   677,   13000000,   18920054,        1,    5920054,    5920054
 27115,   678,   13000000,   14871066,        1,    1871066,    1871066
 27115,   679,   13000000,   10811968,        0,   -2188032,          0
 27115,   680,   13000000,    9044099,        0,   -3955901,          0
 27115,   681,   13000000,    8974090,        0,   -4025910,          0
 27115,   682,   13000000,    8970818,        0,   -4029182,          0
 27115,   683,   13000000,    9007600,        0,   -3992400,          0
 27115,   684,   13000000,   24533302,        1,   11533302,   11533302
 27115,   685,   13000000,   20481774,        1,    7481774,    7481774
 27115,   686,   13000000,   16426100,        1,    3426100,    3426100
 27115,   687,   13000000,   12657176,        0,    -342824,          0
 27115,   688,   13000000,    8975058,        0,   -4024942,          0
 27115,   689,   13000000,    8994344,        0,   -4005656,          0
 27115,   690,   13000000,    9043165,        0,   -3956835,          0
 27115,   691,   13000000,   11441846,        0,   -1558154,          0
 27115,   692,   13000000,   12192075,        0,    -807925,          0
 27115,   693,   13000000,   20726620,        1,    7726620,    7726620
 27115,   694,   13000000,   16665365,        1,    3665365,    3665365
 27115,   695,   13000000,   12603857,        0,    -396143,          0
 27115,   696,   13000000,    8972205,        0,   -4027795,          0
 27115,   697,   13000000,   12869423,        0,    -130577,          0
 27115,   698,   13000000,    8969381,        0,   -4030619,          0
 27115,   699,   13000000,   16360032,        1,    3360032,    3360032
 27115,   700,   13000000,   12301654,        0,    -698346,          0
 27115,   701,   13000000,    8996195,        0,   -4003805,          0
 27115,   702,   13000000,   11434684,        0,   -1565316,          0
 27115,   703,   13000000,    9004085,        0,   -3995915,          0
 27115,   704,   13000000,    8970552,        0,   -4029448,          0
 27115,   705,   13000000,    8968009,        0,   -4031991,          0
 27115,   706,   13000000,   17654631,        1,    4654631,    4654631
 27115,   707,   13000000,   13598984,        1,     598984,     598984
 27115,   708,   13000000,    9547362,        0,   -3452638,          0
 27115,   709,   13000000,   16954891,        1,    3954891,    3954891
 27115,   710,   13000000,   12883728,        0,    -116272,          0
 27115,   711,   13000000,    8968201,        0,   -4031799,          0
 27115,   712,   13000000,    9307850,        0,   -3692150,          0
 27115,   713,   13000000,   10276121,        0,   -2723879,          0
 27115,   714,   13000000,   24283491,        1,   11283491,   11283491
 27115,   715,   13000000,   20510601,        1,    7510601,    7510601
 27115,   716,   13000000,   16447124,        1,    3447124,    3447124
 27115,   717,   13000000,   12381709,        0,    -618291,          0
 27115,   718,   13000000,    9047650,        0,   -3952350,          0
 27115,   719,   13000000,    9114632,        0,   -3885368,          0
 27115,   720,   13000000,   24030541,        1,   11030541,   11030541
 27115,   721,   13000000,   20760746,        1,    7760746,    7760746
 27115,   722,   13000000,   16699134,        1,    3699134,    3699134
 27115,   723,   13000000,   12641904,        0,    -358096,          0
 27115,   724,   13000000,    9005009,        0,   -3994991,          0
 27115,   725,   13000000,    9008176,        0,   -3991824,          0
 27115,   726,   13000000,    8990551,        0,   -4009449,          0
 27115,   727,   13000000,   19451263,        1,    6451263,    6451263
 27115,   728,   13000000,   15390196,        1,    2390196,    2390196
 27115,   729,   13000000,   11332083,        0,   -1667917,          0
 27115,   730,   13000000,    9041823,        0,   -3958177,          0
 27115,   731,   13000000,   23002318,        1,   10002318,   10002318
 27115,   732,   13000000,   18938154,        1,    5938154,    5938154
 27115,   733,   13000000,   14871049,        1,    1871049,    1871049
 27115,   734,   13000000,   10815110,        0,   -2184890,          0
 27115,   735,   13000000,   10660795,        0,   -2339205,          0
 27115,   736,   13000000,   17749248,        1,    4749248,    4749248
 27115,   737,   13000000,   13680685,        1,     680685,     680685
 27115,   738,   13000000,    9618664,        0,   -3381336,          0
 27115,   739,   13000000,   11836863,        0,   -1163137,          0
 27115,   740,   13000000,    9292309,        0,   -3707691,          0
 27115,   741,   13000000,    9881571,        0,   -3118429,          0
 27115,   742,   13000000,    9244641,        0,   -3755359,          0
 27115,   743,   13000000,   16125734,        1,    3125734,    3125734
 27115,   744,   13000000,   12062746,        0,    -937254,          0
 27115,   745,   13000000,    9282170,        0,   -3717830,          0
 27115,   746,   13000000,   17141358,        1,    4141358,    4141358
 27115,   747,   13000000,   13089093,        1,      89093,      89093
 27115,   748,   13000000,    9028896,        0,   -3971104,          0
 27115,   749,   13000000,    9031562,        0,   -3968438,          0
 27115,   750,   13000000,    8982562,        0,   -4017438,          0
 27115,   751,   13000000,    8979926,        0,   -4020074,          0
 27115,   752,   13000000,   17516042,        1,    4516042,    4516042
 27115,   753,   13000000,   13460617,        1,     460617,     460617
 27115,   754,   13000000,    9394075,        0,   -3605925,          0
 27115,   755,   13000000,    9032577,        0,   -3967423,          0
 27115,   756,   13000000,    9006269,        0,   -3993731,          0
 27115,   757,   13000000,   14978897,        1,    1978897,    1978897
 27115,   758,   13000000,   10924905,        0,   -2075095,          0
 27115,   759,   13000000,   14777325,        1,    1777325,    1777325
 27115,   760,   13000000,   10711869,        0,   -2288131,          0
 27115,   761,   13000000,    9014861,        0,   -3985139,          0
 27115,   762,   13000000,   10752273,        0,   -2247727,          0
 27115,   763,   13000000,    9404641,        0,   -3595359,          0
 27115,   764,   13000000,    9293846,        0,   -3706154,          0
 27115,   765,   13000000,   10860751,        0,   -2139249,          0
 27115,   766,   13000000,    9033787,        0,   -3966213,          0
 27115,   767,   13000000,    9004768,        0,   -3995232,          0
 27115,   768,   13000000,   22349029,        1,    9349029,    9349029
 27115,   769,   13000000,   18292076,        1,    5292076,    5292076
 27115,   770,   13000000,   14232910,        1,    1232910,    1232910
 27115,   771,   13000000,   10173373,        0,   -2826627,          0
 27115,   772,   13000000,    8976598,        0,   -4023402,          0
 27115,   773,   13000000,    9453774,        0,   -3546226,          0
# task NAME=myapp PID=27119 COST=33603000 PERIOD=49000000 CPU=0
 27119,     2,   49000000,      15055,        0,  -48984945,          0
 27119,     3,   49000000,      98591,        0,  -48901409,          0
 27119,     4,   49000000,   38439428,        0,  -10560572,          0
 27119,     5,   49000000,   46365767,        0,   -2634233,          0
 27119,     6,   49000000,   41236132,        0,   -7763868,          0
 27119,     7,   49000000,   33360256,        0,  -15639744,          0
 27119,     8,   49000000,   43768868,        0,   -5231132,          0
 27119,     9,   49000000,   33374452,        0,  -15625548,          0
 27119,    10,   49000000,   33519756,        0,  -15480244,          0
 27119,    11,   49000000,   33622087,        0,  -15377913,          0
 27119,    12,   49000000,   46931585,        0,   -2068415,          0
 27119,    13,   49000000,   33837629,        0,  -15162371,          0
 27119,    14,   49000000,   35232558,        0,  -13767442,          0
 27119,    15,   49000000,   33357358,        0,  -15642642,          0
 27119,    16,   49000000,   38515327,        0,  -10484673,          0
 27119,    17,   49000000,   38278848,        0,  -10721152,          0
 27119,    18,   49000000,   37712426,        0,  -11287574,          0
 27119,    19,   49000000,   37749072,        0,  -11250928,          0
 27119,    20,   49000000,   49635284,        1,     635284,     635284
 27119,    21,   49000000,   34219334,        0,  -14780666,          0
 27119,    22,   49000000,   33999875,        0,  -15000125,          0
 27119,    23,   49000000,   33352247,        0,  -15647753,          0
 27119,    24,   49000000,   36792969,        0,  -12207031,          0
 27119,    25,   49000000,   33371658,        0,  -15628342,          0
 27119,    26,   49000000,   34581771,        0,  -14418229,          0
 27119,    27,   49000000,   33334027,        0,  -15665973,          0
 27119,    28,   49000000,   33309588,        0,  -15690412,          0
 27119,    29,   49000000,   33402247,        0,  -15597753,          0
 27119,    30,   49000000,   35168153,        0,  -13831847,          0
 27119,    31,   49000000,   36599470,        0,  -12400530,          0
 27119,    32,   49000000,   33328601,        0,  -15671399,          0
 27119,    33,   49000000,   38396016,        0,  -10603984,          0
 27119,    34,   49000000,   33568081,        0,  -15431919,          0
 27119,    35,   49000000,   33306632,        0,  -15693368,          0
 27119,    36,   49000000,   37568751,        0,  -11431249,          0
 27119,    37,   49000000,   33772817,        0,  -15227183,          0
 27119,    38,   49000000,   36914222,        0,  -12085778,          0
 27119,    39,   49000000,   33599879,        0,  -15400121,          0
 27119,    40,   49000000,   34556702,        0,  -14443298,          0
 27119,    41,   49000000,   33357201,        0,  -15642799,          0
 27119,    42,   49000000,   35757706,        0,  -13242294,          0
 27119,    43,   49000000,   33441712,        0,  -15558288,          0
 27119,    44,   49000000,   33618838,        0,  -15381162,          0
 27119,    45,   49000000,   33328791,        0,  -15671209,          0
 27119,    46,   49000000,   35339453,        0,  -13660547,          0
 27119,    47,   49000000,   33334962,        0,  -15665038,          0
 27119,    48,   49000000,   33327577,        0,  -15672423,          0
 27119,    49,   49000000,   41081768,        0,   -7918232,          0
 27119,    50,   49000000,   39062029,        0,   -9937971,          0
 27119,    51,   49000000,   33328855,        0,  -15671145,          0
 27119,    52,   49000000,   33532643,        0,  -15467357,          0
 27119,    53,   49000000,   34725360,        0,  -14274640,          0
 27119,    54,   49000000,   33603348,        0,  -15396652,          0
 27119,    55,   49000000,   33338022,        0,  -15661978,          0
 27119,    56,   49000000,   33657961,        0,  -15342039,          0
 27119,    57,   49000000,   35352404,        0,  -13647596,          0
 27119,    58,   49000000,   33334559,        0,  -15665441,          0
 27119,    59,   49000000,   33611426,        0,  -15388574,          0
 27119,    60,   49000000,   39139081,        0,   -9860919,          0
 27119,    61,   49000000,   33853630,        0,  -15146370,          0
 27119,    62,   49000000,   41298319,        0,   -7701681,          0
 27119,    63,   49000000,   33370489,        0,  -15629511,          0
 27119,    64,   49000000,   33327584,        0,  -15672416,          0
 27119,    65,   49000000,   36859183,        0,  -12140817,          0
 27119,    66,   49000000,   33439443,        0,  -15560557,          0
 27119,    67,   49000000,   43124348,        0,   -5875652,          0
 27119,    68,   49000000,   36919393,        0,  -12080607,          0
 27119,    69,   49000000,   33348277,        0,  -15651723,          0
 27119,    70,   49000000,   33570374,        0,  -15429626,          0
 27119,    71,   49000000,   33501589,        0,  -15498411,          0
 27119,    72,   49000000,   33614258,        0,  -15385742,          0
 27119,    73,   49000000,   33655239,        0,  -15344761,          0
 27119,    74,   49000000,   39233922,        0,   -9766078,          0
 27119,    75,   49000000,   33366106,        0,  -15633894,          0
 27119,    76,   49000000,   37303696,        0,  -11696304,          0
 27119,    77,   49000000,   33633596,        0,  -15366404,          0
 27119,    78,   49000000,   33284872,        0,  -15715128,          0
 27119,    79,   49000000,   33432020,        0,  -15567980,          0
 27119,    80,   49000000,   35804499,        0,  -13195501,          0
 27119,    81,   49000000,   33338872,        0,  -15661128,          0
 27119,    82,   49000000,   34116064,        0,  -14883936,          0
 27119,    83,   49000000,   34648264,        0,  -14351736,          0
 27119,    84,   49000000,   33317794,        0,  -15682206,          0
 27119,    85,   49000000,   63405729,        1,   14405729,   14405729
 27119,    86,   49000000,   47742918,        0,   -1257082,          0
 27119,    87,   49000000,   33988654,        0,  -15011346,          0
 27119,    88,   49000000,   33352295,        0,  -15647705,          0
 27119,    89,   49000000,   33409393,        0,  -15590607,          0
 27119,    90,   49000000,   33616977,        0,  -15383023,          0
 27119,    91,   49000000,   33357647,        0,  -15642353,          0
 27119,    92,   49000000,   40545519,        0,   -8454481,          0
 27119,    93,   49000000,   33357180,        0,  -15642820,          0
 27119,    94,   49000000,   33323527,        0,  -15676473,          0
 27119,    95,   49000000,   34388653,        0,  -14611347,          0
 27119,    96,   49000000,   33704250,        0,  -15295750,          0
 27119,    97,   49000000,   38743896,        0,  -10256104,          0
 27119,    98,   49000000,   35519539,        0,  -13480461,          0
 27119,    99,   49000000,   33358397,        0,  -15641603,          0
 27119,   100,   49000000,   33806594,        0,  -15193406,          0
 27119,   101,   49000000,   49671180,        1,     671180,     671180
 27119,   102,   49000000,   33939786,        0,  -15060214,          0
 27119,   103,   49000000,   33338981,        0,  -15661019,          0
 27119,   104,   49000000,   33323427,        0,  -15676573,          0
 27119,   105,   49000000,   41411301,        0,   -7588699,          0
 27119,   106,   49000000,   37154892,        0,  -11845108,          0
 27119,   107,   49000000,   47233411,        0,   -1766589,          0
 27119,   108,   49000000,   33793486,        0,  -15206514,          0
 27119,   109,   49000000,   37788615,        0,  -11211385,          0
 27119,   110,   49000000,   46980236,        0,   -2019764,          0
 27119,   111,   49000000,   33340401,        0,  -15659599,          0
 27119,   112,   49000000,   33351210,        0,  -15648790,          0
 27119,   113,   49000000,   33644575,        0,  -15355425,          0
 27119,   114,   49000000,   37309042,        0,  -11690958,          0
 27119,   115,   49000000,   33321756,        0,  -15678244,          0
 27119,   116,   49000000,   33329614,        0,  -15670386,          0
 27119,   117,   49000000,   37722252,        0,  -11277748,          0
 27119,   118,   49000000,   39000360,        0,   -9999640,          0
 27119,   119,   49000000,   33374632,        0,  -15625368,          0
 27119,   120,   49000000,   33327966,        0,  -15672034,          0
 27119,   121,   49000000,   33327760,        0,  -15672240,          0
 27119,   122,   49000000,   35414361,        0,  -13585639,          0
 27119,   123,   49000000,   33616036,        0,  -15383964,          0
 27119,   124,   49000000,   41124430,        0,   -7875570,          0
 27119,   125,   49000000,   33393825,        0,  -15606175,          0
 27119,   126,   49000000,   39074552,        0,   -9925448,          0
 27119,   127,   49000000,   36098352,        0,  -12901648,          0
 27119,   128,   49000000,   35184497,        0,  -13815503,          0
 27119,   129,   49000000,   35083847,        0,  -13916153,          0
 27119,   130,   49000000,   35287895,        0,  -13712105,          0
 27119,   131,   49000000,   38078399,        0,  -10921601,          0
 27119,   132,   49000000,   33328753,        0,  -15671247,          0
 27119,   133,   49000000,   34411681,        0,  -14588319,          0
 27119,   134,   49000000,   33326989,        0,  -15673011,          0
 27119,   135,   49000000,   36286726,        0,  -12713274,          0
 27119,   136,   49000000,   38250235,        0,  -10749765,          0
 27119,   137,   49000000,   33344724,        0,  -15655276,          0
 27119,   138,   49000000,   40987098,        0,   -8012902,          0
 27119,   139,   49000000,   33338052,        0,  -15661948,          0
 27119,   140,   49000000,   40545076,        0,   -8454924,          0
 27119,   141,   49000000,   34078294,        0,  -14921706,          0
 27119,   142,   49000000,   34742644,        0,  -14257356,          0
 27119,   143,   49000000,   33374696,        0,  -15625304,          0
 27119,   144,   49000000,   41540383,        0,   -7459617,          0
 27119,   145,   49000000,   33344920,        0,  -15655080,          0
 27119,   146,   49000000,   42101038,        0,   -6898962,          0
 27119,   147,   49000000,   33353621,        0,  -15646379,          0
 27119,   148,   49000000,   33410274,        0,  -15589726,          0
 27119,   149,   49000000,   33319989,        0,  -15680011,          0
 27119,   150,   49000000,   33810566,        0,  -15189434,          0
 27119,   151,   49000000,   43725057,        0,   -5274943,          0
 27119,   152,   49000000,   38612317,        0,  -10387683,          0
 27119,   153,   49000000,   48027056,        0,    -972944,          0
 27119,   154,   49000000,   35169872,        0,  -13830128,          0
 27119,   155,   49000000,   33328374,        0,  -15671626,          0
 27119,   156,   49000000,   33653582,        0,  -15346418,          0
 27119,   157,   49000000,   33336184,        0,  -15663816,          0
 27119,   158,   49000000,   33399493,        0,  -15600507,          0
 27119,   159,   49000000,   36098449,        0,  -12901551,          0
 27119,   160,   49000000,   36144691,        0,  -12855309,          0
 27119,   161,   49000000,   35612619,        0,  -13387381,          0
 27119,   162,   49000000,   38929312,        0,  -10070688,          0
 27119,   163,   49000000,   43593059,        0,   -5406941,          0
 27119,   164,   49000000,   33600926,        0,  -15399074,          0
 27119,   165,   49000000,   33362729,        0,  -15637271,          0
 27119,   166,   49000000,   33447525,        0,  -15552475,          0
 27119,   167,   49000000,   33364654,        0,  -15635346,          0
 27119,   168,   49000000,   33378476,        0,  -15621524,          0
 27119,   169,   49000000,   33675316,        0,  -15324684,          0
 27119,   170,   49000000,   34311456,        0,  -14688544,          0
 27119,   171,   49000000,   34206950,        0,  -14793050,          0
 27119,   172,   49000000,   33357765,        0,  -15642235,          0
 27119,   173,   49000000,   41975661,        0,   -7024339,          0
 27119,   174,   49000000,   44960226,        0,   -4039774,          0
 27119,   175,   49000000,   33350353,        0,  -15649647,          0
 27119,   176,   49000000,   33311954,        0,  -15688046,          0
 27119,   177,   49000000,   33389749,        0,  -15610251,          0
 27119,   178,   49000000,   40883140,        0,   -8116860,          0
 27119,   179,   49000000,   33655971,        0,  -15344029,          0
 27119,   180,   49000000,   33333167,        0,  -15666833,          0
 27119,   181,   49000000,   33362770,        0,  -15637230,          0
 27119,   182,   49000000,   34563469,        0,  -14436531,          0
 27119,   183,   49000000,   33343121,        0,  -15656879,          0
 27119,   184,   49000000,   34254003,        0,  -14745997,          0
 27119,   185,   49000000,   33789521,        0,  -15210479,          0
 27119,   186,   49000000,   35475678,        0,  -13524322,          0
 27119,   187,   49000000,   45801959,        0,   -3198041,          0
 27119,   188,   49000000,   33345807,        0,  -15654193,          0
 27119,   189,   49000000,   33429755,        0,  -15570245,          0
 27119,   190,   49000000,   33380337,        0,  -15619663,          0
 27119,   191,   49000000,   33296474,        0,  -15703526,          0
 27119,   192,   49000000,   33684525,        0,  -15315475,          0
 27119,   193,   49000000,   33782630,        0,  -15217370,          0
 27119,   194,   49000000,   34537957,        0,  -14462043,          0
 27119,   195,   49000000,   41273666,        0,   -7726334,          0
 27119,   196,   49000000,   33318012,        0,  -15681988,          0
 27119,   197,   49000000,   33686249,        0,  -15313751,          0
 27119,   198,   49000000,   42329156,        0,   -6670844,          0
 27119,   199,   49000000,   33350484,        0,  -15649516,          0
 27119,   200,   49000000,   35963091,        0,  -13036909,          0
 27119,   201,   49000000,   33339824,        0,  -15660176,          0
 27119,   202,   49000000,   33617639,        0,  -15382361,          0
 27119,   203,   49000000,   34665829,        0,  -14334171,          0
 27119,   204,   49000000,   33333756,        0,  -15666244,          0
 27119,   205,   49000000,   33387619,        0,  -15612381,          0
 27119,   206,   49000000,   45238916,        0,   -3761084,          0
 27119,   207,   49000000,   33628839,        0,  -15371161,          0
 27119,   208,   49000000,   35792402,        0,  -13207598,          0
# task NAME=myapp PID=27122 COST=60774000 PERIOD=98000000 CPU=0
 27122,     2,   98000000,      32951,        0,  -97967049,          0
 27122,     3,   98000000,     110032,        0,  -97889968,          0
 27122,     4,   98000000,   80007907,        0,  -17992093,          0
 27122,     5,   98000000,   60241495,        0,  -37758505,          0
 27122,     6,   98000000,   62366313,        0,  -35633687,          0
 27122,     7,   98000000,   60643771,        0,  -37356229,          0
 27122,     8,   98000000,   60662677,        0,  -37337323,          0
 27122,     9,   98000000,   60960504,        0,  -37039496,          0
 27122,    10,   98000000,   60262151,        0,  -37737849,          0
 27122,    11,   98000000,   64690663,        0,  -33309337,          0
 27122,    12,   98000000,   61148543,        0,  -36851457,          0
 27122,    13,   98000000,   60556864,        0,  -37443136,          0
 27122,    14,   98000000,   60294701,        0,  -37705299,          0
 27122,    15,   98000000,   60215939,        0,  -37784061,          0
 27122,    16,   98000000,   60249115,        0,  -37750885,          0
 27122,    17,   98000000,   73417769,        0,  -24582231,          0
 27122,    18,   98000000,   61748349,        0,  -36251651,          0
 27122,    19,   98000000,   60740757,        0,  -37259243,          0
 27122,    20,   98000000,   60766198,        0,  -37233802,          0
 27122,    21,   98000000,   63436586,        0,  -34563414,          0
 27122,    22,   98000000,   60599435,        0,  -37400565,          0
 27122,    23,   98000000,   60327588,        0,  -37672412,          0
 27122,    24,   98000000,   60235342,        0,  -37764658,          0
 27122,    25,   98000000,   60271512,        0,  -37728488,          0
 27122,    26,   98000000,   68316968,        0,  -29683032,          0
 27122,    27,   98000000,   60538234,        0,  -37461766,          0
 27122,    28,   98000000,   60299152,        0,  -37700848,          0
 27122,    29,   98000000,   77183819,        0,  -20816181,          0
 27122,    30,   98000000,   62275253,        0,  -35724747,          0
 27122,    31,   98000000,   60502567,        0,  -37497433,          0
 27122,    32,   98000000,   61043047,        0,  -36956953,          0
 27122,    33,   98000000,   60323558,        0,  -37676442,          0
 27122,    34,   98000000,   61296764,        0,  -36703236,          0
 27122,    35,   98000000,   71608698,        0,  -26391302,          0
 27122,    36,   98000000,   60613779,        0,  -37386221,          0
 27122,    37,   98000000,   61046720,        0,  -36953280,          0
 27122,    38,   98000000,   60546589,        0,  -37453411,          0
 27122,    39,   98000000,   60555637,        0,  -37444363,          0
 27122,    40,   98000000,   60524895,        0,  -37475105,          0
 27122,    41,   98000000,   60870007,        0,  -37129993,          0
 27122,    42,   98000000,   60295876,        0,  -37704124,          0
 27122,    43,   98000000,   61681699,        0,  -36318301,          0
 27122,    44,   98000000,   76609386,        0,  -21390614,          0
 27122,    45,   98000000,   64032931,        0,  -33967069,          0
 27122,    46,   98000000,   60657704,        0,  -37342296,          0
 27122,    47,   98000000,   60684453,        0,  -37315547,          0
 27122,    48,   98000000,   60337026,        0,  -37662974,          0
 27122,    49,   98000000,   67120220,        0,  -30879780,          0
 27122,    50,   98000000,   67342700,        0,  -30657300,          0
 27122,    51,   98000000,   69284404,        0,  -28715596,          0
 27122,    52,   98000000,   60834216,        0,  -37165784,          0
 27122,    53,   98000000,   60242986,        0,  -37757014,          0
 27122,    54,   98000000,   60677769,        0,  -37322231,          0
 27122,    55,   98000000,   73730703,        0,  -24269297,          0
 27122,    56,   98000000,   65536593,        0,  -32463407,          0
 27122,    57,   98000000,   60229537,        0,  -37770463,          0
 27122,    58,   98000000,   60775177,        0,  -37224823,          0
 27122,    59,   98000000,   60583737,        0,  -37416263,          0
 27122,    60,   98000000,   63414789,        0,  -34585211,          0
 27122,    61,   98000000,   60309092,        0,  -37690908,          0
 27122,    62,   98000000,   60258132,        0,  -37741868,          0
 27122,    63,   98000000,   60571218,        0,  -37428782,          0
 27122,    64,   98000000,   60535050,        0,  -37464950,          0
 27122,    65,   98000000,   64656348,        0,  -33343652,          0
 27122,    66,   98000000,   64236208,        0,  -33763792,          0
 27122,    67,   98000000,   67628075,        0,  -30371925,          0
 27122,    68,   98000000,   61025276,        0,  -36974724,          0
 27122,    69,   98000000,   72226923,        0,  -25773077,          0
 27122,    70,   98000000,   60205274,        0,  -37794726,          0
 27122,    71,   98000000,   60853004,        0,  -37146996,          0
 27122,    72,   98000000,   61676784,        0,  -36323216,          0
 27122,    73,   98000000,   60485944,        0,  -37514056,          0
 27122,    74,   98000000,   60276125,        0,  -37723875,          0
 27122,    75,   98000000,   60227913,        0,  -37772087,          0
 27122,    76,   98000000,   60203560,        0,  -37796440,          0
 27122,    77,   98000000,   61388463,        0,  -36611537,          0
 27122,    78,   98000000,   71520422,        0,  -26479578,          0
 27122,    79,   98000000,   60244311,        0,  -37755689,          0
 27122,    80,   98000000,   60294798,        0,  -37705202,          0
 27122,    81,   98000000,   60563547,        0,  -37436453,          0
 27122,    82,   98000000,   62517580,        0,  -35482420,          0
 27122,    83,   98000000,   60665210,        0,  -37334790,          0
 27122,    84,   98000000,   60262303,        0,  -37737697,          0
 27122,    85,   98000000,   60181788,        0,  -37818212,          0
 27122,    86,   98000000,   60577319,        0,  -37422681,          0
 27122,    87,   98000000,   61193796,        0,  -36806204,          0
 27122,    88,   98000000,   70197079,        0,  -27802921,          0
 27122,    89,   98000000,   62674839,        0,  -35325161,          0
 27122,    90,   98000000,   60304178,        0,  -37695822,          0
 27122,    91,   98000000,   60478298,        0,  -37521702,          0
 27122,    92,   98000000,   67296692,        0,  -30703308,          0
 27122,    93,   98000000,   60232899,        0,  -37767101,          0
 27122,    94,   98000000,   69218760,        0,  -28781240,          0
 27122,    95,   98000000,   64989230,        0,  -33010770,          0
 27122,    96,   98000000,   67692730,        0,  -30307270,          0
 27122,    97,   98000000,   63146016,        0,  -34853984,          0
 27122,    98,   98000000,   60320689,        0,  -37679311,          0
 27122,    99,   98000000,   70759203,        0,  -27240797,          0
 27122,   100,   98000000,   60586837,        0,  -37413163,          0
 27122,   101,   98000000,   61073877,        0,  -36926123,          0
 27122,   102,   98000000,   60228320,        0,  -37771680,          0
 27122,   103,   98000000,   62169496,        0,  -35830504,          0
 27122,   104,   98000000,   60258196,        0,  -37741804,          0
 27122,   105,   98000000,   61179049,        0,  -36820951,          0
 27122,   106,   98000000,   61900696,        0,  -36099304,          0
