100 5 95
89 3 86
85 3 82
146 5 141
93 4 89
122 12 110
127 5 122
105 3 102
114 4 110
89 3 86
133 5 128
100 4 96
131 5 126
90 4 86
128 9 119
114 13 101
138 8 130
82 2 80
94 3 91
96 4 92
170 7 163
110 18 92
120 22 98
95 3 92
79 3 76
102 3 99
140 5 135
91 4 87
120 8 112
94 3 91
147 5 142
113 4 109
136 8 128
118 22 96
144 8 136
127 4 123
134 5 129
120 11 109
83 3 80
96 5 91
135 5 130
115 13 102
143 8 135
115 4 111
88 3 85
151 5 146
117 15 102
101 4 97
164 7 157
146 7 139
115 12 103
116 4 112
81 3 78
76 3 73
83 3 80
69 3 66
89 5 84
145 7 138
143 5 138
104 4 100
79 3 76
111 4 107
154 5 149
138 5 133
106 18 88
149 5 144
149 5 144
113 17 96
119 11 108
90 3 87
77 3 74
94 3 91
134 7 127
145 8 137
78 3 75
149 6 143
91 3 88
121 13 108
150 5 145
104 4 100
130 9 121
99 4 95
140 4 136
