292 292 0
113 113 0
281 281 0
440 440 0
158 158 0
298 298 0
839 839 0
530 530 0
421 421 0
238 238 0
249 249 0
243 243 0
203 203 0
479 479 0
203 203 0
124 124 0
170 170 0
113 113 0
153 153 0
349 349 0
231 231 0
127 127 0
913 913 0
123 123 0
221 221 0
591 591 0
162 162 0
133 133 0
119 119 0
129 129 0
135 135 0
135 135 0
129 129 0
271 271 0
1003 1003 0
460 460 0
186 186 0
125 125 0
106 106 0
199 199 0
629 629 0
221 221 0
109 109 0
529 529 0
200 200 0
154 154 0
109 109 0
112 112 0
236 236 0
166 166 0
108 108 0
1005 1005 0
165 165 0
297 297 0
109 109 0
253 253 0
299 299 0
125 125 0
169 169 0
1007 1007 0
349 349 0
133 133 0
117 117 0
193 193 0
158 158 0
268 268 0
181 181 0
912 912 0
132 132 0
103 103 0
125 125 0
138 138 0
113 113 0
221 221 0
163 163 0
122 122 0
529 529 0
128 128 0
185 185 0
561 561 0
113 113 0
179 179 0
531 531 0
