115 4 111
154 8 146
83 3 80
133 5 128
134 17 117
122 3 119
122 4 118
130 5 125
108 4 104
96 3 93
83 3 80
133 5 128
135 5 130
125 4 121
97 4 93
82 3 79
101 4 97
159 8 151
133 5 128
151 8 143
133 5 128
130 5 125
142 6 136
133 6 127
130 3 127
131 5 126
132 14 118
85 3 82
130 11 119
83 2 81
137 15 122
142 6 136
129 12 117
147 9 138
132 5 127
156 9 147
143 6 137
133 4 129
134 10 124
155 8 147
141 7 134
87 3 84
154 9 145
143 6 137
88 3 85
83 3 80
113 4 109
125 12 113
147 7 140
144 7 137
137 14 123
88 3 85
98 3 95
123 11 112
86 3 83
132 10 122
96 3 93
111 2 109
133 6 127
147 6 141
155 5 150
136 5 131
124 10 114
102 4 98
125 11 114
80 3 77
121 10 111
120 4 116
136 6 130
89 3 86
82 3 79
122 11 111
109 3 106
82 3 79
144 7 137
134 10 124
118 4 114
123 12 111
114 4 110
143 10 133
133 13 120
129 5 124
90 2 88
