# Task,   Job,     Period,   Response, DL Miss?,   Lateness,  Tardiness
# task NAME=myapp PID=28403 COST=35827000 PERIOD=43000000 CPU=0
 28403,     2,   43000000,      11464,        0,  -42988536,          0
 28403,     3,   43000000,      86745,        0,  -42913255,          0
 28403,     4,   43000000,   65230909,        1,   22230909,   22230909
 28403,     5,   43000000,   87278354,        1,   44278354,   44278354
 28403,     6,   43000000,  111245049,        1,   68245049,   68245049
 28403,     7,   43000000,  134750696,        1,   91750696,   91750696
 28403,     8,   43000000,  156013820,        1,  113013820,  113013820
 28403,     9,   43000000,  178113025,        1,  135113025,  135113025
 28403,    10,   43000000,  202186125,        1,  159186125,  159186125
 28403,    11,   43000000,  229177450,        1,  186177450,  186177450
 28403,    12,   43000000,  252130777,        1,  209130777,  209130777
 28403,    13,   43000000,  275389943,        1,  232389943,  232389943
 28403,    14,   43000000,  299642520,        1,  256642520,  256642520
 28403,    15,   43000000,  324380396,        1,  281380396,  281380396
 28403,    16,   43000000,  348650985,        1,  305650985,  305650985
 28403,    17,   43000000,  372873628,        1,  329873628,  329873628
 28403,    18,   43000000,  391959052,        1,  348959052,  348959052
 28403,    19,   43000000,  415940336,        1,  372940336,  372940336
 28403,    20,   43000000,  442563775,        1,  399563775,  399563775
 28403,    21,   43000000,  466530821,        1,  423530821,  423530821
 28403,    22,   43000000,  491763083,        1,  448763083,  448763083
 28403,    23,   43000000,  515255487,        1,  472255487,  472255487
 28403,    24,   43000000,  540289488,        1,  497289488,  497289488
 28403,    25,   43000000,  565243715,        1,  522243715,  522243715
 28403,    26,   43000000,  590455777,        1,  547455777,  547455777
 28403,    27,   43000000,  614898655,        1,  571898655,  571898655
 28403,    28,   43000000,  636032421,        1,  593032421,  593032421
 28403,    29,   43000000,  659868566,        1,  616868566,  616868566
 28403,    30,   43000000,  682872347,        1,  639872347,  639872347
 28403,    31,   43000000,  707283249,        1,  664283249,  664283249
 28403,    32,   43000000,  731231949,        1,  688231949,  688231949
 28403,    33,   43000000,  754510461,        1,  711510461,  711510461
 28403,    34,   43000000,  778967856,        1,  735967856,  735967856
 28403,    35,   43000000,  803134464,        1,  760134464,  760134464
 28403,    36,   43000000,  825129193,        1,  782129193,  782129193
 28403,    37,   43000000,  846294336,        1,  803294336,  803294336
 28403,    38,   43000000,  871343210,        1,  828343210,  828343210
 28403,    39,   43000000,  892501791,        1,  849501791,  849501791
 28403,    40,   43000000,  917493232,        1,  874493232,  874493232
 28403,    41,   43000000,  942470504,        1,  899470504,  899470504
 28403,    42,   43000000,  967847600,        1,  924847600,  924847600
 28403,    43,   43000000,  988754826,        1,  945754826,  945754826
 28403,    44,   43000000, 1016734234,        1,  973734234,  973734234
 28403,    45,   43000000, 1034241195,        1,  991241195,  991241195
 28403,    46,   43000000, 1059262042,        1, 1016262042, 1016262042
 28403,    47,   43000000, 1083361140,        1, 1040361140, 1040361140
 28403,    48,   43000000, 1105495617,        1, 1062495617, 1062495617
 28403,    49,   43000000, 1132320381,        1, 1089320381, 1089320381
 28403,    50,   43000000, 1154146656,        1, 1111146656, 1111146656
 28403,    51,   43000000, 1175507090,        1, 1132507090, 1132507090
 28403,    52,   43000000, 1200474958,        1, 1157474958, 1157474958
 28403,    53,   43000000, 1225458292,        1, 1182458292, 1182458292
 28403,    54,   43000000, 1246497129,        1, 1203497129, 1203497129
 28403,    55,   43000000, 1271800000,        1, 1228800000, 1228800000
 28403,    56,   43000000, 1292992774,        1, 1249992774, 1249992774
 28403,    57,   43000000, 1313913293,        1, 1270913293, 1270913293
# task NAME=myapp PID=28406 COST=44277000 PERIOD=68000000 CPU=0
 28406,     2,   68000000,      11651,        0,  -67988349,          0
 28406,     3,   68000000,     106438,        0,  -67893562,          0
 28406,     4,   68000000,   80383033,        1,   12383033,   12383033
 28406,     5,   68000000,   91692262,        1,   23692262,   23692262
 28406,     6,   68000000,  109860836,        1,   41860836,   41860836
 28406,     7,   68000000,  116535337,        1,   48535337,   48535337
 28406,     8,   68000000,  131645055,        1,   63645055,   63645055
 28406,     9,   68000000,  144483658,        1,   76483658,   76483658
 28406,    10,   68000000,  160779731,        1,   92779731,   92779731
 28406,    11,   68000000,  176275499,        1,  108275499,  108275499
 28406,    12,   68000000,  188393006,        1,  120393006,  120393006
 28406,    13,   68000000,  204374365,        1,  136374365,  136374365
 28406,    14,   68000000,  220471392,        1,  152471392,  152471392
 28406,    15,   68000000,  232789454,        1,  164789454,  164789454
 28406,    16,   68000000,  247860492,        1,  179860492,  179860492
 28406,    17,   68000000,  262976275,        1,  194976275,  194976275
 28406,    18,   68000000,  276427967,        1,  208427967,  208427967
 28406,    19,   68000000,  292531178,        1,  224531178,  224531178
 28406,    20,   68000000,  307693291,        1,  239693291,  239693291
 28406,    21,   68000000,  320793774,        1,  252793774,  252793774
 28406,    22,   68000000,  335820778,        1,  267820778,  267820778
 28406,    23,   68000000,  348728825,        1,  280728825,  280728825
 28406,    24,   68000000,  364511845,        1,  296511845,  296511845
 28406,    25,   68000000,  380536507,        1,  312536507,  312536507
 28406,    26,   68000000,  397726737,        1,  329726737,  329726737
 28406,    27,   68000000,  411088208,        1,  343088208,  343088208
 28406,    28,   68000000,  424484776,        1,  356484776,  356484776
 28406,    29,   68000000,  438955428,        1,  370955428,  370955428
 28406,    30,   68000000,  455273977,        1,  387273977,  387273977
 28406,    31,   68000000,  468458604,        1,  400458604,  400458604
 28406,    32,   68000000,  482589796,        1,  414589796,  414589796
 28406,    33,   68000000,  495759503,        1,  427759503,  427759503
 28406,    34,   68000000,  513383415,        1,  445383415,  445383415
 28406,    35,   68000000,  527355288,        1,  459355288,  459355288
 28406,    36,   68000000,  543010621,        1,  475010621,  475010621
 28406,    37,   68000000,  556155641,        1,  488155641,  488155641
 28406,    38,   68000000,  572250717,        1,  504250717,  504250717
 28406,    39,   68000000,  584435899,        1,  516435899,  516435899
 28406,    40,   68000000,  601846052,        1,  533846052,  533846052
 28406,    41,   68000000,  612081527,        1,  544081527,  544081527
 28406,    42,   68000000,  626730922,        1,  558730922,  558730922
 28406,    43,   68000000,  642805549,        1,  574805549,  574805549
 28406,    44,   68000000,  652180246,        1,  584180246,  584180246
 28406,    45,   68000000,  667301185,        1,  599301185,  599301185
 28406,    46,   68000000,  680117549,        1,  612117549,  612117549
 28406,    47,   68000000,  695158276,        1,  627158276,  627158276
 28406,    48,   68000000,  711417492,        1,  643417492,  643417492
 28406,    49,   68000000,  727400743,        1,  659400743,  659400743
 28406,    50,   68000000,  741064219,        1,  673064219,  673064219
 28406,    51,   68000000,  758132409,        1,  690132409,  690132409
 28406,    52,   68000000,  772580407,        1,  704580407,  704580407
 28406,    53,   68000000,  787475450,        1,  719475450,  719475450
 28406,    54,   68000000,  801071941,        1,  733071941,  733071941
 28406,    55,   68000000,  815098711,        1,  747098711,  747098711
 28406,    56,   68000000,  824491879,        1,  756491879,  756491879
 28406,    57,   68000000,  839533945,        1,  771533945,  771533945
 28406,    58,   68000000,  852616770,        1,  784616770,  784616770
 28406,    59,   68000000,  868116808,        1,  800116808,  800116808
 28406,    60,   68000000,  882576414,        1,  814576414,  814576414
 28406,    61,   68000000,  895663189,        1,  827663189,  827663189
 28406,    62,   68000000,  908689281,        1,  840689281,  840689281
 28406,    63,   68000000,  924703521,        1,  856703521,  856703521
 28406,    64,   68000000,  938974938,        1,  870974938,  870974938
 28406,    65,   68000000,  957189077,        1,  889189077,  889189077
 28406,    66,   68000000,  967752469,        1,  899752469,  899752469
 28406,    67,   68000000,  985703072,        1,  917703072,  917703072
 28406,    68,   68000000,  998895914,        1,  930895914,  930895914
 28406,    69,   68000000, 1014903420,        1,  946903420,  946903420
 28406,    70,   68000000, 1030875522,        1,  962875522,  962875522
 28406,    71,   68000000, 1043284165,        1,  975284165,  975284165
 28406,    72,   68000000, 1059380806,        1,  991380806,  991380806
 28406,    73,   68000000, 1069550810,        1, 1001550810, 1001550810
 28406,    74,   68000000, 1084161774,        1, 1016161774, 1016161774
 28406,    75,   68000000, 1099758542,        1, 1031758542, 1031758542
 28406,    76,   68000000, 1113207749,        1, 1045207749, 1045207749
 28406,    77,   68000000, 1128040479,        1, 1060040479, 1060040479
 28406,    78,   68000000, 1142125345,        1, 1074125345, 1074125345
 28406,    79,   68000000, 1155405791,        1, 1087405791, 1087405791
 28406,    80,   68000000, 1169489256,        1, 1101489256, 1101489256
 28406,    81,   68000000, 1184673531,        1, 1116673531, 1116673531
 28406,    82,   68000000, 1201116779,        1, 1133116779, 1133116779
 28406,    83,   68000000, 1217790199,        1, 1149790199, 1149790199
 28406,    84,   68000000, 1233087140,        1, 1165087140, 1165087140
 28406,    85,   68000000, 1240310613,        1, 1172310613, 1172310613
 28406,    86,   68000000, 1255105195,        1, 1187105195, 1187105195
 28406,    87,   68000000, 1268209110,        1, 1200209110, 1200209110
 28406,    88,   68000000, 1283262501,        1, 1215262501, 1215262501
 28406,    89,   68000000, 1295796840,        1, 1227796840, 1227796840
 28406,    90,   68000000, 1311864521,        1, 1243864521, 1243864521
 28406,    91,   68000000, 1327361143,        1, 1259361143, 1259361143
 28406,    92,   68000000, 1343402104,        1, 1275402104, 1275402104
 28406,    93,   68000000, 1361372738,        1, 1293372738, 1293372738
 28406,    94,   68000000, 1375662663,        1, 1307662663, 1307662663
 28406,    95,   68000000, 1391044206,        1, 1323044206, 1323044206
 28406,    96,   68000000, 1407058345,        1, 1339058345, 1339058345
 28406,    97,   68000000, 1420399131,        1, 1352399131, 1352399131
 28406,    98,   68000000, 1435635819,        1, 1367635819, 1367635819
 28406,    99,   68000000, 1449702153,        1, 1381702153, 1381702153
 28406,   100,   68000000, 1463224305,        1, 1395224305, 1395224305
 28406,   101,   68000000, 1478170419,        1, 1410170419, 1410170419
 28406,   102,   68000000, 1494145037,        1, 1426145037, 1426145037
 28406,   103,   68000000, 1504703482,        1, 1436703482, 1436703482
 28406,   104,   68000000, 1520110186,        1, 1452110186, 1452110186
 28406,   105,   68000000, 1536161015,        1, 1468161015, 1468161015
 28406,   106,   68000000, 1548155700,        1, 1480155700, 1480155700
 28406,   107,   68000000, 1565150865,        1, 1497150865, 1497150865
 28406,   108,   68000000, 1576573376,        1, 1508573376, 1508573376
 28406,   109,   68000000, 1591071980,        1, 1523071980, 1523071980
 28406,   110,   68000000, 1606938306,        1, 1538938306, 1538938306
 28406,   111,   68000000, 1619096636,        1, 1551096636, 1551096636
 28406,   112,   68000000, 1632168782,        1, 1564168782, 1564168782
# task NAME=myapp PID=28410 COST=20124000 PERIOD=33000000 CPU=0
 28410,     2,   33000000,       8897,        0,  -32991103,          0
 28410,     3,   33000000,      89904,        0,  -32910096,          0
 28410,     4,   33000000,   34902305,        1,    1902305,    1902305
 28410,     5,   33000000,   41300900,        1,    8300900,    8300900
 28410,     6,   33000000,   44437661,        1,   11437661,   11437661
 28410,     7,   33000000,   50439698,        1,   17439698,   17439698
 28410,     8,   33000000,   51594000,        1,   18594000,   18594000
 28410,     9,   33000000,   58025351,        1,   25025351,   25025351
 28410,    10,   33000000,   64096498,        1,   31096498,   31096498
 28410,    11,   33000000,   67933332,        1,   34933332,   34933332
 28410,    12,   33000000,   74059568,        1,   41059568,   41059568
 28410,    13,   33000000,   78174983,        1,   45174983,   45174983
 28410,    14,   33000000,   83321825,        1,   50321825,   50321825
 28410,    15,   33000000,   84492898,        1,   51492898,   51492898
 28410,    16,   33000000,   90337350,        1,   57337350,   57337350
 28410,    17,   33000000,   94342525,        1,   61342525,   61342525
 28410,    18,   33000000,   97517621,        1,   64517621,   64517621
 28410,    19,   33000000,  101619964,        1,   68619964,   68619964
 28410,    20,   33000000,  103388871,        1,   70388871,   70388871
 28410,    21,   33000000,  109519627,        1,   76519627,   76519627
 28410,    22,   33000000,  117925163,        1,   84925163,   84925163
 28410,    23,   33000000,  120048415,        1,   87048415,   87048415
 28410,    24,   33000000,  128154070,        1,   95154070,   95154070
 28410,    25,   33000000,  129299523,        1,   96299523,   96299523
 28410,    26,   33000000,  133339220,        1,  100339220,  100339220
 28410,    27,   33000000,  136567334,        1,  103567334,  103567334
 28410,    28,   33000000,  143599995,        1,  110599995,  110599995
 28410,    29,   33000000,  145827135,        1,  112827135,  112827135
 28410,    30,   33000000,  148125358,        1,  115125358,  115125358
 28410,    31,   33000000,  152496265,        1,  119496265,  119496265
 28410,    32,   33000000,  158334962,        1,  125334962,  125334962
 28410,    33,   33000000,  162808156,        1,  129808156,  129808156
 28410,    34,   33000000,  168525113,        1,  135525113,  135525113
 28410,    35,   33000000,  172594151,        1,  139594151,  139594151
 28410,    36,   33000000,  179437124,        1,  146437124,  146437124
 28410,    37,   33000000,  182292823,        1,  149292823,  149292823
 28410,    38,   33000000,  188429011,        1,  155429011,  155429011
 28410,    39,   33000000,  191668017,        1,  158668017,  158668017
 28410,    40,   33000000,  195790251,        1,  162790251,  162790251
 28410,    41,   33000000,  201950388,        1,  168950388,  168950388
 28410,    42,   33000000,  210056592,        1,  177056592,  177056592
 28410,    43,   33000000,  212189825,        1,  179189825,  179189825
 28410,    44,   33000000,  220291759,        1,  187291759,  187291759
 28410,    45,   33000000,  222733414,        1,  189733414,  189733414
 28410,    46,   33000000,  228898100,        1,  195898100,  195898100
 28410,    47,   33000000,  232079657,        1,  199079657,  199079657
 28410,    48,   33000000,  237766363,        1,  204766363,  204766363
 28410,    49,   33000000,  241292180,        1,  208292180,  208292180
 28410,    50,   33000000,  245404409,        1,  212404409,  212404409
 28410,    51,   33000000,  250236763,        1,  217236763,  217236763
 28410,    52,   33000000,  254756726,        1,  221756726,  221756726
 28410,    53,   33000000,  261725725,        1,  228725725,  228725725
 28410,    54,   33000000,  264985131,        1,  231985131,  231985131
 28410,    55,   33000000,  271064049,        1,  238064049,  238064049
 28410,    56,   33000000,  274277961,        1,  241277961,  241277961
 28410,    57,   33000000,  278349148,        1,  245349148,  245349148
 28410,    58,   33000000,  283530689,        1,  250530689,  250530689
 28410,    59,   33000000,  287980496,        1,  254980496,  254980496
 28410,    60,   33000000,  291581342,        1,  258581342,  258581342
 28410,    61,   33000000,  298471976,        1,  265471976,  265471976
 28410,    62,   33000000,  301638734,        1,  268638734,  268638734
 28410,    63,   33000000,  307741496,        1,  274741496,  274741496
 28410,    64,   33000000,  311276648,        1,  278276648,  278276648
 28410,    65,   33000000,  320305747,        1,  287305747,  287305747
 28410,    66,   33000000,  321427967,        1,  288427967,  288427967
 28410,    67,   33000000,  327567864,        1,  294567864,  294567864
 28410,    68,   33000000,  332670247,        1,  299670247,  299670247
 28410,    69,   33000000,  336910468,        1,  303910468,  303910468
 28410,    70,   33000000,  340951918,        1,  307951918,  307951918
 28410,    71,   33000000,  347061009,        1,  314061009,  314061009
 28410,    72,   33000000,  351152029,        1,  318152029,  318152029
 28410,    73,   33000000,  354334054,        1,  321334054,  321334054
 28410,    74,   33000000,  359947546,        1,  326947546,  326947546
 28410,    75,   33000000,  363994128,        1,  330994128,  330994128
 28410,    76,   33000000,  370143809,        1,  337143809,  337143809
 28410,    77,   33000000,  374228787,        1,  341228787,  341228787
 28410,    78,   33000000,  377496577,        1,  344496577,  344496577
 28410,    79,   33000000,  383622242,        1,  350622242,  350622242
 28410,    80,   33000000,  388175214,        1,  355175214,  355175214
 28410,    81,   33000000,  392421848,        1,  359421848,  359421848
 28410,    82,   33000000,  393060311,        1,  360060311,  360060311
 28410,    83,   33000000,  401088903,        1,  368088903,  368088903
 28410,    84,   33000000,  403197332,        1,  370197332,  370197332
 28410,    85,   33000000,  409324372,        1,  376324372,  376324372
 28410,    86,   33000000,  413424959,        1,  380424959,  380424959
 28410,    87,   33000000,  416594502,        1,  383594502,  383594502
 28410,    88,   33000000,  423888896,        1,  390888896,  390888896
 28410,    89,   33000000,  426372462,        1,  393372462,  393372462
 28410,    90,   33000000,  432447681,        1,  399447681,  399447681
 28410,    91,   33000000,  436532920,        1,  403532920,  403532920
 28410,    92,   33000000,  442606956,        1,  409606956,  409606956
 28410,    93,   33000000,  446737039,        1,  413737039,  413737039
 28410,    94,   33000000,  448208256,        1,  415208256,  415208256
 28410,    95,   33000000,  452302236,        1,  419302236,  419302236
 28410,    96,   33000000,  455559832,        1,  422559832,  422559832
 28410,    97,   33000000,  461649537,        1,  428649537,  428649537
 28410,    98,   33000000,  467736363,        1,  434736363,  434736363
 28410,    99,   33000000,  468318977,        1,  435318977,  435318977
 28410,   100,   33000000,  474644268,        1,  441644268,  441644268
 28410,   101,   33000000,  477553066,        1,  444553066,  444553066
 28410,   102,   33000000,  483926787,        1,  450926787,  450926787
 28410,   103,   33000000,  488392335,        1,  455392335,  455392335
 28410,   104,   33000000,  491200711,        1,  458200711,  458200711
 28410,   105,   33000000,  497322707,        1,  464322707,  464322707
 28410,   106,   33000000,  501411384,        1,  468411384,  468411384
 28410,   107,   33000000,  504778971,        1,  471778971,  471778971
 28410,   108,   33000000,  510002152,        1,  477002152,  477002152
 28410,   109,   33000000,  514141984,        1,  481141984,  481141984
 28410,   110,   33000000,  518503946,        1,  485503946,  485503946
 28410,   111,   33000000,  520531976,        1,  487531976,  487531976
 28410,   112,   33000000,  526042608,        1,  493042608,  493042608
 28410,   113,   33000000,  529861144,        1,  496861144,  496861144
 28410,   114,   33000000,  533334395,        1,  500334395,  500334395
 28410,   115,   33000000,  535736045,        1,  502736045,  502736045
 28410,   116,   33000000,  542106680,        1,  509106680,  509106680
 28410,   117,   33000000,  547829381,        1,  514829381,  514829381
 28410,   118,   33000000,  552280665,        1,  519280665,  519280665
 28410,   119,   33000000,  556602448,        1,  523602448,  523602448
 28410,   120,   33000000,  558107129,        1,  525107129,  525107129
 28410,   121,   33000000,  559917366,        1,  526917366,  526917366
 28410,   122,   33000000,  564175604,        1,  531175604,  531175604
 28410,   123,   33000000,  567662727,        1,  534662727,  534662727
 28410,   124,   33000000,  570736284,        1,  537736284,  537736284
 28410,   125,   33000000,  573912302,        1,  540912302,  540912302
 28410,   126,   33000000,  580345744,        1,  547345744,  547345744
 28410,   127,   33000000,  584952285,        1,  551952285,  551952285
 28410,   128,   33000000,  590560418,        1,  557560418,  557560418
 28410,   129,   33000000,  594747567,        1,  561747567,  561747567
 28410,   130,   33000000,  600325744,        1,  567325744,  567325744
 28410,   131,   33000000,  603911275,        1,  570911275,  570911275
 28410,   132,   33000000,  609991173,        1,  576991173,  576991173
 28410,   133,   33000000,  614097810,        1,  581097810,  581097810
 28410,   134,   33000000,  617313282,        1,  584313282,  584313282
 28410,   135,   33000000,  623403073,        1,  590403073,  590403073
 28410,   136,   33000000,  626760446,        1,  593760446,  593760446
 28410,   137,   33000000,  632820389,        1,  599820389,  599820389
 28410,   138,   33000000,  636143639,        1,  603143639,  603143639
 28410,   139,   33000000,  639630464,        1,  606630464,  606630464
 28410,   140,   33000000,  643672419,        1,  610672419,  610672419
 28410,   141,   33000000,  650155587,        1,  617155587,  617155587
 28410,   142,   33000000,  651303777,        1,  618303777,  618303777
 28410,   143,   33000000,  657387923,        1,  624387923,  624387923
 28410,   144,   33000000,  659447693,        1,  626447693,  626447693
 28410,   145,   33000000,  663523453,        1,  630523453,  630523453
 28410,   146,   33000000,  669040384,        1,  636040384,  636040384
 28410,   147,   33000000,  669108501,        1,  636108501,  636108501
 28410,   148,   33000000,  674438880,        1,  641438880,  641438880
 28410,   149,   33000000,  678504785,        1,  645504785,  645504785
 28410,   150,   33000000,  682568226,        1,  649568226,  649568226
 28410,   151,   33000000,  689129585,        1,  656129585,  656129585
 28410,   152,   33000000,  690484499,        1,  657484499,  657484499
 28410,   153,   33000000,  694643310,        1,  661643310,  661643310
 28410,   154,   33000000,  700744835,        1,  667744835,  667744835
 28410,   155,   33000000,  705109179,        1,  672109179,  672109179
 28410,   156,   33000000,  707458884,        1,  674458884,  674458884
 28410,   157,   33000000,  713607298,        1,  680607298,  680607298
 28410,   158,   33000000,  717560192,        1,  684560192,  684560192
 28410,   159,   33000000,  723477943,        1,  690477943,  690477943
 28410,   160,   33000000,  728713460,        1,  695713460,  695713460
 28410,   161,   33000000,  730814956,        1,  697814956,  697814956
 28410,   162,   33000000,  736034267,        1,  703034267,  703034267
 28410,   163,   33000000,  740131011,        1,  707131011,  707131011
 28410,   164,   33000000,  746243448,        1,  713243448,  713243448
# task NAME=myapp PID=28414 COST=10160000 PERIOD=17000000 CPU=0
 28414,     2,   17000000,      11660,        0,  -16988340,          0
 28414,     3,   17000000,      57939,        0,  -16942061,          0
 28414,     4,   17000000,   15606442,        0,   -1393558,          0
 28414,     5,   17000000,   14539028,        0,   -2460972,          0
 28414,     6,   17000000,   17456399,        1,     456399,     456399
 28414,     7,   17000000,   20109649,        1,    3109649,    3109649
 28414,     8,   17000000,   23041040,        1,    6041040,    6041040
 28414,     9,   17000000,   25674149,        1,    8674149,    8674149
 28414,    10,   17000000,   28321182,        1,   11321182,   11321182
 28414,    11,   17000000,   28055936,        1,   11055936,   11055936
 28414,    12,   17000000,   27929225,        1,   10929225,   10929225
 28414,    13,   17000000,   29665670,        1,   12665670,   12665670
 28414,    14,   17000000,   32321649,        1,   15321649,   15321649
 28414,    15,   17000000,   35246669,        1,   18246669,   18246669
 28414,    16,   17000000,   37916041,        1,   20916041,   20916041
 28414,    17,   17000000,   38493187,        1,   21493187,   21493187
 28414,    18,   17000000,   41133767,        1,   24133767,   24133767
 28414,    19,   17000000,   43782604,        1,   26782604,   26782604
 28414,    20,   17000000,   46395007,        1,   29395007,   29395007
 28414,    21,   17000000,   47134982,        1,   30134982,   30134982
 28414,    22,   17000000,   48542003,        1,   31542003,   31542003
 28414,    23,   17000000,   51251555,        1,   34251555,   34251555
 28414,    24,   17000000,   53889639,        1,   36889639,   36889639
 28414,    25,   17000000,   55347823,        1,   38347823,   38347823
 28414,    26,   17000000,   57180674,        1,   40180674,   40180674
 28414,    27,   17000000,   56023593,        1,   39023593,   39023593
 28414,    28,   17000000,   58669610,        1,   41669610,   41669610
 28414,    29,   17000000,   58680873,        1,   41680873,   41680873
 28414,    30,   17000000,   61990472,        1,   44990472,   44990472
 28414,    31,   17000000,   63206010,        1,   46206010,   46206010
 28414,    32,   17000000,   63659688,        1,   46659688,   46659688
 28414,    33,   17000000,   65431093,        1,   48431093,   48431093
 28414,    34,   17000000,   65541796,        1,   48541796,   48541796
 28414,    35,   17000000,   68453246,        1,   51453246,   51453246
 28414,    36,   17000000,   70166442,        1,   53166442,   53166442
 28414,    37,   17000000,   72875371,        1,   55875371,   55875371
 28414,    38,   17000000,   74348399,        1,   57348399,   57348399
 28414,    39,   17000000,   76172942,        1,   59172942,   59172942
 28414,    40,   17000000,   78784603,        1,   61784603,   61784603
 28414,    41,   17000000,   81440762,        1,   64440762,   64440762
 28414,    42,   17000000,   84362396,        1,   67362396,   67362396
 28414,    43,   17000000,   85095102,        1,   68095102,   68095102
 28414,    44,   17000000,   88836507,        1,   71836507,   71836507
 28414,    45,   17000000,   90068298,        1,   73068298,   73068298
 28414,    46,   17000000,   92139908,        1,   75139908,   75139908
 28414,    47,   17000000,   94814058,        1,   77814058,   77814058
 28414,    48,   17000000,   95542236,        1,   78542236,   78542236
 28414,    49,   17000000,   98966216,        1,   81966216,   81966216
 28414,    50,   17000000,   99606451,        1,   82606451,   82606451
 28414,    51,   17000000,  100209981,        1,   83209981,   83209981
 28414,    52,   17000000,  102869123,        1,   85869123,   85869123
 28414,    53,   17000000,  105505064,        1,   88505064,   88505064
 28414,    54,   17000000,  108140860,        1,   91140860,   91140860
 28414,    55,   17000000,  110374925,        1,   93374925,   93374925
 28414,    56,   17000000,  110587672,        1,   93587672,   93587672
 28414,    57,   17000000,  113229118,        1,   96229118,   96229118
 28414,    58,   17000000,  115883218,        1,   98883218,   98883218
 28414,    59,   17000000,  118532200,        1,  101532200,  101532200
 28414,    60,   17000000,  119181232,        1,  102181232,  102181232
 28414,    61,   17000000,  122095236,        1,  105095236,  105095236
 28414,    62,   17000000,  124724744,        1,  107724744,  107724744
 28414,    63,   17000000,  127395177,        1,  110395177,  110395177
 28414,    64,   17000000,  130904102,        1,  113904102,  113904102
 28414,    65,   17000000,  132670022,        1,  115670022,  115670022
 28414,    66,   17000000,  133295809,        1,  116295809,  116295809
 28414,    67,   17000000,  137793020,        1,  120793020,  120793020
 28414,    68,   17000000,  141612932,        1,  124612932,  124612932
 28414,    69,   17000000,  141298224,        1,  124298224,  124298224
 28414,    70,   17000000,  143015228,        1,  126015228,  126015228
 28414,    71,   17000000,  143675727,        1,  126675727,  126675727
 28414,    72,   17000000,  144359370,        1,  127359370,  127359370
 28414,    73,   17000000,  145161253,        1,  128161253,  128161253
 28414,    74,   17000000,  145424767,        1,  128424767,  128424767
 28414,    75,   17000000,  144449558,        1,  127449558,  127449558
 28414,    76,   17000000,  147129836,        1,  130129836,  130129836
 28414,    77,   17000000,  150902394,        1,  133902394,  133902394
 28414,    78,   17000000,  149541246,        1,  132541246,  132541246
 28414,    79,   17000000,  152170046,        1,  135170046,  135170046
 28414,    80,   17000000,  153946280,        1,  136946280,  136946280
 28414,    81,   17000000,  156812081,        1,  139812081,  139812081
 28414,    82,   17000000,  158800041,        1,  141800041,  141800041
 28414,    83,   17000000,  161678203,        1,  144678203,  144678203
 28414,    84,   17000000,  160648627,        1,  143648627,  143648627
 28414,    85,   17000000,  161513502,        1,  144513502,  144513502
 28414,    86,   17000000,  161364349,        1,  144364349,  144364349
 28414,    87,   17000000,  162858590,        1,  145858590,  145858590
 28414,    88,   17000000,  162864143,        1,  145864143,  145864143
 28414,    89,   17000000,  165725131,        1,  148725131,  148725131
 28414,    90,   17000000,  168423939,        1,  151423939,  151423939
 28414,    91,   17000000,  170180432,        1,  153180432,  153180432
 28414,    92,   17000000,  170874121,        1,  153874121,  153874121
 28414,    93,   17000000,  170507277,        1,  153507277,  153507277
 28414,    94,   17000000,  172282557,        1,  155282557,  155282557
 28414,    95,   17000000,  172332885,        1,  155332885,  155332885
 28414,    96,   17000000,  176751084,        1,  159751084,  159751084
 28414,    97,   17000000,  177561172,        1,  160561172,  160561172
 28414,    98,   17000000,  182147479,        1,  165147479,  165147479
 28414,    99,   17000000,  180771004,        1,  163771004,  163771004
 28414,   100,   17000000,  183387447,        1,  166387447,  166387447
 28414,   101,   17000000,  186179086,        1,  169179086,  169179086
 28414,   102,   17000000,  188075161,        1,  171075161,  171075161
 28414,   103,   17000000,  190710555,        1,  173710555,  173710555
 28414,   104,   17000000,  191358320,        1,  174358320,  174358320
 28414,   105,   17000000,  193286928,        1,  176286928,  176286928
 28414,   106,   17000000,  193989369,        1,  176989369,  176989369
 28414,   107,   17000000,  196350760,        1,  179350760,  179350760
 28414,   108,   17000000,  198979534,        1,  181979534,  181979534
 28414,   109,   17000000,  198469584,        1,  181469584,  181469584
 28414,   110,   17000000,  201143132,        1,  184143132,  184143132
 28414,   111,   17000000,  204269428,        1,  187269428,  187269428
 28414,   112,   17000000,  203517500,        1,  186517500,  186517500
 28414,   113,   17000000,  206941678,        1,  189941678,  189941678
 28414,   114,   17000000,  208540238,        1,  191540238,  191540238
 28414,   115,   17000000,  209652208,        1,  192652208,  192652208
 28414,   116,   17000000,  210333866,        1,  193333866,  193333866
 28414,   117,   17000000,  210601782,        1,  193601782,  193601782
 28414,   118,   17000000,  211817749,        1,  194817749,  194817749
 28414,   119,   17000000,  212467267,        1,  195467267,  195467267
 28414,   120,   17000000,  215105008,        1,  198105008,  198105008
 28414,   121,   17000000,  216902679,        1,  199902679,  199902679
 28414,   122,   17000000,  217780972,        1,  200780972,  200780972
 28414,   123,   17000000,  220420125,        1,  203420125,  203420125
 28414,   124,   17000000,  223114242,        1,  206114242,  206114242
 28414,   125,   17000000,  225771668,        1,  208771668,  208771668
 28414,   126,   17000000,  228970210,        1,  211970210,  211970210
 28414,   127,   17000000,  231048064,        1,  214048064,  214048064
 28414,   128,   17000000,  231694508,        1,  214694508,  214694508
 28414,   129,   17000000,  236343442,        1,  219343442,  219343442
 28414,   130,   17000000,  236961932,        1,  219961932,  219961932
 28414,   131,   17000000,  237640023,        1,  220640023,  220640023
 28414,   132,   17000000,  239734782,        1,  222734782,  222734782
 28414,   133,   17000000,  241101770,        1,  224101770,  224101770
 28414,   134,   17000000,  240828471,        1,  223828471,  223828471
 28414,   135,   17000000,  243752294,        1,  226752294,  226752294
 28414,   136,   17000000,  245210663,        1,  228210663,  228210663
 28414,   137,   17000000,  246079716,        1,  229079716,  229079716
 28414,   138,   17000000,  251365868,        1,  234365868,  234365868
 28414,   139,   17000000,  250178715,        1,  233178715,  233178715
 28414,   140,   17000000,  250764549,        1,  233764549,  233764549
 28414,   141,   17000000,  253384289,        1,  236384289,  236384289
 28414,   142,   17000000,  258060295,        1,  241060295,  241060295
 28414,   143,   17000000,  256974053,        1,  239974053,  239974053
 28414,   144,   17000000,  255937967,        1,  238937967,  238937967
 28414,   145,   17000000,  258306336,        1,  241306336,  241306336
 28414,   146,   17000000,  260908870,        1,  243908870,  243908870
 28414,   147,   17000000,  265557631,        1,  248557631,  248557631
 28414,   148,   17000000,  268155724,        1,  251155724,  251155724
 28414,   149,   17000000,  268833984,        1,  251833984,  251833984
 28414,   150,   17000000,  271517756,        1,  254517756,  254517756
 28414,   151,   17000000,  272166184,        1,  255166184,  255166184
 28414,   152,   17000000,  274811718,        1,  257811718,  257811718
 28414,   153,   17000000,  279528557,        1,  262528557,  262528557
 28414,   154,   17000000,  277284632,        1,  260284632,  260284632
 28414,   155,   17000000,  281952034,        1,  264952034,  264952034
 28414,   156,   17000000,  283532733,        1,  266532733,  266532733
 28414,   157,   17000000,  285287723,        1,  268287723,  268287723
 28414,   158,   17000000,  287706115,        1,  270706115,  270706115
 28414,   159,   17000000,  288032763,        1,  271032763,  271032763
 28414,   160,   17000000,  290705686,        1,  273705686,  273705686
 28414,   161,   17000000,  290674881,        1,  273674881,  273674881
 28414,   162,   17000000,  293424276,        1,  276424276,  276424276
 28414,   163,   17000000,  295080579,        1,  278080579,  278080579
 28414,   164,   17000000,  295731014,        1,  278731014,  278731014
 28414,   165,   17000000,  298370825,        1,  281370825,  281370825
 28414,   166,   17000000,  300174999,        1,  283174999,  283174999
 28414,   167,   17000000,  301865893,        1,  284865893,  284865893
 28414,   168,   17000000,  302760703,        1,  285760703,  285760703
 28414,   169,   17000000,  305385536,        1,  288385536,  288385536
 28414,   170,   17000000,  307174209,        1,  290174209,  290174209
 28414,   171,   17000000,  307836052,        1,  290836052,  290836052
 28414,   172,   17000000,  308286947,        1,  291286947,  291286947
 28414,   173,   17000000,  309399767,        1,  292399767,  292399767
 28414,   174,   17000000,  310462486,        1,  293462486,  293462486
 28414,   175,   17000000,  311829751,        1,  294829751,  294829751
 28414,   176,   17000000,  314561891,        1,  297561891,  297561891
 28414,   177,   17000000,  317200193,        1,  300200193,  300200193
 28414,   178,   17000000,  317789598,        1,  300789598,  300789598
 28414,   179,   17000000,  320433598,        1,  303433598,  303433598
 28414,   180,   17000000,  323050115,        1,  306050115,  306050115
 28414,   181,   17000000,  324840244,        1,  307840244,  307840244
 28414,   182,   17000000,  325467320,        1,  308467320,  308467320
 28414,   183,   17000000,  328095049,        1,  311095049,  311095049
 28414,   184,   17000000,  330764668,        1,  313764668,  313764668
 28414,   185,   17000000,  330534351,        1,  313534351,  313534351
 28414,   186,   17000000,  332343991,        1,  315343991,  315343991
 28414,   187,   17000000,  335028014,        1,  318028014,  318028014
 28414,   188,   17000000,  335638559,        1,  318638559,  318638559
 28414,   189,   17000000,  338295828,        1,  321295828,  321295828
 28414,   190,   17000000,  340104321,        1,  323104321,  323104321
 28414,   191,   17000000,  342753672,        1,  325753672,  325753672
 28414,   192,   17000000,  343355807,        1,  326355807,  326355807
 28414,   193,   17000000,  347437736,        1,  330437736,  330437736
 28414,   194,   17000000,  348611152,        1,  331611152,  331611152
 28414,   195,   17000000,  349555237,        1,  332555237,  332555237
 28414,   196,   17000000,  352381309,        1,  335381309,  335381309
 28414,   197,   17000000,  354987792,        1,  337987792,  337987792
 28414,   198,   17000000,  353667189,        1,  336667189,  336667189
 28414,   199,   17000000,  356273892,        1,  339273892,  339273892
 28414,   200,   17000000,  356364632,        1,  339364632,  339364632
 28414,   201,   17000000,  358122466,        1,  341122466,  341122466
 28414,   202,   17000000,  363056979,        1,  346056979,  346056979
 28414,   203,   17000000,  365728644,        1,  348728644,  348728644
 28414,   204,   17000000,  363973896,        1,  346973896,  346973896
 28414,   205,   17000000,  368309670,        1,  351309670,  351309670
 28414,   206,   17000000,  368957161,        1,  351957161,  351957161
 28414,   207,   17000000,  369285663,        1,  352285663,  352285663
 28414,   208,   17000000,  370752234,        1,  353752234,  353752234
 28414,   209,   17000000,  373381854,        1,  356381854,  356381854
# task NAME=myapp PID=28419 COST=51392000 PERIOD=62000000 CPU=0
 28419,     2,   62000000,      12895,        0,  -61987105,          0
 28419,     3,   62000000,      54003,        0,  -61945997,          0
 28419,     4,   62000000,   90911896,        1,   28911896,   28911896
 28419,     5,   62000000,  119408594,        1,   57408594,   57408594
 28419,     6,   62000000,  153041303,        1,   91041303,   91041303
 28419,     7,   62000000,  184318574,        1,  122318574,  122318574
 28419,     8,   62000000,  215392782,        1,  153392782,  153392782
 28419,     9,   62000000,  250558612,        1,  188558612,  188558612
 28419,    10,   62000000,  285296630,        1,  223296630,  223296630
 28419,    11,   62000000,  316508424,        1,  254508424,  254508424
 28419,    12,   62000000,  351852082,        1,  289852082,  289852082
 28419,    13,   62000000,  383647374,        1,  321647374,  321647374
 28419,    14,   62000000,  417541474,        1,  355541474,  355541474
 28419,    15,   62000000,  452526689,        1,  390526689,  390526689
 28419,    16,   62000000,  488854422,        1,  426854422,  426854422
 28419,    17,   62000000,  516355294,        1,  454355294,  454355294
 28419,    18,   62000000,  550465383,        1,  488465383,  488465383
 28419,    19,   62000000,  586378718,        1,  524378718,  524378718
 28419,    20,   62000000,  617480766,        1,  555480766,  555480766
 28419,    21,   62000000,  649726649,        1,  587726649,  587726649
 28419,    22,   62000000,  685687097,        1,  623687097,  623687097
 28419,    23,   62000000,  716704901,        1,  654704901,  654704901
 28419,    24,   62000000,  749704544,        1,  687704544,  687704544
 28419,    25,   62000000,  783301719,        1,  721301719,  721301719
 28419,    26,   62000000,  814581195,        1,  752581195,  752581195
 28419,    27,   62000000,  851379302,        1,  789379302,  789379302
 28419,    28,   62000000,  887073657,        1,  825073657,  825073657
 28419,    29,   62000000,  922924890,        1,  860924890,  860924890
 28419,    30,   62000000,  957076480,        1,  895076480,  895076480
 28419,    31,   62000000,  991769292,        1,  929769292,  929769292
 28419,    32,   62000000, 1028931788,        1,  966931788,  966931788
 28419,    33,   62000000, 1063756712,        1, 1001756712, 1001756712
 28419,    34,   62000000, 1097046777,        1, 1035046777, 1035046777
 28419,    35,   62000000, 1133023744,        1, 1071023744, 1071023744
 28419,    36,   62000000, 1158561293,        1, 1096561293, 1096561293
 28419,    37,   62000000, 1191896247,        1, 1129896247, 1129896247
 28419,    38,   62000000, 1230592922,        1, 1168592922, 1168592922
 28419,    39,   62000000, 1260085388,        1, 1198085388, 1198085388
 28419,    40,   62000000, 1293937004,        1, 1231937004, 1231937004
 28419,    41,   62000000, 1324369828,        1, 1262369828, 1262369828
 28419,    42,   62000000, 1361381274,        1, 1299381274, 1299381274
 28419,    43,   62000000, 1393443408,        1, 1331443408, 1331443408
 28419,    44,   62000000, 1421398437,        1, 1359398437, 1359398437
 28419,    45,   62000000, 1456299586,        1, 1394299586, 1394299586
 28419,    46,   62000000, 1489852316,        1, 1427852316, 1427852316
 28419,    47,   62000000, 1523987483,        1, 1461987483, 1461987483
 28419,    48,   62000000, 1558795152,        1, 1496795152, 1496795152
 28419,    49,   62000000, 1590865066,        1, 1528865066, 1528865066
 28419,    50,   62000000, 1620811388,        1, 1558811388, 1558811388
 28419,    51,   62000000, 1652958333,        1, 1590958333, 1590958333
 28419,    52,   62000000, 1685332314,        1, 1623332314, 1623332314
 28419,    53,   62000000, 1715582023,        1, 1653582023, 1653582023
 28419,    54,   62000000, 1750086032,        1, 1688086032, 1688086032
 28419,    55,   62000000, 1783862539,        1, 1721862539, 1721862539
 28419,    56,   62000000, 1815025270,        1, 1753025270, 1753025270
 28419,    57,   62000000, 1851107750,        1, 1789107750, 1789107750
 28419,    58,   62000000, 1886063845,        1, 1824063845, 1824063845
# task NAME=myapp PID=28422 COST=12941000 PERIOD=27000000 CPU=0
 28422,     2,   27000000,      18664,        0,  -26981336,          0
 28422,     3,   27000000,      64959,        0,  -26935041,          0
 28422,     4,   27000000,   21219777,        0,   -5780223,          0
 28422,     5,   27000000,   19744780,        0,   -7255220,          0
 28422,     6,   27000000,   22029633,        0,   -4970367,          0
 28422,     7,   27000000,   23097184,        0,   -3902816,          0
 28422,     8,   27000000,   22742455,        0,   -4257545,          0
 28422,     9,   27000000,   20913130,        0,   -6086870,          0
 28422,    10,   27000000,   20461848,        0,   -6538152,          0
 28422,    11,   27000000,   22157708,        0,   -4842292,          0
 28422,    12,   27000000,   24118667,        0,   -2881333,          0
 28422,    13,   27000000,   21026017,        0,   -5973983,          0
 28422,    14,   27000000,   21954212,        0,   -5045788,          0
 28422,    15,   27000000,   24116812,        0,   -2883188,          0
 28422,    16,   27000000,   21247549,        0,   -5752451,          0
 28422,    17,   27000000,   23064741,        0,   -3935259,          0
 28422,    18,   27000000,   22038031,        0,   -4961969,          0
 28422,    19,   27000000,   20752130,        0,   -6247870,          0
 28422,    20,   27000000,   24173960,        0,   -2826040,          0
 28422,    21,   27000000,   23116971,        0,   -3883029,          0
 28422,    22,   27000000,   24046718,        0,   -2953282,          0
 28422,    23,   27000000,   24325392,        0,   -2674608,          0
 28422,    24,   27000000,   23733746,        0,   -3266254,          0
 28422,    25,   27000000,   21159939,        0,   -5840061,          0
 28422,    26,   27000000,   20116630,        0,   -6883370,          0
 28422,    27,   27000000,   20431127,        0,   -6568873,          0
 28422,    28,   27000000,   24129543,        0,   -2870457,          0
 28422,    29,   27000000,   21064241,        0,   -5935759,          0
 28422,    30,   27000000,   22146002,        0,   -4853998,          0
 28422,    31,   27000000,   22992017,        0,   -4007983,          0
 28422,    32,   27000000,   24219353,        0,   -2780647,          0
 28422,    33,   27000000,   21306939,        0,   -5693061,          0
 28422,    34,   27000000,   22999914,        0,   -4000086,          0
 28422,    35,   27000000,   25016964,        0,   -1983036,          0
 28422,    36,   27000000,   23974978,        0,   -3025022,          0
 28422,    37,   27000000,   20343041,        0,   -6656959,          0
 28422,    38,   27000000,   22077783,        0,   -4922217,          0
 28422,    39,   27000000,   22827917,        0,   -4172083,          0
 28422,    40,   27000000,   21201877,        0,   -5798123,          0
 28422,    41,   27000000,   21093490,        0,   -5906510,          0
 28422,    42,   27000000,   22154166,        0,   -4845834,          0
 28422,    43,   27000000,   25099318,        0,   -1900682,          0
 28422,    44,   27000000,   26071927,        0,    -928073,          0
 28422,    45,   27000000,   21041943,        0,   -5958057,          0
 28422,    46,   27000000,   22049323,        0,   -4950677,          0
 28422,    47,   27000000,   23361645,        0,   -3638355,          0
 28422,    48,   27000000,   24356240,        0,   -2643760,          0
 28422,    49,   27000000,   21069485,        0,   -5930515,          0
 28422,    50,   27000000,   22106647,        0,   -4893353,          0
 28422,    51,   27000000,   23115570,        0,   -3884430,          0
 28422,    52,   27000000,   21851238,        0,   -5148762,          0
 28422,    53,   27000000,   23290847,        0,   -3709153,          0
 28422,    54,   27000000,   22026354,        0,   -4973646,          0
 28422,    55,   27000000,   23109498,        0,   -3890502,          0
 28422,    56,   27000000,   24142336,        0,   -2857664,          0
 28422,    57,   27000000,   23079717,        0,   -3920283,          0
 28422,    58,   27000000,   22068853,        0,   -4931147,          0
 28422,    59,   27000000,   21184867,        0,   -5815133,          0
 28422,    60,   27000000,   21492037,        0,   -5507963,          0
 28422,    61,   27000000,   20995339,        0,   -6004661,          0
 28422,    62,   27000000,   22119024,        0,   -4880976,          0
 28422,    63,   27000000,   22858634,        0,   -4141366,          0
 28422,    64,   27000000,   24076046,        0,   -2923954,          0
 28422,    65,   27000000,   21066714,        0,   -5933286,          0
 28422,    66,   27000000,   19503877,        0,   -7496123,          0
 28422,    67,   27000000,   23332758,        0,   -3667242,          0
 28422,    68,   27000000,   24597745,        0,   -2402255,          0
 28422,    69,   27000000,   23065991,        0,   -3934009,          0
 28422,    70,   27000000,   23526407,        0,   -3473593,          0
 28422,    71,   27000000,   23158854,        0,   -3841146,          0
 28422,    72,   27000000,   24111664,        0,   -2888336,          0
 28422,    73,   27000000,   23083094,        0,   -3916906,          0
 28422,    74,   27000000,   23268244,        0,   -3731756,          0
 28422,    75,   27000000,   23116475,        0,   -3883525,          0
 28422,    76,   27000000,   24404315,        0,   -2595685,          0
 28422,    77,   27000000,   21121403,        0,   -5878597,          0
 28422,    78,   27000000,   22107003,        0,   -4892997,          0
 28422,    79,   27000000,   23128075,        0,   -3871925,          0
 28422,    80,   27000000,   21629664,        0,   -5370336,          0
 28422,    81,   27000000,   20194380,        0,   -6805620,          0
 28422,    82,   27000000,   22136976,        0,   -4863024,          0
 28422,    83,   27000000,   24098322,        0,   -2901678,          0
 28422,    84,   27000000,   21300815,        0,   -5699185,          0
 28422,    85,   27000000,   21451425,        0,   -5548575,          0
 28422,    86,   27000000,   20069357,        0,   -6930643,          0
 28422,    87,   27000000,   23138756,        0,   -3861244,          0
 28422,    88,   27000000,   23301290,        0,   -3698710,          0
 28422,    89,   27000000,   23062916,        0,   -3937084,          0
 28422,    90,   27000000,   22201427,        0,   -4798573,          0
 28422,    91,   27000000,   23106457,        0,   -3893543,          0
 28422,    92,   27000000,   23210109,        0,   -3789891,          0
 28422,    93,   27000000,   23069505,        0,   -3930495,          0
 28422,    94,   27000000,   22091177,        0,   -4908823,          0
 28422,    95,   27000000,   25050564,        0,   -1949436,          0
 28422,    96,   27000000,   24132850,        0,   -2867150,          0
 28422,    97,   27000000,   21079567,        0,   -5920433,          0
 28422,    98,   27000000,   22074656,        0,   -4925344,          0
 28422,    99,   27000000,   25053273,        0,   -1946727,          0
 28422,   100,   27000000,   23243888,        0,   -3756112,          0
 28422,   101,   27000000,   23064401,        0,   -3935599,          0
 28422,   102,   27000000,   20407194,        0,   -6592806,          0
 28422,   103,   27000000,   23375356,        0,   -3624644,          0
 28422,   104,   27000000,   24148852,        0,   -2851148,          0
 28422,   105,   27000000,   21069811,        0,   -5930189,          0
 28422,   106,   27000000,   22092451,        0,   -4907549,          0
 28422,   107,   27000000,   22316353,        0,   -4683647,          0
 28422,   108,   27000000,   24412983,        0,   -2587017,          0
 28422,   109,   27000000,   21096735,        0,   -5903265,          0
 28422,   110,   27000000,   23609093,        0,   -3390907,          0
 28422,   111,   27000000,   23148134,        0,   -3851866,          0
 28422,   112,   27000000,   21243310,        0,   -5756690,          0
 28422,   113,   27000000,   21065605,        0,   -5934395,          0
 28422,   114,   27000000,   19089206,        0,   -7910794,          0
 28422,   115,   27000000,   23124608,        0,   -3875392,          0
 28422,   116,   27000000,   21279788,        0,   -5720212,          0
 28422,   117,   27000000,   18444051,        0,   -8555949,          0
 28422,   118,   27000000,   22915356,        0,   -4084644,          0
 28422,   119,   27000000,   22619824,        0,   -4380176,          0
 28422,   120,   27000000,   21357100,        0,   -5642900,          0
 28422,   121,   27000000,   23082726,        0,   -3917274,          0
 28422,   122,   27000000,   22159681,        0,   -4840319,          0
 28422,   123,   27000000,   23216805,        0,   -3783195,          0
 28422,   124,   27000000,   24169380,        0,   -2830620,          0
 28422,   125,   27000000,   27138717,        1,     138717,     138717
 28422,   126,   27000000,   22380459,        0,   -4619541,          0
 28422,   127,   27000000,   23119106,        0,   -3880894,          0
 28422,   128,   27000000,   25565287,        0,   -1434713,          0
 28422,   129,   27000000,   21117958,        0,   -5882042,          0
 28422,   130,   27000000,   19125887,        0,   -7874113,          0
 28422,   131,   27000000,   23175819,        0,   -3824181,          0
 28422,   132,   27000000,   24109682,        0,   -2890318,          0
 28422,   133,   27000000,   18184079,        0,   -8815921,          0
 28422,   134,   27000000,   23107429,        0,   -3892571,          0
 28422,   135,   27000000,   23788663,        0,   -3211337,          0
 28422,   136,   27000000,   24443393,        0,   -2556607,          0
 28422,   137,   27000000,   18444542,        0,   -8555458,          0
 28422,   138,   27000000,   22100013,        0,   -4899987,          0
 28422,   139,   27000000,   23111781,        0,   -3888219,          0
 28422,   140,   27000000,   22166698,        0,   -4833302,          0
 28422,   141,   27000000,   21090408,        0,   -5909592,          0
 28422,   142,   27000000,   22115146,        0,   -4884854,          0
 28422,   143,   27000000,   23105573,        0,   -3894427,          0
 28422,   144,   27000000,   23290190,        0,   -3709810,          0
 28422,   145,   27000000,   21371830,        0,   -5628170,          0
 28422,   146,   27000000,   19354567,        0,   -7645433,          0
 28422,   147,   27000000,   23150516,        0,   -3849484,          0
 28422,   148,   27000000,   24099565,        0,   -2900435,          0
 28422,   149,   27000000,   21122983,        0,   -5877017,          0
 28422,   150,   27000000,   22117233,        0,   -4882767,          0
 28422,   151,   27000000,   23077246,        0,   -3922754,          0
 28422,   152,   27000000,   22400474,        0,   -4599526,          0
 28422,   153,   27000000,   21046238,        0,   -5953762,          0
 28422,   154,   27000000,   20856850,        0,   -6143150,          0
 28422,   155,   27000000,   23348396,        0,   -3651604,          0
 28422,   156,   27000000,   24089130,        0,   -2910870,          0
 28422,   157,   27000000,   18417244,        0,   -8582756,          0
 28422,   158,   27000000,   19775551,        0,   -7224449,          0
 28422,   159,   27000000,   26346652,        0,    -653348,          0
 28422,   160,   27000000,   25076582,        0,   -1923418,          0
 28422,   161,   27000000,   21110547,        0,   -5889453,          0
 28422,   162,   27000000,   22079038,        0,   -4920962,          0
 28422,   163,   27000000,   23142016,        0,   -3857984,          0
 28422,   164,   27000000,   26386599,        0,    -613401,          0
 28422,   165,   27000000,   18600200,        0,   -8399800,          0
 28422,   166,   27000000,   22115840,        0,   -4884160,          0
 28422,   167,   27000000,   20463059,        0,   -6536941,          0
 28422,   168,   27000000,   24126345,        0,   -2873655,          0
 28422,   169,   27000000,   21744802,        0,   -5255198,          0
 28422,   170,   27000000,   18598859,        0,   -8401141,          0
 28422,   171,   27000000,   25124352,        0,   -1875648,          0
 28422,   172,   27000000,   21046469,        0,   -5953531,          0
 28422,   173,   27000000,   19939216,        0,   -7060784,          0
 28422,   174,   27000000,   22123963,        0,   -4876037,          0
 28422,   175,   27000000,   21237134,        0,   -5762866,          0
 28422,   176,   27000000,   23929619,        0,   -3070381,          0
 28422,   177,   27000000,   18532818,        0,   -8467182,          0
 28422,   178,   27000000,   19516917,        0,   -7483083,          0
 28422,   179,   27000000,   23180555,        0,   -3819445,          0
 28422,   180,   27000000,   24138344,        0,   -2861656,          0
 28422,   181,   27000000,   21103117,        0,   -5896883,          0
 28422,   182,   27000000,   24389740,        0,   -2610260,          0
 28422,   183,   27000000,   23378902,        0,   -3621098,          0
 28422,   184,   27000000,   24141295,        0,   -2858705,          0
 28422,   185,   27000000,   21104745,        0,   -5895255,          0
 28422,   186,   27000000,   22320814,        0,   -4679186,          0
 28422,   187,   27000000,   23384269,        0,   -3615731,          0
 28422,   188,   27000000,   25871677,        0,   -1128323,          0
 28422,   189,   27000000,   23040658,        0,   -3959342,          0
 28422,   190,   27000000,   22143503,        0,   -4856497,          0
 28422,   191,   27000000,   23173855,        0,   -3826145,          0
 28422,   192,   27000000,   24423412,        0,   -2576588,          0
 28422,   193,   27000000,   21072813,        0,   -5927187,          0
 28422,   194,   27000000,   22074986,        0,   -4925014,          0
 28422,   195,   27000000,   20984812,        0,   -6015188,          0
 28422,   196,   27000000,   23214365,        0,   -3785635,          0
 28422,   197,   27000000,   21159879,        0,   -5840121,          0
 28422,   198,   27000000,   22099911,        0,   -4900089,          0
 28422,   199,   27000000,   23671541,        0,   -3328459,          0
 28422,   200,   27000000,   24143621,        0,   -2856379,          0
 28422,   201,   27000000,   21178021,        0,   -5821979,          0
 28422,   202,   27000000,   20346607,        0,   -6653393,          0
 28422,   203,   27000000,   23111567,        0,   -3888433,          0
 28422,   204,   27000000,   26069535,        0,    -930465,          0
 28422,   205,   27000000,   22895231,        0,   -4104769,          0
 28422,   206,   27000000,   19495258,        0,   -7504742,          0
 28422,   207,   27000000,   23154420,        0,   -3845580,          0
 28422,   208,   27000000,   24190907,        0,   -2809093,          0
 28422,   209,   27000000,   21029566,        0,   -5970434,          0
 28422,   210,   27000000,   20392927,        0,   -6607073,          0
 28422,   211,   27000000,   23223914,        0,   -3776086,          0
 28422,   212,   27000000,   24643968,        0,   -2356032,          0
 28422,   213,   27000000,   21120618,        0,   -5879382,          0
 28422,   214,   27000000,   22997223,        0,   -4002777,          0
 28422,   215,   27000000,   25104063,        0,   -1895937,          0
 28422,   216,   27000000,   24180352,        0,   -2819648,          0
 28422,   217,   27000000,   21106358,        0,   -5893642,          0
 28422,   218,   27000000,   22096813,        0,   -4903187,          0
 28422,   219,   27000000,   23578023,        0,   -3421977,          0
 28422,   220,   27000000,   24189790,        0,   -2810210,          0
 28422,   221,   27000000,   21110119,        0,   -5889881,          0
 28422,   222,   27000000,   24088129,        0,   -2911871,          0
 28422,   223,   27000000,   23982586,        0,   -3017414,          0
 28422,   224,   27000000,   24132668,        0,   -2867332,          0
 28422,   225,   27000000,   21120287,        0,   -5879713,          0
 28422,   226,   27000000,   22076136,        0,   -4923864,          0
 28422,   227,   27000000,   23129162,        0,   -3870838,          0
 28422,   228,   27000000,   24145046,        0,   -2854954,          0
 28422,   229,   27000000,   20502293,        0,   -6497707,          0
 28422,   230,   27000000,   19433808,        0,   -7566192,          0
 28422,   231,   27000000,   23143564,        0,   -3856436,          0
 28422,   232,   27000000,   24157259,        0,   -2842741,          0
 28422,   233,   27000000,   21073091,        0,   -5926909,          0
 28422,   234,   27000000,   24091867,        0,   -2908133,          0
 28422,   235,   27000000,   23160240,        0,   -3839760,          0
 28422,   236,   27000000,   24245783,        0,   -2754217,          0
 28422,   237,   27000000,   21072365,        0,   -5927635,          0
 28422,   238,   27000000,   24203834,        0,   -2796166,          0
 28422,   239,   27000000,   20288968,        0,   -6711032,          0
 28422,   240,   27000000,   24144627,        0,   -2855373,          0
 28422,   241,   27000000,   23055617,        0,   -3944383,          0
 28422,   242,   27000000,   22108695,        0,   -4891305,          0
 28422,   243,   27000000,   23430668,        0,   -3569332,          0
 28422,   244,   27000000,   26112573,        0,    -887427,          0
 28422,   245,   27000000,   23075920,        0,   -3924080,          0
 28422,   246,   27000000,   22162353,        0,   -4837647,          0
 28422,   247,   27000000,   25347890,        0,   -1652110,          0
 28422,   248,   27000000,   23149571,        0,   -3850429,          0
 28422,   249,   27000000,   19396622,        0,   -7603378,          0
 28422,   250,   27000000,   22188256,        0,   -4811744,          0
 28422,   251,   27000000,   25084755,        0,   -1915245,          0
 28422,   252,   27000000,   26104489,        0,    -895511,          0
 28422,   253,   27000000,   18679054,        0,   -8320946,          0
 28422,   254,   27000000,   22103685,        0,   -4896315,          0
 28422,   255,   27000000,   25180143,        0,   -1819857,          0
 28422,   256,   27000000,   26104367,        0,    -895633,          0
 28422,   257,   27000000,   21044753,        0,   -5955247,          0
 28422,   258,   27000000,   18721672,        0,   -8278328,          0
 28422,   259,   27000000,   25097308,        0,   -1902692,          0
 28422,   260,   27000000,   24184830,        0,   -2815170,          0
 28422,   261,   27000000,   21169648,        0,   -5830352,          0
 28422,   262,   27000000,   20448859,        0,   -6551141,          0
 28422,   263,   27000000,   23118432,        0,   -3881568,          0
 28422,   264,   27000000,   24391206,        0,   -2608794,          0
 28422,   265,   27000000,   21171334,        0,   -5828666,          0
 28422,   266,   27000000,   24040665,        0,   -2959335,          0
 28422,   267,   27000000,   23161974,        0,   -3838026,          0
 28422,   268,   27000000,   24136481,        0,   -2863519,          0
 28422,   269,   27000000,   21098112,        0,   -5901888,          0
 28422,   270,   27000000,   22140675,        0,   -4859325,          0
 28422,   271,   27000000,   23127462,        0,   -3872538,          0
 28422,   272,   27000000,   21234923,        0,   -5765077,          0
 28422,   273,   27000000,   21070161,        0,   -5929839,          0
 28422,   274,   27000000,   24057181,        0,   -2942819,          0
 28422,   275,   27000000,   23861267,        0,   -3138733,          0
 28422,   276,   27000000,   24193992,        0,   -2806008,          0
 28422,   277,   27000000,   23182845,        0,   -3817155,          0
 28422,   278,   27000000,   22097723,        0,   -4902277,          0
 28422,   279,   27000000,   23140557,        0,   -3859443,          0
 28422,   280,   27000000,   24160883,        0,   -2839117,          0
 28422,   281,   27000000,   23117488,        0,   -3882512,          0
 28422,   282,   27000000,   20092276,        0,   -6907724,          0
 28422,   283,   27000000,   23349096,        0,   -3650904,          0
 28422,   284,   27000000,   24415324,        0,   -2584676,          0
 28422,   285,   27000000,   21092793,        0,   -5907207,          0
 28422,   286,   27000000,   23819580,        0,   -3180420,          0
 28422,   287,   27000000,   22273946,        0,   -4726054,          0
 28422,   288,   27000000,   26119428,        0,    -880572,          0
 28422,   289,   27000000,   21663028,        0,   -5336972,          0
 28422,   290,   27000000,   19423420,        0,   -7576580,          0
 28422,   291,   27000000,   20254551,        0,   -6745449,          0
 28422,   292,   27000000,   26146452,        0,    -853548,          0
 28422,   293,   27000000,   21058908,        0,   -5941092,          0
 28422,   294,   27000000,   22379584,        0,   -4620416,          0
 28422,   295,   27000000,   23114633,        0,   -3885367,          0
 28422,   296,   27000000,   21242663,        0,   -5757337,          0
 28422,   297,   27000000,   21138152,        0,   -5861848,          0
 28422,   298,   27000000,   22088861,        0,   -4911139,          0
 28422,   299,   27000000,   23120414,        0,   -3879586,          0
 28422,   300,   27000000,   24449151,        0,   -2550849,          0
 28422,   301,   27000000,   20094916,        0,   -6905084,          0
 28422,   302,   27000000,   22147815,        0,   -4852185,          0
 28422,   303,   27000000,   24296932,        0,   -2703068,          0
 28422,   304,   27000000,   24824726,        0,   -2175274,          0
 28422,   305,   27000000,   21081799,        0,   -5918201,          0
 28422,   306,   27000000,   22100240,        0,   -4899760,          0
 28422,   307,   27000000,   22233501,        0,   -4766499,          0
 28422,   308,   27000000,   24142789,        0,   -2857211,          0
 28422,   309,   27000000,   18250938,        0,   -8749062,          0
 28422,   310,   27000000,   22131074,        0,   -4868926,          0
 28422,   311,   27000000,   23153166,        0,   -3846834,          0
 28422,   312,   27000000,   24086638,        0,   -2913362,          0
 28422,   313,   27000000,   21053345,        0,   -5946655,          0
 28422,   314,   27000000,   23029723,        0,   -3970277,          0
 28422,   315,   27000000,   23102774,        0,   -3897226,          0
 28422,   316,   27000000,   22108650,        0,   -4891350,          0
 28422,   317,   27000000,   23098865,        0,   -3901135,          0
 28422,   318,   27000000,   22078673,        0,   -4921327,          0
 28422,   319,   27000000,   23181485,        0,   -3818515,          0
 28422,   320,   27000000,   22116605,        0,   -4883395,          0
 28422,   321,   27000000,   21083328,        0,   -5916672,          0
 28422,   322,   27000000,   23100381,        0,   -3899619,          0
 28422,   323,   27000000,   20532429,        0,   -6467571,          0
 28422,   324,   27000000,   24181155,        0,   -2818845,          0
 28422,   325,   27000000,   21975217,        0,   -5024783,          0
 28422,   326,   27000000,   22369105,        0,   -4630895,          0
 28422,   327,   27000000,   19617746,        0,   -7382254,          0
 28422,   328,   27000000,   21285549,        0,   -5714451,          0
 28422,   329,   27000000,   21961960,        0,   -5038040,          0
 28422,   330,   27000000,   20284839,        0,   -6715161,          0
 28422,   331,   27000000,   21416987,        0,   -5583013,          0
 28422,   332,   27000000,   23572792,        0,   -3427208,          0
 28422,   333,   27000000,   21780633,        0,   -5219367,          0
 28422,   334,   27000000,   24035074,        0,   -2964926,          0
 28422,   335,   27000000,   20802309,        0,   -6197691,          0
 28422,   336,   27000000,   24104555,        0,   -2895445,          0
 28422,   337,   27000000,   21081739,        0,   -5918261,          0
 28422,   338,   27000000,   19189894,        0,   -7810106,          0
 28422,   339,   27000000,   25124232,        0,   -1875768,          0
 28422,   340,   27000000,   24664788,        0,   -2335212,          0
 28422,   341,   27000000,   21061848,        0,   -5938152,          0
 28422,   342,   27000000,   22100970,        0,   -4899030,          0
 28422,   343,   27000000,   23127900,        0,   -3872100,          0
 28422,   344,   27000000,   25778863,        0,   -1221137,          0
 28422,   345,   27000000,   22162475,        0,   -4837525,          0
 28422,   346,   27000000,   22139071,        0,   -4860929,          0
 28422,   347,   27000000,   26137457,        0,    -862543,          0
 28422,   348,   27000000,   25786201,        0,   -1213799,          0
 28422,   349,   27000000,   20481256,        0,   -6518744,          0
 28422,   350,   27000000,   22087841,        0,   -4912159,          0
 28422,   351,   27000000,   23135883,        0,   -3864117,          0
 28422,   352,   27000000,   24173785,        0,   -2826215,          0
 28422,   353,   27000000,   21113769,        0,   -5886231,          0
 28422,   354,   27000000,   20089359,        0,   -6910641,          0
 28422,   355,   27000000,   23116882,        0,   -3883118,          0
 28422,   356,   27000000,   24142461,        0,   -2857539,          0
 28422,   357,   27000000,   21092995,        0,   -5907005,          0
 28422,   358,   27000000,   24118390,        0,   -2881610,          0
 28422,   359,   27000000,   23698979,        0,   -3301021,          0
 28422,   360,   27000000,   24120755,        0,   -2879245,          0
 28422,   361,   27000000,   18983487,        0,   -8016513,          0
 28422,   362,   27000000,   19507390,        0,   -7492610,          0
 28422,   363,   27000000,   23554656,        0,   -3445344,          0
 28422,   364,   27000000,   24150906,        0,   -2849094,          0
 28422,   365,   27000000,   23059760,        0,   -3940240,          0
 28422,   366,   27000000,   22057440,        0,   -4942560,          0
 28422,   367,   27000000,   23138631,        0,   -3861369,          0
 28422,   368,   27000000,   24375221,        0,   -2624779,          0
 28422,   369,   27000000,   21057695,        0,   -5942305,          0
 28422,   370,   27000000,   22015108,        0,   -4984892,          0
 28422,   371,   27000000,   20209023,        0,   -6790977,          0
 28422,   372,   27000000,   21268793,        0,   -5731207,          0
 28422,   373,   27000000,   23054042,        0,   -3945958,          0
 28422,   374,   27000000,   22069459,        0,   -4930541,          0
