# Task,   Job,     Period,   Response, DL Miss?,   Lateness,  Tardiness
# task NAME=myapp PID=7708 COST=56284000 PERIOD=85000000 CPU=0
  7708,     2,   85000000,       9717,        0,  -84990283,          0
  7708,     3,   85000000,     118145,        0,  -84881855,          0
  7708,     4,   85000000,  105272181,        1,   20272181,   20272181
  7708,     5,   85000000,  129967363,        1,   44967363,   44967363
  7708,     6,   85000000,  150494802,        1,   65494802,   65494802
  7708,     7,   85000000,  174941489,        1,   89941489,   89941489
  7708,     8,   85000000,  193229935,        1,  108229935,  108229935
  7708,     9,   85000000,  215899123,        1,  130899123,  130899123
  7708,    10,   85000000,  238550601,        1,  153550601,  153550601
  7708,    11,   85000000,  263199956,        1,  178199956,  178199956
  7708,    12,   85000000,  285883045,        1,  200883045,  200883045
  7708,    13,   85000000,  304424690,        1,  219424690,  219424690
  7708,    14,   85000000,  326868983,        1,  241868983,  241868983
  7708,    15,   85000000,  349570390,        1,  264570390,  264570390
  7708,    16,   85000000,  372220661,        1,  287220661,  287220661
  7708,    17,   85000000,  394740853,        1,  309740853,  309740853
  7708,    18,   85000000,  415393105,        1,  330393105,  330393105
  7708,    19,   85000000,  438028280,        1,  353028280,  353028280
  7708,    20,   85000000,  460692795,        1,  375692795,  375692795
  7708,    21,   85000000,  483051301,        1,  398051301,  398051301
  7708,    22,   85000000,  503393231,        1,  418393231,  418393231
  7708,    23,   85000000,  525787941,        1,  440787941,  440787941
  7708,    24,   85000000,  548428134,        1,  463428134,  463428134
  7708,    25,   85000000,  573210435,        1,  488210435,  488210435
  7708,    26,   85000000,  593789561,        1,  508789561,  508789561
  7708,    27,   85000000,  616458093,        1,  531458093,  531458093
  7708,    28,   85000000,  638714550,        1,  553714550,  553714550
  7708,    29,   85000000,  658972334,        1,  573972334,  573972334
  7708,    30,   85000000,  679688747,        1,  594688747,  594688747
  7708,    31,   85000000,  702017746,        1,  617017746,  617017746
  7708,    32,   85000000,  724422155,        1,  639422155,  639422155
  7708,    33,   85000000,  749136931,        1,  664136931,  664136931
  7708,    34,   85000000,  769404493,        1,  684404493,  684404493
  7708,    35,   85000000,  789692942,        1,  704692942,  704692942
  7708,    36,   85000000,  812098763,        1,  727098763,  727098763
  7708,    37,   85000000,  834406558,        1,  749406558,  749406558
  7708,    38,   85000000,  856810281,        1,  771810281,  771810281
  7708,    39,   85000000,  877406554,        1,  792406554,  792406554
  7708,    40,   85000000,  899689969,        1,  814689969,  814689969
  7708,    41,   85000000,  922384654,        1,  837384654,  837384654
  7708,    42,   85000000,  942696048,        1,  857696048,  857696048
  7708,    43,   85000000,  967341694,        1,  882341694,  882341694
  7708,    44,   85000000,  987889168,        1,  902889168,  902889168
  7708,    45,   85000000, 1010321071,        1,  925321071,  925321071
  7708,    46,   85000000, 1030896325,        1,  945896325,  945896325
  7708,    47,   85000000, 1053494715,        1,  968494715,  968494715
  7708,    48,   85000000, 1075835855,        1,  990835855,  990835855
  7708,    49,   85000000, 1096511467,        1, 1011511467, 1011511467
  7708,    50,   85000000, 1118966506,        1, 1033966506, 1033966506
  7708,    51,   85000000, 1141343650,        1, 1056343650, 1056343650
  7708,    52,   85000000, 1164041362,        1, 1079041362, 1079041362
  7708,    53,   85000000, 1186462298,        1, 1101462298, 1101462298
  7708,    54,   85000000, 1206909031,        1, 1121909031, 1121909031
  7708,    55,   85000000, 1229414143,        1, 1144414143, 1144414143
  7708,    56,   85000000, 1251828235,        1, 1166828235, 1166828235
  7708,    57,   85000000, 1274487024,        1, 1189487024, 1189487024
  7708,    58,   85000000, 1295236527,        1, 1210236527, 1210236527
  7708,    59,   85000000, 1317649301,        1, 1232649301, 1232649301
  7708,    60,   85000000, 1340164652,        1, 1255164652, 1255164652
  7708,    61,   85000000, 1362795513,        1, 1277795513, 1277795513
  7708,    62,   85000000, 1383157505,        1, 1298157505, 1298157505
  7708,    63,   85000000, 1405853364,        1, 1320853364, 1320853364
  7708,    64,   85000000, 1430327019,        1, 1345327019, 1345327019
  7708,    65,   85000000, 1450602153,        1, 1365602153, 1365602153
  7708,    66,   85000000, 1471306518,        1, 1386306518, 1386306518
  7708,    67,   85000000, 1495607674,        1, 1410607674, 1410607674
  7708,    68,   85000000, 1515924868,        1, 1430924868, 1430924868
  7708,    69,   85000000, 1536362273,        1, 1451362273, 1451362273
  7708,    70,   85000000, 1558681483,        1, 1473681483, 1473681483
  7708,    71,   85000000, 1583269192,        1, 1498269192, 1498269192
  7708,    72,   85000000, 1603549953,        1, 1518549953, 1518549953
  7708,    73,   85000000, 1625286555,        1, 1540286555, 1540286555
  7708,    74,   85000000, 1646549842,        1, 1561549842, 1561549842
  7708,    75,   85000000, 1669230445,        1, 1584230445, 1584230445
  7708,    76,   85000000, 1691560000,        1, 1606560000, 1606560000
  7708,    77,   85000000, 1714719102,        1, 1629719102, 1629719102
  7708,    78,   85000000, 1734891378,        1, 1649891378, 1649891378
  7708,    79,   85000000, 1759718649,        1, 1674718649, 1674718649
  7708,    80,   85000000, 1777752694,        1, 1692752694, 1692752694
  7708,    81,   85000000, 1802256174,        1, 1717256174, 1717256174
  7708,    82,   85000000, 1824693343,        1, 1739693343, 1739693343
  7708,    83,   85000000, 1846951969,        1, 1761951969, 1761951969
  7708,    84,   85000000, 1865640616,        1, 1780640616, 1780640616
  7708,    85,   85000000, 1887865325,        1, 1802865325, 1802865325
  7708,    86,   85000000, 1910376484,        1, 1825376484, 1825376484
  7708,    87,   85000000, 1930689574,        1, 1845689574, 1845689574
  7708,    88,   85000000, 1952992367,        1, 1867992367, 1867992367
  7708,    89,   85000000, 1975643079,        1, 1890643079, 1890643079
  7708,    90,   85000000, 1997973546,        1, 1912973546, 1912973546
  7708,    91,   85000000, 2018656150,        1, 1933656150, 1933656150
  7708,    92,   85000000, 2042948028,        1, 1957948028, 1957948028
  7708,    93,   85000000, 2063592263,        1, 1978592263, 1978592263
  7708,    94,   85000000, 2088194173,        1, 2003194173, 2003194173
  7708,    95,   85000000, 2108901526,        1, 2023901526, 2023901526
  7708,    96,   85000000, 2131400854,        1, 2046400854, 2046400854
# task NAME=myapp PID=7711 COST=8972000 PERIOD=12000000 CPU=0
  7711,     2,   12000000,       9896,        0,  -11990104,          0
  7711,     3,   12000000,     100898,        0,  -11899102,          0
  7711,     4,   12000000,   13342438,        1,    1342438,    1342438
  7711,     5,   12000000,   17894496,        1,    5894496,    5894496
  7711,     6,   12000000,   22490638,        1,   10490638,   10490638
  7711,     7,   12000000,   29087169,        1,   17087169,   17087169
  7711,     8,   12000000,   33645552,        1,   21645552,   21645552
  7711,     9,   12000000,   40153329,        1,   28153329,   28153329
  7711,    10,   12000000,   42691756,        1,   30691756,   30691756
  7711,    11,   12000000,   49218499,        1,   37218499,   37218499
  7711,    12,   12000000,   53712517,        1,   41712517,   41712517
  7711,    13,   12000000,   60164908,        1,   48164908,   48164908
  7711,    14,   12000000,   62700501,        1,   50700501,   50700501
  7711,    15,   12000000,   71228832,        1,   59228832,   59228832
  7711,    16,   12000000,   73728780,        1,   61728780,   61728780
  7711,    17,   12000000,   80219891,        1,   68219891,   68219891
  7711,    18,   12000000,   83265882,        1,   71265882,   71265882
  7711,    19,   12000000,   89470280,        1,   77470280,   77470280
  7711,    20,   12000000,   94058710,        1,   82058710,   82058710
  7711,    21,   12000000,   98532125,        1,   86532125,   86532125
  7711,    22,   12000000,  105028753,        1,   93028753,   93028753
  7711,    23,   12000000,  109533672,        1,   97533672,   97533672
  7711,    24,   12000000,  116102315,        1,  104102315,  104102315
  7711,    25,   12000000,  118592855,        1,  106592855,  106592855
  7711,    26,   12000000,  125134825,        1,  113134825,  113134825
  7711,    27,   12000000,  129918186,        1,  117918186,  117918186
  7711,    28,   12000000,  134503523,        1,  122503523,  122503523
  7711,    29,   12000000,  143031208,        1,  131031208,  131031208
  7711,    30,   12000000,  147501520,        1,  135501520,  135501520
  7711,    31,   12000000,  151993547,        1,  139993547,  139993547
  7711,    32,   12000000,  156469047,        1,  144469047,  144469047
  7711,    33,   12000000,  160990644,        1,  148990644,  148990644
  7711,    34,   12000000,  167772656,        1,  155772656,  155772656
  7711,    35,   12000000,  170300161,        1,  158300161,  158300161
  7711,    36,   12000000,  178836953,        1,  166836953,  166836953
  7711,    37,   12000000,  181402872,        1,  169402872,  169402872
  7711,    38,   12000000,  187908979,        1,  175908979,  175908979
  7711,    39,   12000000,  192439126,        1,  180439126,  180439126
  7711,    40,   12000000,  198901330,        1,  186901330,  186901330
  7711,    41,   12000000,  201480513,        1,  189480513,  189480513
  7711,    42,   12000000,  208066220,        1,  196066220,  196066220
  7711,    43,   12000000,  210547221,        1,  198547221,  198547221
  7711,    44,   12000000,  219038250,        1,  207038250,  207038250
  7711,    45,   12000000,  221574189,        1,  209574189,  209574189
  7711,    46,   12000000,  226086222,        1,  214086222,  214086222
  7711,    47,   12000000,  230577826,        1,  218577826,  218577826
  7711,    48,   12000000,  237454306,        1,  225454306,  225454306
  7711,    49,   12000000,  241945582,        1,  229945582,  229945582
  7711,    50,   12000000,  246446191,        1,  234446191,  234446191
  7711,    51,   12000000,  252931799,        1,  240931799,  240931799
  7711,    52,   12000000,  257457201,        1,  245457201,  245457201
  7711,    53,   12000000,  261955259,        1,  249955259,  249955259
  7711,    54,   12000000,  268875188,        1,  256875188,  256875188
  7711,    55,   12000000,  273047275,        1,  261047275,  261047275
  7711,    56,   12000000,  279820480,        1,  267820480,  267820480
  7711,    57,   12000000,  282301188,        1,  270301188,  270301188
  7711,    58,   12000000,  286781169,        1,  274781169,  274781169
  7711,    59,   12000000,  293322313,        1,  281322313,  281322313
  7711,    60,   12000000,  300418549,        1,  288418549,  288418549
  7711,    61,   12000000,  304367899,        1,  292367899,  292367899
  7711,    62,   12000000,  310837876,        1,  298837876,  298837876
  7711,    63,   12000000,  315574343,        1,  303574343,  303574343
  7711,    64,   12000000,  318056387,        1,  306056387,  306056387
  7711,    65,   12000000,  322567768,        1,  310567768,  310567768
  7711,    66,   12000000,  329049067,        1,  317049067,  317049067
  7711,    67,   12000000,  333552301,        1,  321552301,  321552301
  7711,    68,   12000000,  338037829,        1,  326037829,  326037829
# task NAME=myapp PID=7715 COST=73482000 PERIOD=97000000 CPU=0
  7715,     2,   97000000,       8034,        0,  -96991966,          0
  7715,     3,   97000000,     110493,        0,  -96889507,          0
  7715,     4,   97000000,  137507322,        1,   40507322,   40507322
  7715,     5,   97000000,  182490704,        1,   85490704,   85490704
  7715,     6,   97000000,  223127008,        1,  126127008,  126127008
  7715,     7,   97000000,  265866409,        1,  168866409,  168866409
  7715,     8,   97000000,  308832798,        1,  211832798,  211832798
  7715,     9,   97000000,  351773190,        1,  254773190,  254773190
  7715,    10,   97000000,  396419475,        1,  299419475,  299419475
  7715,    11,   97000000,  439068854,        1,  342068854,  342068854
  7715,    12,   97000000,  479869858,        1,  382869858,  382869858
  7715,    13,   97000000,  522830813,        1,  425830813,  425830813
  7715,    14,   97000000,  563555008,        1,  466555008,  466555008
  7715,    15,   97000000,  606266053,        1,  509266053,  509266053
  7715,    16,   97000000,  651526546,        1,  554526546,  554526546
  7715,    17,   97000000,  692292061,        1,  595292061,  595292061
  7715,    18,   97000000,  734905478,        1,  637905478,  637905478
  7715,    19,   97000000,  778111157,        1,  681111157,  681111157
  7715,    20,   97000000,  820852757,        1,  723852757,  723852757
  7715,    21,   97000000,  865863853,        1,  768863853,  768863853
  7715,    22,   97000000,  906538754,        1,  809538754,  809538754
  7715,    23,   97000000,  949446022,        1,  852446022,  852446022
  7715,    24,   97000000,  992325580,        1,  895325580,  895325580
  7715,    25,   97000000, 1035103157,        1,  938103157,  938103157
  7715,    26,   97000000, 1078138265,        1,  981138265,  981138265
  7715,    27,   97000000, 1118727972,        1, 1021727972, 1021727972
  7715,    28,   97000000, 1163422023,        1, 1066422023, 1066422023
  7715,    29,   97000000, 1204382721,        1, 1107382721, 1107382721
  7715,    30,   97000000, 1248889325,        1, 1151889325, 1151889325
  7715,    31,   97000000, 1289727777,        1, 1192727777, 1192727777
  7715,    32,   97000000, 1332718278,        1, 1235718278, 1235718278
  7715,    33,   97000000, 1375649200,        1, 1278649200, 1278649200
  7715,    34,   97000000, 1418538589,        1, 1321538589, 1321538589
  7715,    35,   97000000, 1461266938,        1, 1364266938, 1364266938
  7715,    36,   97000000, 1506150343,        1, 1409150343, 1409150343
  7715,    37,   97000000, 1549133479,        1, 1452133479, 1452133479
  7715,    38,   97000000, 1590216776,        1, 1493216776, 1493216776
  7715,    39,   97000000, 1634897301,        1, 1537897301, 1537897301
  7715,    40,   97000000, 1675369417,        1, 1578369417, 1578369417
  7715,    41,   97000000, 1716620546,        1, 1619620546, 1619620546
  7715,    42,   97000000, 1759505981,        1, 1662505981, 1662505981
  7715,    43,   97000000, 1802314187,        1, 1705314187, 1705314187
  7715,    44,   97000000, 1845226806,        1, 1748226806, 1748226806
  7715,    45,   97000000, 1888218001,        1, 1791218001, 1791218001
  7715,    46,   97000000, 1930990781,        1, 1833990781, 1833990781
  7715,    47,   97000000, 1973701596,        1, 1876701596, 1876701596
  7715,    48,   97000000, 2016677793,        1, 1919677793, 1919677793
  7715,    49,   97000000, 2059676953,        1, 1962676953, 1962676953
  7715,    50,   97000000, 2102381306,        1, 2005381306, 2005381306
  7715,    51,   97000000, 2145278827,        1, 2048278827, 2048278827
  7715,    52,   97000000, 2188179238,        1, 2091179238, 2091179238
  7715,    53,   97000000, 2230920148,        1, 2133920148, 2133920148
  7715,    54,   97000000, 2273841050,        1, 2176841050, 2176841050
  7715,    55,   97000000, 2316705705,        1, 2219705705, 2219705705
  7715,    56,   97000000, 2357705097,        1, 2260705097, 2260705097
  7715,    57,   97000000, 2402457707,        1, 2305457707, 2305457707
  7715,    58,   97000000, 2445329635,        1, 2348329635, 2348329635
  7715,    59,   97000000, 2488343672,        1, 2391343672, 2391343672
  7715,    60,   97000000, 2528765202,        1, 2431765202, 2431765202
  7715,    61,   97000000, 2571408773,        1, 2474408773, 2474408773
  7715,    62,   97000000, 2614393092,        1, 2517393092, 2517393092
  7715,    63,   97000000, 2657085234,        1, 2560085234, 2560085234
  7715,    64,   97000000, 2699847884,        1, 2602847884, 2602847884
  7715,    65,   97000000, 2742531494,        1, 2645531494, 2645531494
  7715,    66,   97000000, 2783524646,        1, 2686524646, 2686524646
# task NAME=myapp PID=7719 COST=27192000 PERIOD=49000000 CPU=0
  7719,     2,   49000000,       8245,        0,  -48991755,          0
  7719,     3,   49000000,     106862,        0,  -48893138,          0
  7719,     4,   49000000,   49731462,        1,     731462,     731462
  7719,     5,   49000000,   52567729,        1,    3567729,    3567729
  7719,     6,   49000000,   57413517,        1,    8413517,    8413517
  7719,     7,   49000000,   60193622,        1,   11193622,   11193622
  7719,     8,   49000000,   60965424,        1,   11965424,   11965424
  7719,     9,   49000000,   63759932,        1,   14759932,   14759932
  7719,    10,   49000000,   66876439,        1,   17876439,   17876439
  7719,    11,   49000000,   69659209,        1,   20659209,   20659209
  7719,    12,   49000000,   74480500,        1,   25480500,   25480500
  7719,    13,   49000000,   75279939,        1,   26279939,   26279939
  7719,    14,   49000000,   78195529,        1,   29195529,   29195529
  7719,    15,   49000000,   81260748,        1,   32260748,   32260748
  7719,    16,   49000000,   84066729,        1,   35066729,   35066729
  7719,    17,   49000000,   86870387,        1,   37870387,   37870387
  7719,    18,   49000000,   91892780,        1,   42892780,   42892780
  7719,    19,   49000000,   91368107,        1,   42368107,   42368107
  7719,    20,   49000000,   93629571,        1,   44629571,   44629571
  7719,    21,   49000000,   96447320,        1,   47447320,   47447320
  7719,    22,   49000000,   99179024,        1,   50179024,   50179024
  7719,    23,   49000000,  101927168,        1,   52927168,   52927168
  7719,    24,   49000000,  104711443,        1,   55711443,   55711443
  7719,    25,   49000000,  107739011,        1,   58739011,   58739011
  7719,    26,   49000000,  110469444,        1,   61469444,   61469444
  7719,    27,   49000000,  113267621,        1,   64267621,   64267621
  7719,    28,   49000000,  118091221,        1,   69091221,   69091221
  7719,    29,   49000000,  116774904,        1,   67774904,   67774904
  7719,    30,   49000000,  119518631,        1,   70518631,   70518631
  7719,    31,   49000000,  122246330,        1,   73246330,   73246330
  7719,    32,   49000000,  127001907,        1,   78001907,   78001907
  7719,    33,   49000000,  129725561,        1,   80725561,   80725561
  7719,    34,   49000000,  131672256,        1,   82672256,   82672256
  7719,    35,   49000000,  133287069,        1,   84287069,   84287069
  7719,    36,   49000000,  136113593,        1,   87113593,   87113593
  7719,    37,   49000000,  138907182,        1,   89907182,   89907182
  7719,    38,   49000000,  141728398,        1,   92728398,   92728398
  7719,    39,   49000000,  142452817,        1,   93452817,   93452817
  7719,    40,   49000000,  147186847,        1,   98186847,   98186847
  7719,    41,   49000000,  147887502,        1,   98887502,   98887502
  7719,    42,   49000000,  151886233,        1,  102886233,  102886233
  7719,    43,   49000000,  153327258,        1,  104327258,  104327258
  7719,    44,   49000000,  156060390,        1,  107060390,  107060390
  7719,    45,   49000000,  160842290,        1,  111842290,  111842290
  7719,    46,   49000000,  159659173,        1,  110659173,  110659173
  7719,    47,   49000000,  162741457,        1,  113741457,  113741457
  7719,    48,   49000000,  165576035,        1,  116576035,  116576035
  7719,    49,   49000000,  168695547,        1,  119695547,  119695547
  7719,    50,   49000000,  171500947,        1,  122500947,  122500947
  7719,    51,   49000000,  174457967,        1,  125457967,  125457967
  7719,    52,   49000000,  177236166,        1,  128236166,  128236166
  7719,    53,   49000000,  180035693,        1,  131035693,  131035693
  7719,    54,   49000000,  182888666,        1,  133888666,  133888666
  7719,    55,   49000000,  185648124,        1,  136648124,  136648124
  7719,    56,   49000000,  188732673,        1,  139732673,  139732673
  7719,    57,   49000000,  193499469,        1,  144499469,  144499469
  7719,    58,   49000000,  194220847,        1,  145220847,  145220847
  7719,    59,   49000000,  196928887,        1,  147928887,  147928887
  7719,    60,   49000000,  197703907,        1,  148703907,  148703907
  7719,    61,   49000000,  200770387,        1,  151770387,  151770387
  7719,    62,   49000000,  203491279,        1,  154491279,  154491279
  7719,    63,   49000000,  208256389,        1,  159256389,  159256389
  7719,    64,   49000000,  210100753,        1,  161100753,  161100753
  7719,    65,   49000000,  212036785,        1,  163036785,  163036785
  7719,    66,   49000000,  214846505,        1,  165846505,  165846505
  7719,    67,   49000000,  219642278,        1,  170642278,  170642278
  7719,    68,   49000000,  220684212,        1,  171684212,  171684212
  7719,    69,   49000000,  225381488,        1,  176381488,  176381488
  7719,    70,   49000000,  228147186,        1,  179147186,  179147186
  7719,    71,   49000000,  229211180,        1,  180211180,  180211180
  7719,    72,   49000000,  231975840,        1,  182975840,  182975840
  7719,    73,   49000000,  234813944,        1,  185813944,  185813944
  7719,    74,   49000000,  235546162,        1,  186546162,  186546162
  7719,    75,   49000000,  238331564,        1,  189331564,  189331564
  7719,    76,   49000000,  241338703,        1,  192338703,  192338703
  7719,    77,   49000000,  244176038,        1,  195176038,  195176038
  7719,    78,   49000000,  247270924,        1,  198270924,  198270924
  7719,    79,   49000000,  250067867,        1,  201067867,  201067867
  7719,    80,   49000000,  255158156,        1,  206158156,  206158156
  7719,    81,   49000000,  256916467,        1,  207916467,  207916467
  7719,    82,   49000000,  260642561,        1,  211642561,  211642561
  7719,    83,   49000000,  261688203,        1,  212688203,  212688203
  7719,    84,   49000000,  266426437,        1,  217426437,  217426437
  7719,    85,   49000000,  269495645,        1,  220495645,  220495645
  7719,    86,   49000000,  270254318,        1,  221254318,  221254318
  7719,    87,   49000000,  273083181,        1,  224083181,  224083181
  7719,    88,   49000000,  276125702,        1,  227125702,  227125702
  7719,    89,   49000000,  278952194,        1,  229952194,  229952194
  7719,    90,   49000000,  279708643,        1,  230708643,  230708643
  7719,    91,   49000000,  282562881,        1,  233562881,  233562881
  7719,    92,   49000000,  285355552,        1,  236355552,  236355552
  7719,    93,   49000000,  288082568,        1,  239082568,  239082568
  7719,    94,   49000000,  290809830,        1,  241809830,  241809830
  7719,    95,   49000000,  293878202,        1,  244878202,  244878202
  7719,    96,   49000000,  296731850,        1,  247731850,  247731850
  7719,    97,   49000000,  299843245,        1,  250843245,  250843245
  7719,    98,   49000000,  302716269,        1,  253716269,  253716269
  7719,    99,   49000000,  305527759,        1,  256527759,  256527759
  7719,   100,   49000000,  308267810,        1,  259267810,  259267810
  7719,   101,   49000000,  312985493,        1,  263985493,  263985493
  7719,   102,   49000000,  313718757,        1,  264718757,  264718757
  7719,   103,   49000000,  314438812,        1,  265438812,  265438812
  7719,   104,   49000000,  317208106,        1,  268208106,  268208106
  7719,   105,   49000000,  320211055,        1,  271211055,  271211055
  7719,   106,   49000000,  322944397,        1,  273944397,  273944397
  7719,   107,   49000000,  326098924,        1,  277098924,  277098924
  7719,   108,   49000000,  330424963,        1,  281424963,  281424963
  7719,   109,   49000000,  331620654,        1,  282620654,  282620654
  7719,   110,   49000000,  336447697,        1,  287447697,  287447697
  7719,   111,   49000000,  337251103,        1,  288251103,  288251103
  7719,   112,   49000000,  342089896,        1,  293089896,  293089896
  7719,   113,   49000000,  342893530,        1,  293893530,  293893530
  7719,   114,   49000000,  346025098,        1,  297025098,  297025098
  7719,   115,   49000000,  346765644,        1,  297765644,  297765644
  7719,   116,   49000000,  349548875,        1,  300548875,  300548875
  7719,   117,   49000000,  354340646,        1,  305340646,  305340646
  7719,   118,   49000000,  355111307,        1,  306111307,  306111307
  7719,   119,   49000000,  359900797,        1,  310900797,  310900797
  7719,   120,   49000000,  362817962,        1,  313817962,  313817962
  7719,   121,   49000000,  363530212,        1,  314530212,  314530212
  7719,   122,   49000000,  366367580,        1,  317367580,  317367580
  7719,   123,   49000000,  369101776,        1,  320101776,  320101776
  7719,   124,   49000000,  374128971,        1,  325128971,  325128971
  7719,   125,   49000000,  375805418,        1,  326805418,  326805418
  7719,   126,   49000000,  377970408,        1,  328970408,  328970408
  7719,   127,   49000000,  379287794,        1,  330287794,  330287794
  7719,   128,   49000000,  383544530,        1,  334544530,  334544530
  7719,   129,   49000000,  384365918,        1,  335365918,  335365918
  7719,   130,   49000000,  387137798,        1,  338137798,  338137798
  7719,   131,   49000000,  389933677,        1,  340933677,  340933677
  7719,   132,   49000000,  392641446,        1,  343641446,  343641446
  7719,   133,   49000000,  397388533,        1,  348388533,  348388533
  7719,   134,   49000000,  398486382,        1,  349486382,  349486382
  7719,   135,   49000000,  402949354,        1,  353949354,  353949354
  7719,   136,   49000000,  404015403,        1,  355015403,  355015403
  7719,   137,   49000000,  404763528,        1,  355763528,  355763528
  7719,   138,   49000000,  407538774,        1,  358538774,  358538774
  7719,   139,   49000000,  410278781,        1,  361278781,  361278781
  7719,   140,   49000000,  413058824,        1,  364058824,  364058824
  7719,   141,   49000000,  417880558,        1,  368880558,  368880558
  7719,   142,   49000000,  420579595,        1,  371579595,  371579595
  7719,   143,   49000000,  421589529,        1,  372589529,  372589529
  7719,   144,   49000000,  424423837,        1,  375423837,  375423837
  7719,   145,   49000000,  429138275,        1,  380138275,  380138275
  7719,   146,   49000000,  432271676,        1,  383271676,  383271676
  7719,   147,   49000000,  433043961,        1,  384043961,  384043961
  7719,   148,   49000000,  438147569,        1,  389147569,  389147569
  7719,   149,   49000000,  438972535,        1,  389972535,  389972535
  7719,   150,   49000000,  439675487,        1,  390675487,  390675487
  7719,   151,   49000000,  442524847,        1,  393524847,  393524847
  7719,   152,   49000000,  445274516,        1,  396274516,  396274516
  7719,   153,   49000000,  450054814,        1,  401054814,  401054814
  7719,   154,   49000000,  452859438,        1,  403859438,  403859438
  7719,   155,   49000000,  453544459,        1,  404544459,  404544459
  7719,   156,   49000000,  458553938,        1,  409553938,  409553938
  7719,   157,   49000000,  459762668,        1,  410762668,  410762668
  7719,   158,   49000000,  462138775,        1,  413138775,  413138775
  7719,   159,   49000000,  464952555,        1,  415952555,  415952555
  7719,   160,   49000000,  465705747,        1,  416705747,  416705747
  7719,   161,   49000000,  468472554,        1,  419472554,  419472554
  7719,   162,   49000000,  471233284,        1,  422233284,  422233284
  7719,   163,   49000000,  474893611,        1,  425893611,  425893611
  7719,   164,   49000000,  477905180,        1,  428905180,  428905180
  7719,   165,   49000000,  480194227,        1,  431194227,  431194227
  7719,   166,   49000000,  482976402,        1,  433976402,  433976402
  7719,   167,   49000000,  485756561,        1,  436756561,  436756561
  7719,   168,   49000000,  488523532,        1,  439523532,  439523532
  7719,   169,   49000000,  491337602,        1,  442337602,  442337602
  7719,   170,   49000000,  494008093,        1,  445008093,  445008093
  7719,   171,   49000000,  494804028,        1,  445804028,  445804028
  7719,   172,   49000000,  499518481,        1,  450518481,  450518481
  7719,   173,   49000000,  500297755,        1,  451297755,  451297755
  7719,   174,   49000000,  503081541,        1,  454081541,  454081541
  7719,   175,   49000000,  506176834,        1,  457176834,  457176834
  7719,   176,   49000000,  509407991,        1,  460407991,  460407991
  7719,   177,   49000000,  513981527,        1,  464981527,  464981527
  7719,   178,   49000000,  516827688,        1,  467827688,  467827688
  7719,   179,   49000000,  517522615,        1,  468522615,  468522615
  7719,   180,   49000000,  520251236,        1,  471251236,  471251236
  7719,   181,   49000000,  525056303,        1,  476056303,  476056303
  7719,   182,   49000000,  526177874,        1,  477177874,  477177874
  7719,   183,   49000000,  528966165,        1,  479966165,  479966165
  7719,   184,   49000000,  529767020,        1,  480767020,  480767020
  7719,   185,   49000000,  534597587,        1,  485597587,  485597587
  7719,   186,   49000000,  535393823,        1,  486393823,  486393823
  7719,   187,   49000000,  538155092,        1,  489155092,  489155092
  7719,   188,   49000000,  541045185,        1,  492045185,  492045185
  7719,   189,   49000000,  545873582,        1,  496873582,  496873582
  7719,   190,   49000000,  546619730,        1,  497619730,  497619730
  7719,   191,   49000000,  551470422,        1,  502470422,  502470422
  7719,   192,   49000000,  552191639,        1,  503191639,  503191639
  7719,   193,   49000000,  554909371,        1,  505909371,  505909371
  7719,   194,   49000000,  558104905,        1,  509104905,  509104905
  7719,   195,   49000000,  562436824,        1,  513436824,  513436824
  7719,   196,   49000000,  561535933,        1,  512535933,  512535933
  7719,   197,   49000000,  564271292,        1,  515271292,  515271292
  7719,   198,   49000000,  569093813,        1,  520093813,  520093813
  7719,   199,   49000000,  569983605,        1,  520983605,  520983605
  7719,   200,   49000000,  572814603,        1,  523814603,  523814603
  7719,   201,   49000000,  575899948,        1,  526899948,  526899948
  7719,   202,   49000000,  578779648,        1,  529779648,  529779648
  7719,   203,   49000000,  581611056,        1,  532611056,  532611056
  7719,   204,   49000000,  584705185,        1,  535705185,  535705185
  7719,   205,   49000000,  587559144,        1,  538559144,  538559144
  7719,   206,   49000000,  592751126,        1,  543751126,  543751126
  7719,   207,   49000000,  593551225,        1,  544551225,  544551225
  7719,   208,   49000000,  596710691,        1,  547710691,  547710691
# task NAME=myapp PID=7723 COST=29582000 PERIOD=48000000 CPU=0
  7723,     2,   48000000,      10062,        0,  -47989938,          0
  7723,     3,   48000000,      85618,        0,  -47914382,          0
  7723,     4,   48000000,   53060388,        1,    5060388,    5060388
  7723,     5,   48000000,   61183821,        1,   13183821,   13183821
  7723,     6,   48000000,   71241013,        1,   23241013,   23241013
  7723,     7,   48000000,   78551438,        1,   30551438,   30551438
  7723,     8,   48000000,   85326279,        1,   37326279,   37326279
  7723,     9,   48000000,   93377245,        1,   45377245,   45377245
  7723,    10,   48000000,  103468628,        1,   55468628,   55468628
  7723,    11,   48000000,  109457006,        1,   61457006,   61457006
  7723,    12,   48000000,  117511884,        1,   69511884,   69511884
  7723,    13,   48000000,  127606193,        1,   79606193,   79606193
  7723,    14,   48000000,  133763080,        1,   85763080,   85763080
  7723,    15,   48000000,  143821018,        1,   95821018,   95821018
  7723,    16,   48000000,  151882153,        1,  103882153,  103882153
  7723,    17,   48000000,  157954070,        1,  109954070,  109954070
  7723,    18,   48000000,  166216507,        1,  118216507,  118216507
  7723,    19,   48000000,  174360768,        1,  126360768,  126360768
  7723,    20,   48000000,  182486958,        1,  134486958,  134486958
  7723,    21,   48000000,  190517222,        1,  142517222,  142517222
  7723,    22,   48000000,  198489728,        1,  150489728,  150489728
  7723,    23,   48000000,  210917663,        1,  162917663,  162917663
  7723,    24,   48000000,  217055723,        1,  169055723,  169055723
  7723,    25,   48000000,  225535686,        1,  177535686,  177535686
  7723,    26,   48000000,  235679022,        1,  187679022,  187679022
  7723,    27,   48000000,  241725936,        1,  193725936,  193725936
  7723,    28,   48000000,  252669700,        1,  204669700,  204669700
  7723,    29,   48000000,  258084912,        1,  210084912,  210084912
  7723,    30,   48000000,  267086133,        1,  219086133,  219086133
  7723,    31,   48000000,  274204234,        1,  226204234,  226204234
  7723,    32,   48000000,  282354968,        1,  234354968,  234354968
  7723,    33,   48000000,  290355838,        1,  242355838,  242355838
  7723,    34,   48000000,  300460491,        1,  252460491,  252460491
  7723,    35,   48000000,  306599654,        1,  258599654,  258599654
  7723,    36,   48000000,  316623015,        1,  268623015,  268623015
  7723,    37,   48000000,  325022769,        1,  277022769,  277022769
  7723,    38,   48000000,  333057203,        1,  285057203,  285057203
  7723,    39,   48000000,  341430967,        1,  293430967,  293430967
  7723,    40,   48000000,  351583802,        1,  303583802,  303583802
  7723,    41,   48000000,  357893716,        1,  309893716,  309893716
  7723,    42,   48000000,  365897950,        1,  317897950,  317897950
  7723,    43,   48000000,  373961774,        1,  325961774,  325961774
  7723,    44,   48000000,  384028709,        1,  336028709,  336028709
  7723,    45,   48000000,  390426466,        1,  342426466,  342426466
  7723,    46,   48000000,  400464258,        1,  352464258,  352464258
  7723,    47,   48000000,  408652208,        1,  360652208,  360652208
  7723,    48,   48000000,  416893325,        1,  368893325,  368893325
  7723,    49,   48000000,  424905774,        1,  376905774,  376905774
  7723,    50,   48000000,  433034468,        1,  385034468,  385034468
  7723,    51,   48000000,  441154437,        1,  393154437,  393154437
  7723,    52,   48000000,  451216911,        1,  403216911,  403216911
  7723,    53,   48000000,  457252767,        1,  409252767,  409252767
  7723,    54,   48000000,  465668440,        1,  417668440,  417668440
  7723,    55,   48000000,  475699147,        1,  427699147,  427699147
  7723,    56,   48000000,  481669649,        1,  433669649,  433669649
  7723,    57,   48000000,  489772287,        1,  441772287,  441772287
  7723,    58,   48000000,  497891777,        1,  449891777,  449891777
  7723,    59,   48000000,  506045059,        1,  458045059,  458045059
  7723,    60,   48000000,  514002265,        1,  466002265,  466002265
  7723,    61,   48000000,  524115504,        1,  476115504,  476115504
  7723,    62,   48000000,  530102101,        1,  482102101,  482102101
  7723,    63,   48000000,  538399527,        1,  490399527,  490399527
  7723,    64,   48000000,  546910124,        1,  498910124,  498910124
  7723,    65,   48000000,  556851174,        1,  508851174,  508851174
  7723,    66,   48000000,  565045193,        1,  517045193,  517045193
  7723,    67,   48000000,  575047250,        1,  527047250,  527047250
  7723,    68,   48000000,  581347237,        1,  533347237,  533347237
  7723,    69,   48000000,  589473619,        1,  541473619,  541473619
  7723,    70,   48000000,  597843167,        1,  549843167,  549843167
  7723,    71,   48000000,  605914016,        1,  557914016,  557914016
  7723,    72,   48000000,  616282848,        1,  568282848,  568282848
  7723,    73,   48000000,  624399838,        1,  576399838,  576399838
  7723,    74,   48000000,  630475606,        1,  582475606,  582475606
  7723,    75,   48000000,  638495070,        1,  590495070,  590495070
  7723,    76,   48000000,  646656498,        1,  598656498,  598656498
  7723,    77,   48000000,  654669747,        1,  606669747,  606669747
  7723,    78,   48000000,  662724848,        1,  614724848,  614724848
  7723,    79,   48000000,  673098468,        1,  625098468,  625098468
  7723,    80,   48000000,  683154593,        1,  635154593,  635154593
  7723,    81,   48000000,  689151109,        1,  641151109,  641151109
  7723,    82,   48000000,  697229539,        1,  649229539,  649229539
  7723,    83,   48000000,  705375340,        1,  657375340,  657375340
  7723,    84,   48000000,  715531937,        1,  667531937,  667531937
  7723,    85,   48000000,  721823953,        1,  673823953,  673823953
  7723,    86,   48000000,  731826882,        1,  683826882,  683826882
  7723,    87,   48000000,  737838716,        1,  689838716,  689838716
  7723,    88,   48000000,  746268018,        1,  698268018,  698268018
  7723,    89,   48000000,  756295107,        1,  708295107,  708295107
  7723,    90,   48000000,  762656401,        1,  714656401,  714656401
  7723,    91,   48000000,  774843754,        1,  726843754,  726843754
  7723,    92,   48000000,  780985355,        1,  732985355,  732985355
  7723,    93,   48000000,  789065351,        1,  741065351,  741065351
  7723,    94,   48000000,  797174147,        1,  749174147,  749174147
  7723,    95,   48000000,  807195023,        1,  759195023,  759195023
  7723,    96,   48000000,  815283497,        1,  767283497,  767283497
  7723,    97,   48000000,  822331954,        1,  774331954,  774331954
  7723,    98,   48000000,  829289299,        1,  781289299,  781289299
  7723,    99,   48000000,  837601240,        1,  789601240,  789601240
  7723,   100,   48000000,  845677535,        1,  797677535,  797677535
  7723,   101,   48000000,  854013692,        1,  806013692,  806013692
  7723,   102,   48000000,  862164600,        1,  814164600,  814164600
  7723,   103,   48000000,  872070879,        1,  824070879,  824070879
  7723,   104,   48000000,  878303987,        1,  830303987,  830303987
  7723,   105,   48000000,  888427805,        1,  840427805,  840427805
  7723,   106,   48000000,  894527747,        1,  846527747,  846527747
  7723,   107,   48000000,  902614437,        1,  854614437,  854614437
  7723,   108,   48000000,  912967904,        1,  864967904,  864967904
  7723,   109,   48000000,  921776371,        1,  873776371,  873776371
  7723,   110,   48000000,  931364392,        1,  883364392,  883364392
  7723,   111,   48000000,  937485825,        1,  889485825,  889485825
  7723,   112,   48000000,  945696074,        1,  897696074,  897696074
  7723,   113,   48000000,  955685574,        1,  907685574,  907685574
  7723,   114,   48000000,  963787967,        1,  915787967,  915787967
  7723,   115,   48000000,  969849940,        1,  921849940,  921849940
  7723,   116,   48000000,  979902148,        1,  931902148,  931902148
  7723,   117,   48000000,  987971168,        1,  939971168,  939971168
  7723,   118,   48000000,  996069963,        1,  948069963,  948069963
  7723,   119,   48000000, 1002115335,        1,  954115335,  954115335
  7723,   120,   48000000, 1010247921,        1,  962247921,  962247921
  7723,   121,   48000000, 1020577773,        1,  972577773,  972577773
  7723,   122,   48000000, 1026718630,        1,  978718630,  978718630
  7723,   123,   48000000, 1039055227,        1,  991055227,  991055227
  7723,   124,   48000000, 1047103123,        1,  999103123,  999103123
  7723,   125,   48000000, 1055398579,        1, 1007398579, 1007398579
  7723,   126,   48000000, 1061438662,        1, 1013438662, 1013438662
  7723,   127,   48000000, 1069605030,        1, 1021605030, 1021605030
  7723,   128,   48000000, 1077649118,        1, 1029649118, 1029649118
  7723,   129,   48000000, 1087620719,        1, 1039620719, 1039620719
  7723,   130,   48000000, 1093698313,        1, 1045698313, 1045698313
  7723,   131,   48000000, 1103804375,        1, 1055804375, 1055804375
  7723,   132,   48000000, 1109828980,        1, 1061828980, 1061828980
  7723,   133,   48000000, 1117853177,        1, 1069853177, 1069853177
# task NAME=myapp PID=7728 COST=70811000 PERIOD=92000000 CPU=0
  7728,     2,   92000000,      38620,        0,  -91961380,          0
  7728,     3,   92000000,      90724,        0,  -91909276,          0
  7728,     4,   92000000,  129972401,        1,   37972401,   37972401
  7728,     5,   92000000,  173313255,        1,   81313255,   81313255
  7728,     6,   92000000,  215311133,        1,  123311133,  123311133
  7728,     7,   92000000,  257781033,        1,  165781033,  165781033
  7728,     8,   92000000,  301165253,        1,  209165253,  209165253
  7728,     9,   92000000,  342357149,        1,  250357149,  250357149
  7728,    10,   92000000,  385476607,        1,  293476607,  293476607
  7728,    11,   92000000,  426547610,        1,  334547610,  334547610
  7728,    12,   92000000,  470142838,        1,  378142838,  378142838
  7728,    13,   92000000,  513175319,        1,  421175319,  421175319
  7728,    14,   92000000,  554533260,        1,  462533260,  462533260
  7728,    15,   92000000,  597598756,        1,  505598756,  505598756
  7728,    16,   92000000,  640946953,        1,  548946953,  548946953
  7728,    17,   92000000,  684512126,        1,  592512126,  592512126
  7728,    18,   92000000,  725611504,        1,  633611504,  633611504
  7728,    19,   92000000,  768649470,        1,  676649470,  676649470
  7728,    20,   92000000,  812185616,        1,  720185616,  720185616
  7728,    21,   92000000,  852853326,        1,  760853326,  760853326
  7728,    22,   92000000,  896401967,        1,  804401967,  804401967
  7728,    23,   92000000,  937796990,        1,  845796990,  845796990
  7728,    24,   92000000,  981171125,        1,  889171125,  889171125
  7728,    25,   92000000, 1022889768,        1,  930889768,  930889768
  7728,    26,   92000000, 1065443077,        1,  973443077,  973443077
  7728,    27,   92000000, 1108905606,        1, 1016905606, 1016905606
  7728,    28,   92000000, 1150226404,        1, 1058226404, 1058226404
  7728,    29,   92000000, 1193437748,        1, 1101437748, 1101437748
  7728,    30,   92000000, 1236616016,        1, 1144616016, 1144616016
  7728,    31,   92000000, 1277739968,        1, 1185739968, 1185739968
  7728,    32,   92000000, 1322887831,        1, 1230887831, 1230887831
  7728,    33,   92000000, 1364176441,        1, 1272176441, 1272176441
  7728,    34,   92000000, 1407202210,        1, 1315202210, 1315202210
  7728,    35,   92000000, 1448370101,        1, 1356370101, 1356370101
  7728,    36,   92000000, 1489742516,        1, 1397742516, 1397742516
  7728,    37,   92000000, 1532829831,        1, 1440829831, 1440829831
  7728,    38,   92000000, 1573849985,        1, 1481849985, 1481849985
  7728,    39,   92000000, 1617345811,        1, 1525345811, 1525345811
  7728,    40,   92000000, 1658519943,        1, 1566519943, 1566519943
  7728,    41,   92000000, 1701720878,        1, 1609720878, 1609720878
  7728,    42,   92000000, 1747207777,        1, 1655207777, 1655207777
  7728,    43,   92000000, 1786098052,        1, 1694098052, 1694098052
  7728,    44,   92000000, 1829372726,        1, 1737372726, 1737372726
  7728,    45,   92000000, 1871615728,        1, 1779615728, 1779615728
  7728,    46,   92000000, 1913954513,        1, 1821954513, 1821954513
  7728,    47,   92000000, 1958202662,        1, 1866202662, 1866202662
  7728,    48,   92000000, 1998767218,        1, 1906767218, 1906767218
  7728,    49,   92000000, 2042262643,        1, 1950262643, 1950262643
  7728,    50,   92000000, 2087574383,        1, 1995574383, 1995574383
  7728,    51,   92000000, 2128794404,        1, 2036794404, 2036794404
  7728,    52,   92000000, 2171922272,        1, 2079922272, 2079922272
  7728,    53,   92000000, 2213248314,        1, 2121248314, 2121248314
  7728,    54,   92000000, 2254660886,        1, 2162660886, 2162660886
  7728,    55,   92000000, 2298046366,        1, 2206046366, 2206046366
  7728,    56,   92000000, 2341180164,        1, 2249180164, 2249180164
  7728,    57,   92000000, 2382193321,        1, 2290193321, 2290193321
  7728,    58,   92000000, 2425629315,        1, 2333629315, 2333629315
  7728,    59,   92000000, 2468902041,        1, 2376902041, 2376902041
  7728,    60,   92000000, 2509974110,        1, 2417974110, 2417974110
  7728,    61,   92000000, 2555402739,        1, 2463402739, 2463402739
  7728,    62,   92000000, 2594776108,        1, 2502776108, 2502776108
  7728,    63,   92000000, 2640203593,        1, 2548203593, 2548203593
  7728,    64,   92000000, 2681514961,        1, 2589514961, 2589514961
# task NAME=myapp PID=7731 COST=14585000 PERIOD=50000000 CPU=0
  7731,     2,   50000000,      15543,        0,  -49984457,          0
  7731,     3,   50000000,     114512,        0,  -49885488,          0
  7731,     4,   50000000,   24715474,        0,  -25284526,          0
  7731,     5,   50000000,   24542738,        0,  -25457262,          0
  7731,     6,   50000000,   28860222,        0,  -21139778,          0
  7731,     7,   50000000,   24540921,        0,  -25459079,          0
  7731,     8,   50000000,   26600110,        0,  -23399890,          0
  7731,     9,   50000000,   22568986,        0,  -27431014,          0
  7731,    10,   50000000,   26612640,        0,  -23387360,          0
  7731,    11,   50000000,   24647631,        0,  -25352369,          0
  7731,    12,   50000000,   26607802,        0,  -23392198,          0
  7731,    13,   50000000,   22545460,        0,  -27454540,          0
  7731,    14,   50000000,   25687740,        0,  -24312260,          0
  7731,    15,   50000000,   22576200,        0,  -27423800,          0
  7731,    16,   50000000,   28913044,        0,  -21086956,          0
  7731,    17,   50000000,   22548821,        0,  -27451179,          0
  7731,    18,   50000000,   24647223,        0,  -25352777,          0
  7731,    19,   50000000,   24561280,        0,  -25438720,          0
  7731,    20,   50000000,   24628807,        0,  -25371193,          0
  7731,    21,   50000000,   24662314,        0,  -25337686,          0
  7731,    22,   50000000,   24682809,        0,  -25317191,          0
  7731,    23,   50000000,   24597186,        0,  -25402814,          0
  7731,    24,   50000000,   24899310,        0,  -25100690,          0
  7731,    25,   50000000,   22915885,        0,  -27084115,          0
  7731,    26,   50000000,   27442408,        0,  -22557592,          0
  7731,    27,   50000000,   22531742,        0,  -27468258,          0
  7731,    28,   50000000,   24596705,        0,  -25403295,          0
  7731,    29,   50000000,   24669802,        0,  -25330198,          0
  7731,    30,   50000000,   24667952,        0,  -25332048,          0
  7731,    31,   50000000,   24677154,        0,  -25322846,          0
  7731,    32,   50000000,   26592041,        0,  -23407959,          0
  7731,    33,   50000000,   22551517,        0,  -27448483,          0
  7731,    34,   50000000,   24661960,        0,  -25338040,          0
  7731,    35,   50000000,   22556529,        0,  -27443471,          0
  7731,    36,   50000000,   27048847,        0,  -22951153,          0
  7731,    37,   50000000,   22552710,        0,  -27447290,          0
  7731,    38,   50000000,   26661444,        0,  -23338556,          0
  7731,    39,   50000000,   22561499,        0,  -27438501,          0
  7731,    40,   50000000,   26635024,        0,  -23364976,          0
  7731,    41,   50000000,   22627339,        0,  -27372661,          0
  7731,    42,   50000000,   24684964,        0,  -25315036,          0
  7731,    43,   50000000,   24552285,        0,  -25447715,          0
  7731,    44,   50000000,   26922064,        0,  -23077936,          0
  7731,    45,   50000000,   25024946,        0,  -24975054,          0
  7731,    46,   50000000,   28869842,        0,  -21130158,          0
  7731,    47,   50000000,   22548199,        0,  -27451801,          0
  7731,    48,   50000000,   26622835,        0,  -23377165,          0
  7731,    49,   50000000,   24630002,        0,  -25369998,          0
  7731,    50,   50000000,   24646336,        0,  -25353664,          0
  7731,    51,   50000000,   24689623,        0,  -25310377,          0
  7731,    52,   50000000,   24640719,        0,  -25359281,          0
  7731,    53,   50000000,   22659518,        0,  -27340482,          0
  7731,    54,   50000000,   26631469,        0,  -23368531,          0
  7731,    55,   50000000,   22594437,        0,  -27405563,          0
  7731,    56,   50000000,   26644207,        0,  -23355793,          0
  7731,    57,   50000000,   22579746,        0,  -27420254,          0
  7731,    58,   50000000,   26637597,        0,  -23362403,          0
  7731,    59,   50000000,   24608059,        0,  -25391941,          0
  7731,    60,   50000000,   24626310,        0,  -25373690,          0
  7731,    61,   50000000,   22607572,        0,  -27392428,          0
  7731,    62,   50000000,   26649992,        0,  -23350008,          0
  7731,    63,   50000000,   24561071,        0,  -25438929,          0
  7731,    64,   50000000,   26609410,        0,  -23390590,          0
  7731,    65,   50000000,   24569431,        0,  -25430569,          0
  7731,    66,   50000000,   26922129,        0,  -23077871,          0
  7731,    67,   50000000,   24622914,        0,  -25377086,          0
  7731,    68,   50000000,   26629125,        0,  -23370875,          0
  7731,    69,   50000000,   24624488,        0,  -25375512,          0
  7731,    70,   50000000,   24652216,        0,  -25347784,          0
  7731,    71,   50000000,   22629899,        0,  -27370101,          0
  7731,    72,   50000000,   24621944,        0,  -25378056,          0
  7731,    73,   50000000,   22599801,        0,  -27400199,          0
  7731,    74,   50000000,   26664126,        0,  -23335874,          0
  7731,    75,   50000000,   22565870,        0,  -27434130,          0
  7731,    76,   50000000,   26996706,        0,  -23003294,          0
  7731,    77,   50000000,   22595042,        0,  -27404958,          0
  7731,    78,   50000000,   24641775,        0,  -25358225,          0
  7731,    79,   50000000,   22577935,        0,  -27422065,          0
  7731,    80,   50000000,   26645221,        0,  -23354779,          0
  7731,    81,   50000000,   24638822,        0,  -25361178,          0
  7731,    82,   50000000,   26639084,        0,  -23360916,          0
  7731,    83,   50000000,   22564591,        0,  -27435409,          0
  7731,    84,   50000000,   24611583,        0,  -25388417,          0
  7731,    85,   50000000,   22669156,        0,  -27330844,          0
  7731,    86,   50000000,   26955680,        0,  -23044320,          0
  7731,    87,   50000000,   24575289,        0,  -25424711,          0
  7731,    88,   50000000,   24677018,        0,  -25322982,          0
  7731,    89,   50000000,   22579015,        0,  -27420985,          0
  7731,    90,   50000000,   24668807,        0,  -25331193,          0
  7731,    91,   50000000,   22666387,        0,  -27333613,          0
  7731,    92,   50000000,   26638695,        0,  -23361305,          0
  7731,    93,   50000000,   24635532,        0,  -25364468,          0
  7731,    94,   50000000,   24676684,        0,  -25323316,          0
  7731,    95,   50000000,   22615237,        0,  -27384763,          0
  7731,    96,   50000000,   27683485,        0,  -22316515,          0
  7731,    97,   50000000,   22574073,        0,  -27425927,          0
  7731,    98,   50000000,   24623389,        0,  -25376611,          0
  7731,    99,   50000000,   22663815,        0,  -27336185,          0
  7731,   100,   50000000,   26589259,        0,  -23410741,          0
  7731,   101,   50000000,   24648412,        0,  -25351588,          0
  7731,   102,   50000000,   24641838,        0,  -25358162,          0
  7731,   103,   50000000,   22560730,        0,  -27439270,          0
  7731,   104,   50000000,   26638378,        0,  -23361622,          0
  7731,   105,   50000000,   22605534,        0,  -27394466,          0
  7731,   106,   50000000,   27369994,        0,  -22630006,          0
  7731,   107,   50000000,   22586994,        0,  -27413006,          0
  7731,   108,   50000000,   24630523,        0,  -25369477,          0
  7731,   109,   50000000,   24607501,        0,  -25392499,          0
  7731,   110,   50000000,   26599287,        0,  -23400713,          0
  7731,   111,   50000000,   24585402,        0,  -25414598,          0
  7731,   112,   50000000,   25714385,        0,  -24285615,          0
  7731,   113,   50000000,   25001559,        0,  -24998441,          0
  7731,   114,   50000000,   25826182,        0,  -24173818,          0
  7731,   115,   50000000,   23087956,        0,  -26912044,          0
  7731,   116,   50000000,   27367227,        0,  -22632773,          0
  7731,   117,   50000000,   22700996,        0,  -27299004,          0
  7731,   118,   50000000,   26687538,        0,  -23312462,          0
  7731,   119,   50000000,   22580063,        0,  -27419937,          0
  7731,   120,   50000000,   24636728,        0,  -25363272,          0
  7731,   121,   50000000,   22636840,        0,  -27363160,          0
  7731,   122,   50000000,   24717435,        0,  -25282565,          0
  7731,   123,   50000000,   24547786,        0,  -25452214,          0
  7731,   124,   50000000,   26642974,        0,  -23357026,          0
  7731,   125,   50000000,   22630946,        0,  -27369054,          0
  7731,   126,   50000000,   26938891,        0,  -23061109,          0
  7731,   127,   50000000,   22674379,        0,  -27325621,          0
  7731,   128,   50000000,   25559817,        0,  -24440183,          0
  7731,   129,   50000000,   24565564,        0,  -25434436,          0
  7731,   130,   50000000,   24647371,        0,  -25352629,          0
  7731,   131,   50000000,   24631659,        0,  -25368341,          0
  7731,   132,   50000000,   24689236,        0,  -25310764,          0
  7731,   133,   50000000,   24618707,        0,  -25381293,          0
  7731,   134,   50000000,   26627957,        0,  -23372043,          0
  7731,   135,   50000000,   24558788,        0,  -25441212,          0
  7731,   136,   50000000,   28847099,        0,  -21152901,          0
  7731,   137,   50000000,   22644706,        0,  -27355294,          0
  7731,   138,   50000000,   26646368,        0,  -23353632,          0
  7731,   139,   50000000,   22645313,        0,  -27354687,          0
  7731,   140,   50000000,   24631817,        0,  -25368183,          0
  7731,   141,   50000000,   26885398,        0,  -23114602,          0
  7731,   142,   50000000,   26212076,        0,  -23787924,          0
  7731,   143,   50000000,   24595982,        0,  -25404018,          0
  7731,   144,   50000000,   26505068,        0,  -23494932,          0
  7731,   145,   50000000,   24553259,        0,  -25446741,          0
  7731,   146,   50000000,   26896713,        0,  -23103287,          0
  7731,   147,   50000000,   22577310,        0,  -27422690,          0
  7731,   148,   50000000,   26659934,        0,  -23340066,          0
  7731,   149,   50000000,   22568982,        0,  -27431018,          0
  7731,   150,   50000000,   26610609,        0,  -23389391,          0
  7731,   151,   50000000,   22593813,        0,  -27406187,          0
  7731,   152,   50000000,   24638724,        0,  -25361276,          0
  7731,   153,   50000000,   22600848,        0,  -27399152,          0
  7731,   154,   50000000,   24733170,        0,  -25266830,          0
  7731,   155,   50000000,   22621849,        0,  -27378151,          0
  7731,   156,   50000000,   28383296,        0,  -21616704,          0
  7731,   157,   50000000,   24571331,        0,  -25428669,          0
  7731,   158,   50000000,   26634682,        0,  -23365318,          0
  7731,   159,   50000000,   24295107,        0,  -25704893,          0
  7731,   160,   50000000,   26636482,        0,  -23363518,          0
  7731,   161,   50000000,   26829970,        0,  -23170030,          0
  7731,   162,   50000000,   24628940,        0,  -25371060,          0
  7731,   163,   50000000,   22616569,        0,  -27383431,          0
  7731,   164,   50000000,   24659282,        0,  -25340718,          0
  7731,   165,   50000000,   24708014,        0,  -25291986,          0
  7731,   166,   50000000,   26920008,        0,  -23079992,          0
  7731,   167,   50000000,   22617880,        0,  -27382120,          0
  7731,   168,   50000000,   24917335,        0,  -25082665,          0
  7731,   169,   50000000,   22661997,        0,  -27338003,          0
  7731,   170,   50000000,   24667919,        0,  -25332081,          0
  7731,   171,   50000000,   24891648,        0,  -25108352,          0
  7731,   172,   50000000,   24664106,        0,  -25335894,          0
  7731,   173,   50000000,   24563086,        0,  -25436914,          0
  7731,   174,   50000000,   24652761,        0,  -25347239,          0
  7731,   175,   50000000,   22614724,        0,  -27385276,          0
  7731,   176,   50000000,   24571872,        0,  -25428128,          0
  7731,   177,   50000000,   24637185,        0,  -25362815,          0
  7731,   178,   50000000,   26631793,        0,  -23368207,          0
  7731,   179,   50000000,   22581872,        0,  -27418128,          0
  7731,   180,   50000000,   26661333,        0,  -23338667,          0
  7731,   181,   50000000,   24703206,        0,  -25296794,          0
  7731,   182,   50000000,   24680524,        0,  -25319476,          0
  7731,   183,   50000000,   24565780,        0,  -25434220,          0
  7731,   184,   50000000,   24730447,        0,  -25269553,          0
  7731,   185,   50000000,   22586952,        0,  -27413048,          0
  7731,   186,   50000000,   28922648,        0,  -21077352,          0
  7731,   187,   50000000,   22638079,        0,  -27361921,          0
  7731,   188,   50000000,   24689020,        0,  -25310980,          0
  7731,   189,   50000000,   22604029,        0,  -27395971,          0
  7731,   190,   50000000,   25073372,        0,  -24926628,          0
  7731,   191,   50000000,   24834225,        0,  -25165775,          0
  7731,   192,   50000000,   24685203,        0,  -25314797,          0
  7731,   193,   50000000,   22594987,        0,  -27405013,          0
  7731,   194,   50000000,   24635768,        0,  -25364232,          0
  7731,   195,   50000000,   22645435,        0,  -27354565,          0
  7731,   196,   50000000,   26953688,        0,  -23046312,          0
  7731,   197,   50000000,   22577701,        0,  -27422299,          0
  7731,   198,   50000000,   24687554,        0,  -25312446,          0
  7731,   199,   50000000,   24630173,        0,  -25369827,          0
  7731,   200,   50000000,   26617224,        0,  -23382776,          0
  7731,   201,   50000000,   26859167,        0,  -23140833,          0
  7731,   202,   50000000,   26656740,        0,  -23343260,          0
  7731,   203,   50000000,   22558886,        0,  -27441114,          0
  7731,   204,   50000000,   24626188,        0,  -25373812,          0
