147 129 18
103 88 15
109 102 7
422 337 85
144 110 34
116 94 22
236 204 32
126 109 17
185 147 38
107 91 16
307 227 80
255 223 32
156 137 19
129 102 27
181 153 28
143 112 31
348 277 71
531 399 132
281 238 43
157 139 18
184 153 31
176 152 24
117 102 15
189 163 26
184 144 40
111 96 15
836 636 200
144 99 45
119 104 15
109 86 23
169 140 29
157 137 20
337 272 65
136 123 13
374 317 57
298 252 46
327 271 56
716 566 150
190 172 18
155 138 17
109 87 22
221 197 24
136 107 29
592 472 120
289 217 72
195 162 33
316 254 62
115 103 12
178 147 31
559 418 141
112 103 9
481 369 112
438 336 102
235 183 52
164 144 20
154 128 26
261 198 63
166 143 23
