# Task,   Job,     Period,   Response, DL Miss?,   Lateness,  Tardiness
# task NAME=myapp PID=4363 COST=14425000 PERIOD=92000000 CPU=0
  4363,     2,   92000000,      12223,        0,  -91987777,          0
  4363,     3,   92000000,      92280,        0,  -91907720,          0
  4363,     4,   92000000,   22154039,        0,  -69845961,          0
  4363,     5,   92000000,   18837466,        0,  -73162534,          0
  4363,     6,   92000000,   22201853,        0,  -69798147,          0
  4363,     7,   92000000,   21058214,        0,  -70941786,          0
  4363,     8,   92000000,   20929930,        0,  -71070070,          0
  4363,     9,   92000000,   22714557,        0,  -69285443,          0
  4363,    10,   92000000,   22750843,        0,  -69249157,          0
  4363,    11,   92000000,   21665570,        0,  -70334430,          0
  4363,    12,   92000000,   19905225,        0,  -72094775,          0
  4363,    13,   92000000,   19205688,        0,  -72794312,          0
  4363,    14,   92000000,   21937082,        0,  -70062918,          0
  4363,    15,   92000000,   17720941,        0,  -74279059,          0
  4363,    16,   92000000,   19179381,        0,  -72820619,          0
  4363,    17,   92000000,   20859666,        0,  -71140334,          0
  4363,    18,   92000000,   21791781,        0,  -70208219,          0
  4363,    19,   92000000,   21178603,        0,  -70821397,          0
  4363,    20,   92000000,   21492463,        0,  -70507537,          0
  4363,    21,   92000000,   20666771,        0,  -71333229,          0
  4363,    22,   92000000,   25321375,        0,  -66678625,          0
  4363,    23,   92000000,   20979077,        0,  -71020923,          0
  4363,    24,   92000000,   22579507,        0,  -69420493,          0
  4363,    25,   92000000,   23220651,        0,  -68779349,          0
  4363,    26,   92000000,   26539344,        0,  -65460656,          0
  4363,    27,   92000000,   21826492,        0,  -70173508,          0
  4363,    28,   92000000,   19755572,        0,  -72244428,          0
  4363,    29,   92000000,   21550650,        0,  -70449350,          0
  4363,    30,   92000000,   18406156,        0,  -73593844,          0
  4363,    31,   92000000,   20978054,        0,  -71021946,          0
  4363,    32,   92000000,   18063485,        0,  -73936515,          0
  4363,    33,   92000000,   21568973,        0,  -70431027,          0
  4363,    34,   92000000,   22516650,        0,  -69483350,          0
  4363,    35,   92000000,   20968784,        0,  -71031216,          0
  4363,    36,   92000000,   22147440,        0,  -69852560,          0
  4363,    37,   92000000,   25135079,        0,  -66864921,          0
  4363,    38,   92000000,   18156371,        0,  -73843629,          0
  4363,    39,   92000000,   18842529,        0,  -73157471,          0
  4363,    40,   92000000,   21246517,        0,  -70753483,          0
  4363,    41,   92000000,   18192831,        0,  -73807169,          0
  4363,    42,   92000000,   18753297,        0,  -73246703,          0
  4363,    43,   92000000,   21783745,        0,  -70216255,          0
  4363,    44,   92000000,   21483629,        0,  -70516371,          0
  4363,    45,   92000000,   21115355,        0,  -70884645,          0
  4363,    46,   92000000,   21055138,        0,  -70944862,          0
  4363,    47,   92000000,   20046174,        0,  -71953826,          0
  4363,    48,   92000000,   23195731,        0,  -68804269,          0
  4363,    49,   92000000,   20566604,        0,  -71433396,          0
  4363,    50,   92000000,   19979944,        0,  -72020056,          0
  4363,    51,   92000000,   21990294,        0,  -70009706,          0
  4363,    52,   92000000,   20566964,        0,  -71433036,          0
  4363,    53,   92000000,   22682707,        0,  -69317293,          0
  4363,    54,   92000000,   25892602,        0,  -66107398,          0
  4363,    55,   92000000,   20736957,        0,  -71263043,          0
  4363,    56,   92000000,   18219433,        0,  -73780567,          0
  4363,    57,   92000000,   21819713,        0,  -70180287,          0
  4363,    58,   92000000,   20376219,        0,  -71623781,          0
  4363,    59,   92000000,   21797501,        0,  -70202499,          0
  4363,    60,   92000000,   19109673,        0,  -72890327,          0
  4363,    61,   92000000,   22079402,        0,  -69920598,          0
  4363,    62,   92000000,   22443412,        0,  -69556588,          0
  4363,    63,   92000000,   22290424,        0,  -69709576,          0
  4363,    64,   92000000,   21114908,        0,  -70885092,          0
  4363,    65,   92000000,   21129525,        0,  -70870475,          0
  4363,    66,   92000000,   22635873,        0,  -69364127,          0
  4363,    67,   92000000,   26188727,        0,  -65811273,          0
  4363,    68,   92000000,   18858029,        0,  -73141971,          0
  4363,    69,   92000000,   20643714,        0,  -71356286,          0
  4363,    70,   92000000,   25104780,        0,  -66895220,          0
  4363,    71,   92000000,   22692292,        0,  -69307708,          0
  4363,    72,   92000000,   22774061,        0,  -69225939,          0
  4363,    73,   92000000,   20324341,        0,  -71675659,          0
  4363,    74,   92000000,   21551727,        0,  -70448273,          0
  4363,    75,   92000000,   18571864,        0,  -73428136,          0
  4363,    76,   92000000,   22062805,        0,  -69937195,          0
  4363,    77,   92000000,   19113420,        0,  -72886580,          0
  4363,    78,   92000000,   22159550,        0,  -69840450,          0
  4363,    79,   92000000,   21166477,        0,  -70833523,          0
  4363,    80,   92000000,   22001698,        0,  -69998302,          0
  4363,    81,   92000000,   18402149,        0,  -73597851,          0
  4363,    82,   92000000,   20114793,        0,  -71885207,          0
  4363,    83,   92000000,   20549735,        0,  -71450265,          0
  4363,    84,   92000000,   19109205,        0,  -72890795,          0
  4363,    85,   92000000,   21175653,        0,  -70824347,          0
  4363,    86,   92000000,   20435620,        0,  -71564380,          0
  4363,    87,   92000000,   19569599,        0,  -72430401,          0
  4363,    88,   92000000,   20954334,        0,  -71045666,          0
  4363,    89,   92000000,   23151240,        0,  -68848760,          0
  4363,    90,   92000000,   19116445,        0,  -72883555,          0
  4363,    91,   92000000,   22686622,        0,  -69313378,          0
  4363,    92,   92000000,   19119408,        0,  -72880592,          0
  4363,    93,   92000000,   18883779,        0,  -73116221,          0
  4363,    94,   92000000,   21110047,        0,  -70889953,          0
  4363,    95,   92000000,   19159148,        0,  -72840852,          0
  4363,    96,   92000000,   21474810,        0,  -70525190,          0
  4363,    97,   92000000,   17710721,        0,  -74289279,          0
  4363,    98,   92000000,   22107472,        0,  -69892528,          0
  4363,    99,   92000000,   23613941,        0,  -68386059,          0
  4363,   100,   92000000,   24705909,        0,  -67294091,          0
  4363,   101,   92000000,   18729961,        0,  -73270039,          0
  4363,   102,   92000000,   21948328,        0,  -70051672,          0
  4363,   103,   92000000,   21038769,        0,  -70961231,          0
  4363,   104,   92000000,   21970732,        0,  -70029268,          0
  4363,   105,   92000000,   19989795,        0,  -72010205,          0
  4363,   106,   92000000,   22737553,        0,  -69262447,          0
  4363,   107,   92000000,   22540513,        0,  -69459487,          0
  4363,   108,   92000000,   22858322,        0,  -69141678,          0
  4363,   109,   92000000,   21526364,        0,  -70473636,          0
  4363,   110,   92000000,   22315835,        0,  -69684165,          0
  4363,   111,   92000000,   18252843,        0,  -73747157,          0
  4363,   112,   92000000,   21933817,        0,  -70066183,          0
# task NAME=myapp PID=4366 COST=57331000 PERIOD=77000000 CPU=0
  4366,     2,   77000000,      13578,        0,  -76986422,          0
  4366,     3,   77000000,      60475,        0,  -76939525,          0
  4366,     4,   77000000,   92203879,        1,   15203879,   15203879
  4366,     5,   77000000,  111246784,        1,   34246784,   34246784
  4366,     6,   77000000,  131106877,        1,   54106877,   54106877
  4366,     7,   77000000,  149303685,        1,   72303685,   72303685
  4366,     8,   77000000,  164736425,        1,   87736425,   87736425
  4366,     9,   77000000,  185007427,        1,  108007427,  108007427
  4366,    10,   77000000,  206768265,        1,  129768265,  129768265
  4366,    11,   77000000,  226714520,        1,  149714520,  149714520
  4366,    12,   77000000,  237976143,        1,  160976143,  160976143
  4366,    13,   77000000,  253782339,        1,  176782339,  176782339
  4366,    14,   77000000,  269473597,        1,  192473597,  192473597
  4366,    15,   77000000,  287154100,        1,  210154100,  210154100
  4366,    16,   77000000,  305575122,        1,  228575122,  228575122
  4366,    17,   77000000,  324056909,        1,  247056909,  247056909
  4366,    18,   77000000,  346569960,        1,  269569960,  269569960
  4366,    19,   77000000,  365103237,        1,  288103237,  288103237
  4366,    20,   77000000,  384998698,        1,  307998698,  307998698
  4366,    21,   77000000,  399045363,        1,  322045363,  322045363
  4366,    22,   77000000,  422359279,        1,  345359279,  345359279
  4366,    23,   77000000,  442028355,        1,  365028355,  365028355
  4366,    24,   77000000,  460457714,        1,  383457714,  383457714
  4366,    25,   77000000,  480480130,        1,  403480130,  403480130
  4366,    26,   77000000,  495275908,        1,  418275908,  418275908
  4366,    27,   77000000,  513151275,        1,  436151275,  436151275
  4366,    28,   77000000,  533290297,        1,  456290297,  456290297
  4366,    29,   77000000,  550919899,        1,  473919899,  473919899
  4366,    30,   77000000,  570440099,        1,  493440099,  493440099
  4366,    31,   77000000,  588903316,        1,  511903316,  511903316
  4366,    32,   77000000,  607682681,        1,  530682681,  530682681
  4366,    33,   77000000,  630723075,        1,  553723075,  553723075
  4366,    34,   77000000,  646272296,        1,  569272296,  569272296
  4366,    35,   77000000,  666083138,        1,  589083138,  589083138
  4366,    36,   77000000,  680265738,        1,  603265738,  603265738
  4366,    37,   77000000,  694466293,        1,  617466293,  617466293
  4366,    38,   77000000,  713474718,        1,  636474718,  636474718
  4366,    39,   77000000,  732769407,        1,  655769407,  655769407
  4366,    40,   77000000,  750681585,        1,  673681585,  673681585
  4366,    41,   77000000,  768788181,        1,  691788181,  691788181
  4366,    42,   77000000,  783907930,        1,  706907930,  706907930
  4366,    43,   77000000,  802189010,        1,  725189010,  725189010
  4366,    44,   77000000,  818200119,        1,  741200119,  741200119
  4366,    45,   77000000,  832771721,        1,  755771721,  755771721
  4366,    46,   77000000,  851518889,        1,  774518889,  774518889
  4366,    47,   77000000,  869957919,        1,  792957919,  792957919
  4366,    48,   77000000,  888910161,        1,  811910161,  811910161
  4366,    49,   77000000,  903955120,        1,  826955120,  826955120
  4366,    50,   77000000,  919572702,        1,  842572702,  842572702
  4366,    51,   77000000,  936453095,        1,  859453095,  859453095
  4366,    52,   77000000,  955319161,        1,  878319161,  878319161
  4366,    53,   77000000,  976606761,        1,  899606761,  899606761
  4366,    54,   77000000, 1002880320,        1,  925880320,  925880320
  4366,    55,   77000000, 1021107475,        1,  944107475,  944107475
  4366,    56,   77000000, 1041268482,        1,  964268482,  964268482
  4366,    57,   77000000, 1059620571,        1,  982620571,  982620571
  4366,    58,   77000000, 1078183035,        1, 1001183035, 1001183035
  4366,    59,   77000000, 1101094090,        1, 1024094090, 1024094090
  4366,    60,   77000000, 1121193586,        1, 1044193586, 1044193586
  4366,    61,   77000000, 1143370021,        1, 1066370021, 1066370021
  4366,    62,   77000000, 1165023840,        1, 1088023840, 1088023840
  4366,    63,   77000000, 1182850470,        1, 1105850470, 1105850470
  4366,    64,   77000000, 1205891521,        1, 1128891521, 1128891521
  4366,    65,   77000000, 1226852262,        1, 1149852262, 1149852262
  4366,    66,   77000000, 1244866949,        1, 1167866949, 1167866949
  4366,    67,   77000000, 1257475738,        1, 1180475738, 1180475738
  4366,    68,   77000000, 1281317067,        1, 1204317067, 1204317067
  4366,    69,   77000000, 1300469066,        1, 1223469066, 1223469066
  4366,    70,   77000000, 1322416633,        1, 1245416633, 1245416633
  4366,    71,   77000000, 1339210463,        1, 1262210463, 1262210463
  4366,    72,   77000000, 1360241743,        1, 1283241743, 1283241743
  4366,    73,   77000000, 1375652621,        1, 1298652621, 1298652621
  4366,    74,   77000000, 1394226208,        1, 1317226208, 1317226208
  4366,    75,   77000000, 1405564744,        1, 1328564744, 1328564744
  4366,    76,   77000000, 1425087423,        1, 1348087423, 1348087423
  4366,    77,   77000000, 1447149395,        1, 1370149395, 1370149395
  4366,    78,   77000000, 1466753024,        1, 1389753024, 1389753024
  4366,    79,   77000000, 1486279823,        1, 1409279823, 1409279823
  4366,    80,   77000000, 1511453134,        1, 1434453134, 1434453134
  4366,    81,   77000000, 1526848032,        1, 1449848032, 1449848032
  4366,    82,   77000000, 1547614777,        1, 1470614777, 1470614777
  4366,    83,   77000000, 1561075675,        1, 1484075675, 1484075675
  4366,    84,   77000000, 1577196919,        1, 1500196919, 1500196919
  4366,    85,   77000000, 1592151375,        1, 1515151375, 1515151375
  4366,    86,   77000000, 1610039506,        1, 1533039506, 1533039506
  4366,    87,   77000000, 1629698944,        1, 1552698944, 1552698944
  4366,    88,   77000000, 1649531028,        1, 1572531028, 1572531028
  4366,    89,   77000000, 1666820960,        1, 1589820960, 1589820960
  4366,    90,   77000000, 1678654322,        1, 1601654322, 1601654322
  4366,    91,   77000000, 1694420471,        1, 1617420471, 1617420471
  4366,    92,   77000000, 1709978881,        1, 1632978881, 1632978881
  4366,    93,   77000000, 1730473228,        1, 1653473228, 1653473228
  4366,    94,   77000000, 1752410893,        1, 1675410893, 1675410893
  4366,    95,   77000000, 1774725936,        1, 1697725936, 1697725936
  4366,    96,   77000000, 1794558604,        1, 1717558604, 1717558604
  4366,    97,   77000000, 1808744353,        1, 1731744353, 1731744353
  4366,    98,   77000000, 1827067437,        1, 1750067437, 1750067437
  4366,    99,   77000000, 1846272456,        1, 1769272456, 1769272456
  4366,   100,   77000000, 1865035541,        1, 1788035541, 1788035541
  4366,   101,   77000000, 1879136586,        1, 1802136586, 1802136586
# task NAME=myapp PID=4371 COST=16422000 PERIOD=81000000 CPU=0
  4371,     2,   81000000,      14493,        0,  -80985507,          0
  4371,     3,   81000000,      73692,        0,  -80926308,          0
  4371,     4,   81000000,   26158629,        0,  -54841371,          0
  4371,     5,   81000000,   26986630,        0,  -54013370,          0
  4371,     6,   81000000,   26931322,        0,  -54068678,          0
  4371,     7,   81000000,   22070856,        0,  -58929144,          0
  4371,     8,   81000000,   25612179,        0,  -55387821,          0
  4371,     9,   81000000,   23629024,        0,  -57370976,          0
  4371,    10,   81000000,   23106648,        0,  -57893352,          0
  4371,    11,   81000000,   24408004,        0,  -56591996,          0
  4371,    12,   81000000,   29030550,        0,  -51969450,          0
  4371,    13,   81000000,   26650282,        0,  -54349718,          0
  4371,    14,   81000000,   24051733,        0,  -56948267,          0
  4371,    15,   81000000,   22972874,        0,  -58027126,          0
  4371,    16,   81000000,   26898171,        0,  -54101829,          0
  4371,    17,   81000000,   24197237,        0,  -56802763,          0
  4371,    18,   81000000,   25778815,        0,  -55221185,          0
  4371,    19,   81000000,   25660566,        0,  -55339434,          0
  4371,    20,   81000000,   24797471,        0,  -56202529,          0
  4371,    21,   81000000,   25086481,        0,  -55913519,          0
  4371,    22,   81000000,   27515436,        0,  -53484564,          0
  4371,    23,   81000000,   26664036,        0,  -54335964,          0
  4371,    24,   81000000,   25517896,        0,  -55482104,          0
  4371,    25,   81000000,   24996694,        0,  -56003306,          0
  4371,    26,   81000000,   22762530,        0,  -58237470,          0
  4371,    27,   81000000,   26084454,        0,  -54915546,          0
  4371,    28,   81000000,   27817467,        0,  -53182533,          0
  4371,    29,   81000000,   26032471,        0,  -54967529,          0
  4371,    30,   81000000,   23059607,        0,  -57940393,          0
  4371,    31,   81000000,   25558210,        0,  -55441790,          0
  4371,    32,   81000000,   28078837,        0,  -52921163,          0
  4371,    33,   81000000,   27875710,        0,  -53124290,          0
  4371,    34,   81000000,   23849318,        0,  -57150682,          0
  4371,    35,   81000000,   26361251,        0,  -54638749,          0
  4371,    36,   81000000,   27859339,        0,  -53140661,          0
  4371,    37,   81000000,   23817254,        0,  -57182746,          0
  4371,    38,   81000000,   26324772,        0,  -54675228,          0
  4371,    39,   81000000,   25865058,        0,  -55134942,          0
  4371,    40,   81000000,   27082245,        0,  -53917755,          0
  4371,    41,   81000000,   24166867,        0,  -56833133,          0
  4371,    42,   81000000,   26207126,        0,  -54792874,          0
  4371,    43,   81000000,   22811903,        0,  -58188097,          0
  4371,    44,   81000000,   25230286,        0,  -55769714,          0
  4371,    45,   81000000,   24284058,        0,  -56715942,          0
  4371,    46,   81000000,   24622986,        0,  -56377014,          0
  4371,    47,   81000000,   25094881,        0,  -55905119,          0
  4371,    48,   81000000,   28127701,        0,  -52872299,          0
  4371,    49,   81000000,   28862794,        0,  -52137206,          0
  4371,    50,   81000000,   24903734,        0,  -56096266,          0
  4371,    51,   81000000,   24920384,        0,  -56079616,          0
  4371,    52,   81000000,   24802637,        0,  -56197363,          0
  4371,    53,   81000000,   24546924,        0,  -56453076,          0
  4371,    54,   81000000,   24085861,        0,  -56914139,          0
  4371,    55,   81000000,   24973898,        0,  -56026102,          0
  4371,    56,   81000000,   21999298,        0,  -59000702,          0
  4371,    57,   81000000,   24010221,        0,  -56989779,          0
  4371,    58,   81000000,   23421910,        0,  -57578090,          0
  4371,    59,   81000000,   21146172,        0,  -59853828,          0
  4371,    60,   81000000,   28965238,        0,  -52034762,          0
  4371,    61,   81000000,   24334129,        0,  -56665871,          0
  4371,    62,   81000000,   25666043,        0,  -55333957,          0
  4371,    63,   81000000,   25127959,        0,  -55872041,          0
  4371,    64,   81000000,   24137907,        0,  -56862093,          0
  4371,    65,   81000000,   27766597,        0,  -53233403,          0
  4371,    66,   81000000,   25947021,        0,  -55052979,          0
  4371,    67,   81000000,   24588827,        0,  -56411173,          0
  4371,    68,   81000000,   27403951,        0,  -53596049,          0
  4371,    69,   81000000,   24675332,        0,  -56324668,          0
  4371,    70,   81000000,   23867351,        0,  -57132649,          0
  4371,    71,   81000000,   26566837,        0,  -54433163,          0
  4371,    72,   81000000,   25864184,        0,  -55135816,          0
  4371,    73,   81000000,   24189339,        0,  -56810661,          0
  4371,    74,   81000000,   23018461,        0,  -57981539,          0
  4371,    75,   81000000,   25492993,        0,  -55507007,          0
  4371,    76,   81000000,   26904755,        0,  -54095245,          0
  4371,    77,   81000000,   27087309,        0,  -53912691,          0
  4371,    78,   81000000,   27259390,        0,  -53740610,          0
  4371,    79,   81000000,   22212540,        0,  -58787460,          0
  4371,    80,   81000000,   25161428,        0,  -55838572,          0
  4371,    81,   81000000,   25130167,        0,  -55869833,          0
  4371,    82,   81000000,   24738829,        0,  -56261171,          0
  4371,    83,   81000000,   23231547,        0,  -57768453,          0
  4371,    84,   81000000,   27393735,        0,  -53606265,          0
  4371,    85,   81000000,   26155938,        0,  -54844062,          0
  4371,    86,   81000000,   25062089,        0,  -55937911,          0
  4371,    87,   81000000,   22541293,        0,  -58458707,          0
  4371,    88,   81000000,   26136169,        0,  -54863831,          0
  4371,    89,   81000000,   26999247,        0,  -54000753,          0
  4371,    90,   81000000,   23424571,        0,  -57575429,          0
  4371,    91,   81000000,   26636983,        0,  -54363017,          0
  4371,    92,   81000000,   28748384,        0,  -52251616,          0
  4371,    93,   81000000,   25054031,        0,  -55945969,          0
  4371,    94,   81000000,   27134784,        0,  -53865216,          0
  4371,    95,   81000000,   24498908,        0,  -56501092,          0
  4371,    96,   81000000,   26846694,        0,  -54153306,          0
  4371,    97,   81000000,   27214701,        0,  -53785299,          0
  4371,    98,   81000000,   23251594,        0,  -57748406,          0
  4371,    99,   81000000,   26475763,        0,  -54524237,          0
  4371,   100,   81000000,   25315030,        0,  -55684970,          0
  4371,   101,   81000000,   24866029,        0,  -56133971,          0
  4371,   102,   81000000,   31430451,        0,  -49569549,          0
  4371,   103,   81000000,   24894401,        0,  -56105599,          0
  4371,   104,   81000000,   25908336,        0,  -55091664,          0
  4371,   105,   81000000,   25182219,        0,  -55817781,          0
  4371,   106,   81000000,   24917800,        0,  -56082200,          0
  4371,   107,   81000000,   25701943,        0,  -55298057,          0
  4371,   108,   81000000,   22229780,        0,  -58770220,          0
  4371,   109,   81000000,   24714055,        0,  -56285945,          0
  4371,   110,   81000000,   26911434,        0,  -54088566,          0
  4371,   111,   81000000,   24446884,        0,  -56553116,          0
  4371,   112,   81000000,   28800423,        0,  -52199577,          0
  4371,   113,   81000000,   24230740,        0,  -56769260,          0
  4371,   114,   81000000,   26088793,        0,  -54911207,          0
  4371,   115,   81000000,   22060102,        0,  -58939898,          0
  4371,   116,   81000000,   28253528,        0,  -52746472,          0
  4371,   117,   81000000,   27536240,        0,  -53463760,          0
  4371,   118,   81000000,   24251012,        0,  -56748988,          0
  4371,   119,   81000000,   26931137,        0,  -54068863,          0
  4371,   120,   81000000,   24621344,        0,  -56378656,          0
  4371,   121,   81000000,   24490232,        0,  -56509768,          0
  4371,   122,   81000000,   27083072,        0,  -53916928,          0
  4371,   123,   81000000,   21126878,        0,  -59873122,          0
  4371,   124,   81000000,   28801447,        0,  -52198553,          0
  4371,   125,   81000000,   26947269,        0,  -54052731,          0
  4371,   126,   81000000,   25983112,        0,  -55016888,          0
  4371,   127,   81000000,   24898881,        0,  -56101119,          0
# task NAME=myapp PID=4374 COST=25723000 PERIOD=78000000 CPU=0
  4374,     2,   78000000,       6802,        0,  -77993198,          0
  4374,     3,   78000000,      83894,        0,  -77916106,          0
  4374,     4,   78000000,   42998886,        0,  -35001114,          0
  4374,     5,   78000000,   38010870,        0,  -39989130,          0
  4374,     6,   78000000,   42969078,        0,  -35030922,          0
  4374,     7,   78000000,   37761670,        0,  -40238330,          0
  4374,     8,   78000000,   43722966,        0,  -34277034,          0
  4374,     9,   78000000,   37291528,        0,  -40708472,          0
  4374,    10,   78000000,   40876118,        0,  -37123882,          0
  4374,    11,   78000000,   42498309,        0,  -35501691,          0
  4374,    12,   78000000,   40002429,        0,  -37997571,          0
  4374,    13,   78000000,   37063515,        0,  -40936485,          0
  4374,    14,   78000000,   40691482,        0,  -37308518,          0
  4374,    15,   78000000,   42622589,        0,  -35377411,          0
  4374,    16,   78000000,   39931120,        0,  -38068880,          0
  4374,    17,   78000000,   37639354,        0,  -40360646,          0
  4374,    18,   78000000,   40810466,        0,  -37189534,          0
  4374,    19,   78000000,   41554200,        0,  -36445800,          0
  4374,    20,   78000000,   42473846,        0,  -35526154,          0
  4374,    21,   78000000,   41311829,        0,  -36688171,          0
  4374,    22,   78000000,   40460816,        0,  -37539184,          0
  4374,    23,   78000000,   40778777,        0,  -37221223,          0
  4374,    24,   78000000,   40460711,        0,  -37539289,          0
  4374,    25,   78000000,   38192453,        0,  -39807547,          0
  4374,    26,   78000000,   43296843,        0,  -34703157,          0
  4374,    27,   78000000,   41869790,        0,  -36130210,          0
  4374,    28,   78000000,   43795143,        0,  -34204857,          0
  4374,    29,   78000000,   42147954,        0,  -35852046,          0
  4374,    30,   78000000,   42894470,        0,  -35105530,          0
  4374,    31,   78000000,   38259795,        0,  -39740205,          0
  4374,    32,   78000000,   40869283,        0,  -37130717,          0
  4374,    33,   78000000,   42609560,        0,  -35390440,          0
  4374,    34,   78000000,   42685261,        0,  -35314739,          0
  4374,    35,   78000000,   33585483,        0,  -44414517,          0
  4374,    36,   78000000,   38510297,        0,  -39489703,          0
  4374,    37,   78000000,   38203682,        0,  -39796318,          0
  4374,    38,   78000000,   41047930,        0,  -36952070,          0
  4374,    39,   78000000,   37550452,        0,  -40449548,          0
  4374,    40,   78000000,   37137012,        0,  -40862988,          0
  4374,    41,   78000000,   38448075,        0,  -39551925,          0
  4374,    42,   78000000,   43504537,        0,  -34495463,          0
  4374,    43,   78000000,   41341241,        0,  -36658759,          0
  4374,    44,   78000000,   36759600,        0,  -41240400,          0
  4374,    45,   78000000,   40499596,        0,  -37500404,          0
  4374,    46,   78000000,   40277706,        0,  -37722294,          0
  4374,    47,   78000000,   40865001,        0,  -37134999,          0
  4374,    48,   78000000,   40212599,        0,  -37787401,          0
  4374,    49,   78000000,   40777691,        0,  -37222309,          0
  4374,    50,   78000000,   40652039,        0,  -37347961,          0
  4374,    51,   78000000,   38077842,        0,  -39922158,          0
  4374,    52,   78000000,   39210932,        0,  -38789068,          0
  4374,    53,   78000000,   38831517,        0,  -39168483,          0
  4374,    54,   78000000,   42776920,        0,  -35223080,          0
  4374,    55,   78000000,   41938654,        0,  -36061346,          0
  4374,    56,   78000000,   39476690,        0,  -38523310,          0
  4374,    57,   78000000,   39758784,        0,  -38241216,          0
  4374,    58,   78000000,   39111173,        0,  -38888827,          0
  4374,    59,   78000000,   38271478,        0,  -39728522,          0
  4374,    60,   78000000,   36487073,        0,  -41512927,          0
  4374,    61,   78000000,   38896285,        0,  -39103715,          0
  4374,    62,   78000000,   42804193,        0,  -35195807,          0
  4374,    63,   78000000,   41651367,        0,  -36348633,          0
  4374,    64,   78000000,   39437724,        0,  -38562276,          0
  4374,    65,   78000000,   38855828,        0,  -39144172,          0
  4374,    66,   78000000,   41841205,        0,  -36158795,          0
  4374,    67,   78000000,   38338067,        0,  -39661933,          0
  4374,    68,   78000000,   43848341,        0,  -34151659,          0
  4374,    69,   78000000,   43052959,        0,  -34947041,          0
  4374,    70,   78000000,   41185073,        0,  -36814927,          0
  4374,    71,   78000000,   38277678,        0,  -39722322,          0
  4374,    72,   78000000,   42917867,        0,  -35082133,          0
  4374,    73,   78000000,   38394053,        0,  -39605947,          0
  4374,    74,   78000000,   39948397,        0,  -38051603,          0
  4374,    75,   78000000,   41034658,        0,  -36965342,          0
  4374,    76,   78000000,   40753574,        0,  -37246426,          0
  4374,    77,   78000000,   45257331,        0,  -32742669,          0
  4374,    78,   78000000,   38619227,        0,  -39380773,          0
  4374,    79,   78000000,   35067368,        0,  -42932632,          0
  4374,    80,   78000000,   39629596,        0,  -38370404,          0
  4374,    81,   78000000,   41628193,        0,  -36371807,          0
  4374,    82,   78000000,   43422119,        0,  -34577881,          0
  4374,    83,   78000000,   41694531,        0,  -36305469,          0
  4374,    84,   78000000,   42438676,        0,  -35561324,          0
  4374,    85,   78000000,   40733022,        0,  -37266978,          0
  4374,    86,   78000000,   40468740,        0,  -37531260,          0
  4374,    87,   78000000,   38052399,        0,  -39947601,          0
  4374,    88,   78000000,   36751689,        0,  -41248311,          0
  4374,    89,   78000000,   38240195,        0,  -39759805,          0
  4374,    90,   78000000,   41563653,        0,  -36436347,          0
  4374,    91,   78000000,   37798665,        0,  -40201335,          0
  4374,    92,   78000000,   40086911,        0,  -37913089,          0
  4374,    93,   78000000,   40561940,        0,  -37438060,          0
  4374,    94,   78000000,   40345487,        0,  -37654513,          0
  4374,    95,   78000000,   36777670,        0,  -41222330,          0
  4374,    96,   78000000,   41799451,        0,  -36200549,          0
  4374,    97,   78000000,   38926097,        0,  -39073903,          0
  4374,    98,   78000000,   44203055,        0,  -33796945,          0
  4374,    99,   78000000,   41201054,        0,  -36798946,          0
  4374,   100,   78000000,   37164913,        0,  -40835087,          0
  4374,   101,   78000000,   38959079,        0,  -39040921,          0
  4374,   102,   78000000,   38981890,        0,  -39018110,          0
  4374,   103,   78000000,   41185119,        0,  -36814881,          0
  4374,   104,   78000000,   43682858,        0,  -34317142,          0
  4374,   105,   78000000,   40455417,        0,  -37544583,          0
  4374,   106,   78000000,   42991672,        0,  -35008328,          0
  4374,   107,   78000000,   42229257,        0,  -35770743,          0
  4374,   108,   78000000,   40547266,        0,  -37452734,          0
  4374,   109,   78000000,   37563795,        0,  -40436205,          0
  4374,   110,   78000000,   40035532,        0,  -37964468,          0
  4374,   111,   78000000,   40694559,        0,  -37305441,          0
  4374,   112,   78000000,   36938656,        0,  -41061344,          0
  4374,   113,   78000000,   36806573,        0,  -41193427,          0
  4374,   114,   78000000,   38761029,        0,  -39238971,          0
  4374,   115,   78000000,   41648580,        0,  -36351420,          0
  4374,   116,   78000000,   40866009,        0,  -37133991,          0
  4374,   117,   78000000,   39054024,        0,  -38945976,          0
  4374,   118,   78000000,   36196255,        0,  -41803745,          0
  4374,   119,   78000000,   41516778,        0,  -36483222,          0
  4374,   120,   78000000,   36765525,        0,  -41234475,          0
  4374,   121,   78000000,   37885111,        0,  -40114889,          0
  4374,   122,   78000000,   39350895,        0,  -38649105,          0
  4374,   123,   78000000,   39841900,        0,  -38158100,          0
  4374,   124,   78000000,   40768096,        0,  -37231904,          0
  4374,   125,   78000000,   37306775,        0,  -40693225,          0
  4374,   126,   78000000,   36848486,        0,  -41151514,          0
  4374,   127,   78000000,   41108912,        0,  -36891088,          0
  4374,   128,   78000000,   40439495,        0,  -37560505,          0
  4374,   129,   78000000,   37450056,        0,  -40549944,          0
  4374,   130,   78000000,   40839067,        0,  -37160933,          0
  4374,   131,   78000000,   37182413,        0,  -40817587,          0
  4374,   132,   78000000,   40208265,        0,  -37791735,          0
# task NAME=myapp PID=4379 COST=5011000 PERIOD=22000000 CPU=0
  4379,     2,   22000000,      26778,        0,  -21973222,          0
  4379,     3,   22000000,      66485,        0,  -21933515,          0
  4379,     4,   22000000,    5093445,        0,  -16906555,          0
  4379,     5,   22000000,    5225061,        0,  -16774939,          0
  4379,     6,   22000000,    7054366,        0,  -14945634,          0
  4379,     7,   22000000,    5757738,        0,  -16242262,          0
  4379,     8,   22000000,    8020620,        0,  -13979380,          0
  4379,     9,   22000000,    5593281,        0,  -16406719,          0
  4379,    10,   22000000,    6113640,        0,  -15886360,          0
  4379,    11,   22000000,    5790764,        0,  -16209236,          0
  4379,    12,   22000000,    7772658,        0,  -14227342,          0
  4379,    13,   22000000,    5083914,        0,  -16916086,          0
  4379,    14,   22000000,    8083319,        0,  -13916681,          0
  4379,    15,   22000000,    6775865,        0,  -15224135,          0
  4379,    16,   22000000,    7028645,        0,  -14971355,          0
  4379,    17,   22000000,    5631519,        0,  -16368481,          0
  4379,    18,   22000000,    6953922,        0,  -15046078,          0
  4379,    19,   22000000,    5682633,        0,  -16317367,          0
  4379,    20,   22000000,    7041866,        0,  -14958134,          0
  4379,    21,   22000000,    6436945,        0,  -15563055,          0
  4379,    22,   22000000,    8362192,        0,  -13637808,          0
  4379,    23,   22000000,    5037502,        0,  -16962498,          0
  4379,    24,   22000000,    7799368,        0,  -14200632,          0
  4379,    25,   22000000,    5987981,        0,  -16012019,          0
  4379,    26,   22000000,    6453576,        0,  -15546424,          0
  4379,    27,   22000000,    5238291,        0,  -16761709,          0
  4379,    28,   22000000,    7953591,        0,  -14046409,          0
  4379,    29,   22000000,    6766158,        0,  -15233842,          0
  4379,    30,   22000000,    6891818,        0,  -15108182,          0
  4379,    31,   22000000,    5798193,        0,  -16201807,          0
  4379,    32,   22000000,    7083381,        0,  -14916619,          0
  4379,    33,   22000000,    6071089,        0,  -15928911,          0
  4379,    34,   22000000,    7814840,        0,  -14185160,          0
  4379,    35,   22000000,    5417192,        0,  -16582808,          0
  4379,    36,   22000000,    5095037,        0,  -16904963,          0
  4379,    37,   22000000,    6770874,        0,  -15229126,          0
  4379,    38,   22000000,    6996823,        0,  -15003177,          0
  4379,    39,   22000000,    5898333,        0,  -16101667,          0
  4379,    40,   22000000,    6542506,        0,  -15457494,          0
  4379,    41,   22000000,    4951862,        0,  -17048138,          0
  4379,    42,   22000000,    7031856,        0,  -14968144,          0
  4379,    43,   22000000,    6647983,        0,  -15352017,          0
  4379,    44,   22000000,    5132086,        0,  -16867914,          0
  4379,    45,   22000000,    5461308,        0,  -16538692,          0
  4379,    46,   22000000,    7253370,        0,  -14746630,          0
  4379,    47,   22000000,    5930851,        0,  -16069149,          0
  4379,    48,   22000000,    5003388,        0,  -16996612,          0
  4379,    49,   22000000,    6926788,        0,  -15073212,          0
  4379,    50,   22000000,    7281585,        0,  -14718415,          0
  4379,    51,   22000000,    6649481,        0,  -15350519,          0
  4379,    52,   22000000,    7846857,        0,  -14153143,          0
  4379,    53,   22000000,    6769763,        0,  -15230237,          0
  4379,    54,   22000000,    6979817,        0,  -15020183,          0
  4379,    55,   22000000,    6728262,        0,  -15271738,          0
  4379,    56,   22000000,    7069374,        0,  -14930626,          0
  4379,    57,   22000000,    5802702,        0,  -16197298,          0
  4379,    58,   22000000,    6999066,        0,  -15000934,          0
  4379,    59,   22000000,    6230067,        0,  -15769933,          0
  4379,    60,   22000000,    7796565,        0,  -14203435,          0
  4379,    61,   22000000,    5254589,        0,  -16745411,          0
  4379,    62,   22000000,    7801092,        0,  -14198908,          0
  4379,    63,   22000000,    6595458,        0,  -15404542,          0
  4379,    64,   22000000,    8825771,        0,  -13174229,          0
  4379,    65,   22000000,    5072932,        0,  -16927068,          0
  4379,    66,   22000000,    8872211,        0,  -13127789,          0
  4379,    67,   22000000,    6333088,        0,  -15666912,          0
  4379,    68,   22000000,    6813719,        0,  -15186281,          0
  4379,    69,   22000000,    5816381,        0,  -16183619,          0
  4379,    70,   22000000,    7055236,        0,  -14944764,          0
  4379,    71,   22000000,    5818508,        0,  -16181492,          0
  4379,    72,   22000000,    5105496,        0,  -16894504,          0
  4379,    73,   22000000,    6004019,        0,  -15995981,          0
  4379,    74,   22000000,    7768307,        0,  -14231693,          0
  4379,    75,   22000000,    5794206,        0,  -16205794,          0
  4379,    76,   22000000,    5209261,        0,  -16790739,          0
  4379,    77,   22000000,    5553671,        0,  -16446329,          0
  4379,    78,   22000000,    7621615,        0,  -14378385,          0
  4379,    79,   22000000,    6771570,        0,  -15228430,          0
  4379,    80,   22000000,    5116806,        0,  -16883194,          0
  4379,    81,   22000000,    5281324,        0,  -16718676,          0
  4379,    82,   22000000,    6838169,        0,  -15161831,          0
  4379,    83,   22000000,   10905762,        0,  -11094238,          0
  4379,    84,   22000000,    7584301,        0,  -14415699,          0
  4379,    85,   22000000,    5983495,        0,  -16016505,          0
  4379,    86,   22000000,    5934340,        0,  -16065660,          0
  4379,    87,   22000000,    5860143,        0,  -16139857,          0
  4379,    88,   22000000,    7865633,        0,  -14134367,          0
  4379,    89,   22000000,    5091639,        0,  -16908361,          0
  4379,    90,   22000000,    7109298,        0,  -14890702,          0
  4379,    91,   22000000,    6023536,        0,  -15976464,          0
  4379,    92,   22000000,    7850100,        0,  -14149900,          0
  4379,    93,   22000000,    5221394,        0,  -16778606,          0
  4379,    94,   22000000,    5095203,        0,  -16904797,          0
  4379,    95,   22000000,    7852268,        0,  -14147732,          0
  4379,    96,   22000000,    7988892,        0,  -14011108,          0
  4379,    97,   22000000,    5744146,        0,  -16255854,          0
  4379,    98,   22000000,    7335920,        0,  -14664080,          0
  4379,    99,   22000000,    9474405,        0,  -12525595,          0
  4379,   100,   22000000,    5994731,        0,  -16005269,          0
  4379,   101,   22000000,    5843734,        0,  -16156266,          0
  4379,   102,   22000000,    7079297,        0,  -14920703,          0
  4379,   103,   22000000,    6745038,        0,  -15254962,          0
  4379,   104,   22000000,    7413362,        0,  -14586638,          0
  4379,   105,   22000000,    5805350,        0,  -16194650,          0
  4379,   106,   22000000,    7695168,        0,  -14304832,          0
  4379,   107,   22000000,    5783339,        0,  -16216661,          0
  4379,   108,   22000000,    5082355,        0,  -16917645,          0
  4379,   109,   22000000,    6677667,        0,  -15322333,          0
  4379,   110,   22000000,    4936979,        0,  -17063021,          0
  4379,   111,   22000000,    5929992,        0,  -16070008,          0
  4379,   112,   22000000,    5127651,        0,  -16872349,          0
  4379,   113,   22000000,    4930080,        0,  -17069920,          0
  4379,   114,   22000000,    7988085,        0,  -14011915,          0
  4379,   115,   22000000,    5332163,        0,  -16667837,          0
  4379,   116,   22000000,    7116136,        0,  -14883864,          0
  4379,   117,   22000000,    6760111,        0,  -15239889,          0
  4379,   118,   22000000,    7807723,        0,  -14192277,          0
  4379,   119,   22000000,    5066217,        0,  -16933783,          0
  4379,   120,   22000000,    5134994,        0,  -16865006,          0
  4379,   121,   22000000,    5003529,        0,  -16996471,          0
  4379,   122,   22000000,    7598934,        0,  -14401066,          0
  4379,   123,   22000000,    5952119,        0,  -16047881,          0
  4379,   124,   22000000,    7513358,        0,  -14486642,          0
  4379,   125,   22000000,    5954507,        0,  -16045493,          0
  4379,   126,   22000000,    5118273,        0,  -16881727,          0
  4379,   127,   22000000,    6795515,        0,  -15204485,          0
  4379,   128,   22000000,    8010324,        0,  -13989676,          0
  4379,   129,   22000000,    6504342,        0,  -15495658,          0
  4379,   130,   22000000,    7052862,        0,  -14947138,          0
  4379,   131,   22000000,    5476686,        0,  -16523314,          0
  4379,   132,   22000000,    7565411,        0,  -14434589,          0
  4379,   133,   22000000,    5926695,        0,  -16073305,          0
  4379,   134,   22000000,    5192007,        0,  -16807993,          0
  4379,   135,   22000000,    6787337,        0,  -15212663,          0
  4379,   136,   22000000,    7794493,        0,  -14205507,          0
  4379,   137,   22000000,    6779589,        0,  -15220411,          0
  4379,   138,   22000000,    6011720,        0,  -15988280,          0
  4379,   139,   22000000,    5705038,        0,  -16294962,          0
  4379,   140,   22000000,    4954765,        0,  -17045235,          0
  4379,   141,   22000000,    6839681,        0,  -15160319,          0
  4379,   142,   22000000,    7477916,        0,  -14522084,          0
  4379,   143,   22000000,    5693492,        0,  -16306508,          0
  4379,   144,   22000000,    7670028,        0,  -14329972,          0
  4379,   145,   22000000,    6804205,        0,  -15195795,          0
  4379,   146,   22000000,    5073216,        0,  -16926784,          0
  4379,   147,   22000000,    5076675,        0,  -16923325,          0
  4379,   148,   22000000,    7811372,        0,  -14188628,          0
  4379,   149,   22000000,    4904227,        0,  -17095773,          0
  4379,   150,   22000000,    7067607,        0,  -14932393,          0
  4379,   151,   22000000,    6825941,        0,  -15174059,          0
  4379,   152,   22000000,    7037304,        0,  -14962696,          0
  4379,   153,   22000000,    5155604,        0,  -16844396,          0
  4379,   154,   22000000,    8736911,        0,  -13263089,          0
  4379,   155,   22000000,    5795126,        0,  -16204874,          0
  4379,   156,   22000000,    7735997,        0,  -14264003,          0
  4379,   157,   22000000,    5131673,        0,  -16868327,          0
  4379,   158,   22000000,    8193523,        0,  -13806477,          0
  4379,   159,   22000000,    5804945,        0,  -16195055,          0
  4379,   160,   22000000,    7108921,        0,  -14891079,          0
  4379,   161,   22000000,    6023327,        0,  -15976673,          0
  4379,   162,   22000000,    6676176,        0,  -15323824,          0
  4379,   163,   22000000,    5956586,        0,  -16043414,          0
  4379,   164,   22000000,    5189787,        0,  -16810213,          0
  4379,   165,   22000000,    6835188,        0,  -15164812,          0
  4379,   166,   22000000,    5148973,        0,  -16851027,          0
  4379,   167,   22000000,    6837763,        0,  -15162237,          0
  4379,   168,   22000000,    5060460,        0,  -16939540,          0
  4379,   169,   22000000,    5828080,        0,  -16171920,          0
  4379,   170,   22000000,    5206201,        0,  -16793799,          0
  4379,   171,   22000000,    6499649,        0,  -15500351,          0
  4379,   172,   22000000,    8833834,        0,  -13166166,          0
  4379,   173,   22000000,    6787260,        0,  -15212740,          0
  4379,   174,   22000000,    7184970,        0,  -14815030,          0
  4379,   175,   22000000,    6351452,        0,  -15648548,          0
  4379,   176,   22000000,    7492213,        0,  -14507787,          0
  4379,   177,   22000000,    6785036,        0,  -15214964,          0
  4379,   178,   22000000,    6377046,        0,  -15622954,          0
  4379,   179,   22000000,    5922991,        0,  -16077009,          0
  4379,   180,   22000000,    7231527,        0,  -14768473,          0
  4379,   181,   22000000,    5752638,        0,  -16247362,          0
  4379,   182,   22000000,    7028062,        0,  -14971938,          0
  4379,   183,   22000000,    6015092,        0,  -15984908,          0
  4379,   184,   22000000,    5133201,        0,  -16866799,          0
  4379,   185,   22000000,    6519917,        0,  -15480083,          0
  4379,   186,   22000000,    7043346,        0,  -14956654,          0
  4379,   187,   22000000,    5858944,        0,  -16141056,          0
  4379,   188,   22000000,    7814118,        0,  -14185882,          0
  4379,   189,   22000000,    5093160,        0,  -16906840,          0
  4379,   190,   22000000,    5942621,        0,  -16057379,          0
  4379,   191,   22000000,    6951390,        0,  -15048610,          0
  4379,   192,   22000000,    7049484,        0,  -14950516,          0
  4379,   193,   22000000,    6223769,        0,  -15776231,          0
  4379,   194,   22000000,    7778787,        0,  -14221213,          0
  4379,   195,   22000000,    5790046,        0,  -16209954,          0
  4379,   196,   22000000,    6052897,        0,  -15947103,          0
  4379,   197,   22000000,    5080800,        0,  -16919200,          0
  4379,   198,   22000000,    4983919,        0,  -17016081,          0
  4379,   199,   22000000,    6797358,        0,  -15202642,          0
  4379,   200,   22000000,    6323125,        0,  -15676875,          0
  4379,   201,   22000000,    5109969,        0,  -16890031,          0
  4379,   202,   22000000,    7514514,        0,  -14485486,          0
  4379,   203,   22000000,    6759644,        0,  -15240356,          0
  4379,   204,   22000000,    8780939,        0,  -13219061,          0
  4379,   205,   22000000,    5898693,        0,  -16101307,          0
  4379,   206,   22000000,    6423878,        0,  -15576122,          0
  4379,   207,   22000000,    6713695,        0,  -15286305,          0
  4379,   208,   22000000,    6084681,        0,  -15915319,          0
  4379,   209,   22000000,    6114093,        0,  -15885907,          0
  4379,   210,   22000000,    5114265,        0,  -16885735,          0
  4379,   211,   22000000,    5669156,        0,  -16330844,          0
  4379,   212,   22000000,    7796039,        0,  -14203961,          0
  4379,   213,   22000000,    9074039,        0,  -12925961,          0
  4379,   214,   22000000,    6190698,        0,  -15809302,          0
  4379,   215,   22000000,    5399260,        0,  -16600740,          0
  4379,   216,   22000000,    7056970,        0,  -14943030,          0
  4379,   217,   22000000,    5868566,        0,  -16131434,          0
  4379,   218,   22000000,    7110235,        0,  -14889765,          0
  4379,   219,   22000000,    5813855,        0,  -16186145,          0
  4379,   220,   22000000,    7070163,        0,  -14929837,          0
  4379,   221,   22000000,    6836857,        0,  -15163143,          0
  4379,   222,   22000000,    7764784,        0,  -14235216,          0
  4379,   223,   22000000,    6739112,        0,  -15260888,          0
  4379,   224,   22000000,    7114099,        0,  -14885901,          0
  4379,   225,   22000000,    5043273,        0,  -16956727,          0
  4379,   226,   22000000,    7236875,        0,  -14763125,          0
  4379,   227,   22000000,    5076142,        0,  -16923858,          0
  4379,   228,   22000000,    6804712,        0,  -15195288,          0
  4379,   229,   22000000,    5791425,        0,  -16208575,          0
  4379,   230,   22000000,    5042740,        0,  -16957260,          0
  4379,   231,   22000000,    5707983,        0,  -16292017,          0
  4379,   232,   22000000,    7020408,        0,  -14979592,          0
  4379,   233,   22000000,    5771780,        0,  -16228220,          0
  4379,   234,   22000000,    4950505,        0,  -17049495,          0
  4379,   235,   22000000,    9157007,        0,  -12842993,          0
  4379,   236,   22000000,    7845216,        0,  -14154784,          0
  4379,   237,   22000000,    7223519,        0,  -14776481,          0
  4379,   238,   22000000,    7049075,        0,  -14950925,          0
  4379,   239,   22000000,    5850750,        0,  -16149250,          0
  4379,   240,   22000000,    7052062,        0,  -14947938,          0
  4379,   241,   22000000,    6803175,        0,  -15196825,          0
  4379,   242,   22000000,    8063941,        0,  -13936059,          0
  4379,   243,   22000000,    6811802,        0,  -15188198,          0
  4379,   244,   22000000,    7484585,        0,  -14515415,          0
  4379,   245,   22000000,    6103305,        0,  -15896695,          0
  4379,   246,   22000000,    6163957,        0,  -15836043,          0
  4379,   247,   22000000,    6398583,        0,  -15601417,          0
  4379,   248,   22000000,    5096282,        0,  -16903718,          0
  4379,   249,   22000000,    6833687,        0,  -15166313,          0
  4379,   250,   22000000,    7955956,        0,  -14044044,          0
  4379,   251,   22000000,    5634474,        0,  -16365526,          0
  4379,   252,   22000000,    5872164,        0,  -16127836,          0
  4379,   253,   22000000,    6807502,        0,  -15192498,          0
  4379,   254,   22000000,    7677794,        0,  -14322206,          0
  4379,   255,   22000000,    6769491,        0,  -15230509,          0
  4379,   256,   22000000,    8751655,        0,  -13248345,          0
  4379,   257,   22000000,    5021823,        0,  -16978177,          0
  4379,   258,   22000000,    7819401,        0,  -14180599,          0
  4379,   259,   22000000,    5106402,        0,  -16893598,          0
  4379,   260,   22000000,    7249819,        0,  -14750181,          0
  4379,   261,   22000000,    5823352,        0,  -16176648,          0
  4379,   262,   22000000,    6598390,        0,  -15401610,          0
  4379,   263,   22000000,    5811500,        0,  -16188500,          0
  4379,   264,   22000000,    7096557,        0,  -14903443,          0
  4379,   265,   22000000,    7022858,        0,  -14977142,          0
  4379,   266,   22000000,    6052895,        0,  -15947105,          0
  4379,   267,   22000000,    5782135,        0,  -16217865,          0
  4379,   268,   22000000,    8830622,        0,  -13169378,          0
  4379,   269,   22000000,    6332414,        0,  -15667586,          0
  4379,   270,   22000000,    6095523,        0,  -15904477,          0
  4379,   271,   22000000,    6263111,        0,  -15736889,          0
  4379,   272,   22000000,    7029669,        0,  -14970331,          0
  4379,   273,   22000000,    9069440,        0,  -12930560,          0
  4379,   274,   22000000,    7676095,        0,  -14323905,          0
  4379,   275,   22000000,    5100245,        0,  -16899755,          0
  4379,   276,   22000000,    7118148,        0,  -14881852,          0
  4379,   277,   22000000,    6569395,        0,  -15430605,          0
  4379,   278,   22000000,    7060601,        0,  -14939399,          0
  4379,   279,   22000000,    6755931,        0,  -15244069,          0
  4379,   280,   22000000,    6684244,        0,  -15315756,          0
  4379,   281,   22000000,    6499176,        0,  -15500824,          0
  4379,   282,   22000000,    4948781,        0,  -17051219,          0
  4379,   283,   22000000,    6216228,        0,  -15783772,          0
  4379,   284,   22000000,    7932785,        0,  -14067215,          0
  4379,   285,   22000000,    5636389,        0,  -16363611,          0
  4379,   286,   22000000,    6727001,        0,  -15272999,          0
  4379,   287,   22000000,    6849051,        0,  -15150949,          0
  4379,   288,   22000000,    7780631,        0,  -14219369,          0
  4379,   289,   22000000,    6180789,        0,  -15819211,          0
  4379,   290,   22000000,    8841390,        0,  -13158610,          0
  4379,   291,   22000000,    6780179,        0,  -15219821,          0
  4379,   292,   22000000,    7019044,        0,  -14980956,          0
  4379,   293,   22000000,    5800078,        0,  -16199922,          0
  4379,   294,   22000000,    8344158,        0,  -13655842,          0
  4379,   295,   22000000,    5803928,        0,  -16196072,          0
  4379,   296,   22000000,    7059810,        0,  -14940190,          0
  4379,   297,   22000000,    5186069,        0,  -16813931,          0
  4379,   298,   22000000,    6985308,        0,  -15014692,          0
  4379,   299,   22000000,    5845727,        0,  -16154273,          0
  4379,   300,   22000000,    7336762,        0,  -14663238,          0
  4379,   301,   22000000,    5050970,        0,  -16949030,          0
  4379,   302,   22000000,    7134656,        0,  -14865344,          0
  4379,   303,   22000000,    6524117,        0,  -15475883,          0
  4379,   304,   22000000,    6352413,        0,  -15647587,          0
  4379,   305,   22000000,    5942398,        0,  -16057602,          0
  4379,   306,   22000000,    5084239,        0,  -16915761,          0
  4379,   307,   22000000,    5700630,        0,  -16299370,          0
  4379,   308,   22000000,    7025539,        0,  -14974461,          0
  4379,   309,   22000000,    6224231,        0,  -15775769,          0
  4379,   310,   22000000,    7125975,        0,  -14874025,          0
  4379,   311,   22000000,    5584066,        0,  -16415934,          0
  4379,   312,   22000000,    7926859,        0,  -14073141,          0
  4379,   313,   22000000,    7301412,        0,  -14698588,          0
  4379,   314,   22000000,    7830608,        0,  -14169392,          0
  4379,   315,   22000000,    5739241,        0,  -16260759,          0
  4379,   316,   22000000,    8156076,        0,  -13843924,          0
  4379,   317,   22000000,    6191283,        0,  -15808717,          0
  4379,   318,   22000000,    7041995,        0,  -14958005,          0
  4379,   319,   22000000,    5996547,        0,  -16003453,          0
  4379,   320,   22000000,    6899643,        0,  -15100357,          0
  4379,   321,   22000000,    5401736,        0,  -16598264,          0
  4379,   322,   22000000,    7093084,        0,  -14906916,          0
  4379,   323,   22000000,    5940327,        0,  -16059673,          0
  4379,   324,   22000000,    5026478,        0,  -16973522,          0
  4379,   325,   22000000,    6809335,        0,  -15190665,          0
  4379,   326,   22000000,    7040669,        0,  -14959331,          0
  4379,   327,   22000000,    6808321,        0,  -15191679,          0
  4379,   328,   22000000,    7031825,        0,  -14968175,          0
  4379,   329,   22000000,    7088626,        0,  -14911374,          0
  4379,   330,   22000000,    6663822,        0,  -15336178,          0
  4379,   331,   22000000,    5834986,        0,  -16165014,          0
  4379,   332,   22000000,    7841928,        0,  -14158072,          0
  4379,   333,   22000000,    5847403,        0,  -16152597,          0
  4379,   334,   22000000,    5966756,        0,  -16033244,          0
  4379,   335,   22000000,    6321898,        0,  -15678102,          0
  4379,   336,   22000000,    7067065,        0,  -14932935,          0
  4379,   337,   22000000,    5798615,        0,  -16201385,          0
  4379,   338,   22000000,    6567851,        0,  -15432149,          0
  4379,   339,   22000000,    6822553,        0,  -15177447,          0
  4379,   340,   22000000,    7808718,        0,  -14191282,          0
  4379,   341,   22000000,    5037866,        0,  -16962134,          0
  4379,   342,   22000000,    6710802,        0,  -15289198,          0
  4379,   343,   22000000,    5961066,        0,  -16038934,          0
  4379,   344,   22000000,    7944972,        0,  -14055028,          0
  4379,   345,   22000000,    5005709,        0,  -16994291,          0
  4379,   346,   22000000,    7133447,        0,  -14866553,          0
  4379,   347,   22000000,    6516417,        0,  -15483583,          0
  4379,   348,   22000000,    7046852,        0,  -14953148,          0
  4379,   349,   22000000,    5783774,        0,  -16216226,          0
  4379,   350,   22000000,    5037863,        0,  -16962137,          0
  4379,   351,   22000000,    6657689,        0,  -15342311,          0
  4379,   352,   22000000,    7604106,        0,  -14395894,          0
  4379,   353,   22000000,    5241567,        0,  -16758433,          0
  4379,   354,   22000000,    7210121,        0,  -14789879,          0
  4379,   355,   22000000,    8974169,        0,  -13025831,          0
  4379,   356,   22000000,    7833161,        0,  -14166839,          0
  4379,   357,   22000000,    5806417,        0,  -16193583,          0
  4379,   358,   22000000,    5091821,        0,  -16908179,          0
  4379,   359,   22000000,    5855749,        0,  -16144251,          0
  4379,   360,   22000000,    7045971,        0,  -14954029,          0
  4379,   361,   22000000,    6843781,        0,  -15156219,          0
  4379,   362,   22000000,    7043785,        0,  -14956215,          0
  4379,   363,   22000000,    6484414,        0,  -15515586,          0
  4379,   364,   22000000,    7274996,        0,  -14725004,          0
  4379,   365,   22000000,    4996818,        0,  -17003182,          0
  4379,   366,   22000000,    8004194,        0,  -13995806,          0
  4379,   367,   22000000,    5719780,        0,  -16280220,          0
  4379,   368,   22000000,    7987054,        0,  -14012946,          0
  4379,   369,   22000000,    5717558,        0,  -16282442,          0
  4379,   370,   22000000,    7862173,        0,  -14137827,          0
  4379,   371,   22000000,    6817113,        0,  -15182887,          0
  4379,   372,   22000000,    6172769,        0,  -15827231,          0
  4379,   373,   22000000,    5582862,        0,  -16417138,          0
  4379,   374,   22000000,    7037773,        0,  -14962227,          0
  4379,   375,   22000000,    7471235,        0,  -14528765,          0
  4379,   376,   22000000,    7837898,        0,  -14162102,          0
  4379,   377,   22000000,    5037740,        0,  -16962260,          0
  4379,   378,   22000000,    7457018,        0,  -14542982,          0
  4379,   379,   22000000,    6824227,        0,  -15175773,          0
  4379,   380,   22000000,    5137989,        0,  -16862011,          0
  4379,   381,   22000000,    5076281,        0,  -16923719,          0
  4379,   382,   22000000,    5118852,        0,  -16881148,          0
  4379,   383,   22000000,    5825846,        0,  -16174154,          0
  4379,   384,   22000000,    8018152,        0,  -13981848,          0
  4379,   385,   22000000,    6999000,        0,  -15001000,          0
  4379,   386,   22000000,    8003901,        0,  -13996099,          0
  4379,   387,   22000000,    4974316,        0,  -17025684,          0
  4379,   388,   22000000,    6138739,        0,  -15861261,          0
  4379,   389,   22000000,    6195193,        0,  -15804807,          0
  4379,   390,   22000000,    6497897,        0,  -15502103,          0
  4379,   391,   22000000,    5319212,        0,  -16680788,          0
  4379,   392,   22000000,    5121182,        0,  -16878818,          0
  4379,   393,   22000000,    5808593,        0,  -16191407,          0
  4379,   394,   22000000,    7405637,        0,  -14594363,          0
  4379,   395,   22000000,    5988117,        0,  -16011883,          0
  4379,   396,   22000000,    5131413,        0,  -16868587,          0
  4379,   397,   22000000,    6862355,        0,  -15137645,          0
  4379,   398,   22000000,    7419142,        0,  -14580858,          0
  4379,   399,   22000000,    5088497,        0,  -16911503,          0
  4379,   400,   22000000,    5091859,        0,  -16908141,          0
  4379,   401,   22000000,    7102104,        0,  -14897896,          0
  4379,   402,   22000000,    7046499,        0,  -14953501,          0
  4379,   403,   22000000,    6824882,        0,  -15175118,          0
  4379,   404,   22000000,    7079161,        0,  -14920839,          0
  4379,   405,   22000000,    6781480,        0,  -15218520,          0
  4379,   406,   22000000,    5216421,        0,  -16783579,          0
  4379,   407,   22000000,    5912887,        0,  -16087113,          0
  4379,   408,   22000000,    7279293,        0,  -14720707,          0
  4379,   409,   22000000,    7562829,        0,  -14437171,          0
  4379,   410,   22000000,    5460635,        0,  -16539365,          0
  4379,   411,   22000000,    9079581,        0,  -12920419,          0
  4379,   412,   22000000,    5010822,        0,  -16989178,          0
  4379,   413,   22000000,    7082226,        0,  -14917774,          0
  4379,   414,   22000000,    7062760,        0,  -14937240,          0
  4379,   415,   22000000,    6769111,        0,  -15230889,          0
  4379,   416,   22000000,    6380779,        0,  -15619221,          0
  4379,   417,   22000000,    6783738,        0,  -15216262,          0
  4379,   418,   22000000,    6530709,        0,  -15469291,          0
  4379,   419,   22000000,    6477002,        0,  -15522998,          0
  4379,   420,   22000000,    7783831,        0,  -14216169,          0
  4379,   421,   22000000,    6825727,        0,  -15174273,          0
  4379,   422,   22000000,    7074389,        0,  -14925611,          0
  4379,   423,   22000000,    6697494,        0,  -15302506,          0
  4379,   424,   22000000,    7098803,        0,  -14901197,          0
  4379,   425,   22000000,    5976300,        0,  -16023700,          0
  4379,   426,   22000000,    7700881,        0,  -14299119,          0
  4379,   427,   22000000,    5231138,        0,  -16768862,          0
  4379,   428,   22000000,    7549064,        0,  -14450936,          0
  4379,   429,   22000000,    5055460,        0,  -16944540,          0
  4379,   430,   22000000,    7079738,        0,  -14920262,          0
  4379,   431,   22000000,    6039623,        0,  -15960377,          0
  4379,   432,   22000000,    7023847,        0,  -14976153,          0
  4379,   433,   22000000,    6763889,        0,  -15236111,          0
  4379,   434,   22000000,    6810183,        0,  -15189817,          0
  4379,   435,   22000000,    5813142,        0,  -16186858,          0
  4379,   436,   22000000,    5183524,        0,  -16816476,          0
  4379,   437,   22000000,    5061973,        0,  -16938027,          0
  4379,   438,   22000000,    8604217,        0,  -13395783,          0
  4379,   439,   22000000,    5806467,        0,  -16193533,          0
  4379,   440,   22000000,    7594859,        0,  -14405141,          0
  4379,   441,   22000000,    5179324,        0,  -16820676,          0
  4379,   442,   22000000,    7872870,        0,  -14127130,          0
  4379,   443,   22000000,    9553970,        0,  -12446030,          0
  4379,   444,   22000000,    5140111,        0,  -16859889,          0
  4379,   445,   22000000,    5880142,        0,  -16119858,          0
  4379,   446,   22000000,    6954265,        0,  -15045735,          0
  4379,   447,   22000000,    5800109,        0,  -16199891,          0
  4379,   448,   22000000,    7054379,        0,  -14945621,          0
  4379,   449,   22000000,    5485262,        0,  -16514738,          0
  4379,   450,   22000000,    7405255,        0,  -14594745,          0
  4379,   451,   22000000,    6791273,        0,  -15208727,          0
  4379,   452,   22000000,    6639109,        0,  -15360891,          0
  4379,   453,   22000000,    5397882,        0,  -16602118,          0
  4379,   454,   22000000,    7978036,        0,  -14021964,          0
  4379,   455,   22000000,    6840200,        0,  -15159800,          0
  4379,   456,   22000000,    7843245,        0,  -14156755,          0
  4379,   457,   22000000,    6280621,        0,  -15719379,          0
  4379,   458,   22000000,    5723620,        0,  -16276380,          0
# task NAME=myapp PID=4382 COST=41282000 PERIOD=91000000 CPU=0
  4382,     2,   91000000,      15687,        0,  -90984313,          0
  4382,     3,   91000000,      70103,        0,  -90929897,          0
  4382,     4,   91000000,   70222197,        0,  -20777803,          0
  4382,     5,   91000000,   68135568,        0,  -22864432,          0
  4382,     6,   91000000,   70676195,        0,  -20323805,          0
  4382,     7,   91000000,   66260887,        0,  -24739113,          0
  4382,     8,   91000000,   62544381,        0,  -28455619,          0
  4382,     9,   91000000,   70758289,        0,  -20241711,          0
  4382,    10,   91000000,   71972194,        0,  -19027806,          0
  4382,    11,   91000000,   65119070,        0,  -25880930,          0
  4382,    12,   91000000,   66844635,        0,  -24155365,          0
  4382,    13,   91000000,   63888288,        0,  -27111712,          0
  4382,    14,   91000000,   68814405,        0,  -22185595,          0
  4382,    15,   91000000,   58563561,        0,  -32436439,          0
  4382,    16,   91000000,   65984999,        0,  -25015001,          0
  4382,    17,   91000000,   63702976,        0,  -27297024,          0
  4382,    18,   91000000,   67563026,        0,  -23436974,          0
  4382,    19,   91000000,   65523371,        0,  -25476629,          0
  4382,    20,   91000000,   66932723,        0,  -24067277,          0
  4382,    21,   91000000,   68341055,        0,  -22658945,          0
  4382,    22,   91000000,   68753221,        0,  -22246779,          0
  4382,    23,   91000000,   63127549,        0,  -27872451,          0
  4382,    24,   91000000,   66484544,        0,  -24515456,          0
  4382,    25,   91000000,   69055336,        0,  -21944664,          0
  4382,    26,   91000000,   69489129,        0,  -21510871,          0
  4382,    27,   91000000,   65926922,        0,  -25073078,          0
  4382,    28,   91000000,   66385151,        0,  -24614849,          0
  4382,    29,   91000000,   65765542,        0,  -25234458,          0
  4382,    30,   91000000,   63758464,        0,  -27241536,          0
  4382,    31,   91000000,   62358960,        0,  -28641040,          0
  4382,    32,   91000000,   66599995,        0,  -24400005,          0
  4382,    33,   91000000,   64393132,        0,  -26606868,          0
  4382,    34,   91000000,   67935016,        0,  -23064984,          0
  4382,    35,   91000000,   65594996,        0,  -25405004,          0
  4382,    36,   91000000,   66226639,        0,  -24773361,          0
  4382,    37,   91000000,   67419972,        0,  -23580028,          0
  4382,    38,   91000000,   67768282,        0,  -23231718,          0
  4382,    39,   91000000,   62355517,        0,  -28644483,          0
  4382,    40,   91000000,   65628108,        0,  -25371892,          0
  4382,    41,   91000000,   62729923,        0,  -28270077,          0
  4382,    42,   91000000,   66067200,        0,  -24932800,          0
  4382,    43,   91000000,   66713739,        0,  -24286261,          0
  4382,    44,   91000000,   63090733,        0,  -27909267,          0
  4382,    45,   91000000,   67294187,        0,  -23705813,          0
  4382,    46,   91000000,   64814680,        0,  -26185320,          0
  4382,    47,   91000000,   66400590,        0,  -24599410,          0
  4382,    48,   91000000,   66305797,        0,  -24694203,          0
  4382,    49,   91000000,   68487419,        0,  -22512581,          0
  4382,    50,   91000000,   68126256,        0,  -22873744,          0
  4382,    51,   91000000,   65456873,        0,  -25543127,          0
  4382,    52,   91000000,   59394381,        0,  -31605619,          0
  4382,    53,   91000000,   67533477,        0,  -23466523,          0
  4382,    54,   91000000,   71337828,        0,  -19662172,          0
  4382,    55,   91000000,   66716906,        0,  -24283094,          0
  4382,    56,   91000000,   67779884,        0,  -23220116,          0
  4382,    57,   91000000,   68185935,        0,  -22814065,          0
  4382,    58,   91000000,   69590400,        0,  -21409600,          0
  4382,    59,   91000000,   66327424,        0,  -24672576,          0
  4382,    60,   91000000,   66678256,        0,  -24321744,          0
  4382,    61,   91000000,   70578380,        0,  -20421620,          0
  4382,    62,   91000000,   68894191,        0,  -22105809,          0
  4382,    63,   91000000,   66419908,        0,  -24580092,          0
  4382,    64,   91000000,   63926471,        0,  -27073529,          0
  4382,    65,   91000000,   66864658,        0,  -24135342,          0
  4382,    66,   91000000,   64465785,        0,  -26534215,          0
  4382,    67,   91000000,   62295422,        0,  -28704578,          0
  4382,    68,   91000000,   59168294,        0,  -31831706,          0
  4382,    69,   91000000,   63598373,        0,  -27401627,          0
  4382,    70,   91000000,   67918520,        0,  -23081480,          0
  4382,    71,   91000000,   69843614,        0,  -21156386,          0
  4382,    72,   91000000,   65318885,        0,  -25681115,          0
  4382,    73,   91000000,   64819373,        0,  -26180627,          0
  4382,    74,   91000000,   68544427,        0,  -22455573,          0
  4382,    75,   91000000,   61092471,        0,  -29907529,          0
  4382,    76,   91000000,   71094728,        0,  -19905272,          0
  4382,    77,   91000000,   71125825,        0,  -19874175,          0
  4382,    78,   91000000,   69263226,        0,  -21736774,          0
  4382,    79,   91000000,   65119676,        0,  -25880324,          0
  4382,    80,   91000000,   66309592,        0,  -24690408,          0
  4382,    81,   91000000,   71252352,        0,  -19747648,          0
  4382,    82,   91000000,   71885607,        0,  -19114393,          0
  4382,    83,   91000000,   65904041,        0,  -25095959,          0
  4382,    84,   91000000,   70516638,        0,  -20483362,          0
  4382,    85,   91000000,   67926695,        0,  -23073305,          0
  4382,    86,   91000000,   68085703,        0,  -22914297,          0
  4382,    87,   91000000,   64466095,        0,  -26533905,          0
  4382,    88,   91000000,   63110196,        0,  -27889804,          0
  4382,    89,   91000000,   64535498,        0,  -26464502,          0
  4382,    90,   91000000,   65638009,        0,  -25361991,          0
  4382,    91,   91000000,   64843676,        0,  -26156324,          0
  4382,    92,   91000000,   62770592,        0,  -28229408,          0
  4382,    93,   91000000,   64083780,        0,  -26916220,          0
  4382,    94,   91000000,   68692168,        0,  -22307832,          0
  4382,    95,   91000000,   66875266,        0,  -24124734,          0
  4382,    96,   91000000,   62104270,        0,  -28895730,          0
  4382,    97,   91000000,   67318447,        0,  -23681553,          0
  4382,    98,   91000000,   64452883,        0,  -26547117,          0
  4382,    99,   91000000,   67069980,        0,  -23930020,          0
  4382,   100,   91000000,   69783650,        0,  -21216350,          0
  4382,   101,   91000000,   60727839,        0,  -30272161,          0
  4382,   102,   91000000,   69806072,        0,  -21193928,          0
  4382,   103,   91000000,   64716894,        0,  -26283106,          0
  4382,   104,   91000000,   66112555,        0,  -24887445,          0
  4382,   105,   91000000,   66605877,        0,  -24394123,          0
  4382,   106,   91000000,   64677430,        0,  -26322570,          0
  4382,   107,   91000000,   68628327,        0,  -22371673,          0
  4382,   108,   91000000,   63595954,        0,  -27404046,          0
  4382,   109,   91000000,   67756366,        0,  -23243634,          0
  4382,   110,   91000000,   68306267,        0,  -22693733,          0
  4382,   111,   91000000,   67065000,        0,  -23935000,          0
  4382,   112,   91000000,   65700394,        0,  -25299606,          0
  4382,   113,   91000000,   63269389,        0,  -27730611,          0
# task NAME=myapp PID=4387 COST=57505000 PERIOD=65000000 CPU=0
  4387,     2,   65000000,      17850,        0,  -64982150,          0
  4387,     3,   65000000,      88421,        0,  -64911579,          0
  4387,     4,   65000000,   96242525,        1,   31242525,   31242525
  4387,     5,   65000000,  120748160,        1,   55748160,   55748160
  4387,     6,   65000000,  151445339,        1,   86445339,   86445339
  4387,     7,   65000000,  184330609,        1,  119330609,  119330609
  4387,     8,   65000000,  211402103,        1,  146402103,  146402103
  4387,     9,   65000000,  246508691,        1,  181508691,  181508691
  4387,    10,   65000000,  281734595,        1,  216734595,  216734595
  4387,    11,   65000000,  311330056,        1,  246330056,  246330056
  4387,    12,   65000000,  336266314,        1,  271266314,  271266314
  4387,    13,   65000000,  368169129,        1,  303169129,  303169129
  4387,    14,   65000000,  394390875,        1,  329390875,  329390875
  4387,    15,   65000000,  428524236,        1,  363524236,  363524236
  4387,    16,   65000000,  456773600,        1,  391773600,  391773600
  4387,    17,   65000000,  487279322,        1,  422279322,  422279322
  4387,    18,   65000000,  522239985,        1,  457239985,  457239985
  4387,    19,   65000000,  553808976,        1,  488808976,  488808976
  4387,    20,   65000000,  588108621,        1,  523108621,  523108621
  4387,    21,   65000000,  611791033,        1,  546791033,  546791033
  4387,    22,   65000000,  644492501,        1,  579492501,  579492501
  4387,    23,   65000000,  680366388,        1,  615366388,  615366388
  4387,    24,   65000000,  713034064,        1,  648034064,  648034064
  4387,    25,   65000000,  747630241,        1,  682630241,  682630241
  4387,    26,   65000000,  781632910,        1,  716632910,  716632910
  4387,    27,   65000000,  809204880,        1,  744204880,  744204880
  4387,    28,   65000000,  836220573,        1,  771220573,  771220573
  4387,    29,   65000000,  866972817,        1,  801972817,  801972817
  4387,    30,   65000000,  891275593,        1,  826275593,  826275593
  4387,    31,   65000000,  921792251,        1,  856792251,  856792251
  4387,    32,   65000000,  952035821,        1,  887035821,  887035821
  4387,    33,   65000000,  983900805,        1,  918900805,  918900805
  4387,    34,   65000000, 1013727645,        1,  948727645,  948727645
  4387,    35,   65000000, 1045481424,        1,  980481424,  980481424
  4387,    36,   65000000, 1072254936,        1, 1007254936, 1007254936
  4387,    37,   65000000, 1099432280,        1, 1034432280, 1034432280
  4387,    38,   65000000, 1130387584,        1, 1065387584, 1065387584
  4387,    39,   65000000, 1161216648,        1, 1096216648, 1096216648
  4387,    40,   65000000, 1192132943,        1, 1127132943, 1127132943
  4387,    41,   65000000, 1219259352,        1, 1154259352, 1154259352
  4387,    42,   65000000, 1250453815,        1, 1185453815, 1185453815
  4387,    43,   65000000, 1282345388,        1, 1217345388, 1217345388
  4387,    44,   65000000, 1310219682,        1, 1245219682, 1245219682
  4387,    45,   65000000, 1345228493,        1, 1280228493, 1280228493
  4387,    46,   65000000, 1373401664,        1, 1308401664, 1308401664
  4387,    47,   65000000, 1401308191,        1, 1336308191, 1336308191
  4387,    48,   65000000, 1434213460,        1, 1369213460, 1369213460
  4387,    49,   65000000, 1460745974,        1, 1395745974, 1395745974
  4387,    50,   65000000, 1486458206,        1, 1421458206, 1421458206
  4387,    51,   65000000, 1514782522,        1, 1449782522, 1449782522
  4387,    52,   65000000, 1549674787,        1, 1484674787, 1484674787
  4387,    53,   65000000, 1578988004,        1, 1513988004, 1513988004
  4387,    54,   65000000, 1606811911,        1, 1541811911, 1541811911
  4387,    55,   65000000, 1640161641,        1, 1575161641, 1575161641
  4387,    56,   65000000, 1673415684,        1, 1608415684, 1608415684
  4387,    57,   65000000, 1700798085,        1, 1635798085, 1635798085
  4387,    58,   65000000, 1731820802,        1, 1666820802, 1666820802
  4387,    59,   65000000, 1760824818,        1, 1695824818, 1695824818
  4387,    60,   65000000, 1791596314,        1, 1726596314, 1726596314
  4387,    61,   65000000, 1827252145,        1, 1762252145, 1762252145
  4387,    62,   65000000, 1858474501,        1, 1793474501, 1793474501
  4387,    63,   65000000, 1890325717,        1, 1825325717, 1825325717
