# Task,   Job,     Period,   Response, DL Miss?,   Lateness,  Tardiness
# task NAME=myapp PID=32432 COST=2041000 PERIOD=48000000 CPU=0
 32432,     2,   48000000,       6199,        0,  -47993801,          0
 32432,     3,   48000000,     106831,        0,  -47893169,          0
 32432,     4,   48000000,    2074867,        0,  -45925133,          0
 32432,     5,   48000000,    1957097,        0,  -46042903,          0
 32432,     6,   48000000,    2726096,        0,  -45273904,          0
 32432,     7,   48000000,    2012611,        0,  -45987389,          0
 32432,     8,   48000000,    2773780,        0,  -45226220,          0
 32432,     9,   48000000,    1995518,        0,  -46004482,          0
 32432,    10,   48000000,    2434383,        0,  -45565617,          0
 32432,    11,   48000000,    2733354,        0,  -45266646,          0
 32432,    12,   48000000,    2772513,        0,  -45227487,          0
 32432,    13,   48000000,    1948419,        0,  -46051581,          0
 32432,    14,   48000000,    1967364,        0,  -46032636,          0
 32432,    15,   48000000,    1987612,        0,  -46012388,          0
 32432,    16,   48000000,    2734089,        0,  -45265911,          0
 32432,    17,   48000000,    2054661,        0,  -45945339,          0
 32432,    18,   48000000,    1982469,        0,  -46017531,          0
 32432,    19,   48000000,    2014259,        0,  -45985741,          0
 32432,    20,   48000000,    1975565,        0,  -46024435,          0
 32432,    21,   48000000,    2197745,        0,  -45802255,          0
 32432,    22,   48000000,    2844515,        0,  -45155485,          0
 32432,    23,   48000000,    2009576,        0,  -45990424,          0
 32432,    24,   48000000,    2445585,        0,  -45554415,          0
 32432,    25,   48000000,    2729183,        0,  -45270817,          0
 32432,    26,   48000000,    2750095,        0,  -45249905,          0
 32432,    27,   48000000,    1977281,        0,  -46022719,          0
 32432,    28,   48000000,    2056216,        0,  -45943784,          0
 32432,    29,   48000000,    2731334,        0,  -45268666,          0
 32432,    30,   48000000,    2020309,        0,  -45979691,          0
 32432,    31,   48000000,    2083808,        0,  -45916192,          0
 32432,    32,   48000000,    2003166,        0,  -45996834,          0
 32432,    33,   48000000,    2761324,        0,  -45238676,          0
 32432,    34,   48000000,    2777871,        0,  -45222129,          0
 32432,    35,   48000000,    1991769,        0,  -46008231,          0
 32432,    36,   48000000,    2138997,        0,  -45861003,          0
 32432,    37,   48000000,    1966100,        0,  -46033900,          0
 32432,    38,   48000000,    1999435,        0,  -46000565,          0
 32432,    39,   48000000,    2011459,        0,  -45988541,          0
 32432,    40,   48000000,    2090427,        0,  -45909573,          0
 32432,    41,   48000000,    1990774,        0,  -46009226,          0
 32432,    42,   48000000,    2760487,        0,  -45239513,          0
 32432,    43,   48000000,    2367295,        0,  -45632705,          0
 32432,    44,   48000000,    1976037,        0,  -46023963,          0
 32432,    45,   48000000,    1974000,        0,  -46026000,          0
 32432,    46,   48000000,    2394138,        0,  -45605862,          0
 32432,    47,   48000000,    2550438,        0,  -45449562,          0
 32432,    48,   48000000,    2463006,        0,  -45536994,          0
 32432,    49,   48000000,    1955516,        0,  -46044484,          0
 32432,    50,   48000000,    2683025,        0,  -45316975,          0
 32432,    51,   48000000,    2749274,        0,  -45250726,          0
 32432,    52,   48000000,    2767211,        0,  -45232789,          0
 32432,    53,   48000000,    2414607,        0,  -45585393,          0
 32432,    54,   48000000,    2047463,        0,  -45952537,          0
 32432,    55,   48000000,    2016998,        0,  -45983002,          0
 32432,    56,   48000000,    1959833,        0,  -46040167,          0
 32432,    57,   48000000,    2756545,        0,  -45243455,          0
 32432,    58,   48000000,    2002799,        0,  -45997201,          0
 32432,    59,   48000000,    2754998,        0,  -45245002,          0
 32432,    60,   48000000,    2753284,        0,  -45246716,          0
 32432,    61,   48000000,    2793032,        0,  -45206968,          0
 32432,    62,   48000000,    2002300,        0,  -45997700,          0
 32432,    63,   48000000,    2507400,        0,  -45492600,          0
 32432,    64,   48000000,    2776926,        0,  -45223074,          0
 32432,    65,   48000000,    1955901,        0,  -46044099,          0
 32432,    66,   48000000,    2006885,        0,  -45993115,          0
 32432,    67,   48000000,    1981248,        0,  -46018752,          0
 32432,    68,   48000000,    1972521,        0,  -46027479,          0
 32432,    69,   48000000,    2820638,        0,  -45179362,          0
 32432,    70,   48000000,    2028907,        0,  -45971093,          0
 32432,    71,   48000000,    2262512,        0,  -45737488,          0
 32432,    72,   48000000,    5056448,        0,  -42943552,          0
 32432,    73,   48000000,    2703632,        0,  -45296368,          0
 32432,    74,   48000000,    2747386,        0,  -45252614,          0
 32432,    75,   48000000,    2053096,        0,  -45946904,          0
 32432,    76,   48000000,    2783903,        0,  -45216097,          0
 32432,    77,   48000000,    4819243,        0,  -43180757,          0
 32432,    78,   48000000,    2745876,        0,  -45254124,          0
 32432,    79,   48000000,    2731797,        0,  -45268203,          0
 32432,    80,   48000000,    1975838,        0,  -46024162,          0
 32432,    81,   48000000,    2206019,        0,  -45793981,          0
 32432,    82,   48000000,    2158990,        0,  -45841010,          0
 32432,    83,   48000000,    3010946,        0,  -44989054,          0
 32432,    84,   48000000,    1951523,        0,  -46048477,          0
 32432,    85,   48000000,    3093165,        0,  -44906835,          0
 32432,    86,   48000000,    2761367,        0,  -45238633,          0
 32432,    87,   48000000,    2757618,        0,  -45242382,          0
 32432,    88,   48000000,    2883609,        0,  -45116391,          0
 32432,    89,   48000000,    2487889,        0,  -45512111,          0
 32432,    90,   48000000,    2397983,        0,  -45602017,          0
 32432,    91,   48000000,    1982979,        0,  -46017021,          0
 32432,    92,   48000000,    2249104,        0,  -45750896,          0
 32432,    93,   48000000,    1977941,        0,  -46022059,          0
 32432,    94,   48000000,    1967228,        0,  -46032772,          0
 32432,    95,   48000000,    2003474,        0,  -45996526,          0
 32432,    96,   48000000,    2788261,        0,  -45211739,          0
 32432,    97,   48000000,    1970784,        0,  -46029216,          0
 32432,    98,   48000000,    3058904,        0,  -44941096,          0
 32432,    99,   48000000,    2758386,        0,  -45241614,          0
 32432,   100,   48000000,    1981907,        0,  -46018093,          0
 32432,   101,   48000000,    2734736,        0,  -45265264,          0
 32432,   102,   48000000,    1997981,        0,  -46002019,          0
 32432,   103,   48000000,    1994704,        0,  -46005296,          0
 32432,   104,   48000000,    1966779,        0,  -46033221,          0
 32432,   105,   48000000,    2757149,        0,  -45242851,          0
 32432,   106,   48000000,    2053098,        0,  -45946902,          0
 32432,   107,   48000000,    1981629,        0,  -46018371,          0
 32432,   108,   48000000,    2705785,        0,  -45294215,          0
 32432,   109,   48000000,    1972673,        0,  -46027327,          0
 32432,   110,   48000000,    1976488,        0,  -46023512,          0
 32432,   111,   48000000,    2766191,        0,  -45233809,          0
 32432,   112,   48000000,    2066530,        0,  -45933470,          0
 32432,   113,   48000000,    2762345,        0,  -45237655,          0
 32432,   114,   48000000,    2006245,        0,  -45993755,          0
 32432,   115,   48000000,    2695056,        0,  -45304944,          0
 32432,   116,   48000000,    1997155,        0,  -46002845,          0
 32432,   117,   48000000,    1983332,        0,  -46016668,          0
 32432,   118,   48000000,    2063445,        0,  -45936555,          0
 32432,   119,   48000000,    2684946,        0,  -45315054,          0
 32432,   120,   48000000,    2033341,        0,  -45966659,          0
 32432,   121,   48000000,    2740552,        0,  -45259448,          0
 32432,   122,   48000000,    1967212,        0,  -46032788,          0
 32432,   123,   48000000,    2852129,        0,  -45147871,          0
 32432,   124,   48000000,    2777632,        0,  -45222368,          0
 32432,   125,   48000000,    2740706,        0,  -45259294,          0
 32432,   126,   48000000,    2035889,        0,  -45964111,          0
 32432,   127,   48000000,    2756556,        0,  -45243444,          0
 32432,   128,   48000000,    1968441,        0,  -46031559,          0
 32432,   129,   48000000,    2841044,        0,  -45158956,          0
 32432,   130,   48000000,    1957601,        0,  -46042399,          0
 32432,   131,   48000000,    2437471,        0,  -45562529,          0
 32432,   132,   48000000,    2759665,        0,  -45240335,          0
 32432,   133,   48000000,    1990888,        0,  -46009112,          0
 32432,   134,   48000000,    2019332,        0,  -45980668,          0
 32432,   135,   48000000,    2027557,        0,  -45972443,          0
 32432,   136,   48000000,    2756465,        0,  -45243535,          0
 32432,   137,   48000000,    2123096,        0,  -45876904,          0
 32432,   138,   48000000,    2767961,        0,  -45232039,          0
 32432,   139,   48000000,    2035659,        0,  -45964341,          0
 32432,   140,   48000000,    2823735,        0,  -45176265,          0
 32432,   141,   48000000,    2742452,        0,  -45257548,          0
 32432,   142,   48000000,    1999707,        0,  -46000293,          0
 32432,   143,   48000000,    2028584,        0,  -45971416,          0
 32432,   144,   48000000,    2553433,        0,  -45446567,          0
 32432,   145,   48000000,    2528290,        0,  -45471710,          0
 32432,   146,   48000000,    2033546,        0,  -45966454,          0
 32432,   147,   48000000,    3184222,        0,  -44815778,          0
 32432,   148,   48000000,    2191602,        0,  -45808398,          0
 32432,   149,   48000000,    2445631,        0,  -45554369,          0
 32432,   150,   48000000,    1994317,        0,  -46005683,          0
 32432,   151,   48000000,    2714344,        0,  -45285656,          0
 32432,   152,   48000000,    4669333,        0,  -43330667,          0
 32432,   153,   48000000,    1971886,        0,  -46028114,          0
 32432,   154,   48000000,    2037357,        0,  -45962643,          0
 32432,   155,   48000000,    2062878,        0,  -45937122,          0
 32432,   156,   48000000,    2767109,        0,  -45232891,          0
 32432,   157,   48000000,    2724167,        0,  -45275833,          0
 32432,   158,   48000000,    2709564,        0,  -45290436,          0
 32432,   159,   48000000,    2759220,        0,  -45240780,          0
 32432,   160,   48000000,    2548566,        0,  -45451434,          0
 32432,   161,   48000000,    1952856,        0,  -46047144,          0
 32432,   162,   48000000,    2450232,        0,  -45549768,          0
 32432,   163,   48000000,    1961729,        0,  -46038271,          0
 32432,   164,   48000000,    4826297,        0,  -43173703,          0
 32432,   165,   48000000,    2396728,        0,  -45603272,          0
 32432,   166,   48000000,    2080647,        0,  -45919353,          0
 32432,   167,   48000000,    2154892,        0,  -45845108,          0
 32432,   168,   48000000,    2258616,        0,  -45741384,          0
 32432,   169,   48000000,    2745415,        0,  -45254585,          0
 32432,   170,   48000000,    2010715,        0,  -45989285,          0
 32432,   171,   48000000,    2156028,        0,  -45843972,          0
 32432,   172,   48000000,    1955572,        0,  -46044428,          0
 32432,   173,   48000000,    2834611,        0,  -45165389,          0
 32432,   174,   48000000,    1990313,        0,  -46009687,          0
 32432,   175,   48000000,    1996110,        0,  -46003890,          0
 32432,   176,   48000000,    2444534,        0,  -45555466,          0
 32432,   177,   48000000,    2757844,        0,  -45242156,          0
 32432,   178,   48000000,    2025548,        0,  -45974452,          0
 32432,   179,   48000000,    1961376,        0,  -46038624,          0
 32432,   180,   48000000,    1958996,        0,  -46041004,          0
 32432,   181,   48000000,    2764482,        0,  -45235518,          0
 32432,   182,   48000000,    1974393,        0,  -46025607,          0
 32432,   183,   48000000,    2005619,        0,  -45994381,          0
 32432,   184,   48000000,    1963800,        0,  -46036200,          0
 32432,   185,   48000000,    2338921,        0,  -45661079,          0
 32432,   186,   48000000,    1986107,        0,  -46013893,          0
 32432,   187,   48000000,    2016762,        0,  -45983238,          0
 32432,   188,   48000000,    2775406,        0,  -45224594,          0
 32432,   189,   48000000,    2719505,        0,  -45280495,          0
 32432,   190,   48000000,    1954981,        0,  -46045019,          0
 32432,   191,   48000000,    2438363,        0,  -45561637,          0
 32432,   192,   48000000,    1992741,        0,  -46007259,          0
 32432,   193,   48000000,    1977833,        0,  -46022167,          0
 32432,   194,   48000000,    1975183,        0,  -46024817,          0
 32432,   195,   48000000,    2856024,        0,  -45143976,          0
 32432,   196,   48000000,    2773957,        0,  -45226043,          0
 32432,   197,   48000000,    5018285,        0,  -42981715,          0
 32432,   198,   48000000,    2394800,        0,  -45605200,          0
 32432,   199,   48000000,    2028728,        0,  -45971272,          0
 32432,   200,   48000000,    2743955,        0,  -45256045,          0
 32432,   201,   48000000,    2051743,        0,  -45948257,          0
 32432,   202,   48000000,    2188784,        0,  -45811216,          0
 32432,   203,   48000000,    2579154,        0,  -45420846,          0
 32432,   204,   48000000,    2081634,        0,  -45918366,          0
 32432,   205,   48000000,    1952123,        0,  -46047877,          0
 32432,   206,   48000000,    2079857,        0,  -45920143,          0
 32432,   207,   48000000,    2041830,        0,  -45958170,          0
 32432,   208,   48000000,    1973957,        0,  -46026043,          0
 32432,   209,   48000000,    2486948,        0,  -45513052,          0
 32432,   210,   48000000,    3142387,        0,  -44857613,          0
 32432,   211,   48000000,    2130812,        0,  -45869188,          0
 32432,   212,   48000000,    2756622,        0,  -45243378,          0
# task NAME=myapp PID=32435 COST=59720000 PERIOD=100000000 CPU=0
 32435,     2,  100000000,       8131,        0,  -99991869,          0
 32435,     3,  100000000,      93215,        0,  -99906785,          0
 32435,     4,  100000000,  111200514,        1,   11200514,   11200514
 32435,     5,  100000000,  124715752,        1,   24715752,   24715752
 32435,     6,  100000000,  139882049,        1,   39882049,   39882049
 32435,     7,  100000000,  152138993,        1,   52138993,   52138993
 32435,     8,  100000000,  164280431,        1,   64280431,   64280431
 32435,     9,  100000000,  176562277,        1,   76562277,   76562277
 32435,    10,  100000000,  191000532,        1,   91000532,   91000532
 32435,    11,  100000000,  204028216,        1,  104028216,  104028216
 32435,    12,  100000000,  216306383,        1,  116306383,  116306383
 32435,    13,  100000000,  231651142,        1,  131651142,  131651142
 32435,    14,  100000000,  246899694,        1,  146899694,  146899694
 32435,    15,  100000000,  258963871,        1,  158963871,  158963871
 32435,    16,  100000000,  271908066,        1,  171908066,  171908066
 32435,    17,  100000000,  286961835,        1,  186961835,  186961835
 32435,    18,  100000000,  300282758,        1,  200282758,  200282758
 32435,    19,  100000000,  315551747,        1,  215551747,  215551747
 32435,    20,  100000000,  327698000,        1,  227698000,  227698000
 32435,    21,  100000000,  340611854,        1,  240611854,  240611854
 32435,    22,  100000000,  355993623,        1,  255993623,  255993623
 32435,    23,  100000000,  371297004,        1,  271297004,  271297004
 32435,    24,  100000000,  384907610,        1,  284907610,  284907610
 32435,    25,  100000000,  392548984,        1,  292548984,  292548984
 32435,    26,  100000000,  407350712,        1,  307350712,  307350712
 32435,    27,  100000000,  420634379,        1,  320634379,  320634379
 32435,    28,  100000000,  435639915,        1,  335639915,  335639915
 32435,    29,  100000000,  447730183,        1,  347730183,  347730183
 32435,    30,  100000000,  459744814,        1,  359744814,  359744814
 32435,    31,  100000000,  472221717,        1,  372221717,  372221717
 32435,    32,  100000000,  487597837,        1,  387597837,  387597837
 32435,    33,  100000000,  500576478,        1,  400576478,  400576478
 32435,    34,  100000000,  515623469,        1,  415623469,  415623469
 32435,    35,  100000000,  530991123,        1,  430991123,  430991123
 32435,    36,  100000000,  544284161,        1,  444284161,  444284161
 32435,    37,  100000000,  559302851,        1,  459302851,  459302851
 32435,    38,  100000000,  571758043,        1,  471758043,  471758043
 32435,    39,  100000000,  584639499,        1,  484639499,  484639499
 32435,    40,  100000000,  599895880,        1,  499895880,  499895880
 32435,    41,  100000000,  615265214,        1,  515265214,  515265214
 32435,    42,  100000000,  628254065,        1,  528254065,  528254065
 32435,    43,  100000000,  643278319,        1,  543278319,  543278319
 32435,    44,  100000000,  656614837,        1,  556614837,  556614837
 32435,    45,  100000000,  671907833,        1,  571907833,  571907833
 32435,    46,  100000000,  687053920,        1,  587053920,  587053920
 32435,    47,  100000000,  700092430,        1,  600092430,  600092430
 32435,    48,  100000000,  715426405,        1,  615426405,  615426405
 32435,    49,  100000000,  728769454,        1,  628769454,  628769454
 32435,    50,  100000000,  743747576,        1,  643747576,  643747576
 32435,    51,  100000000,  755977104,        1,  655977104,  655977104
 32435,    52,  100000000,  770970308,        1,  670970308,  670970308
 32435,    53,  100000000,  784352445,        1,  684352445,  684352445
 32435,    54,  100000000,  799552130,        1,  699552130,  699552130
 32435,    55,  100000000,  812589310,        1,  712589310,  712589310
 32435,    56,  100000000,  827849128,        1,  727849128,  727849128
 32435,    57,  100000000,  843178636,        1,  743178636,  743178636
 32435,    58,  100000000,  856559794,        1,  756559794,  756559794
 32435,    59,  100000000,  868704119,        1,  768704119,  768704119
 32435,    60,  100000000,  883751852,        1,  783751852,  783751852
 32435,    61,  100000000,  899121910,        1,  799121910,  799121910
 32435,    62,  100000000,  912471056,        1,  812471056,  812471056
 32435,    63,  100000000,  924575678,        1,  824575678,  824575678
 32435,    64,  100000000,  936612923,        1,  836612923,  836612923
 32435,    65,  100000000,  951701555,        1,  851701555,  851701555
 32435,    66,  100000000,  964017001,        1,  864017001,  864017001
 32435,    67,  100000000,  976220721,        1,  876220721,  876220721
 32435,    68,  100000000,  991295015,        1,  891295015,  891295015
 32435,    69,  100000000, 1004198101,        1,  904198101,  904198101
 32435,    70,  100000000, 1016726859,        1,  916726859,  916726859
 32435,    71,  100000000, 1031161257,        1,  931161257,  931161257
 32435,    72,  100000000, 1043277850,        1,  943277850,  943277850
 32435,    73,  100000000, 1056277242,        1,  956277242,  956277242
 32435,    74,  100000000, 1068042926,        1,  968042926,  968042926
 32435,    75,  100000000, 1083349709,        1,  983349709,  983349709
 32435,    76,  100000000, 1092771198,        1,  992771198,  992771198
 32435,    77,  100000000, 1107735066,        1, 1007735066, 1007735066
 32435,    78,  100000000, 1119928714,        1, 1019928714, 1019928714
 32435,    79,  100000000, 1128421457,        1, 1028421457, 1028421457
 32435,    80,  100000000, 1143706380,        1, 1043706380, 1043706380
 32435,    81,  100000000, 1158822831,        1, 1058822831, 1058822831
 32435,    82,  100000000, 1171888391,        1, 1071888391, 1071888391
 32435,    83,  100000000, 1184789602,        1, 1084789602, 1084789602
 32435,    84,  100000000, 1199262975,        1, 1099262975, 1099262975
 32435,    85,  100000000, 1212707170,        1, 1112707170, 1112707170
 32435,    86,  100000000, 1227708253,        1, 1127708253, 1127708253
 32435,    87,  100000000, 1240730123,        1, 1140730123, 1140730123
 32435,    88,  100000000, 1256046740,        1, 1156046740, 1156046740
 32435,    89,  100000000, 1273377694,        1, 1173377694, 1173377694
 32435,    90,  100000000, 1280509930,        1, 1180509930, 1180509930
 32435,    91,  100000000, 1295730787,        1, 1195730787, 1195730787
 32435,    92,  100000000, 1311205531,        1, 1211205531, 1211205531
 32435,    93,  100000000, 1323560587,        1, 1223560587, 1223560587
 32435,    94,  100000000, 1336457510,        1, 1236457510, 1236457510
 32435,    95,  100000000, 1351500023,        1, 1251500023, 1251500023
 32435,    96,  100000000, 1364702460,        1, 1264702460, 1264702460
 32435,    97,  100000000, 1380139984,        1, 1280139984, 1280139984
 32435,    98,  100000000, 1395569797,        1, 1295569797, 1295569797
 32435,    99,  100000000, 1408595979,        1, 1308595979, 1308595979
 32435,   100,  100000000, 1423646736,        1, 1323646736, 1323646736
 32435,   101,  100000000, 1438992026,        1, 1338992026, 1338992026
 32435,   102,  100000000, 1452375722,        1, 1352375722, 1352375722
 32435,   103,  100000000, 1467448176,        1, 1367448176, 1367448176
 32435,   104,  100000000, 1480132121,        1, 1380132121, 1380132121
# task NAME=myapp PID=32440 COST=10448000 PERIOD=29000000 CPU=0
 32440,     2,   29000000,      14115,        0,  -28985885,          0
 32440,     3,   29000000,     102348,        0,  -28897652,          0
 32440,     4,   29000000,   17817357,        0,  -11182643,          0
 32440,     5,   29000000,   14703178,        0,  -14296822,          0
 32440,     6,   29000000,   19860009,        0,   -9139991,          0
 32440,     7,   29000000,   16712678,        0,  -12287322,          0
 32440,     8,   29000000,   15757609,        0,  -13242391,          0
 32440,     9,   29000000,   17088417,        0,  -11911583,          0
 32440,    10,   29000000,   17754580,        0,  -11245420,          0
 32440,    11,   29000000,   18881977,        0,  -10118023,          0
 32440,    12,   29000000,   15722143,        0,  -13277857,          0
 32440,    13,   29000000,   14457153,        0,  -14542847,          0
 32440,    14,   29000000,   17739899,        0,  -11260101,          0
 32440,    15,   29000000,   16774461,        0,  -12225539,          0
 32440,    16,   29000000,   15765977,        0,  -13234023,          0
 32440,    17,   29000000,   14725018,        0,  -14274982,          0
 32440,    18,   29000000,   20133927,        0,   -8866073,          0
 32440,    19,   29000000,   16745019,        0,  -12254981,          0
 32440,    20,   29000000,   15689818,        0,  -13310182,          0
 32440,    21,   29000000,   14707665,        0,  -14292335,          0
 32440,    22,   29000000,   19825200,        0,   -9174800,          0
 32440,    23,   29000000,   16785100,        0,  -12214900,          0
 32440,    24,   29000000,   15733183,        0,  -13266817,          0
 32440,    25,   29000000,   14666990,        0,  -14333010,          0
 32440,    26,   29000000,   17772196,        0,  -11227804,          0
 32440,    27,   29000000,   16745322,        0,  -12254678,          0
 32440,    28,   29000000,   15757685,        0,  -13242315,          0
 32440,    29,   29000000,   14735190,        0,  -14264810,          0
 32440,    30,   29000000,   17754668,        0,  -11245332,          0
 32440,    31,   29000000,   18996723,        0,  -10003277,          0
 32440,    32,   29000000,   15723726,        0,  -13276274,          0
 32440,    33,   29000000,   14712181,        0,  -14287819,          0
 32440,    34,   29000000,   19835472,        0,   -9164528,          0
 32440,    35,   29000000,   18873723,        0,  -10126277,          0
 32440,    36,   29000000,   15729207,        0,  -13270793,          0
 32440,    37,   29000000,   13819324,        0,  -15180676,          0
 32440,    38,   29000000,   17778428,        0,  -11221572,          0
 32440,    39,   29000000,   16778456,        0,  -12221544,          0
 32440,    40,   29000000,   14870064,        0,  -14129936,          0
 32440,    41,   29000000,   14745009,        0,  -14254991,          0
 32440,    42,   29000000,   19832635,        0,   -9167365,          0
 32440,    43,   29000000,   16783109,        0,  -12216891,          0
 32440,    44,   29000000,   14866191,        0,  -14133809,          0
 32440,    45,   29000000,   14659225,        0,  -14340775,          0
 32440,    46,   29000000,   17739257,        0,  -11260743,          0
 32440,    47,   29000000,   16765359,        0,  -12234641,          0
 32440,    48,   29000000,   17987563,        0,  -11012437,          0
 32440,    49,   29000000,   14751198,        0,  -14248802,          0
 32440,    50,   29000000,   19837457,        0,   -9162543,          0
 32440,    51,   29000000,   16756147,        0,  -12243853,          0
 32440,    52,   29000000,   15101843,        0,  -13898157,          0
 32440,    53,   29000000,   14774188,        0,  -14225812,          0
 32440,    54,   29000000,   17754018,        0,  -11245982,          0
 32440,    55,   29000000,   16733341,        0,  -12266659,          0
 32440,    56,   29000000,   15691610,        0,  -13308390,          0
 32440,    57,   29000000,   14683034,        0,  -14316966,          0
 32440,    58,   29000000,   17753154,        0,  -11246846,          0
 32440,    59,   29000000,   15836189,        0,  -13163811,          0
 32440,    60,   29000000,   15745947,        0,  -13254053,          0
 32440,    61,   29000000,   17008727,        0,  -11991273,          0
 32440,    62,   29000000,   18699981,        0,  -10300019,          0
 32440,    63,   29000000,   18836371,        0,  -10163629,          0
 32440,    64,   29000000,   15735039,        0,  -13264961,          0
 32440,    65,   29000000,   17009721,        0,  -11990279,          0
 32440,    66,   29000000,   17776720,        0,  -11223280,          0
 32440,    67,   29000000,   18826853,        0,  -10173147,          0
 32440,    68,   29000000,   15749970,        0,  -13250030,          0
 32440,    69,   29000000,   14762153,        0,  -14237847,          0
 32440,    70,   29000000,   17755130,        0,  -11244870,          0
 32440,    71,   29000000,   16782116,        0,  -12217884,          0
 32440,    72,   29000000,   15724738,        0,  -13275262,          0
 32440,    73,   29000000,   13863059,        0,  -15136941,          0
 32440,    74,   29000000,   17759208,        0,  -11240792,          0
 32440,    75,   29000000,   16726891,        0,  -12273109,          0
 32440,    76,   29000000,   15723186,        0,  -13276814,          0
 32440,    77,   29000000,   14765637,        0,  -14234363,          0
 32440,    78,   29000000,   20055688,        0,   -8944312,          0
 32440,    79,   29000000,   16731775,        0,  -12268225,          0
 32440,    80,   29000000,   15689490,        0,  -13310510,          0
 32440,    81,   29000000,   14989287,        0,  -14010713,          0
 32440,    82,   29000000,   17784099,        0,  -11215901,          0
 32440,    83,   29000000,   18786653,        0,  -10213347,          0
 32440,    84,   29000000,   15792740,        0,  -13207260,          0
 32440,    85,   29000000,   14695430,        0,  -14304570,          0
 32440,    86,   29000000,   19822264,        0,   -9177736,          0
 32440,    87,   29000000,   19095302,        0,   -9904698,          0
 32440,    88,   29000000,   15743871,        0,  -13256129,          0
 32440,    89,   29000000,   16823426,        0,  -12176574,          0
 32440,    90,   29000000,   19838520,        0,   -9161480,          0
 32440,    91,   29000000,   16735355,        0,  -12264645,          0
 32440,    92,   29000000,   15748609,        0,  -13251391,          0
 32440,    93,   29000000,   14774175,        0,  -14225825,          0
 32440,    94,   29000000,   16843711,        0,  -12156289,          0
 32440,    95,   29000000,   16795091,        0,  -12204909,          0
 32440,    96,   29000000,   14809225,        0,  -14190775,          0
 32440,    97,   29000000,   16805081,        0,  -12194919,          0
 32440,    98,   29000000,   17102049,        0,  -11897951,          0
 32440,    99,   29000000,   16723702,        0,  -12276298,          0
 32440,   100,   29000000,   15780827,        0,  -13219173,          0
 32440,   101,   29000000,   14755782,        0,  -14244218,          0
 32440,   102,   29000000,   17754262,        0,  -11245738,          0
 32440,   103,   29000000,   18867918,        0,  -10132082,          0
 32440,   104,   29000000,   18036216,        0,  -10963784,          0
 32440,   105,   29000000,   13879799,        0,  -15120201,          0
 32440,   106,   29000000,   19813754,        0,   -9186246,          0
 32440,   107,   29000000,   18875540,        0,  -10124460,          0
 32440,   108,   29000000,   15735792,        0,  -13264208,          0
 32440,   109,   29000000,   14677285,        0,  -14322715,          0
 32440,   110,   29000000,   17758571,        0,  -11241429,          0
 32440,   111,   29000000,   16742857,        0,  -12257143,          0
 32440,   112,   29000000,   17803453,        0,  -11196547,          0
 32440,   113,   29000000,   14692902,        0,  -14307098,          0
 32440,   114,   29000000,   17090417,        0,  -11909583,          0
 32440,   115,   29000000,   16758713,        0,  -12241287,          0
 32440,   116,   29000000,   15734808,        0,  -13265192,          0
 32440,   117,   29000000,   14752566,        0,  -14247434,          0
 32440,   118,   29000000,   17744148,        0,  -11255852,          0
 32440,   119,   29000000,   16713750,        0,  -12286250,          0
 32440,   120,   29000000,   15774833,        0,  -13225167,          0
 32440,   121,   29000000,   13941864,        0,  -15058136,          0
 32440,   122,   29000000,   17746311,        0,  -11253689,          0
 32440,   123,   29000000,   18754779,        0,  -10245221,          0
 32440,   124,   29000000,   17913017,        0,  -11086983,          0
 32440,   125,   29000000,   14709656,        0,  -14290344,          0
 32440,   126,   29000000,   17744258,        0,  -11255742,          0
 32440,   127,   29000000,   16763598,        0,  -12236402,          0
 32440,   128,   29000000,   15697836,        0,  -13302164,          0
 32440,   129,   29000000,   14733395,        0,  -14266605,          0
 32440,   130,   29000000,   17747384,        0,  -11252616,          0
 32440,   131,   29000000,   18865053,        0,  -10134947,          0
 32440,   132,   29000000,   14889269,        0,  -14110731,          0
 32440,   133,   29000000,   14738877,        0,  -14261123,          0
 32440,   134,   29000000,   20087746,        0,   -8912254,          0
 32440,   135,   29000000,   16776499,        0,  -12223501,          0
 32440,   136,   29000000,   15700314,        0,  -13299686,          0
 32440,   137,   29000000,   14766649,        0,  -14233351,          0
 32440,   138,   29000000,   19823107,        0,   -9176893,          0
 32440,   139,   29000000,   16718852,        0,  -12281148,          0
 32440,   140,   29000000,   15983551,        0,  -13016449,          0
 32440,   141,   29000000,   14710480,        0,  -14289520,          0
 32440,   142,   29000000,   17759645,        0,  -11240355,          0
 32440,   143,   29000000,   19069890,        0,   -9930110,          0
 32440,   144,   29000000,   16792392,        0,  -12207608,          0
 32440,   145,   29000000,   14767116,        0,  -14232884,          0
 32440,   146,   29000000,   17763634,        0,  -11236366,          0
 32440,   147,   29000000,   19096325,        0,   -9903675,          0
 32440,   148,   29000000,   15775073,        0,  -13224927,          0
 32440,   149,   29000000,   14767301,        0,  -14232699,          0
 32440,   150,   29000000,   19857928,        0,   -9142072,          0
 32440,   151,   29000000,   16734333,        0,  -12265667,          0
 32440,   152,   29000000,   15686747,        0,  -13313253,          0
 32440,   153,   29000000,   14737909,        0,  -14262091,          0
 32440,   154,   29000000,   19844073,        0,   -9155927,          0
 32440,   155,   29000000,   18857134,        0,  -10142866,          0
 32440,   156,   29000000,   18023373,        0,  -10976627,          0
 32440,   157,   29000000,   14730916,        0,  -14269084,          0
 32440,   158,   29000000,   17756379,        0,  -11243621,          0
 32440,   159,   29000000,   18818432,        0,  -10181568,          0
 32440,   160,   29000000,   15747089,        0,  -13252911,          0
 32440,   161,   29000000,   15880849,        0,  -13119151,          0
 32440,   162,   29000000,   17744268,        0,  -11255732,          0
 32440,   163,   29000000,   16596970,        0,  -12403030,          0
 32440,   164,   29000000,   18502715,        0,  -10497285,          0
 32440,   165,   29000000,   15532090,        0,  -13467910,          0
 32440,   166,   29000000,   19846598,        0,   -9153402,          0
 32440,   167,   29000000,   16716342,        0,  -12283658,          0
 32440,   168,   29000000,   17833747,        0,  -11166253,          0
 32440,   169,   29000000,   14749527,        0,  -14250473,          0
 32440,   170,   29000000,   19831263,        0,   -9168737,          0
 32440,   171,   29000000,   16763198,        0,  -12236802,          0
 32440,   172,   29000000,   17886406,        0,  -11113594,          0
 32440,   173,   29000000,   14765830,        0,  -14234170,          0
 32440,   174,   29000000,   17759447,        0,  -11240553,          0
 32440,   175,   29000000,   18823461,        0,  -10176539,          0
 32440,   176,   29000000,   15772558,        0,  -13227442,          0
 32440,   177,   29000000,   15281778,        0,  -13718222,          0
 32440,   178,   29000000,   17766237,        0,  -11233763,          0
 32440,   179,   29000000,   18879847,        0,  -10120153,          0
 32440,   180,   29000000,   15763977,        0,  -13236023,          0
 32440,   181,   29000000,   14726312,        0,  -14273688,          0
 32440,   182,   29000000,   17793044,        0,  -11206956,          0
 32440,   183,   29000000,   16780533,        0,  -12219467,          0
 32440,   184,   29000000,   15738763,        0,  -13261237,          0
 32440,   185,   29000000,   16856034,        0,  -12143966,          0
 32440,   186,   29000000,   20078226,        0,   -8921774,          0
 32440,   187,   29000000,   16761670,        0,  -12238330,          0
 32440,   188,   29000000,   17759543,        0,  -11240457,          0
 32440,   189,   29000000,   14731139,        0,  -14268861,          0
 32440,   190,   29000000,   19848450,        0,   -9151550,          0
 32440,   191,   29000000,   16728026,        0,  -12271974,          0
 32440,   192,   29000000,   15789187,        0,  -13210813,          0
 32440,   193,   29000000,   14767760,        0,  -14232240,          0
 32440,   194,   29000000,   17776146,        0,  -11223854,          0
 32440,   195,   29000000,   16788770,        0,  -12211230,          0
 32440,   196,   29000000,   15740026,        0,  -13259974,          0
 32440,   197,   29000000,   16833717,        0,  -12166283,          0
 32440,   198,   29000000,   19850599,        0,   -9149401,          0
 32440,   199,   29000000,   16737651,        0,  -12262349,          0
 32440,   200,   29000000,   15685427,        0,  -13314573,          0
 32440,   201,   29000000,   14711426,        0,  -14288574,          0
 32440,   202,   29000000,   17732390,        0,  -11267610,          0
 32440,   203,   29000000,   19068607,        0,   -9931393,          0
 32440,   204,   29000000,   15739553,        0,  -13260447,          0
 32440,   205,   29000000,   17022630,        0,  -11977370,          0
 32440,   206,   29000000,   19845792,        0,   -9154208,          0
 32440,   207,   29000000,   16774983,        0,  -12225017,          0
 32440,   208,   29000000,   15722533,        0,  -13277467,          0
 32440,   209,   29000000,   14690783,        0,  -14309217,          0
 32440,   210,   29000000,   17855988,        0,  -11144012,          0
 32440,   211,   29000000,   16785847,        0,  -12214153,          0
 32440,   212,   29000000,   18080954,        0,  -10919046,          0
 32440,   213,   29000000,   16082235,        0,  -12917765,          0
 32440,   214,   29000000,   17759565,        0,  -11240435,          0
 32440,   215,   29000000,   18847241,        0,  -10152759,          0
 32440,   216,   29000000,   18092676,        0,  -10907324,          0
 32440,   217,   29000000,   16904232,        0,  -12095768,          0
 32440,   218,   29000000,   19842794,        0,   -9157206,          0
 32440,   219,   29000000,   18846505,        0,  -10153495,          0
 32440,   220,   29000000,   15762361,        0,  -13237639,          0
 32440,   221,   29000000,   14798525,        0,  -14201475,          0
 32440,   222,   29000000,   17829990,        0,  -11170010,          0
 32440,   223,   29000000,   16749599,        0,  -12250401,          0
 32440,   224,   29000000,   15901524,        0,  -13098476,          0
 32440,   225,   29000000,   14752392,        0,  -14247608,          0
 32440,   226,   29000000,   17790925,        0,  -11209075,          0
 32440,   227,   29000000,   18841265,        0,  -10158735,          0
 32440,   228,   29000000,   15738839,        0,  -13261161,          0
 32440,   229,   29000000,   14691471,        0,  -14308529,          0
 32440,   230,   29000000,   17786829,        0,  -11213171,          0
 32440,   231,   29000000,   16738743,        0,  -12261257,          0
 32440,   232,   29000000,   15748224,        0,  -13251776,          0
 32440,   233,   29000000,   14733758,        0,  -14266242,          0
 32440,   234,   29000000,   17892828,        0,  -11107172,          0
 32440,   235,   29000000,   18863771,        0,  -10136229,          0
 32440,   236,   29000000,   15738670,        0,  -13261330,          0
 32440,   237,   29000000,   14772949,        0,  -14227051,          0
 32440,   238,   29000000,   19842264,        0,   -9157736,          0
 32440,   239,   29000000,   16790874,        0,  -12209126,          0
 32440,   240,   29000000,   15701106,        0,  -13298894,          0
 32440,   241,   29000000,   14675117,        0,  -14324883,          0
 32440,   242,   29000000,   20065793,        0,   -8934207,          0
 32440,   243,   29000000,   16757873,        0,  -12242127,          0
 32440,   244,   29000000,   15705625,        0,  -13294375,          0
 32440,   245,   29000000,   14752328,        0,  -14247672,          0
 32440,   246,   29000000,   16899746,        0,  -12100254,          0
 32440,   247,   29000000,   16738643,        0,  -12261357,          0
 32440,   248,   29000000,   15736679,        0,  -13263321,          0
 32440,   249,   29000000,   14787093,        0,  -14212907,          0
 32440,   250,   29000000,   19849334,        0,   -9150666,          0
 32440,   251,   29000000,   16779266,        0,  -12220734,          0
 32440,   252,   29000000,   15779557,        0,  -13220443,          0
 32440,   253,   29000000,   14748288,        0,  -14251712,          0
 32440,   254,   29000000,   19843535,        0,   -9156465,          0
 32440,   255,   29000000,   19194553,        0,   -9805447,          0
 32440,   256,   29000000,   15668942,        0,  -13331058,          0
 32440,   257,   29000000,   14721110,        0,  -14278890,          0
 32440,   258,   29000000,   19895911,        0,   -9104089,          0
 32440,   259,   29000000,   16788748,        0,  -12211252,          0
 32440,   260,   29000000,   18397054,        0,  -10602946,          0
 32440,   261,   29000000,   15061029,        0,  -13938971,          0
 32440,   262,   29000000,   19046964,        0,   -9953036,          0
 32440,   263,   29000000,   16750917,        0,  -12249083,          0
 32440,   264,   29000000,   15746650,        0,  -13253350,          0
 32440,   265,   29000000,   14690479,        0,  -14309521,          0
 32440,   266,   29000000,   17789584,        0,  -11210416,          0
 32440,   267,   29000000,   18871545,        0,  -10128455,          0
 32440,   268,   29000000,   18037128,        0,  -10962872,          0
 32440,   269,   29000000,   14775953,        0,  -14224047,          0
 32440,   270,   29000000,   17750421,        0,  -11249579,          0
 32440,   271,   29000000,   16715999,        0,  -12284001,          0
 32440,   272,   29000000,   18051350,        0,  -10948650,          0
 32440,   273,   29000000,   14693040,        0,  -14306960,          0
 32440,   274,   29000000,   16871895,        0,  -12128105,          0
 32440,   275,   29000000,   16759558,        0,  -12240442,          0
 32440,   276,   29000000,   15788427,        0,  -13211573,          0
 32440,   277,   29000000,   14727953,        0,  -14272047,          0
 32440,   278,   29000000,   17758061,        0,  -11241939,          0
 32440,   279,   29000000,   16755338,        0,  -12244662,          0
 32440,   280,   29000000,   15726067,        0,  -13273933,          0
 32440,   281,   29000000,   17007313,        0,  -11992687,          0
 32440,   282,   29000000,   17078356,        0,  -11921644,          0
 32440,   283,   29000000,   16757093,        0,  -12242907,          0
 32440,   284,   29000000,   15746666,        0,  -13253334,          0
 32440,   285,   29000000,   17100915,        0,  -11899085,          0
 32440,   286,   29000000,   19840543,        0,   -9159457,          0
 32440,   287,   29000000,   18757475,        0,  -10242525,          0
 32440,   288,   29000000,   15713705,        0,  -13286295,          0
 32440,   289,   29000000,   13832973,        0,  -15167027,          0
 32440,   290,   29000000,   17757161,        0,  -11242839,          0
 32440,   291,   29000000,   16787306,        0,  -12212694,          0
 32440,   292,   29000000,   15769225,        0,  -13230775,          0
 32440,   293,   29000000,   14750565,        0,  -14249435,          0
 32440,   294,   29000000,   17767595,        0,  -11232405,          0
 32440,   295,   29000000,   16787809,        0,  -12212191,          0
 32440,   296,   29000000,   15698978,        0,  -13301022,          0
 32440,   297,   29000000,   14765274,        0,  -14234726,          0
 32440,   298,   29000000,   17751409,        0,  -11248591,          0
 32440,   299,   29000000,   18902747,        0,  -10097253,          0
 32440,   300,   29000000,   15757670,        0,  -13242330,          0
 32440,   301,   29000000,   14761669,        0,  -14238331,          0
 32440,   302,   29000000,   20061961,        0,   -8938039,          0
 32440,   303,   29000000,   16754839,        0,  -12245161,          0
 32440,   304,   29000000,   15762949,        0,  -13237051,          0
 32440,   305,   29000000,   14709953,        0,  -14290047,          0
 32440,   306,   29000000,   17726743,        0,  -11273257,          0
 32440,   307,   29000000,   18861655,        0,  -10138345,          0
 32440,   308,   29000000,   17815816,        0,  -11184184,          0
 32440,   309,   29000000,   14716262,        0,  -14283738,          0
 32440,   310,   29000000,   17694955,        0,  -11305045,          0
 32440,   311,   29000000,   19109115,        0,   -9890885,          0
 32440,   312,   29000000,   14862403,        0,  -14137597,          0
 32440,   313,   29000000,   14740772,        0,  -14259228,          0
 32440,   314,   29000000,   19844877,        0,   -9155123,          0
 32440,   315,   29000000,   18930451,        0,  -10069549,          0
 32440,   316,   29000000,   15751902,        0,  -13248098,          0
 32440,   317,   29000000,   14737975,        0,  -14262025,          0
 32440,   318,   29000000,   19834964,        0,   -9165036,          0
 32440,   319,   29000000,   16776928,        0,  -12223072,          0
 32440,   320,   29000000,   15747514,        0,  -13252486,          0
 32440,   321,   29000000,   14720668,        0,  -14279332,          0
 32440,   322,   29000000,   17762925,        0,  -11237075,          0
 32440,   323,   29000000,   16781491,        0,  -12218509,          0
 32440,   324,   29000000,   18087636,        0,  -10912364,          0
 32440,   325,   29000000,   14743775,        0,  -14256225,          0
 32440,   326,   29000000,   19829146,        0,   -9170854,          0
 32440,   327,   29000000,   18838250,        0,  -10161750,          0
 32440,   328,   29000000,   20154477,        0,   -8845523,          0
 32440,   329,   29000000,   14726225,        0,  -14273775,          0
 32440,   330,   29000000,   17794892,        0,  -11205108,          0
 32440,   331,   29000000,   16738773,        0,  -12261227,          0
 32440,   332,   29000000,   14839811,        0,  -14160189,          0
 32440,   333,   29000000,   14729012,        0,  -14270988,          0
 32440,   334,   29000000,   19851385,        0,   -9148615,          0
 32440,   335,   29000000,   16786831,        0,  -12213169,          0
 32440,   336,   29000000,   15704598,        0,  -13295402,          0
 32440,   337,   29000000,   17027424,        0,  -11972576,          0
 32440,   338,   29000000,   19839906,        0,   -9160094,          0
 32440,   339,   29000000,   16762757,        0,  -12237243,          0
 32440,   340,   29000000,   15788857,        0,  -13211143,          0
 32440,   341,   29000000,   17128342,        0,  -11871658,          0
 32440,   342,   29000000,   19827599,        0,   -9172401,          0
 32440,   343,   29000000,   18794571,        0,  -10205429,          0
 32440,   344,   29000000,   15692133,        0,  -13307867,          0
 32440,   345,   29000000,   14759702,        0,  -14240298,          0
 32440,   346,   29000000,   19891252,        0,   -9108748,          0
 32440,   347,   29000000,   15832958,        0,  -13167042,          0
 32440,   348,   29000000,   15722347,        0,  -13277653,          0
