# Task,   Job,     Period,   Response, DL Miss?,   Lateness,  Tardiness
# task NAME=myapp PID=20340 COST=12990000 PERIOD=21000000 CPU=0
 20340,     2,   21000000,       5976,        0,  -20994024,          0
 20340,     3,   21000000,     172650,        0,  -20827350,          0
 20340,     4,   21000000,   21226542,        1,     226542,     226542
 20340,     5,   21000000,   24598105,        1,    3598105,    3598105
 20340,     6,   21000000,   27996559,        1,    6996559,    6996559
 20340,     7,   21000000,   31437297,        1,   10437297,   10437297
 20340,     8,   21000000,   34745986,        1,   13745986,   13745986
 20340,     9,   21000000,   42354406,        1,   21354406,   21354406
 20340,    10,   21000000,   45398819,        1,   24398819,   24398819
 20340,    11,   21000000,   46720638,        1,   25720638,   25720638
 20340,    12,   21000000,   50041737,        1,   29041737,   29041737
 20340,    13,   21000000,   55624086,        1,   34624086,   34624086
 20340,    14,   21000000,   60942288,        1,   39942288,   39942288
 20340,    15,   21000000,   64287278,        1,   43287278,   43287278
 20340,    16,   21000000,   65985074,        1,   44985074,   44985074
 20340,    17,   21000000,   70765372,        1,   49765372,   49765372
 20340,    18,   21000000,   72431729,        1,   51431729,   51431729
 20340,    19,   21000000,   77824166,        1,   56824166,   56824166
 20340,    20,   21000000,   83139527,        1,   62139527,   62139527
 20340,    21,   21000000,   86474804,        1,   65474804,   65474804
 20340,    22,   21000000,   87789147,        1,   66789147,   66789147
 20340,    23,   21000000,   91091326,        1,   70091326,   70091326
 20340,    24,   21000000,   94448373,        1,   73448373,   73448373
 20340,    25,   21000000,   97742075,        1,   76742075,   76742075
 20340,    26,   21000000,  103165228,        1,   82165228,   82165228
 20340,    27,   21000000,  108478055,        1,   87478055,   87478055
 20340,    28,   21000000,  110133054,        1,   89133054,   89133054
 20340,    29,   21000000,  115445803,        1,   94445803,   94445803
 20340,    30,   21000000,  116751391,        1,   95751391,   95751391
 20340,    31,   21000000,  124030997,        1,  103030997,  103030997
 20340,    32,   21000000,  125367388,        1,  104367388,  104367388
 20340,    33,   21000000,  128931681,        1,  107931681,  107931681
 20340,    34,   21000000,  132233177,        1,  111233177,  111233177
 20340,    35,   21000000,  137548116,        1,  116548116,  116548116
 20340,    36,   21000000,  140887827,        1,  119887827,  119887827
 20340,    37,   21000000,  144167898,        1,  123167898,  123167898
 20340,    38,   21000000,  147735900,        1,  126735900,  126735900
 20340,    39,   21000000,  151115438,        1,  130115438,  130115438
 20340,    40,   21000000,  154453296,        1,  133453296,  133453296
 20340,    41,   21000000,  159758225,        1,  138758225,  138758225
 20340,    42,   21000000,  163122535,        1,  142122535,  142122535
 20340,    43,   21000000,  168426621,        1,  147426621,  147426621
 20340,    44,   21000000,  169795032,        1,  148795032,  148795032
 20340,    45,   21000000,  173118846,        1,  152118846,  152118846
 20340,    46,   21000000,  178385780,        1,  157385780,  157385780
 20340,    47,   21000000,  181688734,        1,  160688734,  160688734
 20340,    48,   21000000,  185298246,        1,  164298246,  164298246
 20340,    49,   21000000,  188557530,        1,  167557530,  167557530
 20340,    50,   21000000,  192878398,        1,  171878398,  171878398
 20340,    51,   21000000,  195195161,        1,  174195161,  174195161
 20340,    52,   21000000,  200571074,        1,  179571074,  179571074
 20340,    53,   21000000,  204186218,        1,  183186218,  183186218
 20340,    54,   21000000,  207501886,        1,  186501886,  186501886
 20340,    55,   21000000,  211523723,        1,  190523723,  190523723
 20340,    56,   21000000,  214235406,        1,  193235406,  193235406
 20340,    57,   21000000,  217548107,        1,  196548107,  196548107
 20340,    58,   21000000,  223134585,        1,  202134585,  202134585
 20340,    59,   21000000,  226444682,        1,  205444682,  205444682
 20340,    60,   21000000,  229759267,        1,  208759267,  208759267
 20340,    61,   21000000,  233153384,        1,  212153384,  212153384
 20340,    62,   21000000,  238508239,        1,  217508239,  217508239
 20340,    63,   21000000,  241936761,        1,  220936761,  220936761
 20340,    64,   21000000,  245281869,        1,  224281869,  224281869
 20340,    65,   21000000,  248612761,        1,  227612761,  227612761
 20340,    66,   21000000,  251993107,        1,  230993107,  230993107
 20340,    67,   21000000,  255304078,        1,  234304078,  234304078
 20340,    68,   21000000,  258666627,        1,  237666627,  237666627
 20340,    69,   21000000,  266029587,        1,  245029587,  245029587
 20340,    70,   21000000,  267336316,        1,  246336316,  246336316
 20340,    71,   21000000,  272657441,        1,  251657441,  251657441
 20340,    72,   21000000,  274051904,        1,  253051904,  253051904
 20340,    73,   21000000,  277669137,        1,  256669137,  256669137
 20340,    74,   21000000,  283044896,        1,  262044896,  262044896
 20340,    75,   21000000,  286394224,        1,  265394224,  265394224
 20340,    76,   21000000,  289701987,        1,  268701987,  268701987
 20340,    77,   21000000,  293066357,        1,  272066357,  272066357
 20340,    78,   21000000,  296698108,        1,  275698108,  275698108
 20340,    79,   21000000,  302018050,        1,  281018050,  281018050
 20340,    80,   21000000,  305328830,        1,  284328830,  284328830
 20340,    81,   21000000,  308634302,        1,  287634302,  287634302
 20340,    82,   21000000,  311942683,        1,  290942683,  290942683
 20340,    83,   21000000,  317586094,        1,  296586094,  296586094
 20340,    84,   21000000,  320908937,        1,  299908937,  299908937
 20340,    85,   21000000,  324306870,        1,  303306870,  303306870
 20340,    86,   21000000,  327624120,        1,  306624120,  306624120
 20340,    87,   21000000,  330988413,        1,  309988413,  309988413
 20340,    88,   21000000,  334661817,        1,  313661817,  313661817
 20340,    89,   21000000,  341920091,        1,  320920091,  320920091
 20340,    90,   21000000,  343254885,        1,  322254885,  322254885
 20340,    91,   21000000,  348515353,        1,  327515353,  327515353
 20340,    92,   21000000,  349852827,        1,  328852827,  328852827
 20340,    93,   21000000,  353449711,        1,  332449711,  332449711
 20340,    94,   21000000,  356777673,        1,  335777673,  335777673
 20340,    95,   21000000,  362124338,        1,  341124338,  341124338
 20340,    96,   21000000,  365527210,        1,  344527210,  344527210
 20340,    97,   21000000,  368830219,        1,  347830219,  347830219
 20340,    98,   21000000,  372126153,        1,  351126153,  351126153
 20340,    99,   21000000,  375698545,        1,  354698545,  354698545
 20340,   100,   21000000,  381096157,        1,  360096157,  360096157
 20340,   101,   21000000,  386409472,        1,  365409472,  365409472
 20340,   102,   21000000,  389680718,        1,  368680718,  368680718
 20340,   103,   21000000,  393731858,        1,  372731858,  372731858
 20340,   104,   21000000,  394834476,        1,  373834476,  373834476
 20340,   105,   21000000,  399859026,        1,  378859026,  378859026
 20340,   106,   21000000,  403160302,        1,  382160302,  382160302
 20340,   107,   21000000,  408481270,        1,  387481270,  387481270
 20340,   108,   21000000,  409798941,        1,  388798941,  388798941
 20340,   109,   21000000,  415181905,        1,  394181905,  394181905
 20340,   110,   21000000,  416453394,        1,  395453394,  395453394
 20340,   111,   21000000,  420789755,        1,  399789755,  399789755
 20340,   112,   21000000,  425098158,        1,  404098158,  404098158
 20340,   113,   21000000,  429813668,        1,  408813668,  408813668
 20340,   114,   21000000,  432200427,        1,  411200427,  411200427
 20340,   115,   21000000,  436174010,        1,  415174010,  415174010
 20340,   116,   21000000,  440371870,        1,  419371870,  419371870
 20340,   117,   21000000,  443782777,        1,  422782777,  422782777
 20340,   118,   21000000,  447137808,        1,  426137808,  426137808
 20340,   119,   21000000,  452713592,        1,  431713592,  431713592
 20340,   120,   21000000,  456054749,        1,  435054749,  435054749
 20340,   121,   21000000,  457332427,        1,  436332427,  436332427
 20340,   122,   21000000,  462580177,        1,  441580177,  441580177
 20340,   123,   21000000,  466782181,        1,  445782181,  445782181
 20340,   124,   21000000,  469491990,        1,  448491990,  448491990
 20340,   125,   21000000,  475161013,        1,  454161013,  454161013
 20340,   126,   21000000,  478058652,        1,  457058652,  457058652
 20340,   127,   21000000,  479405161,        1,  458405161,  458405161
 20340,   128,   21000000,  483597978,        1,  462597978,  462597978
 20340,   129,   21000000,  488156088,        1,  467156088,  467156088
 20340,   130,   21000000,  493496212,        1,  472496212,  472496212
# task NAME=myapp PID=20343 COST=18055000 PERIOD=22000000 CPU=0
 20343,     2,   22000000,       9761,        0,  -21990239,          0
 20343,     3,   22000000,     184173,        0,  -21815827,          0
 20343,     4,   22000000,   33015444,        1,   11015444,   11015444
 20343,     5,   22000000,   46261697,        1,   24261697,   24261697
 20343,     6,   22000000,   59695191,        1,   37695191,   37695191
 20343,     7,   22000000,   70751778,        1,   48751778,   48751778
 20343,     8,   22000000,   83885486,        1,   61885486,   61885486
 20343,     9,   22000000,   96968401,        1,   74968401,   74968401
 20343,    10,   22000000,  108310814,        1,   86310814,   86310814
 20343,    11,   22000000,  119987434,        1,   97987434,   97987434
 20343,    12,   22000000,  132476640,        1,  110476640,  110476640
 20343,    13,   22000000,  145535708,        1,  123535708,  123535708
 20343,    14,   22000000,  156981127,        1,  134981127,  134981127
 20343,    15,   22000000,  170172173,        1,  148172173,  148172173
 20343,    16,   22000000,  183258233,        1,  161258233,  161258233
 20343,    17,   22000000,  194358339,        1,  172358339,  172358339
 20343,    18,   22000000,  205484589,        1,  183484589,  183484589
 20343,    19,   22000000,  218575774,        1,  196575774,  196575774
 20343,    20,   22000000,  229765823,        1,  207765823,  207765823
 20343,    21,   22000000,  242976738,        1,  220976738,  220976738
 20343,    22,   22000000,  256066101,        1,  234066101,  234066101
 20343,    23,   22000000,  267148157,        1,  245148157,  245148157
 20343,    24,   22000000,  280260334,        1,  258260334,  258260334
 20343,    25,   22000000,  291610416,        1,  269610416,  269610416
 20343,    26,   22000000,  304705377,        1,  282705377,  282705377
 20343,    27,   22000000,  319838538,        1,  297838538,  297838538
 20343,    28,   22000000,  328932074,        1,  306932074,  306932074
 20343,    29,   22000000,  344061121,        1,  322061121,  322061121
 20343,    30,   22000000,  355177439,        1,  333177439,  333177439
 20343,    31,   22000000,  366345312,        1,  344345312,  344345312
 20343,    32,   22000000,  379451127,        1,  357451127,  357451127
 20343,    33,   22000000,  390605121,        1,  368605121,  368605121
 20343,    34,   22000000,  401673381,        1,  379673381,  379673381
 20343,    35,   22000000,  414777304,        1,  392777304,  392777304
 20343,    36,   22000000,  429897135,        1,  407897135,  407897135
 20343,    37,   22000000,  439027511,        1,  417027511,  417027511
 20343,    38,   22000000,  452198150,        1,  430198150,  430198150
 20343,    39,   22000000,  465544932,        1,  443544932,  443544932
 20343,    40,   22000000,  476720004,        1,  454720004,  454720004
 20343,    41,   22000000,  487769209,        1,  465769209,  465769209
 20343,    42,   22000000,  500859425,        1,  478859425,  478859425
 20343,    43,   22000000,  515262651,        1,  493262651,  493262651
 20343,    44,   22000000,  525042310,        1,  503042310,  503042310
 20343,    45,   22000000,  540195167,        1,  518195167,  518195167
 20343,    46,   22000000,  549273639,        1,  527273639,  527273639
 20343,    47,   22000000,  562359906,        1,  540359906,  540359906
 20343,    48,   22000000,  573491908,        1,  551491908,  551491908
 20343,    49,   22000000,  588640647,        1,  566640647,  566640647
 20343,    50,   22000000,  602018114,        1,  580018114,  580018114
 20343,    51,   22000000,  613083670,        1,  591083670,  591083670
 20343,    52,   22000000,  624175147,        1,  602175147,  602175147
 20343,    53,   22000000,  636757467,        1,  614757467,  614757467
 20343,    54,   22000000,  648356630,        1,  626356630,  626356630
 20343,    55,   22000000,  660778216,        1,  638778216,  638778216
 20343,    56,   22000000,  673811405,        1,  651811405,  651811405
 20343,    57,   22000000,  686078081,        1,  664078081,  664078081
# task NAME=myapp PID=20347 COST=21063000 PERIOD=36000000 CPU=0
 20347,     2,   36000000,       6879,        0,  -35993121,          0
 20347,     3,   36000000,     180120,        0,  -35819880,          0
 20347,     4,   36000000,   43872429,        1,    7872429,    7872429
 20347,     5,   36000000,   46186609,        1,   10186609,   10186609
 20347,     6,   36000000,   50119730,        1,   14119730,   14119730
 20347,     7,   36000000,   56160772,        1,   20160772,   20160772
 20347,     8,   36000000,   58158861,        1,   22158861,   22158861
 20347,     9,   36000000,   62384375,        1,   26384375,   26384375
 20347,    10,   36000000,   67326648,        1,   31326648,   31326648
 20347,    11,   36000000,   72295215,        1,   36295215,   36295215
 20347,    12,   36000000,   74254117,        1,   38254117,   38254117
 20347,    13,   36000000,   78310375,        1,   42310375,   42310375
 20347,    14,   36000000,   84280907,        1,   48280907,   48280907
 20347,    15,   36000000,   86534572,        1,   50534572,   50534572
 20347,    16,   36000000,   90471335,        1,   54471335,   54471335
 20347,    17,   36000000,   94461095,        1,   58461095,   58461095
 20347,    18,   36000000,   98428666,        1,   62428666,   62428666
 20347,    19,   36000000,  102355849,        1,   66355849,   66355849
 20347,    20,   36000000,  108361398,        1,   72361398,   72361398
 20347,    21,   36000000,  112325579,        1,   76325579,   76325579
 20347,    22,   36000000,  114239881,        1,   78239881,   78239881
 20347,    23,   36000000,  118193595,        1,   82193595,   82193595
 20347,    24,   36000000,  122443287,        1,   86443287,   86443287
 20347,    25,   36000000,  126463288,        1,   90463288,   90463288
 20347,    26,   36000000,  132448585,        1,   96448585,   96448585
 20347,    27,   36000000,  134421090,        1,   98421090,   98421090
 20347,    28,   36000000,  138442960,        1,  102442960,  102442960
 20347,    29,   36000000,  142374571,        1,  106374571,  106374571
 20347,    30,   36000000,  148492614,        1,  112492614,  112492614
 20347,    31,   36000000,  150532402,        1,  114532402,  114532402
 20347,    32,   36000000,  154486696,        1,  118486696,  118486696
 20347,    33,   36000000,  158565930,        1,  122565930,  122565930
 20347,    34,   36000000,  162796393,        1,  126796393,  126796393
 20347,    35,   36000000,  166811880,        1,  130811880,  130811880
 20347,    36,   36000000,  170722730,        1,  134722730,  134722730
 20347,    37,   36000000,  175371291,        1,  139371291,  139371291
 20347,    38,   36000000,  178906786,        1,  142906786,  142906786
 20347,    39,   36000000,  183519700,        1,  147519700,  147519700
 20347,    40,   36000000,  189184213,        1,  153184213,  153184213
 20347,    41,   36000000,  191144021,        1,  155144021,  155144021
 20347,    42,   36000000,  195138731,        1,  159138731,  159138731
 20347,    43,   36000000,  201107424,        1,  165107424,  165107424
 20347,    44,   36000000,  203049322,        1,  167049322,  167049322
 20347,    45,   36000000,  208972065,        1,  172972065,  172972065
 20347,    46,   36000000,  213230980,        1,  177230980,  177230980
 20347,    47,   36000000,  215205716,        1,  179205716,  179205716
 20347,    48,   36000000,  219133336,        1,  183133336,  183133336
 20347,    49,   36000000,  225431603,        1,  189431603,  189431603
 20347,    50,   36000000,  229399061,        1,  193399061,  193399061
 20347,    51,   36000000,  231270871,        1,  195270871,  195270871
 20347,    52,   36000000,  235308512,        1,  199308512,  199308512
 20347,    53,   36000000,  241292342,        1,  205292342,  205292342
 20347,    54,   36000000,  243320124,        1,  207320124,  207320124
 20347,    55,   36000000,  249171021,        1,  213171021,  213171021
 20347,    56,   36000000,  253134218,        1,  217134218,  217134218
 20347,    57,   36000000,  255067806,        1,  219067806,  219067806
 20347,    58,   36000000,  259058907,        1,  223058907,  223058907
 20347,    59,   36000000,  265303586,        1,  229303586,  229303586
 20347,    60,   36000000,  269761071,        1,  233761071,  233761071
 20347,    61,   36000000,  271274080,        1,  235274080,  235274080
 20347,    62,   36000000,  275183190,        1,  239183190,  239183190
 20347,    63,   36000000,  281136194,        1,  245136194,  245136194
 20347,    64,   36000000,  283029784,        1,  247029784,  247029784
 20347,    65,   36000000,  287168166,        1,  251168166,  251168166
 20347,    66,   36000000,  291172649,        1,  255172649,  255172649
 20347,    67,   36000000,  295134873,        1,  259134873,  259134873
 20347,    68,   36000000,  299381924,        1,  263381924,  263381924
 20347,    69,   36000000,  305343499,        1,  269343499,  269343499
 20347,    70,   36000000,  308090921,        1,  272090921,  272090921
 20347,    71,   36000000,  313228389,        1,  277228389,  277228389
 20347,    72,   36000000,  317183294,        1,  281183294,  281183294
 20347,    73,   36000000,  321222610,        1,  285222610,  285222610
 20347,    74,   36000000,  325133131,        1,  289133131,  289133131
 20347,    75,   36000000,  327125872,        1,  291125872,  291125872
 20347,    76,   36000000,  331073471,        1,  295073471,  295073471
 20347,    77,   36000000,  335034914,        1,  299034914,  299034914
 20347,    78,   36000000,  340944423,        1,  304944423,  304944423
 20347,    79,   36000000,  344884859,        1,  308884859,  308884859
 20347,    80,   36000000,  346871997,        1,  310871997,  310871997
 20347,    81,   36000000,  352856498,        1,  316856498,  316856498
 20347,    82,   36000000,  354808179,        1,  318808179,  318808179
 20347,    83,   36000000,  360797778,        1,  324797778,  324797778
 20347,    84,   36000000,  364996735,        1,  328996735,  328996735
 20347,    85,   36000000,  366987657,        1,  330987657,  330987657
 20347,    86,   36000000,  370919305,        1,  334919305,  334919305
 20347,    87,   36000000,  377176947,        1,  341176947,  341176947
 20347,    88,   36000000,  379145480,        1,  343145480,  343145480
 20347,    89,   36000000,  383112343,        1,  347112343,  347112343
 20347,    90,   36000000,  387062876,        1,  351062876,  351062876
 20347,    91,   36000000,  391094605,        1,  355094605,  355094605
 20347,    92,   36000000,  395047447,        1,  359047447,  359047447
 20347,    93,   36000000,  398990841,        1,  362990841,  362990841
 20347,    94,   36000000,  402913391,        1,  366913391,  366913391
 20347,    95,   36000000,  406957036,        1,  370957036,  370957036
 20347,    96,   36000000,  411176822,        1,  375176822,  375176822
 20347,    97,   36000000,  415142306,        1,  379142306,  379142306
 20347,    98,   36000000,  419197343,        1,  383197343,  383197343
 20347,    99,   36000000,  425398882,        1,  389398882,  389398882
 20347,   100,   36000000,  427409928,        1,  391409928,  391409928
 20347,   101,   36000000,  431354914,        1,  395354914,  395354914
 20347,   102,   36000000,  435603867,        1,  399603867,  399603867
 20347,   103,   36000000,  441609023,        1,  405609023,  405609023
 20347,   104,   36000000,  443604414,        1,  407604414,  407604414
 20347,   105,   36000000,  447569106,        1,  411569106,  411569106
 20347,   106,   36000000,  451527073,        1,  415527073,  415527073
 20347,   107,   36000000,  455507245,        1,  419507245,  419507245
 20347,   108,   36000000,  459453056,        1,  423453056,  423453056
 20347,   109,   36000000,  463369195,        1,  427369195,  427369195
 20347,   110,   36000000,  469359580,        1,  433359580,  433359580
 20347,   111,   36000000,  471566008,        1,  435566008,  435566008
 20347,   112,   36000000,  475568255,        1,  439568255,  439568255
 20347,   113,   36000000,  479488416,        1,  443488416,  443488416
 20347,   114,   36000000,  483458841,        1,  447458841,  447458841
 20347,   115,   36000000,  487470611,        1,  451470611,  451470611
 20347,   116,   36000000,  491401523,        1,  455401523,  455401523
 20347,   117,   36000000,  495424299,        1,  459424299,  459424299
 20347,   118,   36000000,  499414797,        1,  463414797,  463414797
 20347,   119,   36000000,  503414408,        1,  467414408,  467414408
 20347,   120,   36000000,  507353118,        1,  471353118,  471353118
 20347,   121,   36000000,  511579596,        1,  475579596,  475579596
 20347,   122,   36000000,  515592497,        1,  479592497,  479592497
 20347,   123,   36000000,  521592946,        1,  485592946,  485592946
 20347,   124,   36000000,  525869138,        1,  489869138,  489869138
 20347,   125,   36000000,  527786297,        1,  491786297,  491786297
 20347,   126,   36000000,  531775508,        1,  495775508,  495775508
 20347,   127,   36000000,  537832952,        1,  501832952,  501832952
 20347,   128,   36000000,  543842545,        1,  507842545,  507842545
 20347,   129,   36000000,  543769800,        1,  507769800,  507769800
 20347,   130,   36000000,  547723149,        1,  511723149,  511723149
 20347,   131,   36000000,  553676489,        1,  517676489,  517676489
 20347,   132,   36000000,  555611616,        1,  519611616,  519611616
 20347,   133,   36000000,  559503837,        1,  523503837,  523503837
 20347,   134,   36000000,  566083109,        1,  530083109,  530083109
 20347,   135,   36000000,  567689043,        1,  531689043,  531689043
 20347,   136,   36000000,  571656572,        1,  535656572,  535656572
 20347,   137,   36000000,  577959588,        1,  541959588,  541959588
 20347,   138,   36000000,  581881677,        1,  545881677,  545881677
 20347,   139,   36000000,  584266040,        1,  548266040,  548266040
 20347,   140,   36000000,  587709067,        1,  551709067,  551709067
 20347,   141,   36000000,  591747887,        1,  555747887,  555747887
 20347,   142,   36000000,  595687966,        1,  559687966,  559687966
 20347,   143,   36000000,  599657713,        1,  563657713,  563657713
 20347,   144,   36000000,  603614119,        1,  567614119,  567614119
 20347,   145,   36000000,  607643629,        1,  571643629,  571643629
 20347,   146,   36000000,  613960614,        1,  577960614,  577960614
 20347,   147,   36000000,  617931321,        1,  581931321,  581931321
 20347,   148,   36000000,  623874445,        1,  587874445,  587874445
 20347,   149,   36000000,  626074130,        1,  590074130,  590074130
 20347,   150,   36000000,  630059718,        1,  594059718,  594059718
 20347,   151,   36000000,  633993414,        1,  597993414,  597993414
 20347,   152,   36000000,  638008999,        1,  602008999,  602008999
 20347,   153,   36000000,  643946318,        1,  607946318,  607946318
 20347,   154,   36000000,  646040743,        1,  610040743,  610040743
 20347,   155,   36000000,  650401117,        1,  614401117,  614401117
 20347,   156,   36000000,  655764675,        1,  619764675,  619764675
 20347,   157,   36000000,  658358159,        1,  622358159,  622358159
 20347,   158,   36000000,  664276865,        1,  628276865,  628276865
 20347,   159,   36000000,  666225190,        1,  630225190,  630225190
 20347,   160,   36000000,  672180879,        1,  636180879,  636180879
 20347,   161,   36000000,  674206215,        1,  638206215,  638206215
 20347,   162,   36000000,  680457396,        1,  644457396,  644457396
 20347,   163,   36000000,  683362889,        1,  647362889,  647362889
 20347,   164,   36000000,  688310740,        1,  652310740,  652310740
 20347,   165,   36000000,  692202340,        1,  656202340,  656202340
 20347,   166,   36000000,  694254813,        1,  658254813,  658254813
 20347,   167,   36000000,  698243017,        1,  662243017,  662243017
 20347,   168,   36000000,  704159921,        1,  668159921,  668159921
 20347,   169,   36000000,  708137648,        1,  672137648,  672137648
 20347,   170,   36000000,  710118683,        1,  674118683,  674118683
 20347,   171,   36000000,  714305335,        1,  678305335,  678305335
 20347,   172,   36000000,  720212466,        1,  684212466,  684212466
 20347,   173,   36000000,  722145936,        1,  686145936,  686145936
 20347,   174,   36000000,  727996531,        1,  691996531,  691996531
 20347,   175,   36000000,  732374581,        1,  696374581,  696374581
 20347,   176,   36000000,  734395505,        1,  698395505,  698395505
 20347,   177,   36000000,  738430007,        1,  702430007,  702430007
 20347,   178,   36000000,  742432557,        1,  706432557,  706432557
 20347,   179,   36000000,  748607747,        1,  712607747,  712607747
 20347,   180,   36000000,  750561718,        1,  714561718,  714561718
 20347,   181,   36000000,  754518072,        1,  718518072,  718518072
 20347,   182,   36000000,  758561870,        1,  722561870,  722561870
 20347,   183,   36000000,  762929351,        1,  726929351,  726929351
 20347,   184,   36000000,  768932621,        1,  732932621,  732932621
 20347,   185,   36000000,  770869617,        1,  734869617,  734869617
 20347,   186,   36000000,  774860095,        1,  738860095,  738860095
 20347,   187,   36000000,  781077397,        1,  745077397,  745077397
 20347,   188,   36000000,  783109505,        1,  747109505,  747109505
 20347,   189,   36000000,  787128583,        1,  751128583,  751128583
 20347,   190,   36000000,  791098435,        1,  755098435,  755098435
 20347,   191,   36000000,  795055579,        1,  759055579,  759055579
# task NAME=myapp PID=20351 COST=64986000 PERIOD=97000000 CPU=0
 20351,     2,   97000000,      11905,        0,  -96988095,          0
 20351,     3,   97000000,     293301,        0,  -96706699,          0
 20351,     4,   97000000,  122660345,        1,   25660345,   25660345
 20351,     5,   97000000,  149530348,        1,   52530348,   52530348
 20351,     6,   97000000,  176505348,        1,   79505348,   79505348
 20351,     7,   97000000,  205135303,        1,  108135303,  108135303
 20351,     8,   97000000,  229625371,        1,  132625371,  132625371
 20351,     9,   97000000,  256458050,        1,  159458050,  159458050
 20351,    10,   97000000,  283361951,        1,  186361951,  186361951
 20351,    11,   97000000,  309910038,        1,  212910038,  212910038
 20351,    12,   97000000,  334531107,        1,  237531107,  237531107
 20351,    13,   97000000,  363537139,        1,  266537139,  266537139
 20351,    14,   97000000,  388167968,        1,  291167968,  291167968
 20351,    15,   97000000,  416769054,        1,  319769054,  319769054
 20351,    16,   97000000,  441343365,        1,  344343365,  344343365
 20351,    17,   97000000,  469209278,        1,  372209278,  372209278
 20351,    18,   97000000,  495117468,        1,  398117468,  398117468
 20351,    19,   97000000,  521603838,        1,  424603838,  424603838
 20351,    20,   97000000,  546517873,        1,  449517873,  449517873
 20351,    21,   97000000,  573423611,        1,  476423611,  476423611
 20351,    22,   97000000,  600280748,        1,  503280748,  503280748
 20351,    23,   97000000,  626833798,        1,  529833798,  529833798
 20351,    24,   97000000,  653531622,        1,  556531622,  556531622
 20351,    25,   97000000,  680397201,        1,  583397201,  583397201
 20351,    26,   97000000,  707324869,        1,  610324869,  610324869
 20351,    27,   97000000,  734281433,        1,  637281433,  637281433
 20351,    28,   97000000,  760841767,        1,  663841767,  663841767
 20351,    29,   97000000,  785475727,        1,  688475727,  688475727
 20351,    30,   97000000,  812311771,        1,  715311771,  715311771
 20351,    31,   97000000,  838894897,        1,  741894897,  741894897
 20351,    32,   97000000,  867490193,        1,  770490193,  770490193
 20351,    33,   97000000,  892402200,        1,  795402200,  795402200
 20351,    34,   97000000,  921410301,        1,  824410301,  824410301
 20351,    35,   97000000,  946094046,        1,  849094046,  849094046
 20351,    36,   97000000,  972682319,        1,  875682319,  875682319
 20351,    37,   97000000,  997201308,        1,  900201308,  900201308
 20351,    38,   97000000, 1024080230,        1,  927080230,  927080230
 20351,    39,   97000000, 1052929883,        1,  955929883,  955929883
 20351,    40,   97000000, 1077578702,        1,  980578702,  980578702
 20351,    41,   97000000, 1104419500,        1, 1007419500, 1007419500
 20351,    42,   97000000, 1133319554,        1, 1036319554, 1036319554
 20351,    43,   97000000, 1157905549,        1, 1060905549, 1060905549
 20351,    44,   97000000, 1182409414,        1, 1085409414, 1085409414
 20351,    45,   97000000, 1211138727,        1, 1114138727, 1114138727
 20351,    46,   97000000, 1236017698,        1, 1139017698, 1139017698
 20351,    47,   97000000, 1262735962,        1, 1165735962, 1165735962
 20351,    48,   97000000, 1289630891,        1, 1192630891, 1192630891
 20351,    49,   97000000, 1316700843,        1, 1219700843, 1219700843
 20351,    50,   97000000, 1343702082,        1, 1246702082, 1246702082
 20351,    51,   97000000, 1370267928,        1, 1273267928, 1273267928
 20351,    52,   97000000, 1397409501,        1, 1300409501, 1300409501
 20351,    53,   97000000, 1424611789,        1, 1327611789, 1327611789
 20351,    54,   97000000, 1451116560,        1, 1354116560, 1354116560
 20351,    55,   97000000, 1478420625,        1, 1381420625, 1381420625
 20351,    56,   97000000, 1504749251,        1, 1407749251, 1407749251
 20351,    57,   97000000, 1529378160,        1, 1432378160, 1432378160
 20351,    58,   97000000, 1558226840,        1, 1461226840, 1461226840
 20351,    59,   97000000, 1582962105,        1, 1485962105, 1485962105
 20351,    60,   97000000, 1609825785,        1, 1512825785, 1512825785
 20351,    61,   97000000, 1636923449,        1, 1539923449, 1539923449
 20351,    62,   97000000, 1663443942,        1, 1566443942, 1566443942
 20351,    63,   97000000, 1692342585,        1, 1595342585, 1595342585
 20351,    64,   97000000, 1716996567,        1, 1619996567, 1619996567
 20351,    65,   97000000, 1743927519,        1, 1646927519, 1646927519
 20351,    66,   97000000, 1770848226,        1, 1673848226, 1673848226
 20351,    67,   97000000, 1795400186,        1, 1698400186, 1698400186
 20351,    68,   97000000, 1822178224,        1, 1725178224, 1725178224
 20351,    69,   97000000, 1848863806,        1, 1751863806, 1751863806
 20351,    70,   97000000, 1876182343,        1, 1779182343, 1779182343
 20351,    71,   97000000, 1904286563,        1, 1807286563, 1807286563
 20351,    72,   97000000, 1931111870,        1, 1834111870, 1834111870
 20351,    73,   97000000, 1955596483,        1, 1858596483, 1858596483
 20351,    74,   97000000, 1982244785,        1, 1885244785, 1885244785
 20351,    75,   97000000, 2006875634,        1, 1909875634, 1909875634
 20351,    76,   97000000, 2033579242,        1, 1936579242, 1936579242
 20351,    77,   97000000, 2061284783,        1, 1964284783, 1964284783
 20351,    78,   97000000, 2084662703,        1, 1987662703, 1987662703
 20351,    79,   97000000, 2111545511,        1, 2014545511, 2014545511
 20351,    80,   97000000, 2140032459,        1, 2043032459, 2043032459
 20351,    81,   97000000, 2164702493,        1, 2067702493, 2067702493
 20351,    82,   97000000, 2191669726,        1, 2094669726, 2094669726
 20351,    83,   97000000, 2218372247,        1, 2121372247, 2121372247
 20351,    84,   97000000, 2245340004,        1, 2148340004, 2148340004
 20351,    85,   97000000, 2272390610,        1, 2175390610, 2175390610
 20351,    86,   97000000, 2298958045,        1, 2201958045, 2201958045
 20351,    87,   97000000, 2325978189,        1, 2228978189, 2228978189
 20351,    88,   97000000, 2352891704,        1, 2255891704, 2255891704
 20351,    89,   97000000, 2377729296,        1, 2280729296, 2280729296
 20351,    90,   97000000, 2404727584,        1, 2307727584, 2307727584
 20351,    91,   97000000, 2431748343,        1, 2334748343, 2334748343
 20351,    92,   97000000, 2458709749,        1, 2361709749, 2361709749
# task NAME=myapp PID=20355 COST=6002000 PERIOD=11000000 CPU=0
 20355,     2,   11000000,      13081,        0,  -10986919,          0
 20355,     3,   11000000,     176565,        0,  -10823435,          0
 20355,     4,   11000000,   10472113,        0,    -527887,          0
 20355,     5,   11000000,    9506064,        0,   -1493936,          0
 20355,     6,   11000000,    9566640,        0,   -1433360,          0
 20355,     7,   11000000,    7472149,        0,   -3527851,          0
 20355,     8,   11000000,    8661930,        0,   -2338070,          0
 20355,     9,   11000000,    9516186,        0,   -1483814,          0
 20355,    10,   11000000,    9480381,        0,   -1519619,          0
 20355,    11,   11000000,    7489833,        0,   -3510167,          0
 20355,    12,   11000000,    8510603,        0,   -2489397,          0
 20355,    13,   11000000,    9552089,        0,   -1447911,          0
 20355,    14,   11000000,    9459010,        0,   -1540990,          0
 20355,    15,   11000000,    9442826,        0,   -1557174,          0
 20355,    16,   11000000,    8499869,        0,   -2500131,          0
 20355,    17,   11000000,    9492536,        0,   -1507464,          0
 20355,    18,   11000000,   11446659,        1,     446659,     446659
 20355,    19,   11000000,   12138713,        1,    1138713,    1138713
 20355,    20,   11000000,   10852633,        0,    -147367,          0
 20355,    21,   11000000,    9507534,        0,   -1492466,          0
 20355,    22,   11000000,   11462031,        1,     462031,     462031
 20355,    23,   11000000,   10167919,        0,    -832081,          0
 20355,    24,   11000000,    9486798,        0,   -1513202,          0
 20355,    25,   11000000,   11965734,        1,     965734,     965734
 20355,    26,   11000000,   12225080,        1,    1225080,    1225080
 20355,    27,   11000000,   12930418,        1,    1930418,    1930418
 20355,    28,   11000000,   11629519,        1,     629519,     629519
 20355,    29,   11000000,   12320800,        1,    1320800,    1320800
 20355,    30,   11000000,   13094217,        1,    2094217,    2094217
 20355,    31,   11000000,   11730100,        1,     730100,     730100
 20355,    32,   11000000,   12349789,        1,    1349789,    1349789
 20355,    33,   11000000,   13070784,        1,    2070784,    2070784
 20355,    34,   11000000,   13731155,        1,    2731155,    2731155
 20355,    35,   11000000,   14424374,        1,    3424374,    3424374
 20355,    36,   11000000,   15437222,        1,    4437222,    4437222
 20355,    37,   11000000,   16210592,        1,    5210592,    5210592
 20355,    38,   11000000,   16897955,        1,    5897955,    5897955
 20355,    39,   11000000,   17576622,        1,    6576622,    6576622
 20355,    40,   11000000,   19248855,        1,    8248855,    8248855
 20355,    41,   11000000,   16912377,        1,    5912377,    5912377
 20355,    42,   11000000,   17615330,        1,    6615330,    6615330
 20355,    43,   11000000,   18311045,        1,    7311045,    7311045
 20355,    44,   11000000,   18998127,        1,    7998127,    7998127
 20355,    45,   11000000,   17676192,        1,    6676192,    6676192
 20355,    46,   11000000,   18378070,        1,    7378070,    7378070
 20355,    47,   11000000,   19103740,        1,    8103740,    8103740
 20355,    48,   11000000,   19854698,        1,    8854698,    8854698
 20355,    49,   11000000,   22557683,        1,   11557683,   11557683
 20355,    50,   11000000,   23224094,        1,   12224094,   12224094
 20355,    51,   11000000,   23919121,        1,   12919121,   12919121
 20355,    52,   11000000,   20596950,        1,    9596950,    9596950
 20355,    53,   11000000,   21281143,        1,   10281143,   10281143
 20355,    54,   11000000,   24024696,        1,   13024696,   13024696
 20355,    55,   11000000,   24735732,        1,   13735732,   13735732
 20355,    56,   11000000,   23436527,        1,   12436527,   12436527
 20355,    57,   11000000,   24121536,        1,   13121536,   13121536
 20355,    58,   11000000,   24868405,        1,   13868405,   13868405
 20355,    59,   11000000,   23579943,        1,   12579943,   12579943
 20355,    60,   11000000,   24295820,        1,   13295820,   13295820
 20355,    61,   11000000,   26941759,        1,   15941759,   15941759
 20355,    62,   11000000,   25620514,        1,   14620514,   14620514
 20355,    63,   11000000,   26296492,        1,   15296492,   15296492
 20355,    64,   11000000,   27001850,        1,   16001850,   16001850
 20355,    65,   11000000,   25675041,        1,   14675041,   14675041
 20355,    66,   11000000,   28413352,        1,   17413352,   17413352
 20355,    67,   11000000,   27103008,        1,   16103008,   16103008
 20355,    68,   11000000,   29794611,        1,   18794611,   18794611
 20355,    69,   11000000,   30509276,        1,   19509276,   19509276
 20355,    70,   11000000,   31189674,        1,   20189674,   20189674
 20355,    71,   11000000,   31880636,        1,   20880636,   20880636
 20355,    72,   11000000,   30559028,        1,   19559028,   19559028
 20355,    73,   11000000,   31274323,        1,   20274323,   20274323
 20355,    74,   11000000,   31978125,        1,   20978125,   20978125
 20355,    75,   11000000,   30673814,        1,   19673814,   19673814
 20355,    76,   11000000,   31359704,        1,   20359704,   20359704
 20355,    77,   11000000,   32068434,        1,   21068434,   21068434
 20355,    78,   11000000,   30735196,        1,   19735196,   19735196
 20355,    79,   11000000,   31715187,        1,   20715187,   20715187
 20355,    80,   11000000,   34397885,        1,   23397885,   23397885
 20355,    81,   11000000,   35094917,        1,   24094917,   24094917
 20355,    82,   11000000,   33783056,        1,   22783056,   22783056
 20355,    83,   11000000,   36513584,        1,   25513584,   25513584
 20355,    84,   11000000,   37254576,        1,   26254576,   26254576
 20355,    85,   11000000,   35938433,        1,   24938433,   24938433
 20355,    86,   11000000,   34603501,        1,   23603501,   23603501
 20355,    87,   11000000,   35313536,        1,   24313536,   24313536
 20355,    88,   11000000,   36034822,        1,   25034822,   25034822
 20355,    89,   11000000,   38731524,        1,   27731524,   27731524
 20355,    90,   11000000,   39698042,        1,   28698042,   28698042
 20355,    91,   11000000,   38393785,        1,   27393785,   27393785
 20355,    92,   11000000,   39080521,        1,   28080521,   28080521
 20355,    93,   11000000,   39764805,        1,   28764805,   28764805
 20355,    94,   11000000,   38445578,        1,   27445578,   27445578
 20355,    95,   11000000,   41172746,        1,   30172746,   30172746
 20355,    96,   11000000,   41858621,        1,   30858621,   30858621
 20355,    97,   11000000,   42529273,        1,   31529273,   31529273
 20355,    98,   11000000,   43255350,        1,   32255350,   32255350
 20355,    99,   11000000,   43936525,        1,   32936525,   32936525
 20355,   100,   11000000,   40606310,        1,   29606310,   29606310
 20355,   101,   11000000,   43292103,        1,   32292103,   32292103
 20355,   102,   11000000,   42800457,        1,   31800457,   31800457
 20355,   103,   11000000,   44658225,        1,   33658225,   33658225
 20355,   104,   11000000,   45333702,        1,   34333702,   34333702
 20355,   105,   11000000,   44043382,        1,   33043382,   33043382
 20355,   106,   11000000,   43909220,        1,   32909220,   32909220
 20355,   107,   11000000,   43353221,        1,   32353221,   32353221
 20355,   108,   11000000,   44043739,        1,   33043739,   33043739
 20355,   109,   11000000,   44749165,        1,   33749165,   33749165
 20355,   110,   11000000,   45481860,        1,   34481860,   34481860
 20355,   111,   11000000,   48230120,        1,   37230120,   37230120
 20355,   112,   11000000,   48040050,        1,   37040050,   37040050
 20355,   113,   11000000,   45517912,        1,   34517912,   34517912
 20355,   114,   11000000,   48207592,        1,   37207592,   37207592
 20355,   115,   11000000,   49268716,        1,   38268716,   38268716
 20355,   116,   11000000,   49545714,        1,   38545714,   38545714
 20355,   117,   11000000,   48248149,        1,   37248149,   37248149
 20355,   118,   11000000,   48945149,        1,   37945149,   37945149
 20355,   119,   11000000,   47673708,        1,   36673708,   36673708
 20355,   120,   11000000,   48400791,        1,   37400791,   37400791
 20355,   121,   11000000,   49073285,        1,   38073285,   38073285
 20355,   122,   11000000,   51726373,        1,   40726373,   40726373
 20355,   123,   11000000,   50467418,        1,   39467418,   39467418
 20355,   124,   11000000,   51177413,        1,   40177413,   40177413
 20355,   125,   11000000,   53854028,        1,   42854028,   42854028
 20355,   126,   11000000,   52526067,        1,   41526067,   41526067
 20355,   127,   11000000,   51611239,        1,   40611239,   40611239
 20355,   128,   11000000,   51863284,        1,   40863284,   40863284
 20355,   129,   11000000,   52532492,        1,   41532492,   41532492
 20355,   130,   11000000,   53284647,        1,   42284647,   42284647
 20355,   131,   11000000,   54014520,        1,   43014520,   43014520
 20355,   132,   11000000,   52706656,        1,   41706656,   41706656
 20355,   133,   11000000,   53404396,        1,   42404396,   42404396
 20355,   134,   11000000,   54107911,        1,   43107911,   43107911
 20355,   135,   11000000,   54820877,        1,   43820877,   43820877
 20355,   136,   11000000,   55516165,        1,   44516165,   44516165
 20355,   137,   11000000,   58233977,        1,   47233977,   47233977
 20355,   138,   11000000,   56910314,        1,   45910314,   45910314
 20355,   139,   11000000,   57594387,        1,   46594387,   46594387
 20355,   140,   11000000,   56308532,        1,   45308532,   45308532
 20355,   141,   11000000,   58985056,        1,   47985056,   47985056
 20355,   142,   11000000,   57710433,        1,   46710433,   46710433
 20355,   143,   11000000,   58405420,        1,   47405420,   47405420
 20355,   144,   11000000,   59059286,        1,   48059286,   48059286
 20355,   145,   11000000,   57728456,        1,   46728456,   46728456
 20355,   146,   11000000,   60418411,        1,   49418411,   49418411
 20355,   147,   11000000,   59114323,        1,   48114323,   48114323
 20355,   148,   11000000,   59794350,        1,   48794350,   48794350
 20355,   149,   11000000,   60487483,        1,   49487483,   49487483
 20355,   150,   11000000,   61212552,        1,   50212552,   50212552
 20355,   151,   11000000,   61892261,        1,   50892261,   50892261
 20355,   152,   11000000,   60559081,        1,   49559081,   49559081
 20355,   153,   11000000,   61281039,        1,   50281039,   50281039
 20355,   154,   11000000,   61978642,        1,   50978642,   50978642
 20355,   155,   11000000,   64097755,        1,   53097755,   53097755
 20355,   156,   11000000,   63602643,        1,   52602643,   52602643
 20355,   157,   11000000,   64310625,        1,   53310625,   53310625
 20355,   158,   11000000,   65034932,        1,   54034932,   54034932
 20355,   159,   11000000,   63720411,        1,   52720411,   52720411
 20355,   160,   11000000,   64442446,        1,   53442446,   53442446
 20355,   161,   11000000,   65170767,        1,   54170767,   54170767
 20355,   162,   11000000,   65855327,        1,   54855327,   54855327
 20355,   163,   11000000,   66565322,        1,   55565322,   55565322
 20355,   164,   11000000,   68215150,        1,   57215150,   57215150
 20355,   165,   11000000,   69948641,        1,   58948641,   58948641
 20355,   166,   11000000,   68717117,        1,   57717117,   57717117
 20355,   167,   11000000,   69297348,        1,   58297348,   58297348
 20355,   168,   11000000,   67988680,        1,   56988680,   56988680
 20355,   169,   11000000,   68659670,        1,   57659670,   57659670
 20355,   170,   11000000,   71374667,        1,   60374667,   60374667
 20355,   171,   11000000,   72081663,        1,   61081663,   61081663
 20355,   172,   11000000,   70724976,        1,   59724976,   59724976
 20355,   173,   11000000,   71373933,        1,   60373933,   60373933
 20355,   174,   11000000,   70062299,        1,   59062299,   59062299
 20355,   175,   11000000,   70792145,        1,   59792145,   59792145
 20355,   176,   11000000,   71485613,        1,   60485613,   60485613
 20355,   177,   11000000,   72234817,        1,   61234817,   61234817
 20355,   178,   11000000,   72922363,        1,   61922363,   61922363
 20355,   179,   11000000,   71600855,        1,   60600855,   60600855
 20355,   180,   11000000,   72602146,        1,   61602146,   61602146
 20355,   181,   11000000,   74977552,        1,   63977552,   63977552
 20355,   182,   11000000,   73633412,        1,   62633412,   62633412
 20355,   183,   11000000,   74341192,        1,   63341192,   63341192
 20355,   184,   11000000,   75037063,        1,   64037063,   64037063
 20355,   185,   11000000,   73704864,        1,   62704864,   62704864
 20355,   186,   11000000,   74390132,        1,   63390132,   63390132
 20355,   187,   11000000,   75147397,        1,   64147397,   64147397
 20355,   188,   11000000,   77849886,        1,   66849886,   66849886
 20355,   189,   11000000,   76483281,        1,   65483281,   65483281
 20355,   190,   11000000,   77196075,        1,   66196075,   66196075
 20355,   191,   11000000,   77893336,        1,   66893336,   66893336
 20355,   192,   11000000,   76578686,        1,   65578686,   65578686
 20355,   193,   11000000,   77262007,        1,   66262007,   66262007
 20355,   194,   11000000,   77981896,        1,   66981896,   66981896
 20355,   195,   11000000,   80702514,        1,   69702514,   69702514
 20355,   196,   11000000,   79448076,        1,   68448076,   68448076
 20355,   197,   11000000,   82084355,        1,   71084355,   71084355
 20355,   198,   11000000,   78793033,        1,   67793033,   67793033
 20355,   199,   11000000,   81478229,        1,   70478229,   70478229
 20355,   200,   11000000,   80163846,        1,   69163846,   69163846
 20355,   201,   11000000,   82168549,        1,   71168549,   71168549
 20355,   202,   11000000,   83507316,        1,   72507316,   72507316
 20355,   203,   11000000,   84212766,        1,   73212766,   73212766
 20355,   204,   11000000,   82892419,        1,   71892419,   71892419
 20355,   205,   11000000,   81598427,        1,   70598427,   70598427
 20355,   206,   11000000,   82403317,        1,   71403317,   71403317
 20355,   207,   11000000,   83101889,        1,   72101889,   72101889
 20355,   208,   11000000,   83782779,        1,   72782779,   72782779
 20355,   209,   11000000,   86451951,        1,   75451951,   75451951
 20355,   210,   11000000,   87155649,        1,   76155649,   76155649
 20355,   211,   11000000,   83818115,        1,   72818115,   72818115
 20355,   212,   11000000,   86494015,        1,   75494015,   75494015
 20355,   213,   11000000,   85186055,        1,   74186055,   74186055
 20355,   214,   11000000,   85940485,        1,   74940485,   74940485
 20355,   215,   11000000,   86623961,        1,   75623961,   75623961
 20355,   216,   11000000,   87312628,        1,   76312628,   76312628
 20355,   217,   11000000,   87994418,        1,   76994418,   76994418
 20355,   218,   11000000,   86673788,        1,   75673788,   75673788
 20355,   219,   11000000,   89359347,        1,   78359347,   78359347
 20355,   220,   11000000,   88032715,        1,   77032715,   77032715
 20355,   221,   11000000,   88747363,        1,   77747363,   77747363
 20355,   222,   11000000,   89704415,        1,   78704415,   78704415
 20355,   223,   11000000,   90392546,        1,   79392546,   79392546
 20355,   224,   11000000,   91082264,        1,   80082264,   80082264
 20355,   225,   11000000,   89758728,        1,   78758728,   78758728
 20355,   226,   11000000,   90447330,        1,   79447330,   79447330
 20355,   227,   11000000,   91131463,        1,   80131463,   80131463
 20355,   228,   11000000,   91843926,        1,   80843926,   80843926
 20355,   229,   11000000,   92552504,        1,   81552504,   81552504
 20355,   230,   11000000,   93286712,        1,   82286712,   82286712
 20355,   231,   11000000,   93968015,        1,   82968015,   82968015
 20355,   232,   11000000,   92646318,        1,   81646318,   81646318
 20355,   233,   11000000,   95382883,        1,   84382883,   84382883
 20355,   234,   11000000,   96070534,        1,   85070534,   85070534
 20355,   235,   11000000,   94754993,        1,   83754993,   83754993
 20355,   236,   11000000,   97439760,        1,   86439760,   86439760
 20355,   237,   11000000,   98113408,        1,   87113408,   87113408
 20355,   238,   11000000,   94758597,        1,   83758597,   83758597
 20355,   239,   11000000,   95476888,        1,   84476888,   84476888
 20355,   240,   11000000,   98203368,        1,   87203368,   87203368
 20355,   241,   11000000,   98883155,        1,   87883155,   87883155
 20355,   242,   11000000,   99568221,        1,   88568221,   88568221
 20355,   243,   11000000,   98274900,        1,   87274900,   87274900
 20355,   244,   11000000,  101372933,        1,   90372933,   90372933
 20355,   245,   11000000,   99609088,        1,   88609088,   88609088
 20355,   246,   11000000,   98294793,        1,   87294793,   87294793
 20355,   247,   11000000,   98943839,        1,   87943839,   87943839
 20355,   248,   11000000,   99654913,        1,   88654913,   88654913
 20355,   249,   11000000,  102373480,        1,   91373480,   91373480
 20355,   250,   11000000,  101080847,        1,   90080847,   90080847
 20355,   251,   11000000,  101830416,        1,   90830416,   90830416
 20355,   252,   11000000,  100522975,        1,   89522975,   89522975
 20355,   253,   11000000,  101234307,        1,   90234307,   90234307
 20355,   254,   11000000,  101915135,        1,   90915135,   90915135
 20355,   255,   11000000,  102869920,        1,   91869920,   91869920
 20355,   256,   11000000,  103582587,        1,   92582587,   92582587
 20355,   257,   11000000,  106304123,        1,   95304123,   95304123
 20355,   258,   11000000,  104986396,        1,   93986396,   93986396
 20355,   259,   11000000,  105656138,        1,   94656138,   94656138
 20355,   260,   11000000,  105493090,        1,   94493090,   94493090
 20355,   261,   11000000,  106974027,        1,   95974027,   95974027
 20355,   262,   11000000,  105667805,        1,   94667805,   94667805
 20355,   263,   11000000,  106405604,        1,   95405604,   95405604
 20355,   264,   11000000,  107127734,        1,   96127734,   96127734
 20355,   265,   11000000,  107813907,        1,   96813907,   96813907
 20355,   266,   11000000,  106523539,        1,   95523539,   95523539
 20355,   267,   11000000,  107261139,        1,   96261139,   96261139
 20355,   268,   11000000,  108363354,        1,   97363354,   97363354
 20355,   269,   11000000,  110639322,        1,   99639322,   99639322
 20355,   270,   11000000,  109326067,        1,   98326067,   98326067
 20355,   271,   11000000,  110122568,        1,   99122568,   99122568
 20355,   272,   11000000,  108643351,        1,   97643351,   97643351
 20355,   273,   11000000,  109381174,        1,   98381174,   98381174
 20355,   274,   11000000,  110092940,        1,   99092940,   99092940
 20355,   275,   11000000,  111665955,        1,  100665955,  100665955
 20355,   276,   11000000,  111440179,        1,  100440179,  100440179
 20355,   277,   11000000,  112145954,        1,  101145954,  101145954
 20355,   278,   11000000,  112840408,        1,  101840408,  101840408
 20355,   279,   11000000,  111507322,        1,  100507322,  100507322
 20355,   280,   11000000,  112216421,        1,  101216421,  101216421
 20355,   281,   11000000,  112915342,        1,  101915342,  101915342
 20355,   282,   11000000,  115610858,        1,  104610858,  104610858
 20355,   283,   11000000,  114607540,        1,  103607540,  103607540
 20355,   284,   11000000,  115014858,        1,  104014858,  104014858
 20355,   285,   11000000,  114074626,        1,  103074626,  103074626
 20355,   286,   11000000,  114394921,        1,  103394921,  103394921
 20355,   287,   11000000,  117231234,        1,  106231234,  106231234
 20355,   288,   11000000,  117941385,        1,  106941385,  106941385
 20355,   289,   11000000,  118649694,        1,  107649694,  107649694
 20355,   290,   11000000,  117323659,        1,  106323659,  106323659
 20355,   291,   11000000,  118017041,        1,  107017041,  107017041
 20355,   292,   11000000,  116755532,        1,  105755532,  105755532
 20355,   293,   11000000,  119516933,        1,  108516933,  108516933
 20355,   294,   11000000,  120215775,        1,  109215775,  109215775
 20355,   295,   11000000,  118888973,        1,  107888973,  107888973
 20355,   296,   11000000,  119567753,        1,  108567753,  108567753
 20355,   297,   11000000,  120265473,        1,  109265473,  109265473
 20355,   298,   11000000,  120980394,        1,  109980394,  109980394
 20355,   299,   11000000,  121953458,        1,  110953458,  110953458
 20355,   300,   11000000,  120642276,        1,  109642276,  109642276
 20355,   301,   11000000,  121388830,        1,  110388830,  110388830
 20355,   302,   11000000,  122090213,        1,  111090213,  111090213
 20355,   303,   11000000,  122768230,        1,  111768230,  111768230
 20355,   304,   11000000,  125449795,        1,  114449795,  114449795
 20355,   305,   11000000,  126165642,        1,  115165642,  115165642
 20355,   306,   11000000,  126853476,        1,  115853476,  115853476
 20355,   307,   11000000,  123549400,        1,  112549400,  112549400
 20355,   308,   11000000,  126256480,        1,  115256480,  115256480
 20355,   309,   11000000,  124920229,        1,  113920229,  113920229
 20355,   310,   11000000,  127577384,        1,  116577384,  116577384
 20355,   311,   11000000,  126259760,        1,  115259760,  115259760
 20355,   312,   11000000,  126955962,        1,  115955962,  115955962
 20355,   313,   11000000,  125645975,        1,  114645975,  114645975
 20355,   314,   11000000,  126370298,        1,  115370298,  115370298
 20355,   315,   11000000,  127075558,        1,  116075558,  116075558
 20355,   316,   11000000,  127766425,        1,  116766425,  116766425
 20355,   317,   11000000,  128454613,        1,  117454613,  117454613
 20355,   318,   11000000,  129124500,        1,  118124500,  118124500
 20355,   319,   11000000,  129802994,        1,  118802994,  118802994
 20355,   320,   11000000,  128516550,        1,  117516550,  117516550
 20355,   321,   11000000,  129211577,        1,  118211577,  118211577
 20355,   322,   11000000,  129899461,        1,  118899461,  118899461
 20355,   323,   11000000,  130591875,        1,  119591875,  119591875
 20355,   324,   11000000,  131310791,        1,  120310791,  120310791
 20355,   325,   11000000,  132006955,        1,  121006955,  121006955
 20355,   326,   11000000,  132678863,        1,  121678863,  121678863
 20355,   327,   11000000,  131404714,        1,  120404714,  120404714
 20355,   328,   11000000,  132180800,        1,  121180800,  121180800
 20355,   329,   11000000,  132862650,        1,  121862650,  121862650
 20355,   330,   11000000,  135552192,        1,  124552192,  124552192
 20355,   331,   11000000,  136229351,        1,  125229351,  125229351
 20355,   332,   11000000,  136844238,        1,  125844238,  125844238
 20355,   333,   11000000,  135576795,        1,  124576795,  124576795
 20355,   334,   11000000,  136652747,        1,  125652747,  125652747
 20355,   335,   11000000,  136397683,        1,  125397683,  125397683
 20355,   336,   11000000,  135607432,        1,  124607432,  124607432
 20355,   337,   11000000,  136342677,        1,  125342677,  125342677
 20355,   338,   11000000,  137058293,        1,  126058293,  126058293
 20355,   339,   11000000,  137760024,        1,  126760024,  126760024
 20355,   340,   11000000,  136565590,        1,  125565590,  125565590
 20355,   341,   11000000,  139142695,        1,  128142695,  128142695
 20355,   342,   11000000,  139800200,        1,  128800200,  128800200
 20355,   343,   11000000,  138518436,        1,  127518436,  127518436
 20355,   344,   11000000,  139254730,        1,  128254730,  128254730
 20355,   345,   11000000,  140011227,        1,  129011227,  129011227
 20355,   346,   11000000,  140629739,        1,  129629739,  129629739
 20355,   347,   11000000,  139332831,        1,  128332831,  128332831
 20355,   348,   11000000,  140022821,        1,  129022821,  129022821
 20355,   349,   11000000,  140727040,        1,  129727040,  129727040
 20355,   350,   11000000,  141393381,        1,  130393381,  130393381
 20355,   351,   11000000,  142075600,        1,  131075600,  131075600
 20355,   352,   11000000,  140744634,        1,  129744634,  129744634
 20355,   353,   11000000,  141484024,        1,  130484024,  130484024
 20355,   354,   11000000,  142195184,        1,  131195184,  131195184
 20355,   355,   11000000,  142932875,        1,  131932875,  131932875
 20355,   356,   11000000,  143660828,        1,  132660828,  132660828
 20355,   357,   11000000,  144327522,        1,  133327522,  133327522
 20355,   358,   11000000,  145016500,        1,  134016500,  134016500
 20355,   359,   11000000,  145702736,        1,  134702736,  134702736
 20355,   360,   11000000,  144657256,        1,  133657256,  133657256
 20355,   361,   11000000,  145126559,        1,  134126559,  134126559
 20355,   362,   11000000,  145809850,        1,  134809850,  134809850
 20355,   363,   11000000,  148481296,        1,  137481296,  137481296
 20355,   364,   11000000,  147170940,        1,  136170940,  136170940
 20355,   365,   11000000,  147863965,        1,  136863965,  136863965
 20355,   366,   11000000,  148520948,        1,  137520948,  137520948
 20355,   367,   11000000,  147221677,        1,  136221677,  136221677
 20355,   368,   11000000,  147934298,        1,  136934298,  136934298
 20355,   369,   11000000,  148659505,        1,  137659505,  137659505
 20355,   370,   11000000,  149378728,        1,  138378728,  138378728
 20355,   371,   11000000,  150058960,        1,  139058960,  139058960
 20355,   372,   11000000,  148741821,        1,  137741821,  137741821
 20355,   373,   11000000,  149437546,        1,  138437546,  138437546
 20355,   374,   11000000,  150149020,        1,  139149020,  139149020
 20355,   375,   11000000,  151161597,        1,  140161597,  140161597
 20355,   376,   11000000,  151843764,        1,  140843764,  140843764
 20355,   377,   11000000,  152652107,        1,  141652107,  141652107
 20355,   378,   11000000,  155239949,        1,  144239949,  144239949
 20355,   379,   11000000,  153931382,        1,  142931382,  142931382
 20355,   380,   11000000,  154651680,        1,  143651680,  143651680
 20355,   381,   11000000,  154140838,        1,  143140838,  143140838
 20355,   382,   11000000,  155986495,        1,  144986495,  144986495
 20355,   383,   11000000,  155566106,        1,  144566106,  144566106
 20355,   384,   11000000,  155329895,        1,  144329895,  144329895
 20355,   385,   11000000,  156033820,        1,  145033820,  145033820
 20355,   386,   11000000,  156988446,        1,  145988446,  145988446
 20355,   387,   11000000,  155681809,        1,  144681809,  144681809
 20355,   388,   11000000,  156426966,        1,  145426966,  145426966
 20355,   389,   11000000,  157083197,        1,  146083197,  146083197
 20355,   390,   11000000,  157758119,        1,  146758119,  146758119
 20355,   391,   11000000,  158451861,        1,  147451861,  147451861
 20355,   392,   11000000,  159144463,        1,  148144463,  148144463
 20355,   393,   11000000,  159851883,        1,  148851883,  148851883
 20355,   394,   11000000,  158554834,        1,  147554834,  147554834
 20355,   395,   11000000,  159406680,        1,  148406680,  148406680
 20355,   396,   11000000,  159988602,        1,  148988602,  148988602
 20355,   397,   11000000,  160696699,        1,  149696699,  149696699
 20355,   398,   11000000,  161400970,        1,  150400970,  150400970
 20355,   399,   11000000,  162115478,        1,  151115478,  151115478
 20355,   400,   11000000,  162795347,        1,  151795347,  151795347
 20355,   401,   11000000,  163475756,        1,  152475756,  152475756
 20355,   402,   11000000,  163092633,        1,  152092633,  152092633
 20355,   403,   11000000,  162842545,        1,  151842545,  151842545
 20355,   404,   11000000,  164080942,        1,  153080942,  153080942
 20355,   405,   11000000,  166184456,        1,  155184456,  155184456
 20355,   406,   11000000,  164881875,        1,  153881875,  153881875
 20355,   407,   11000000,  163563302,        1,  152563302,  152563302
 20355,   408,   11000000,  164281983,        1,  153281983,  153281983
 20355,   409,   11000000,  164965812,        1,  153965812,  153965812
 20355,   410,   11000000,  166413484,        1,  155413484,  155413484
 20355,   411,   11000000,  166438666,        1,  155438666,  155438666
 20355,   412,   11000000,  169084690,        1,  158084690,  158084690
 20355,   413,   11000000,  167742393,        1,  156742393,  156742393
 20355,   414,   11000000,  166414550,        1,  155414550,  155414550
 20355,   415,   11000000,  169058480,        1,  158058480,  158058480
 20355,   416,   11000000,  167741842,        1,  156741842,  156741842
 20355,   417,   11000000,  168426691,        1,  157426691,  157426691
 20355,   418,   11000000,  171146373,        1,  160146373,  160146373
 20355,   419,   11000000,  169804619,        1,  158804619,  158804619
 20355,   420,   11000000,  170487028,        1,  159487028,  159487028
 20355,   421,   11000000,  169172806,        1,  158172806,  158172806
 20355,   422,   11000000,  169837371,        1,  158837371,  158837371
 20355,   423,   11000000,  170580801,        1,  159580801,  159580801
 20355,   424,   11000000,  171305692,        1,  160305692,  160305692
 20355,   425,   11000000,  171995186,        1,  160995186,  160995186
 20355,   426,   11000000,  170684383,        1,  159684383,  159684383
 20355,   427,   11000000,  173382725,        1,  162382725,  162382725
 20355,   428,   11000000,  172649863,        1,  161649863,  161649863
 20355,   429,   11000000,  172783028,        1,  161783028,  161783028
 20355,   430,   11000000,  173779497,        1,  162779497,  162779497
 20355,   431,   11000000,  174487153,        1,  163487153,  163487153
 20355,   432,   11000000,  175161302,        1,  164161302,  164161302
 20355,   433,   11000000,  175861891,        1,  164861891,  164861891
 20355,   434,   11000000,  174534202,        1,  163534202,  163534202
 20355,   435,   11000000,  175209214,        1,  164209214,  164209214
 20355,   436,   11000000,  175886449,        1,  164886449,  164886449
 20355,   437,   11000000,  178581788,        1,  167581788,  167581788
 20355,   438,   11000000,  177266849,        1,  166266849,  166266849
 20355,   439,   11000000,  177993979,        1,  166993979,  166993979
 20355,   440,   11000000,  176679462,        1,  165679462,  165679462
 20355,   441,   11000000,  177403462,        1,  166403462,  166403462
 20355,   442,   11000000,  178113302,        1,  167113302,  167113302
 20355,   443,   11000000,  178799128,        1,  167799128,  167799128
 20355,   444,   11000000,  179507441,        1,  168507441,  168507441
 20355,   445,   11000000,  180220343,        1,  169220343,  169220343
 20355,   446,   11000000,  182921146,        1,  171921146,  171921146
 20355,   447,   11000000,  179851879,        1,  168851879,  168851879
 20355,   448,   11000000,  180274445,        1,  169274445,  169274445
 20355,   449,   11000000,  180967614,        1,  169967614,  169967614
 20355,   450,   11000000,  183673062,        1,  172673062,  172673062
 20355,   451,   11000000,  184327774,        1,  173327774,  173327774
 20355,   452,   11000000,  185011400,        1,  174011400,  174011400
 20355,   453,   11000000,  183668415,        1,  172668415,  172668415
 20355,   454,   11000000,  184352296,        1,  173352296,  173352296
 20355,   455,   11000000,  183456081,        1,  172456081,  172456081
 20355,   456,   11000000,  183719972,        1,  172719972,  172719972
 20355,   457,   11000000,  184839402,        1,  173839402,  173839402
 20355,   458,   11000000,  185144152,        1,  174144152,  174144152
 20355,   459,   11000000,  185826641,        1,  174826641,  174826641
 20355,   460,   11000000,  184510935,        1,  173510935,  173510935
 20355,   461,   11000000,  185199022,        1,  174199022,  174199022
 20355,   462,   11000000,  185945843,        1,  174945843,  174945843
 20355,   463,   11000000,  186919232,        1,  175919232,  175919232
 20355,   464,   11000000,  187654329,        1,  176654329,  176654329
 20355,   465,   11000000,  189012895,        1,  178012895,  178012895
 20355,   466,   11000000,  189090146,        1,  178090146,  178090146
 20355,   467,   11000000,  187749429,        1,  176749429,  176749429
 20355,   468,   11000000,  190449157,        1,  179449157,  179449157
 20355,   469,   11000000,  191159914,        1,  180159914,  180159914
 20355,   470,   11000000,  189854642,        1,  178854642,  178854642
 20355,   471,   11000000,  190551264,        1,  179551264,  179551264
 20355,   472,   11000000,  191250134,        1,  180250134,  180250134
 20355,   473,   11000000,  191945384,        1,  180945384,  180945384
 20355,   474,   11000000,  192931742,        1,  181931742,  181931742
 20355,   475,   11000000,  191775302,        1,  180775302,  180775302
 20355,   476,   11000000,  194672043,        1,  183672043,  183672043
 20355,   477,   11000000,  192968597,        1,  181968597,  181968597
 20355,   478,   11000000,  193685819,        1,  182685819,  182685819
 20355,   479,   11000000,  194379087,        1,  183379087,  183379087
 20355,   480,   11000000,  195048988,        1,  184048988,  184048988
 20355,   481,   11000000,  193759553,        1,  182759553,  182759553
 20355,   482,   11000000,  194450384,        1,  183450384,  183450384
 20355,   483,   11000000,  195160387,        1,  184160387,  184160387
 20355,   484,   11000000,  195866992,        1,  184866992,  184866992
 20355,   485,   11000000,  196559545,        1,  185559545,  185559545
 20355,   486,   11000000,  197262095,        1,  186262095,  186262095
 20355,   487,   11000000,  197949512,        1,  186949512,  186949512
 20355,   488,   11000000,  196625049,        1,  185625049,  185625049
 20355,   489,   11000000,  197370260,        1,  186370260,  186370260
 20355,   490,   11000000,  198104518,        1,  187104518,  187104518
 20355,   491,   11000000,  198847746,        1,  187847746,  187847746
 20355,   492,   11000000,  199539684,        1,  188539684,  188539684
 20355,   493,   11000000,  200211029,        1,  189211029,  189211029
 20355,   494,   11000000,  200898523,        1,  189898523,  189898523
 20355,   495,   11000000,  199553296,        1,  188553296,  188553296
 20355,   496,   11000000,  200262461,        1,  189262461,  189262461
 20355,   497,   11000000,  202935362,        1,  191935362,  191935362
 20355,   498,   11000000,  204037794,        1,  193037794,  193037794
 20355,   499,   11000000,  202732346,        1,  191732346,  191732346
 20355,   500,   11000000,  203722751,        1,  192722751,  192722751
 20355,   501,   11000000,  201660609,        1,  190660609,  190660609
 20355,   502,   11000000,  202610907,        1,  191610907,  191610907
 20355,   503,   11000000,  203043303,        1,  192043303,  192043303
 20355,   504,   11000000,  203775125,        1,  192775125,  192775125
 20355,   505,   11000000,  206434540,        1,  195434540,  195434540
 20355,   506,   11000000,  205121132,        1,  194121132,  194121132
 20355,   507,   11000000,  204084330,        1,  193084330,  193084330
 20355,   508,   11000000,  204429254,        1,  193429254,  193429254
 20355,   509,   11000000,  205106038,        1,  194106038,  194106038
 20355,   510,   11000000,  205821800,        1,  194821800,  194821800
 20355,   511,   11000000,  206569661,        1,  195569661,  195569661
 20355,   512,   11000000,  209318972,        1,  198318972,  198318972
 20355,   513,   11000000,  209992973,        1,  198992973,  198992973
 20355,   514,   11000000,  209058739,        1,  198058739,  198058739
 20355,   515,   11000000,  209372042,        1,  198372042,  198372042
 20355,   516,   11000000,  208061907,        1,  197061907,  197061907
 20355,   517,   11000000,  208741447,        1,  197741447,  197741447
 20355,   518,   11000000,  209780617,        1,  198780617,  198780617
 20355,   519,   11000000,  210471017,        1,  199471017,  199471017
 20355,   520,   11000000,  211158362,        1,  200158362,  200158362
 20355,   521,   11000000,  211828242,        1,  200828242,  200828242
 20355,   522,   11000000,  212517553,        1,  201517553,  201517553
 20355,   523,   11000000,  213192808,        1,  202192808,  202192808
 20355,   524,   11000000,  213872838,        1,  202872838,  202872838
 20355,   525,   11000000,  214551713,        1,  203551713,  203551713
 20355,   526,   11000000,  213254545,        1,  202254545,  202254545
 20355,   527,   11000000,  213945234,        1,  202945234,  202945234
 20355,   528,   11000000,  212628850,        1,  201628850,  201628850
 20355,   529,   11000000,  215358538,        1,  204358538,  204358538
 20355,   530,   11000000,  214040107,        1,  203040107,  203040107
 20355,   531,   11000000,  216748141,        1,  205748141,  205748141
 20355,   532,   11000000,  215418859,        1,  204418859,  204418859
 20355,   533,   11000000,  216106252,        1,  205106252,  205106252
 20355,   534,   11000000,  214777389,        1,  203777389,  203777389
 20355,   535,   11000000,  215533882,        1,  204533882,  204533882
 20355,   536,   11000000,  216262074,        1,  205262074,  205262074
 20355,   537,   11000000,  217020809,        1,  206020809,  206020809
 20355,   538,   11000000,  217759218,        1,  206759218,  206759218
 20355,   539,   11000000,  218481420,        1,  207481420,  207481420
 20355,   540,   11000000,  219198493,        1,  208198493,  208198493
 20355,   541,   11000000,  219899978,        1,  208899978,  208899978
 20355,   542,   11000000,  218576273,        1,  207576273,  207576273
 20355,   543,   11000000,  219672690,        1,  208672690,  208672690
 20355,   544,   11000000,  221818374,        1,  210818374,  210818374
 20355,   545,   11000000,  220659320,        1,  209659320,  209659320
 20355,   546,   11000000,  221347391,        1,  210347391,  210347391
 20355,   547,   11000000,  222047503,        1,  211047503,  211047503
 20355,   548,   11000000,  220720846,        1,  209720846,  209720846
 20355,   549,   11000000,  223409537,        1,  212409537,  212409537
 20355,   550,   11000000,  222134431,        1,  211134431,  211134431
 20355,   551,   11000000,  224831208,        1,  213831208,  213831208
 20355,   552,   11000000,  223691192,        1,  212691192,  212691192
 20355,   553,   11000000,  226181059,        1,  215181059,  215181059
 20355,   554,   11000000,  226852348,        1,  215852348,  215852348
 20355,   555,   11000000,  225522032,        1,  214522032,  214522032
 20355,   556,   11000000,  226218430,        1,  215218430,  215218430
 20355,   557,   11000000,  224893450,        1,  213893450,  213893450
 20355,   558,   11000000,  227565864,        1,  216565864,  216565864
 20355,   559,   11000000,  226261998,        1,  215261998,  215261998
 20355,   560,   11000000,  228938269,        1,  217938269,  217938269
 20355,   561,   11000000,  225652478,        1,  214652478,  214652478
 20355,   562,   11000000,  228652071,        1,  217652071,  217652071
 20355,   563,   11000000,  227386776,        1,  216386776,  216386776
# task NAME=myapp PID=20360 COST=15591000 PERIOD=58000000 CPU=0
 20360,     2,   58000000,       6367,        0,  -57993633,          0
 20360,     3,   58000000,     198329,        0,  -57801671,          0
 20360,     4,   58000000,   28657370,        0,  -29342630,          0
 20360,     5,   58000000,   32431449,        0,  -25568551,          0
 20360,     6,   58000000,   28602567,        0,  -29397433,          0
 20360,     7,   58000000,   28729172,        0,  -29270828,          0
 20360,     8,   58000000,   28592604,        0,  -29407396,          0
 20360,     9,   58000000,   28500152,        0,  -29499848,          0
 20360,    10,   58000000,   28612637,        0,  -29387363,          0
 20360,    11,   58000000,   26502934,        0,  -31497066,          0
 20360,    12,   58000000,   30559056,        0,  -27440944,          0
 20360,    13,   58000000,   26540546,        0,  -31459454,          0
 20360,    14,   58000000,   30563127,        0,  -27436873,          0
 20360,    15,   58000000,   26569118,        0,  -31430882,          0
 20360,    16,   58000000,   30583311,        0,  -27416689,          0
 20360,    17,   58000000,   28535107,        0,  -29464893,          0
 20360,    18,   58000000,   28561205,        0,  -29438795,          0
 20360,    19,   58000000,   26545969,        0,  -31454031,          0
 20360,    20,   58000000,   30904781,        0,  -27095219,          0
 20360,    21,   58000000,   26517968,        0,  -31482032,          0
 20360,    22,   58000000,   28605967,        0,  -29394033,          0
 20360,    23,   58000000,   26505406,        0,  -31494594,          0
 20360,    24,   58000000,   30874958,        0,  -27125042,          0
 20360,    25,   58000000,   26520255,        0,  -31479745,          0
 20360,    26,   58000000,   30556820,        0,  -27443180,          0
 20360,    27,   58000000,   27082224,        0,  -30917776,          0
 20360,    28,   58000000,   28560964,        0,  -29439036,          0
 20360,    29,   58000000,   28580478,        0,  -29419522,          0
 20360,    30,   58000000,   28586487,        0,  -29413513,          0
 20360,    31,   58000000,   26514439,        0,  -31485561,          0
 20360,    32,   58000000,   28639396,        0,  -29360604,          0
 20360,    33,   58000000,   27430670,        0,  -30569330,          0
 20360,    34,   58000000,   28582876,        0,  -29417124,          0
 20360,    35,   58000000,   28778320,        0,  -29221680,          0
 20360,    36,   58000000,   28556501,        0,  -29443499,          0
 20360,    37,   58000000,   28821306,        0,  -29178694,          0
 20360,    38,   58000000,   28592399,        0,  -29407601,          0
 20360,    39,   58000000,   26659209,        0,  -31340791,          0
 20360,    40,   58000000,   30179185,        0,  -27820815,          0
 20360,    41,   58000000,   27050216,        0,  -30949784,          0
 20360,    42,   58000000,   28586418,        0,  -29413582,          0
 20360,    43,   58000000,   28129906,        0,  -29870094,          0
 20360,    44,   58000000,   28621726,        0,  -29378274,          0
 20360,    45,   58000000,   27920576,        0,  -30079424,          0
 20360,    46,   58000000,   28578586,        0,  -29421414,          0
 20360,    47,   58000000,   28576593,        0,  -29423407,          0
 20360,    48,   58000000,   28655542,        0,  -29344458,          0
 20360,    49,   58000000,   29974199,        0,  -28025801,          0
 20360,    50,   58000000,   28889053,        0,  -29110947,          0
 20360,    51,   58000000,   28667970,        0,  -29332030,          0
 20360,    52,   58000000,   28629234,        0,  -29370766,          0
 20360,    53,   58000000,   28553682,        0,  -29446318,          0
 20360,    54,   58000000,   28653582,        0,  -29346418,          0
 20360,    55,   58000000,   26562589,        0,  -31437411,          0
 20360,    56,   58000000,   30667342,        0,  -27332658,          0
 20360,    57,   58000000,   28504060,        0,  -29495940,          0
 20360,    58,   58000000,   29803319,        0,  -28196681,          0
 20360,    59,   58000000,   26563792,        0,  -31436208,          0
 20360,    60,   58000000,   28651488,        0,  -29348512,          0
 20360,    61,   58000000,   28803646,        0,  -29196354,          0
 20360,    62,   58000000,   28648616,        0,  -29351384,          0
 20360,    63,   58000000,   26566288,        0,  -31433712,          0
 20360,    64,   58000000,   28646956,        0,  -29353044,          0
 20360,    65,   58000000,   26796449,        0,  -31203551,          0
 20360,    66,   58000000,   30686758,        0,  -27313242,          0
 20360,    67,   58000000,   28612343,        0,  -29387657,          0
 20360,    68,   58000000,   28571891,        0,  -29428109,          0
 20360,    69,   58000000,   26972958,        0,  -31027042,          0
 20360,    70,   58000000,   28710837,        0,  -29289163,          0
 20360,    71,   58000000,   27478327,        0,  -30521673,          0
 20360,    72,   58000000,   28690072,        0,  -29309928,          0
 20360,    73,   58000000,   28584850,        0,  -29415150,          0
 20360,    74,   58000000,   28628997,        0,  -29371003,          0
 20360,    75,   58000000,   27996213,        0,  -30003787,          0
 20360,    76,   58000000,   29275235,        0,  -28724765,          0
 20360,    77,   58000000,   28610883,        0,  -29389117,          0
 20360,    78,   58000000,   28907207,        0,  -29092793,          0
 20360,    79,   58000000,   28532681,        0,  -29467319,          0
 20360,    80,   58000000,   30646995,        0,  -27353005,          0
 20360,    81,   58000000,   26585579,        0,  -31414421,          0
 20360,    82,   58000000,   28637598,        0,  -29362402,          0
 20360,    83,   58000000,   26551059,        0,  -31448941,          0
 20360,    84,   58000000,   30829262,        0,  -27170738,          0
 20360,    85,   58000000,   27433916,        0,  -30566084,          0
 20360,    86,   58000000,   30595322,        0,  -27404678,          0
 20360,    87,   58000000,   26614439,        0,  -31385561,          0
 20360,    88,   58000000,   30127608,        0,  -27872392,          0
 20360,    89,   58000000,   28624361,        0,  -29375639,          0
 20360,    90,   58000000,   30577068,        0,  -27422932,          0
 20360,    91,   58000000,   26733759,        0,  -31266241,          0
 20360,    92,   58000000,   28649961,        0,  -29350039,          0
 20360,    93,   58000000,   28831091,        0,  -29168909,          0
 20360,    94,   58000000,   28603095,        0,  -29396905,          0
 20360,    95,   58000000,   26601613,        0,  -31398387,          0
 20360,    96,   58000000,   28635191,        0,  -29364809,          0
 20360,    97,   58000000,   26643711,        0,  -31356289,          0
 20360,    98,   58000000,   28621837,        0,  -29378163,          0
 20360,    99,   58000000,   28557356,        0,  -29442644,          0
 20360,   100,   58000000,   31013303,        0,  -26986697,          0
 20360,   101,   58000000,   28563072,        0,  -29436928,          0
 20360,   102,   58000000,   30887254,        0,  -27112746,          0
 20360,   103,   58000000,   28601250,        0,  -29398750,          0
 20360,   104,   58000000,   28964652,        0,  -29035348,          0
 20360,   105,   58000000,   26556119,        0,  -31443881,          0
 20360,   106,   58000000,   28854498,        0,  -29145502,          0
 20360,   107,   58000000,   26612238,        0,  -31387762,          0
 20360,   108,   58000000,   30666778,        0,  -27333222,          0
 20360,   109,   58000000,   26546947,        0,  -31453053,          0
 20360,   110,   58000000,   28680659,        0,  -29319341,          0
 20360,   111,   58000000,   28553422,        0,  -29446578,          0
 20360,   112,   58000000,   29044910,        0,  -28955090,          0
 20360,   113,   58000000,   28503052,        0,  -29496948,          0
 20360,   114,   58000000,   30632466,        0,  -27367534,          0
 20360,   115,   58000000,   26484246,        0,  -31515754,          0
 20360,   116,   58000000,   30634485,        0,  -27365515,          0
 20360,   117,   58000000,   26635684,        0,  -31364316,          0
 20360,   118,   58000000,   30608509,        0,  -27391491,          0
 20360,   119,   58000000,   26565493,        0,  -31434507,          0
 20360,   120,   58000000,   30617587,        0,  -27382413,          0
 20360,   121,   58000000,   26912736,        0,  -31087264,          0
 20360,   122,   58000000,   30634858,        0,  -27365142,          0
 20360,   123,   58000000,   26632660,        0,  -31367340,          0
 20360,   124,   58000000,   30707502,        0,  -27292498,          0
 20360,   125,   58000000,   26603910,        0,  -31396090,          0
 20360,   126,   58000000,   28615050,        0,  -29384950,          0
 20360,   127,   58000000,   28547737,        0,  -29452263,          0
 20360,   128,   58000000,   30579817,        0,  -27420183,          0
 20360,   129,   58000000,   26604281,        0,  -31395719,          0
 20360,   130,   58000000,   30605588,        0,  -27394412,          0
 20360,   131,   58000000,   28630531,        0,  -29369469,          0
 20360,   132,   58000000,   30860363,        0,  -27139637,          0
 20360,   133,   58000000,   26530349,        0,  -31469651,          0
 20360,   134,   58000000,   30925278,        0,  -27074722,          0
 20360,   135,   58000000,   28545118,        0,  -29454882,          0
 20360,   136,   58000000,   28876071,        0,  -29123929,          0
 20360,   137,   58000000,   26594520,        0,  -31405480,          0
 20360,   138,   58000000,   28607126,        0,  -29392874,          0
 20360,   139,   58000000,   28506661,        0,  -29493339,          0
 20360,   140,   58000000,   30686877,        0,  -27313123,          0
 20360,   141,   58000000,   26570039,        0,  -31429961,          0
 20360,   142,   58000000,   30600207,        0,  -27399793,          0
 20360,   143,   58000000,   28537400,        0,  -29462600,          0
 20360,   144,   58000000,   28992178,        0,  -29007822,          0
 20360,   145,   58000000,   26605386,        0,  -31394614,          0
 20360,   146,   58000000,   28641787,        0,  -29358213,          0
 20360,   147,   58000000,   28531631,        0,  -29468369,          0
 20360,   148,   58000000,   28620356,        0,  -29379644,          0
 20360,   149,   58000000,   29416267,        0,  -28583733,          0
 20360,   150,   58000000,   28631526,        0,  -29368474,          0
 20360,   151,   58000000,   28534502,        0,  -29465498,          0
 20360,   152,   58000000,   30581686,        0,  -27418314,          0
 20360,   153,   58000000,   26590198,        0,  -31409802,          0
 20360,   154,   58000000,   30615851,        0,  -27384149,          0
 20360,   155,   58000000,   26573737,        0,  -31426263,          0
 20360,   156,   58000000,   28590625,        0,  -29409375,          0
 20360,   157,   58000000,   28586529,        0,  -29413471,          0
 20360,   158,   58000000,   28593313,        0,  -29406687,          0
 20360,   159,   58000000,   26741433,        0,  -31258567,          0
 20360,   160,   58000000,   28654220,        0,  -29345780,          0
 20360,   161,   58000000,   26526954,        0,  -31473046,          0
 20360,   162,   58000000,   30565372,        0,  -27434628,          0
 20360,   163,   58000000,   26557383,        0,  -31442617,          0
 20360,   164,   58000000,   30564594,        0,  -27435406,          0
 20360,   165,   58000000,   26566581,        0,  -31433419,          0
 20360,   166,   58000000,   28569894,        0,  -29430106,          0
 20360,   167,   58000000,   26582496,        0,  -31417504,          0
 20360,   168,   58000000,   28571382,        0,  -29428618,          0
 20360,   169,   58000000,   26922173,        0,  -31077827,          0
 20360,   170,   58000000,   30669858,        0,  -27330142,          0
 20360,   171,   58000000,   28492090,        0,  -29507910,          0
 20360,   172,   58000000,   28625679,        0,  -29374321,          0
 20360,   173,   58000000,   26529563,        0,  -31470437,          0
 20360,   174,   58000000,   28593769,        0,  -29406231,          0
 20360,   175,   58000000,   28664259,        0,  -29335741,          0
 20360,   176,   58000000,   28584669,        0,  -29415331,          0
# task NAME=myapp PID=20364 COST=51844000 PERIOD=75000000 CPU=0
 20364,     2,   75000000,      11724,        0,  -74988276,          0
 20364,     3,   75000000,     168630,        0,  -74831370,          0
 20364,     4,   75000000,   96149451,        1,   21149451,   21149451
 20364,     5,   75000000,  122506826,        1,   47506826,   47506826
 20364,     6,   75000000,  144572137,        1,   69572137,   69572137
 20364,     7,   75000000,  167776454,        1,   92776454,   92776454
 20364,     8,   75000000,  192439197,        1,  117439197,  117439197
 20364,     9,   75000000,  213131183,        1,  138131183,  138131183
 20364,    10,   75000000,  237549708,        1,  162549708,  162549708
 20364,    11,   75000000,  261569869,        1,  186569869,  186569869
 20364,    12,   75000000,  283798779,        1,  208798779,  208798779
 20364,    13,   75000000,  307921349,        1,  232921349,  232921349
 20364,    14,   75000000,  330309958,        1,  255309958,  255309958
 20364,    15,   75000000,  356571000,        1,  281571000,  281571000
 20364,    16,   75000000,  376585352,        1,  301585352,  301585352
 20364,    17,   75000000,  400920368,        1,  325920368,  325920368
 20364,    18,   75000000,  427173291,        1,  352173291,  352173291
 20364,    19,   75000000,  447223689,        1,  372223689,  372223689
 20364,    20,   75000000,  471677908,        1,  396677908,  396677908
 20364,    21,   75000000,  493793961,        1,  418793961,  418793961
 20364,    22,   75000000,  520522466,        1,  445522466,  445522466
 20364,    23,   75000000,  542501539,        1,  467501539,  467501539
 20364,    24,   75000000,  564668952,        1,  489668952,  489668952
 20364,    25,   75000000,  588845129,        1,  513845129,  513845129
 20364,    26,   75000000,  615320498,        1,  540320498,  540320498
 20364,    27,   75000000,  637422156,        1,  562422156,  562422156
 20364,    28,   75000000,  659453021,        1,  584453021,  584453021
 20364,    29,   75000000,  683623105,        1,  608623105,  608623105
 20364,    30,   75000000,  705767731,        1,  630767731,  630767731
 20364,    31,   75000000,  730277380,        1,  655277380,  655277380
 20364,    32,   75000000,  752611634,        1,  677611634,  677611634
 20364,    33,   75000000,  779225795,        1,  704225795,  704225795
 20364,    34,   75000000,  802940439,        1,  727940439,  727940439
 20364,    35,   75000000,  823071912,        1,  748071912,  748071912
 20364,    36,   75000000,  847246580,        1,  772246580,  772246580
 20364,    37,   75000000,  869724454,        1,  794724454,  794724454
 20364,    38,   75000000,  893760638,        1,  818760638,  818760638
 20364,    39,   75000000,  919897497,        1,  844897497,  844897497
 20364,    40,   75000000,  940371044,        1,  865371044,  865371044
 20364,    41,   75000000,  966336201,        1,  891336201,  891336201
 20364,    42,   75000000,  988882120,        1,  913882120,  913882120
 20364,    43,   75000000, 1011274344,        1,  936274344,  936274344
 20364,    44,   75000000, 1035424824,        1,  960424824,  960424824
 20364,    45,   75000000, 1059569477,        1,  984569477,  984569477
 20364,    46,   75000000, 1083729216,        1, 1008729216, 1008729216
 20364,    47,   75000000, 1105880062,        1, 1030880062, 1030880062
 20364,    48,   75000000, 1130121971,        1, 1055121971, 1055121971
 20364,    49,   75000000, 1152645595,        1, 1077645595, 1077645595
 20364,    50,   75000000, 1174312650,        1, 1099312650, 1099312650
 20364,    51,   75000000, 1198787540,        1, 1123787540, 1123787540
 20364,    52,   75000000, 1223647670,        1, 1148647670, 1148647670
 20364,    53,   75000000, 1245566363,        1, 1170566363, 1170566363
 20364,    54,   75000000, 1269737385,        1, 1194737385, 1194737385
 20364,    55,   75000000, 1296085955,        1, 1221085955, 1221085955
 20364,    56,   75000000, 1316555159,        1, 1241555159, 1241555159
 20364,    57,   75000000, 1340991433,        1, 1265991433, 1265991433
 20364,    58,   75000000, 1365173320,        1, 1290173320, 1290173320
 20364,    59,   75000000, 1387373876,        1, 1312373876, 1312373876
 20364,    60,   75000000, 1413535504,        1, 1338535504, 1338535504
 20364,    61,   75000000, 1437999282,        1, 1362999282, 1362999282
 20364,    62,   75000000, 1458482883,        1, 1383482883, 1383482883
 20364,    63,   75000000, 1484598720,        1, 1409598720, 1409598720
 20364,    64,   75000000, 1506932355,        1, 1431932355, 1431932355
 20364,    65,   75000000, 1529165531,        1, 1454165531, 1454165531
 20364,    66,   75000000, 1553636642,        1, 1478636642, 1478636642
 20364,    67,   75000000, 1580124770,        1, 1505124770, 1505124770
 20364,    68,   75000000, 1600312275,        1, 1525312275, 1525312275
 20364,    69,   75000000, 1624445127,        1, 1549445127, 1549445127
 20364,    70,   75000000, 1646630443,        1, 1571630443, 1571630443
 20364,    71,   75000000, 1671012124,        1, 1596012124, 1596012124
 20364,    72,   75000000, 1695487626,        1, 1620487626, 1620487626
 20364,    73,   75000000, 1719685674,        1, 1644685674, 1644685674
 20364,    74,   75000000, 1741710858,        1, 1666710858, 1666710858
 20364,    75,   75000000, 1766059895,        1, 1691059895, 1691059895
 20364,    76,   75000000, 1788295920,        1, 1713295920, 1713295920
 20364,    77,   75000000, 1812500699,        1, 1737500699, 1737500699
 20364,    78,   75000000, 1838922952,        1, 1763922952, 1763922952
 20364,    79,   75000000, 1860538968,        1, 1785538968, 1785538968
 20364,    80,   75000000, 1885665621,        1, 1810665621, 1810665621
 20364,    81,   75000000, 1905773725,        1, 1830773725, 1830773725
 20364,    82,   75000000, 1931962949,        1, 1856962949, 1856962949
 20364,    83,   75000000, 1954436226,        1, 1879436226, 1879436226
