113 3 110
158 5 153
149 6 143
86 4 82
146 8 138
151 4 147
153 5 148
145 4 141
120 19 101
128 8 120
126 4 122
86 4 82
111 3 108
86 4 82
131 4 127
125 5 120
148 8 140
129 4 125
133 6 127
113 19 94
99 4 95
144 6 138
147 4 143
139 8 131
102 4 98
128 5 123
149 6 143
113 3 110
148 6 142
143 6 137
112 12 100
138 7 131
86 3 83
94 4 90
115 4 111
153 6 147
142 8 134
105 6 99
143 8 135
138 10 128
135 8 127
106 4 102
139 6 133
155 6 149
123 3 120
137 8 129
111 13 98
143 6 137
91 3 88
152 6 146
144 5 139
139 10 129
98 3 95
148 9 139
101 4 97
163 7 156
147 6 141
106 14 92
138 6 132
125 4 121
152 5 147
91 3 88
91 2 89
149 5 144
124 5 119
118 17 101
94 4 90
139 8 131
112 3 109
110 14 96
86 3 83
119 3 116
142 5 137
141 7 134
145 4 141
118 3 115
124 3 121
106 5 101
126 3 123
118 18 100
142 6 136
118 3 115
