157 157 0
136 136 0
128 128 0
203 203 0
222 222 0
156 156 0
153 153 0
306 306 0
254 254 0
503 503 0
337 337 0
387 387 0
138 138 0
374 374 0
139 139 0
421 421 0
669 669 0
156 156 0
530 530 0
480 480 0
373 373 0
241 241 0
268 268 0
283 283 0
420 420 0
480 480 0
273 273 0
421 421 0
317 317 0
387 387 0
838 838 0
105 105 0
113 113 0
388 388 0
199 199 0
122 122 0
232 232 0
145 145 0
116 116 0
105 105 0
266 266 0
169 169 0
592 592 0
457 457 0
108 108 0
360 360 0
373 373 0
145 145 0
338 338 0
131 131 0
129 129 0
123 123 0
109 109 0
