# Task,   Job,     Period,   Response, DL Miss?,   Lateness,  Tardiness
# task NAME=myapp PID=25513 COST=12624000 PERIOD=18000000 CPU=0
 25513,     2,   18000000,      21038,        0,  -17978962,          0
 25513,     3,   18000000,      63426,        0,  -17936574,          0
 25513,     4,   18000000,   12598852,        0,   -5401148,          0
 25513,     5,   18000000,   12501944,        0,   -5498056,          0
 25513,     6,   18000000,   14345369,        0,   -3654631,          0
 25513,     7,   18000000,   22746973,        1,    4746973,    4746973
 25513,     8,   18000000,   17225726,        0,    -774274,          0
 25513,     9,   18000000,   12506138,        0,   -5493862,          0
 25513,    10,   18000000,   12557935,        0,   -5442065,          0
 25513,    11,   18000000,   12519442,        0,   -5480558,          0
 25513,    12,   18000000,   12523591,        0,   -5476409,          0
 25513,    13,   18000000,   13099898,        0,   -4900102,          0
 25513,    14,   18000000,   12512197,        0,   -5487803,          0
 25513,    15,   18000000,   12506607,        0,   -5493393,          0
 25513,    16,   18000000,   13784071,        0,   -4215929,          0
 25513,    17,   18000000,   12777120,        0,   -5222880,          0
 25513,    18,   18000000,   12785334,        0,   -5214666,          0
 25513,    19,   18000000,   16495888,        0,   -1504112,          0
 25513,    20,   18000000,   12559130,        0,   -5440870,          0
 25513,    21,   18000000,   12566025,        0,   -5433975,          0
 25513,    22,   18000000,   12619823,        0,   -5380177,          0
 25513,    23,   18000000,   12587482,        0,   -5412518,          0
 25513,    24,   18000000,   12618440,        0,   -5381560,          0
 25513,    25,   18000000,   12523290,        0,   -5476710,          0
 25513,    26,   18000000,   12504531,        0,   -5495469,          0
 25513,    27,   18000000,   12813471,        0,   -5186529,          0
 25513,    28,   18000000,   12514358,        0,   -5485642,          0
 25513,    29,   18000000,   22291927,        1,    4291927,    4291927
 25513,    30,   18000000,   16765050,        0,   -1234950,          0
 25513,    31,   18000000,   12539707,        0,   -5460293,          0
 25513,    32,   18000000,   12566132,        0,   -5433868,          0
 25513,    33,   18000000,   12557488,        0,   -5442512,          0
 25513,    34,   18000000,   12802755,        0,   -5197245,          0
 25513,    35,   18000000,   12696122,        0,   -5303878,          0
 25513,    36,   18000000,   12532588,        0,   -5467412,          0
 25513,    37,   18000000,   15934334,        0,   -2065666,          0
 25513,    38,   18000000,   13562881,        0,   -4437119,          0
 25513,    39,   18000000,   12558517,        0,   -5441483,          0
 25513,    40,   18000000,   13916360,        0,   -4083640,          0
 25513,    41,   18000000,   12859675,        0,   -5140325,          0
 25513,    42,   18000000,   12502012,        0,   -5497988,          0
 25513,    43,   18000000,   18059944,        1,      59944,      59944
 25513,    44,   18000000,   12532041,        0,   -5467959,          0
 25513,    45,   18000000,   12520805,        0,   -5479195,          0
 25513,    46,   18000000,   21291570,        1,    3291570,    3291570
 25513,    47,   18000000,   15760938,        0,   -2239062,          0
 25513,    48,   18000000,   12850333,        0,   -5149667,          0
 25513,    49,   18000000,   12538143,        0,   -5461857,          0
 25513,    50,   18000000,   12503619,        0,   -5496381,          0
 25513,    51,   18000000,   12561049,        0,   -5438951,          0
 25513,    52,   18000000,   15978007,        0,   -2021993,          0
 25513,    53,   18000000,   12544381,        0,   -5455619,          0
 25513,    54,   18000000,   12547768,        0,   -5452232,          0
 25513,    55,   18000000,   13798752,        0,   -4201248,          0
 25513,    56,   18000000,   16144387,        0,   -1855613,          0
 25513,    57,   18000000,   13290100,        0,   -4709900,          0
 25513,    58,   18000000,   12531705,        0,   -5468295,          0
 25513,    59,   18000000,   12621741,        0,   -5378259,          0
 25513,    60,   18000000,   12532666,        0,   -5467334,          0
 25513,    61,   18000000,   13791192,        0,   -4208808,          0
 25513,    62,   18000000,   12897482,        0,   -5102518,          0
 25513,    63,   18000000,   12507963,        0,   -5492037,          0
 25513,    64,   18000000,   12539744,        0,   -5460256,          0
 25513,    65,   18000000,   12589718,        0,   -5410282,          0
 25513,    66,   18000000,   12506282,        0,   -5493718,          0
 25513,    67,   18000000,   23761793,        1,    5761793,    5761793
 25513,    68,   18000000,   18238086,        1,     238086,     238086
 25513,    69,   18000000,   12992321,        0,   -5007679,          0
 25513,    70,   18000000,   12616534,        0,   -5383466,          0
 25513,    71,   18000000,   12693773,        0,   -5306227,          0
 25513,    72,   18000000,   12531863,        0,   -5468137,          0
 25513,    73,   18000000,   19672195,        1,    1672195,    1672195
 25513,    74,   18000000,   14145944,        0,   -3854056,          0
 25513,    75,   18000000,   12544092,        0,   -5455908,          0
 25513,    76,   18000000,   12871369,        0,   -5128631,          0
 25513,    77,   18000000,   12539475,        0,   -5460525,          0
 25513,    78,   18000000,   14474389,        0,   -3525611,          0
 25513,    79,   18000000,   13559860,        0,   -4440140,          0
 25513,    80,   18000000,   12859150,        0,   -5140850,          0
 25513,    81,   18000000,   15006374,        0,   -2993626,          0
 25513,    82,   18000000,   12537911,        0,   -5462089,          0
 25513,    83,   18000000,   12839619,        0,   -5160381,          0
 25513,    84,   18000000,   12543286,        0,   -5456714,          0
 25513,    85,   18000000,   12510042,        0,   -5489958,          0
 25513,    86,   18000000,   12536496,        0,   -5463504,          0
 25513,    87,   18000000,   13065221,        0,   -4934779,          0
 25513,    88,   18000000,   12549892,        0,   -5450108,          0
 25513,    89,   18000000,   12558454,        0,   -5441546,          0
 25513,    90,   18000000,   12834517,        0,   -5165483,          0
 25513,    91,   18000000,   13894205,        0,   -4105795,          0
 25513,    92,   18000000,   13286142,        0,   -4713858,          0
 25513,    93,   18000000,   12533195,        0,   -5466805,          0
 25513,    94,   18000000,   13258118,        0,   -4741882,          0
 25513,    95,   18000000,   12586559,        0,   -5413441,          0
 25513,    96,   18000000,   12512209,        0,   -5487791,          0
 25513,    97,   18000000,   16950551,        0,   -1049449,          0
 25513,    98,   18000000,   12806614,        0,   -5193386,          0
 25513,    99,   18000000,   12527723,        0,   -5472277,          0
 25513,   100,   18000000,   16016322,        0,   -1983678,          0
 25513,   101,   18000000,   13893274,        0,   -4106726,          0
 25513,   102,   18000000,   12516059,        0,   -5483941,          0
 25513,   103,   18000000,   12897664,        0,   -5102336,          0
 25513,   104,   18000000,   12844200,        0,   -5155800,          0
 25513,   105,   18000000,   22175230,        1,    4175230,    4175230
 25513,   106,   18000000,   16651910,        0,   -1348090,          0
 25513,   107,   18000000,   16974485,        0,   -1025515,          0
 25513,   108,   18000000,   12578223,        0,   -5421777,          0
 25513,   109,   18000000,   12542610,        0,   -5457390,          0
 25513,   110,   18000000,   12516638,        0,   -5483362,          0
 25513,   111,   18000000,   12797147,        0,   -5202853,          0
 25513,   112,   18000000,   13840764,        0,   -4159236,          0
 25513,   113,   18000000,   12509803,        0,   -5490197,          0
 25513,   114,   18000000,   12502846,        0,   -5497154,          0
 25513,   115,   18000000,   12529836,        0,   -5470164,          0
 25513,   116,   18000000,   14258399,        0,   -3741601,          0
 25513,   117,   18000000,   14913312,        0,   -3086688,          0
 25513,   118,   18000000,   17201426,        0,    -798574,          0
 25513,   119,   18000000,   12768145,        0,   -5231855,          0
 25513,   120,   18000000,   12515075,        0,   -5484925,          0
 25513,   121,   18000000,   14054698,        0,   -3945302,          0
 25513,   122,   18000000,   12508388,        0,   -5491612,          0
 25513,   123,   18000000,   12550123,        0,   -5449877,          0
 25513,   124,   18000000,   13756746,        0,   -4243254,          0
 25513,   125,   18000000,   12522854,        0,   -5477146,          0
 25513,   126,   18000000,   17303879,        0,    -696121,          0
 25513,   127,   18000000,   12536639,        0,   -5463361,          0
 25513,   128,   18000000,   12534047,        0,   -5465953,          0
 25513,   129,   18000000,   13409423,        0,   -4590577,          0
 25513,   130,   18000000,   12618836,        0,   -5381164,          0
 25513,   131,   18000000,   24894448,        1,    6894448,    6894448
 25513,   132,   18000000,   19375059,        1,    1375059,    1375059
 25513,   133,   18000000,   13841815,        0,   -4158185,          0
 25513,   134,   18000000,   13046690,        0,   -4953310,          0
 25513,   135,   18000000,   12520568,        0,   -5479432,          0
 25513,   136,   18000000,   12637261,        0,   -5362739,          0
 25513,   137,   18000000,   13668128,        0,   -4331872,          0
 25513,   138,   18000000,   12521911,        0,   -5478089,          0
 25513,   139,   18000000,   16676443,        0,   -1323557,          0
 25513,   140,   18000000,   12572916,        0,   -5427084,          0
 25513,   141,   18000000,   12511896,        0,   -5488104,          0
 25513,   142,   18000000,   15122440,        0,   -2877560,          0
 25513,   143,   18000000,   18384307,        1,     384307,     384307
 25513,   144,   18000000,   12852918,        0,   -5147082,          0
 25513,   145,   18000000,   12547005,        0,   -5452995,          0
 25513,   146,   18000000,   12547641,        0,   -5452359,          0
 25513,   147,   18000000,   16182942,        0,   -1817058,          0
 25513,   148,   18000000,   12525999,        0,   -5474001,          0
 25513,   149,   18000000,   12646551,        0,   -5353449,          0
 25513,   150,   18000000,   12624042,        0,   -5375958,          0
 25513,   151,   18000000,   15593017,        0,   -2406983,          0
 25513,   152,   18000000,   13194184,        0,   -4805816,          0
 25513,   153,   18000000,   12506900,        0,   -5493100,          0
 25513,   154,   18000000,   17051742,        0,    -948258,          0
 25513,   155,   18000000,   13654229,        0,   -4345771,          0
 25513,   156,   18000000,   13715798,        0,   -4284202,          0
 25513,   157,   18000000,   12787482,        0,   -5212518,          0
 25513,   158,   18000000,   14527645,        0,   -3472355,          0
 25513,   159,   18000000,   12811828,        0,   -5188172,          0
 25513,   160,   18000000,   12625705,        0,   -5374295,          0
 25513,   161,   18000000,   15628838,        0,   -2371162,          0
 25513,   162,   18000000,   12516332,        0,   -5483668,          0
 25513,   163,   18000000,   12602547,        0,   -5397453,          0
 25513,   164,   18000000,   12978368,        0,   -5021632,          0
 25513,   165,   18000000,   12575591,        0,   -5424409,          0
 25513,   166,   18000000,   12963239,        0,   -5036761,          0
 25513,   167,   18000000,   12820839,        0,   -5179161,          0
 25513,   168,   18000000,   12514403,        0,   -5485597,          0
 25513,   169,   18000000,   13767070,        0,   -4232930,          0
 25513,   170,   18000000,   12522444,        0,   -5477556,          0
 25513,   171,   18000000,   13874998,        0,   -4125002,          0
 25513,   172,   18000000,   13338417,        0,   -4661583,          0
 25513,   173,   18000000,   13231624,        0,   -4768376,          0
 25513,   174,   18000000,   12925051,        0,   -5074949,          0
 25513,   175,   18000000,   13798134,        0,   -4201866,          0
 25513,   176,   18000000,   12607345,        0,   -5392655,          0
 25513,   177,   18000000,   12587772,        0,   -5412228,          0
 25513,   178,   18000000,   13859145,        0,   -4140855,          0
 25513,   179,   18000000,   12517924,        0,   -5482076,          0
 25513,   180,   18000000,   12804786,        0,   -5195214,          0
 25513,   181,   18000000,   12537527,        0,   -5462473,          0
 25513,   182,   18000000,   12961748,        0,   -5038252,          0
 25513,   183,   18000000,   12504490,        0,   -5495510,          0
 25513,   184,   18000000,   12529994,        0,   -5470006,          0
 25513,   185,   18000000,   12503690,        0,   -5496310,          0
 25513,   186,   18000000,   12506381,        0,   -5493619,          0
 25513,   187,   18000000,   13884729,        0,   -4115271,          0
 25513,   188,   18000000,   12503276,        0,   -5496724,          0
 25513,   189,   18000000,   12554282,        0,   -5445718,          0
 25513,   190,   18000000,   15737827,        0,   -2262173,          0
 25513,   191,   18000000,   12571976,        0,   -5428024,          0
 25513,   192,   18000000,   12719375,        0,   -5280625,          0
 25513,   193,   18000000,   12567653,        0,   -5432347,          0
 25513,   194,   18000000,   18809224,        1,     809224,     809224
 25513,   195,   18000000,   13296030,        0,   -4703970,          0
 25513,   196,   18000000,   12618988,        0,   -5381012,          0
 25513,   197,   18000000,   12504301,        0,   -5495699,          0
 25513,   198,   18000000,   14739221,        0,   -3260779,          0
 25513,   199,   18000000,   12537702,        0,   -5462298,          0
 25513,   200,   18000000,   12507663,        0,   -5492337,          0
 25513,   201,   18000000,   12807281,        0,   -5192719,          0
 25513,   202,   18000000,   14781227,        0,   -3218773,          0
 25513,   203,   18000000,   12570758,        0,   -5429242,          0
 25513,   204,   18000000,   12596012,        0,   -5403988,          0
 25513,   205,   18000000,   18438906,        1,     438906,     438906
 25513,   206,   18000000,   12912691,        0,   -5087309,          0
 25513,   207,   18000000,   21116813,        1,    3116813,    3116813
 25513,   208,   18000000,   15878350,        0,   -2121650,          0
 25513,   209,   18000000,   12526663,        0,   -5473337,          0
 25513,   210,   18000000,   12594977,        0,   -5405023,          0
 25513,   211,   18000000,   15118372,        0,   -2881628,          0
 25513,   212,   18000000,   12567470,        0,   -5432530,          0
 25513,   213,   18000000,   13474407,        0,   -4525593,          0
 25513,   214,   18000000,   12691002,        0,   -5308998,          0
 25513,   215,   18000000,   13083389,        0,   -4916611,          0
 25513,   216,   18000000,   12551769,        0,   -5448231,          0
 25513,   217,   18000000,   15964774,        0,   -2035226,          0
 25513,   218,   18000000,   12590442,        0,   -5409558,          0
 25513,   219,   18000000,   12547432,        0,   -5452568,          0
 25513,   220,   18000000,   12535233,        0,   -5464767,          0
 25513,   221,   18000000,   12640669,        0,   -5359331,          0
 25513,   222,   18000000,   12836695,        0,   -5163305,          0
 25513,   223,   18000000,   12537301,        0,   -5462699,          0
 25513,   224,   18000000,   15333455,        0,   -2666545,          0
 25513,   225,   18000000,   12607011,        0,   -5392989,          0
 25513,   226,   18000000,   12520756,        0,   -5479244,          0
 25513,   227,   18000000,   14910470,        0,   -3089530,          0
 25513,   228,   18000000,   12523359,        0,   -5476641,          0
 25513,   229,   18000000,   12787752,        0,   -5212248,          0
 25513,   230,   18000000,   12539068,        0,   -5460932,          0
 25513,   231,   18000000,   12554633,        0,   -5445367,          0
 25513,   232,   18000000,   13577860,        0,   -4422140,          0
 25513,   233,   18000000,   14589472,        0,   -3410528,          0
 25513,   234,   18000000,   12534425,        0,   -5465575,          0
 25513,   235,   18000000,   12552928,        0,   -5447072,          0
 25513,   236,   18000000,   12875706,        0,   -5124294,          0
 25513,   237,   18000000,   16887090,        0,   -1112910,          0
 25513,   238,   18000000,   13079204,        0,   -4920796,          0
 25513,   239,   18000000,   12511605,        0,   -5488395,          0
 25513,   240,   18000000,   12531111,        0,   -5468889,          0
 25513,   241,   18000000,   13307856,        0,   -4692144,          0
 25513,   242,   18000000,   12523251,        0,   -5476749,          0
 25513,   243,   18000000,   12557729,        0,   -5442271,          0
 25513,   244,   18000000,   13621263,        0,   -4378737,          0
 25513,   245,   18000000,   12549699,        0,   -5450301,          0
 25513,   246,   18000000,   12519746,        0,   -5480254,          0
 25513,   247,   18000000,   21805059,        1,    3805059,    3805059
 25513,   248,   18000000,   16295829,        0,   -1704171,          0
 25513,   249,   18000000,   12824277,        0,   -5175723,          0
 25513,   250,   18000000,   13296098,        0,   -4703902,          0
 25513,   251,   18000000,   12602641,        0,   -5397359,          0
 25513,   252,   18000000,   12522971,        0,   -5477029,          0
 25513,   253,   18000000,   12603291,        0,   -5396709,          0
 25513,   254,   18000000,   12556140,        0,   -5443860,          0
 25513,   255,   18000000,   15224030,        0,   -2775970,          0
 25513,   256,   18000000,   17418865,        0,    -581135,          0
 25513,   257,   18000000,   12533737,        0,   -5466263,          0
 25513,   258,   18000000,   12561076,        0,   -5438924,          0
 25513,   259,   18000000,   14084359,        0,   -3915641,          0
 25513,   260,   18000000,   14820467,        0,   -3179533,          0
 25513,   261,   18000000,   12531289,        0,   -5468711,          0
 25513,   262,   18000000,   12532651,        0,   -5467349,          0
 25513,   263,   18000000,   12498305,        0,   -5501695,          0
 25513,   264,   18000000,   12551217,        0,   -5448783,          0
 25513,   265,   18000000,   15433538,        0,   -2566462,          0
 25513,   266,   18000000,   13674568,        0,   -4325432,          0
 25513,   267,   18000000,   12548374,        0,   -5451626,          0
 25513,   268,   18000000,   12796848,        0,   -5203152,          0
 25513,   269,   18000000,   12595699,        0,   -5404301,          0
 25513,   270,   18000000,   12507329,        0,   -5492671,          0
 25513,   271,   18000000,   12779735,        0,   -5220265,          0
 25513,   272,   18000000,   12515707,        0,   -5484293,          0
 25513,   273,   18000000,   14803337,        0,   -3196663,          0
 25513,   274,   18000000,   12512162,        0,   -5487838,          0
 25513,   275,   18000000,   12546618,        0,   -5453382,          0
 25513,   276,   18000000,   16671687,        0,   -1328313,          0
 25513,   277,   18000000,   13132427,        0,   -4867573,          0
 25513,   278,   18000000,   12558342,        0,   -5441658,          0
 25513,   279,   18000000,   12803750,        0,   -5196250,          0
 25513,   280,   18000000,   12504317,        0,   -5495683,          0
 25513,   281,   18000000,   12547862,        0,   -5452138,          0
 25513,   282,   18000000,   12800590,        0,   -5199410,          0
 25513,   283,   18000000,   12690073,        0,   -5309927,          0
 25513,   284,   18000000,   12792441,        0,   -5207559,          0
 25513,   285,   18000000,   12602809,        0,   -5397191,          0
 25513,   286,   18000000,   15634751,        0,   -2365249,          0
 25513,   287,   18000000,   15182427,        0,   -2817573,          0
 25513,   288,   18000000,   13727658,        0,   -4272342,          0
 25513,   289,   18000000,   17792233,        0,    -207767,          0
 25513,   290,   18000000,   12495630,        0,   -5504370,          0
 25513,   291,   18000000,   13160939,        0,   -4839061,          0
 25513,   292,   18000000,   12523550,        0,   -5476450,          0
 25513,   293,   18000000,   12524834,        0,   -5475166,          0
 25513,   294,   18000000,   12957234,        0,   -5042766,          0
 25513,   295,   18000000,   13951009,        0,   -4048991,          0
 25513,   296,   18000000,   12548823,        0,   -5451177,          0
 25513,   297,   18000000,   12512864,        0,   -5487136,          0
 25513,   298,   18000000,   13110613,        0,   -4889387,          0
 25513,   299,   18000000,   12560175,        0,   -5439825,          0
 25513,   300,   18000000,   12503656,        0,   -5496344,          0
 25513,   301,   18000000,   13404060,        0,   -4595940,          0
 25513,   302,   18000000,   12858170,        0,   -5141830,          0
 25513,   303,   18000000,   12508891,        0,   -5491109,          0
 25513,   304,   18000000,   15245839,        0,   -2754161,          0
 25513,   305,   18000000,   13494013,        0,   -4505987,          0
 25513,   306,   18000000,   12519705,        0,   -5480295,          0
 25513,   307,   18000000,   16068896,        0,   -1931104,          0
 25513,   308,   18000000,   12546843,        0,   -5453157,          0
 25513,   309,   18000000,   18328067,        1,     328067,     328067
 25513,   310,   18000000,   12803745,        0,   -5196255,          0
 25513,   311,   18000000,   12828166,        0,   -5171834,          0
 25513,   312,   18000000,   12886450,        0,   -5113550,          0
 25513,   313,   18000000,   15950120,        0,   -2049880,          0
 25513,   314,   18000000,   12809452,        0,   -5190548,          0
 25513,   315,   18000000,   13266162,        0,   -4733838,          0
 25513,   316,   18000000,   12505714,        0,   -5494286,          0
 25513,   317,   18000000,   12504431,        0,   -5495569,          0
 25513,   318,   18000000,   12508924,        0,   -5491076,          0
 25513,   319,   18000000,   12797509,        0,   -5202491,          0
 25513,   320,   18000000,   12529136,        0,   -5470864,          0
 25513,   321,   18000000,   12503653,        0,   -5496347,          0
 25513,   322,   18000000,   15764869,        0,   -2235131,          0
 25513,   323,   18000000,   12521859,        0,   -5478141,          0
 25513,   324,   18000000,   12535436,        0,   -5464564,          0
 25513,   325,   18000000,   13907767,        0,   -4092233,          0
 25513,   326,   18000000,   16272616,        0,   -1727384,          0
 25513,   327,   18000000,   13355648,        0,   -4644352,          0
 25513,   328,   18000000,   15238477,        0,   -2761523,          0
 25513,   329,   18000000,   12558560,        0,   -5441440,          0
 25513,   330,   18000000,   12592296,        0,   -5407704,          0
 25513,   331,   18000000,   12562760,        0,   -5437240,          0
 25513,   332,   18000000,   14638063,        0,   -3361937,          0
 25513,   333,   18000000,   12861216,        0,   -5138784,          0
 25513,   334,   18000000,   12522172,        0,   -5477828,          0
 25513,   335,   18000000,   12523561,        0,   -5476439,          0
 25513,   336,   18000000,   12562737,        0,   -5437263,          0
 25513,   337,   18000000,   15215103,        0,   -2784897,          0
 25513,   338,   18000000,   12575490,        0,   -5424510,          0
 25513,   339,   18000000,   12524501,        0,   -5475499,          0
 25513,   340,   18000000,   12831726,        0,   -5168274,          0
 25513,   341,   18000000,   12556945,        0,   -5443055,          0
 25513,   342,   18000000,   12527584,        0,   -5472416,          0
 25513,   343,   18000000,   14884686,        0,   -3115314,          0
 25513,   344,   18000000,   15595525,        0,   -2404475,          0
 25513,   345,   18000000,   18335023,        1,     335023,     335023
 25513,   346,   18000000,   12808571,        0,   -5191429,          0
 25513,   347,   18000000,   12804801,        0,   -5195199,          0
 25513,   348,   18000000,   12799729,        0,   -5200271,          0
 25513,   349,   18000000,   12545218,        0,   -5454782,          0
 25513,   350,   18000000,   12547597,        0,   -5452403,          0
 25513,   351,   18000000,   12605242,        0,   -5394758,          0
 25513,   352,   18000000,   12562384,        0,   -5437616,          0
 25513,   353,   18000000,   12682685,        0,   -5317315,          0
 25513,   354,   18000000,   12796033,        0,   -5203967,          0
 25513,   355,   18000000,   12549526,        0,   -5450474,          0
 25513,   356,   18000000,   12616946,        0,   -5383054,          0
 25513,   357,   18000000,   12793735,        0,   -5206265,          0
 25513,   358,   18000000,   16806843,        0,   -1193157,          0
 25513,   359,   18000000,   12518765,        0,   -5481235,          0
 25513,   360,   18000000,   12516070,        0,   -5483930,          0
 25513,   361,   18000000,   17289788,        0,    -710212,          0
 25513,   362,   18000000,   12559083,        0,   -5440917,          0
 25513,   363,   18000000,   12548494,        0,   -5451506,          0
 25513,   364,   18000000,   13558322,        0,   -4441678,          0
 25513,   365,   18000000,   13558080,        0,   -4441920,          0
 25513,   366,   18000000,   12529893,        0,   -5470107,          0
 25513,   367,   18000000,   18984179,        1,     984179,     984179
 25513,   368,   18000000,   13479117,        0,   -4520883,          0
 25513,   369,   18000000,   14613304,        0,   -3386696,          0
 25513,   370,   18000000,   14410251,        0,   -3589749,          0
 25513,   371,   18000000,   12550467,        0,   -5449533,          0
 25513,   372,   18000000,   12803605,        0,   -5196395,          0
 25513,   373,   18000000,   12516747,        0,   -5483253,          0
 25513,   374,   18000000,   12540441,        0,   -5459559,          0
 25513,   375,   18000000,   13472189,        0,   -4527811,          0
 25513,   376,   18000000,   12542582,        0,   -5457418,          0
 25513,   377,   18000000,   15611489,        0,   -2388511,          0
 25513,   378,   18000000,   12537847,        0,   -5462153,          0
 25513,   379,   18000000,   15401267,        0,   -2598733,          0
 25513,   380,   18000000,   15100983,        0,   -2899017,          0
 25513,   381,   18000000,   12553117,        0,   -5446883,          0
 25513,   382,   18000000,   21395429,        1,    3395429,    3395429
 25513,   383,   18000000,   15866819,        0,   -2133181,          0
 25513,   384,   18000000,   16408922,        0,   -1591078,          0
 25513,   385,   18000000,   17415624,        0,    -584376,          0
 25513,   386,   18000000,   12533002,        0,   -5466998,          0
 25513,   387,   18000000,   12543966,        0,   -5456034,          0
 25513,   388,   18000000,   12581180,        0,   -5418820,          0
 25513,   389,   18000000,   12540652,        0,   -5459348,          0
 25513,   390,   18000000,   12544704,        0,   -5455296,          0
 25513,   391,   18000000,   12512310,        0,   -5487690,          0
 25513,   392,   18000000,   13313045,        0,   -4686955,          0
 25513,   393,   18000000,   13332404,        0,   -4667596,          0
 25513,   394,   18000000,   12800308,        0,   -5199692,          0
 25513,   395,   18000000,   12528570,        0,   -5471430,          0
 25513,   396,   18000000,   13180509,        0,   -4819491,          0
 25513,   397,   18000000,   12789001,        0,   -5210999,          0
 25513,   398,   18000000,   14313139,        0,   -3686861,          0
 25513,   399,   18000000,   12545250,        0,   -5454750,          0
 25513,   400,   18000000,   12517173,        0,   -5482827,          0
 25513,   401,   18000000,   12512079,        0,   -5487921,          0
 25513,   402,   18000000,   12788774,        0,   -5211226,          0
 25513,   403,   18000000,   22078793,        1,    4078793,    4078793
 25513,   404,   18000000,   16557542,        0,   -1442458,          0
 25513,   405,   18000000,   12543456,        0,   -5456544,          0
 25513,   406,   18000000,   12716316,        0,   -5283684,          0
 25513,   407,   18000000,   12822753,        0,   -5177247,          0
 25513,   408,   18000000,   12781425,        0,   -5218575,          0
 25513,   409,   18000000,   14962527,        0,   -3037473,          0
 25513,   410,   18000000,   12532234,        0,   -5467766,          0
 25513,   411,   18000000,   15807950,        0,   -2192050,          0
 25513,   412,   18000000,   12556572,        0,   -5443428,          0
 25513,   413,   18000000,   14559703,        0,   -3440297,          0
 25513,   414,   18000000,   13718108,        0,   -4281892,          0
 25513,   415,   18000000,   12511926,        0,   -5488074,          0
 25513,   416,   18000000,   12866655,        0,   -5133345,          0
 25513,   417,   18000000,   13071758,        0,   -4928242,          0
 25513,   418,   18000000,   12596253,        0,   -5403747,          0
 25513,   419,   18000000,   12570476,        0,   -5429524,          0
 25513,   420,   18000000,   13153164,        0,   -4846836,          0
 25513,   421,   18000000,   12795940,        0,   -5204060,          0
 25513,   422,   18000000,   12508681,        0,   -5491319,          0
 25513,   423,   18000000,   12796656,        0,   -5203344,          0
 25513,   424,   18000000,   12526629,        0,   -5473371,          0
 25513,   425,   18000000,   13805211,        0,   -4194789,          0
 25513,   426,   18000000,   16049316,        0,   -1950684,          0
 25513,   427,   18000000,   16772111,        0,   -1227889,          0
 25513,   428,   18000000,   12516960,        0,   -5483040,          0
 25513,   429,   18000000,   12648705,        0,   -5351295,          0
 25513,   430,   18000000,   14599944,        0,   -3400056,          0
 25513,   431,   18000000,   12540844,        0,   -5459156,          0
 25513,   432,   18000000,   13659022,        0,   -4340978,          0
 25513,   433,   18000000,   12541801,        0,   -5458199,          0
 25513,   434,   18000000,   15518088,        0,   -2481912,          0
 25513,   435,   18000000,   12636950,        0,   -5363050,          0
 25513,   436,   18000000,   12540067,        0,   -5459933,          0
 25513,   437,   18000000,   12901641,        0,   -5098359,          0
 25513,   438,   18000000,   12547814,        0,   -5452186,          0
 25513,   439,   18000000,   18771239,        1,     771239,     771239
 25513,   440,   18000000,   13247338,        0,   -4752662,          0
 25513,   441,   18000000,   13530349,        0,   -4469651,          0
 25513,   442,   18000000,   12760082,        0,   -5239918,          0
 25513,   443,   18000000,   13392928,        0,   -4607072,          0
 25513,   444,   18000000,   12831188,        0,   -5168812,          0
 25513,   445,   18000000,   16772254,        0,   -1227746,          0
 25513,   446,   18000000,   12585184,        0,   -5414816,          0
 25513,   447,   18000000,   16469728,        0,   -1530272,          0
 25513,   448,   18000000,   12615717,        0,   -5384283,          0
 25513,   449,   18000000,   15228300,        0,   -2771700,          0
 25513,   450,   18000000,   13157448,        0,   -4842552,          0
 25513,   451,   18000000,   12807090,        0,   -5192910,          0
 25513,   452,   18000000,   12533834,        0,   -5466166,          0
 25513,   453,   18000000,   12567788,        0,   -5432212,          0
 25513,   454,   18000000,   12580339,        0,   -5419661,          0
 25513,   455,   18000000,   14045399,        0,   -3954601,          0
 25513,   456,   18000000,   12573985,        0,   -5426015,          0
 25513,   457,   18000000,   12573905,        0,   -5426095,          0
 25513,   458,   18000000,   20440238,        1,    2440238,    2440238
 25513,   459,   18000000,   14914057,        0,   -3085943,          0
 25513,   460,   18000000,   14803122,        0,   -3196878,          0
 25513,   461,   18000000,   12538119,        0,   -5461881,          0
 25513,   462,   18000000,   18402776,        1,     402776,     402776
 25513,   463,   18000000,   12868728,        0,   -5131272,          0
 25513,   464,   18000000,   12636426,        0,   -5363574,          0
 25513,   465,   18000000,   12794506,        0,   -5205494,          0
 25513,   466,   18000000,   12532810,        0,   -5467190,          0
 25513,   467,   18000000,   12571792,        0,   -5428208,          0
 25513,   468,   18000000,   12647191,        0,   -5352809,          0
 25513,   469,   18000000,   18357679,        1,     357679,     357679
 25513,   470,   18000000,   12838284,        0,   -5161716,          0
 25513,   471,   18000000,   14469079,        0,   -3530921,          0
 25513,   472,   18000000,   12847802,        0,   -5152198,          0
 25513,   473,   18000000,   13522341,        0,   -4477659,          0
 25513,   474,   18000000,   12648338,        0,   -5351662,          0
 25513,   475,   18000000,   13613297,        0,   -4386703,          0
 25513,   476,   18000000,   12524935,        0,   -5475065,          0
 25513,   477,   18000000,   12874701,        0,   -5125299,          0
 25513,   478,   18000000,   13643189,        0,   -4356811,          0
 25513,   479,   18000000,   13201846,        0,   -4798154,          0
 25513,   480,   18000000,   12526507,        0,   -5473493,          0
 25513,   481,   18000000,   13449196,        0,   -4550804,          0
 25513,   482,   18000000,   12511201,        0,   -5488799,          0
 25513,   483,   18000000,   12629226,        0,   -5370774,          0
 25513,   484,   18000000,   15803252,        0,   -2196748,          0
 25513,   485,   18000000,   12574878,        0,   -5425122,          0
 25513,   486,   18000000,   19762907,        1,    1762907,    1762907
 25513,   487,   18000000,   14265517,        0,   -3734483,          0
 25513,   488,   18000000,   12520937,        0,   -5479063,          0
 25513,   489,   18000000,   15266858,        0,   -2733142,          0
 25513,   490,   18000000,   13298427,        0,   -4701573,          0
 25513,   491,   18000000,   12650417,        0,   -5349583,          0
 25513,   492,   18000000,   12502999,        0,   -5497001,          0
 25513,   493,   18000000,   13504048,        0,   -4495952,          0
 25513,   494,   18000000,   12522296,        0,   -5477704,          0
 25513,   495,   18000000,   12508079,        0,   -5491921,          0
 25513,   496,   18000000,   12525212,        0,   -5474788,          0
 25513,   497,   18000000,   19371344,        1,    1371344,    1371344
 25513,   498,   18000000,   13838327,        0,   -4161673,          0
 25513,   499,   18000000,   12666855,        0,   -5333145,          0
 25513,   500,   18000000,   12535588,        0,   -5464412,          0
 25513,   501,   18000000,   12621115,        0,   -5378885,          0
 25513,   502,   18000000,   17263391,        0,    -736609,          0
 25513,   503,   18000000,   12646063,        0,   -5353937,          0
 25513,   504,   18000000,   12514125,        0,   -5485875,          0
 25513,   505,   18000000,   12607637,        0,   -5392363,          0
 25513,   506,   18000000,   12520210,        0,   -5479790,          0
 25513,   507,   18000000,   12564775,        0,   -5435225,          0
 25513,   508,   18000000,   12683194,        0,   -5316806,          0
 25513,   509,   18000000,   12543346,        0,   -5456654,          0
 25513,   510,   18000000,   12558983,        0,   -5441017,          0
 25513,   511,   18000000,   12532048,        0,   -5467952,          0
 25513,   512,   18000000,   12657403,        0,   -5342597,          0
 25513,   513,   18000000,   13417659,        0,   -4582341,          0
 25513,   514,   18000000,   12561371,        0,   -5438629,          0
 25513,   515,   18000000,   12569131,        0,   -5430869,          0
 25513,   516,   18000000,   12506247,        0,   -5493753,          0
 25513,   517,   18000000,   19802488,        1,    1802488,    1802488
 25513,   518,   18000000,   14286972,        0,   -3713028,          0
 25513,   519,   18000000,   12554777,        0,   -5445223,          0
 25513,   520,   18000000,   12569610,        0,   -5430390,          0
 25513,   521,   18000000,   12564678,        0,   -5435322,          0
 25513,   522,   18000000,   12540075,        0,   -5459925,          0
 25513,   523,   18000000,   15532454,        0,   -2467546,          0
 25513,   524,   18000000,   12502771,        0,   -5497229,          0
 25513,   525,   18000000,   12519566,        0,   -5480434,          0
 25513,   526,   18000000,   12526105,        0,   -5473895,          0
 25513,   527,   18000000,   12515159,        0,   -5484841,          0
 25513,   528,   18000000,   12534854,        0,   -5465146,          0
 25513,   529,   18000000,   12548036,        0,   -5451964,          0
 25513,   530,   18000000,   12510611,        0,   -5489389,          0
 25513,   531,   18000000,   12521038,        0,   -5478962,          0
 25513,   532,   18000000,   16095666,        0,   -1904334,          0
 25513,   533,   18000000,   14118497,        0,   -3881503,          0
 25513,   534,   18000000,   12805742,        0,   -5194258,          0
 25513,   535,   18000000,   13654306,        0,   -4345694,          0
 25513,   536,   18000000,   17045158,        0,    -954842,          0
 25513,   537,   18000000,   12550782,        0,   -5449218,          0
 25513,   538,   18000000,   12507712,        0,   -5492288,          0
 25513,   539,   18000000,   12506831,        0,   -5493169,          0
 25513,   540,   18000000,   12564886,        0,   -5435114,          0
 25513,   541,   18000000,   12820018,        0,   -5179982,          0
 25513,   542,   18000000,   17429388,        0,    -570612,          0
 25513,   543,   18000000,   12542648,        0,   -5457352,          0
 25513,   544,   18000000,   12574873,        0,   -5425127,          0
 25513,   545,   18000000,   12540899,        0,   -5459101,          0
 25513,   546,   18000000,   12500780,        0,   -5499220,          0
 25513,   547,   18000000,   12515827,        0,   -5484173,          0
 25513,   548,   18000000,   12794752,        0,   -5205248,          0
 25513,   549,   18000000,   12506580,        0,   -5493420,          0
 25513,   550,   18000000,   12529771,        0,   -5470229,          0
 25513,   551,   18000000,   12517230,        0,   -5482770,          0
 25513,   552,   18000000,   12538192,        0,   -5461808,          0
 25513,   553,   18000000,   12505968,        0,   -5494032,          0
 25513,   554,   18000000,   12513032,        0,   -5486968,          0
 25513,   555,   18000000,   14716323,        0,   -3283677,          0
 25513,   556,   18000000,   13059600,        0,   -4940400,          0
 25513,   557,   18000000,   12699770,        0,   -5300230,          0
 25513,   558,   18000000,   12538780,        0,   -5461220,          0
 25513,   559,   18000000,   12510933,        0,   -5489067,          0
# task NAME=myapp PID=25517 COST=14336000 PERIOD=48000000 CPU=0
 25517,     2,   48000000,      24290,        0,  -47975710,          0
 25517,     3,   48000000,      60562,        0,  -47939438,          0
 25517,     4,   48000000,   14229201,        0,  -33770799,          0
 25517,     5,   48000000,   14199705,        0,  -33800295,          0
 25517,     6,   48000000,   14577289,        0,  -33422711,          0
 25517,     7,   48000000,   14585725,        0,  -33414275,          0
 25517,     8,   48000000,   22884521,        0,  -25115479,          0
 25517,     9,   48000000,   14687864,        0,  -33312136,          0
 25517,    10,   48000000,   14215609,        0,  -33784391,          0
 25517,    11,   48000000,   14233905,        0,  -33766095,          0
 25517,    12,   48000000,   15853458,        0,  -32146542,          0
 25517,    13,   48000000,   14203969,        0,  -33796031,          0
 25517,    14,   48000000,   14285932,        0,  -33714068,          0
 25517,    15,   48000000,   16491156,        0,  -31508844,          0
 25517,    16,   48000000,   14295825,        0,  -33704175,          0
 25517,    17,   48000000,   14880359,        0,  -33119641,          0
 25517,    18,   48000000,   15268673,        0,  -32731327,          0
 25517,    19,   48000000,   14273627,        0,  -33726373,          0
 25517,    20,   48000000,   14670945,        0,  -33329055,          0
 25517,    21,   48000000,   14235777,        0,  -33764223,          0
 25517,    22,   48000000,   14196287,        0,  -33803713,          0
 25517,    23,   48000000,   17105021,        0,  -30894979,          0
 25517,    24,   48000000,   14316266,        0,  -33683734,          0
 25517,    25,   48000000,   14567529,        0,  -33432471,          0
 25517,    26,   48000000,   14213189,        0,  -33786811,          0
 25517,    27,   48000000,   14254483,        0,  -33745517,          0
 25517,    28,   48000000,   14221799,        0,  -33778201,          0
 25517,    29,   48000000,   23830072,        0,  -24169928,          0
 25517,    30,   48000000,   14240083,        0,  -33759917,          0
 25517,    31,   48000000,   14197197,        0,  -33802803,          0
 25517,    32,   48000000,   14349840,        0,  -33650160,          0
 25517,    33,   48000000,   14528377,        0,  -33471623,          0
 25517,    34,   48000000,   14218258,        0,  -33781742,          0
 25517,    35,   48000000,   14289945,        0,  -33710055,          0
 25517,    36,   48000000,   15621484,        0,  -32378516,          0
 25517,    37,   48000000,   14207581,        0,  -33792419,          0
 25517,    38,   48000000,   14222243,        0,  -33777757,          0
 25517,    39,   48000000,   15002155,        0,  -32997845,          0
 25517,    40,   48000000,   14204472,        0,  -33795528,          0
 25517,    41,   48000000,   14256006,        0,  -33743994,          0
 25517,    42,   48000000,   17946443,        0,  -30053557,          0
 25517,    43,   48000000,   15175162,        0,  -32824838,          0
 25517,    44,   48000000,   14294827,        0,  -33705173,          0
 25517,    45,   48000000,   14218938,        0,  -33781062,          0
 25517,    46,   48000000,   14495289,        0,  -33504711,          0
 25517,    47,   48000000,   14201590,        0,  -33798410,          0
 25517,    48,   48000000,   14236294,        0,  -33763706,          0
 25517,    49,   48000000,   14226805,        0,  -33773195,          0
 25517,    50,   48000000,   14431713,        0,  -33568287,          0
 25517,    51,   48000000,   14276050,        0,  -33723950,          0
 25517,    52,   48000000,   14254527,        0,  -33745473,          0
 25517,    53,   48000000,   14199373,        0,  -33800627,          0
 25517,    54,   48000000,   18123454,        0,  -29876546,          0
 25517,    55,   48000000,   15679953,        0,  -32320047,          0
 25517,    56,   48000000,   14324144,        0,  -33675856,          0
 25517,    57,   48000000,   18647042,        0,  -29352958,          0
 25517,    58,   48000000,   14268895,        0,  -33731105,          0
 25517,    59,   48000000,   14515757,        0,  -33484243,          0
 25517,    60,   48000000,   14317556,        0,  -33682444,          0
 25517,    61,   48000000,   14230500,        0,  -33769500,          0
 25517,    62,   48000000,   17471497,        0,  -30528503,          0
 25517,    63,   48000000,   14277185,        0,  -33722815,          0
 25517,    64,   48000000,   14267608,        0,  -33732392,          0
 25517,    65,   48000000,   14310061,        0,  -33689939,          0
 25517,    66,   48000000,   15653887,        0,  -32346113,          0
 25517,    67,   48000000,   14192448,        0,  -33807552,          0
 25517,    68,   48000000,   14275917,        0,  -33724083,          0
 25517,    69,   48000000,   14217977,        0,  -33782023,          0
 25517,    70,   48000000,   14200500,        0,  -33799500,          0
 25517,    71,   48000000,   14993293,        0,  -33006707,          0
 25517,    72,   48000000,   14770879,        0,  -33229121,          0
 25517,    73,   48000000,   14197366,        0,  -33802634,          0
 25517,    74,   48000000,   14223047,        0,  -33776953,          0
 25517,    75,   48000000,   15888427,        0,  -32111573,          0
 25517,    76,   48000000,   14328156,        0,  -33671844,          0
 25517,    77,   48000000,   14252231,        0,  -33747769,          0
 25517,    78,   48000000,   14879304,        0,  -33120696,          0
 25517,    79,   48000000,   14208552,        0,  -33791448,          0
 25517,    80,   48000000,   14253178,        0,  -33746822,          0
 25517,    81,   48000000,   16851821,        0,  -31148179,          0
 25517,    82,   48000000,   14218949,        0,  -33781051,          0
 25517,    83,   48000000,   14216126,        0,  -33783874,          0
 25517,    84,   48000000,   14241323,        0,  -33758677,          0
 25517,    85,   48000000,   25327764,        0,  -22672236,          0
 25517,    86,   48000000,   14197855,        0,  -33802145,          0
 25517,    87,   48000000,   15221622,        0,  -32778378,          0
 25517,    88,   48000000,   14221849,        0,  -33778151,          0
 25517,    89,   48000000,   14213807,        0,  -33786193,          0
 25517,    90,   48000000,   14244769,        0,  -33755231,          0
 25517,    91,   48000000,   14201454,        0,  -33798546,          0
 25517,    92,   48000000,   14294332,        0,  -33705668,          0
 25517,    93,   48000000,   14231611,        0,  -33768389,          0
 25517,    94,   48000000,   15638441,        0,  -32361559,          0
 25517,    95,   48000000,   14202538,        0,  -33797462,          0
 25517,    96,   48000000,   14304964,        0,  -33695036,          0
 25517,    97,   48000000,   14222253,        0,  -33777747,          0
 25517,    98,   48000000,   17158714,        0,  -30841286,          0
 25517,    99,   48000000,   14206221,        0,  -33793779,          0
 25517,   100,   48000000,   14213508,        0,  -33786492,          0
 25517,   101,   48000000,   16106732,        0,  -31893268,          0
 25517,   102,   48000000,   14306105,        0,  -33693895,          0
 25517,   103,   48000000,   14281003,        0,  -33718997,          0
 25517,   104,   48000000,   14211536,        0,  -33788464,          0
 25517,   105,   48000000,   14223005,        0,  -33776995,          0
 25517,   106,   48000000,   16198668,        0,  -31801332,          0
 25517,   107,   48000000,   15799563,        0,  -32200437,          0
 25517,   108,   48000000,   14295749,        0,  -33704251,          0
 25517,   109,   48000000,   14204908,        0,  -33795092,          0
 25517,   110,   48000000,   14233597,        0,  -33766403,          0
 25517,   111,   48000000,   14824329,        0,  -33175671,          0
 25517,   112,   48000000,   21470257,        0,  -26529743,          0
 25517,   113,   48000000,   14201939,        0,  -33798061,          0
 25517,   114,   48000000,   14254792,        0,  -33745208,          0
 25517,   115,   48000000,   14345780,        0,  -33654220,          0
 25517,   116,   48000000,   14201519,        0,  -33798481,          0
 25517,   117,   48000000,   17763149,        0,  -30236851,          0
 25517,   118,   48000000,   14197141,        0,  -33802859,          0
 25517,   119,   48000000,   14502635,        0,  -33497365,          0
 25517,   120,   48000000,   16063878,        0,  -31936122,          0
 25517,   121,   48000000,   14216452,        0,  -33783548,          0
 25517,   122,   48000000,   19526444,        0,  -28473556,          0
 25517,   123,   48000000,   14205532,        0,  -33794468,          0
 25517,   124,   48000000,   14516280,        0,  -33483720,          0
 25517,   125,   48000000,   14222145,        0,  -33777855,          0
 25517,   126,   48000000,   14251955,        0,  -33748045,          0
 25517,   127,   48000000,   14203993,        0,  -33796007,          0
 25517,   128,   48000000,   15079429,        0,  -32920571,          0
 25517,   129,   48000000,   14240174,        0,  -33759826,          0
 25517,   130,   48000000,   16156462,        0,  -31843538,          0
 25517,   131,   48000000,   18367549,        0,  -29632451,          0
 25517,   132,   48000000,   14561612,        0,  -33438388,          0
 25517,   133,   48000000,   14348153,        0,  -33651847,          0
 25517,   134,   48000000,   14252114,        0,  -33747886,          0
 25517,   135,   48000000,   14226131,        0,  -33773869,          0
 25517,   136,   48000000,   17149466,        0,  -30850534,          0
 25517,   137,   48000000,   14485285,        0,  -33514715,          0
 25517,   138,   48000000,   14256065,        0,  -33743935,          0
 25517,   139,   48000000,   14209013,        0,  -33790987,          0
 25517,   140,   48000000,   14198168,        0,  -33801832,          0
 25517,   141,   48000000,   14224254,        0,  -33775746,          0
 25517,   142,   48000000,   14205871,        0,  -33794129,          0
 25517,   143,   48000000,   14270303,        0,  -33729697,          0
 25517,   144,   48000000,   22477665,        0,  -25522335,          0
 25517,   145,   48000000,   14495003,        0,  -33504997,          0
 25517,   146,   48000000,   16708716,        0,  -31291284,          0
 25517,   147,   48000000,   14227426,        0,  -33772574,          0
 25517,   148,   48000000,   14289123,        0,  -33710877,          0
 25517,   149,   48000000,   14567815,        0,  -33432185,          0
 25517,   150,   48000000,   14559152,        0,  -33440848,          0
 25517,   151,   48000000,   15923044,        0,  -32076956,          0
 25517,   152,   48000000,   14222036,        0,  -33777964,          0
 25517,   153,   48000000,   23153081,        0,  -24846919,          0
 25517,   154,   48000000,   14203105,        0,  -33796895,          0
 25517,   155,   48000000,   14386132,        0,  -33613868,          0
 25517,   156,   48000000,   17512255,        0,  -30487745,          0
 25517,   157,   48000000,   14253197,        0,  -33746803,          0
 25517,   158,   48000000,   14525320,        0,  -33474680,          0
 25517,   159,   48000000,   14260182,        0,  -33739818,          0
 25517,   160,   48000000,   14214586,        0,  -33785414,          0
 25517,   161,   48000000,   14216400,        0,  -33783600,          0
 25517,   162,   48000000,   18255108,        0,  -29744892,          0
 25517,   163,   48000000,   14206729,        0,  -33793271,          0
 25517,   164,   48000000,   14295713,        0,  -33704287,          0
 25517,   165,   48000000,   14305946,        0,  -33694054,          0
 25517,   166,   48000000,   14345919,        0,  -33654081,          0
 25517,   167,   48000000,   14217744,        0,  -33782256,          0
 25517,   168,   48000000,   14272259,        0,  -33727741,          0
 25517,   169,   48000000,   14229651,        0,  -33770349,          0
 25517,   170,   48000000,   14204796,        0,  -33795204,          0
 25517,   171,   48000000,   14520065,        0,  -33479935,          0
 25517,   172,   48000000,   15053438,        0,  -32946562,          0
 25517,   173,   48000000,   14225885,        0,  -33774115,          0
 25517,   174,   48000000,   14225773,        0,  -33774227,          0
 25517,   175,   48000000,   14245085,        0,  -33754915,          0
 25517,   176,   48000000,   16793336,        0,  -31206664,          0
 25517,   177,   48000000,   14256582,        0,  -33743418,          0
 25517,   178,   48000000,   14197016,        0,  -33802984,          0
 25517,   179,   48000000,   14256882,        0,  -33743118,          0
 25517,   180,   48000000,   22564427,        0,  -25435573,          0
 25517,   181,   48000000,   14201694,        0,  -33798306,          0
 25517,   182,   48000000,   14197457,        0,  -33802543,          0
 25517,   183,   48000000,   14288428,        0,  -33711572,          0
 25517,   184,   48000000,   14516104,        0,  -33483896,          0
 25517,   185,   48000000,   14384812,        0,  -33615188,          0
 25517,   186,   48000000,   14260574,        0,  -33739426,          0
 25517,   187,   48000000,   14210402,        0,  -33789598,          0
 25517,   188,   48000000,   14201318,        0,  -33798682,          0
 25517,   189,   48000000,   14354096,        0,  -33645904,          0
 25517,   190,   48000000,   14199579,        0,  -33800421,          0
 25517,   191,   48000000,   14247498,        0,  -33752502,          0
 25517,   192,   48000000,   14238114,        0,  -33761886,          0
 25517,   193,   48000000,   14214415,        0,  -33785585,          0
 25517,   194,   48000000,   14195643,        0,  -33804357,          0
 25517,   195,   48000000,   14255172,        0,  -33744828,          0
 25517,   196,   48000000,   14249168,        0,  -33750832,          0
 25517,   197,   48000000,   18606669,        0,  -29393331,          0
 25517,   198,   48000000,   15606987,        0,  -32393013,          0
 25517,   199,   48000000,   14234285,        0,  -33765715,          0
 25517,   200,   48000000,   14296656,        0,  -33703344,          0
 25517,   201,   48000000,   14218859,        0,  -33781141,          0
 25517,   202,   48000000,   16331150,        0,  -31668850,          0
 25517,   203,   48000000,   14611920,        0,  -33388080,          0
 25517,   204,   48000000,   15518275,        0,  -32481725,          0
 25517,   205,   48000000,   16976038,        0,  -31023962,          0
 25517,   206,   48000000,   14193060,        0,  -33806940,          0
 25517,   207,   48000000,   14230327,        0,  -33769673,          0
 25517,   208,   48000000,   14240365,        0,  -33759635,          0
 25517,   209,   48000000,   14209143,        0,  -33790857,          0
 25517,   210,   48000000,   16397812,        0,  -31602188,          0
 25517,   211,   48000000,   14232846,        0,  -33767154,          0
 25517,   212,   48000000,   14224234,        0,  -33775766,          0
