# Task,   Job,     Period,   Response, DL Miss?,   Lateness,  Tardiness
# task NAME=myapp PID=22932 COST=32211000 PERIOD=43000000 CPU=0
 22932,     2,   43000000,       6995,        0,  -42993005,          0
 22932,     3,   43000000,      75299,        0,  -42924701,          0
 22932,     4,   43000000,   31519035,        0,  -11480965,          0
 22932,     5,   43000000,   31512388,        0,  -11487612,          0
 22932,     6,   43000000,   31510752,        0,  -11489248,          0
 22932,     7,   43000000,   31518653,        0,  -11481347,          0
 22932,     8,   43000000,   48315710,        1,    5315710,    5315710
 22932,     9,   43000000,   36801829,        0,   -6198171,          0
 22932,    10,   43000000,   31497265,        0,  -11502735,          0
 22932,    11,   43000000,   31527314,        0,  -11472686,          0
 22932,    12,   43000000,   31510613,        0,  -11489387,          0
 22932,    13,   43000000,   31793254,        0,  -11206746,          0
 22932,    14,   43000000,   31494837,        0,  -11505163,          0
 22932,    15,   43000000,   31536253,        0,  -11463747,          0
 22932,    16,   43000000,   31801310,        0,  -11198690,          0
 22932,    17,   43000000,   31493543,        0,  -11506457,          0
 22932,    18,   43000000,   31513941,        0,  -11486059,          0
 22932,    19,   43000000,   31779654,        0,  -11220346,          0
 22932,    20,   43000000,   31583151,        0,  -11416849,          0
 22932,    21,   43000000,   31498351,        0,  -11501649,          0
 22932,    22,   43000000,   44140859,        1,    1140859,    1140859
 22932,    23,   43000000,   32618060,        0,  -10381940,          0
 22932,    24,   43000000,   31543639,        0,  -11456361,          0
 22932,    25,   43000000,   31773768,        0,  -11226232,          0
 22932,    26,   43000000,   31506518,        0,  -11493482,          0
 22932,    27,   43000000,   31513892,        0,  -11486108,          0
 22932,    28,   43000000,   31793820,        0,  -11206180,          0
 22932,    29,   43000000,   31497620,        0,  -11502380,          0
 22932,    30,   43000000,   31658295,        0,  -11341705,          0
 22932,    31,   43000000,   31773371,        0,  -11226629,          0
 22932,    32,   43000000,   31527530,        0,  -11472470,          0
 22932,    33,   43000000,   31504392,        0,  -11495608,          0
 22932,    34,   43000000,   31783703,        0,  -11216297,          0
 22932,    35,   43000000,   31517175,        0,  -11482825,          0
 22932,    36,   43000000,   31536886,        0,  -11463114,          0
 22932,    37,   43000000,   31507928,        0,  -11492072,          0
 22932,    38,   43000000,   31527396,        0,  -11472604,          0
 22932,    39,   43000000,   31525273,        0,  -11474727,          0
 22932,    40,   43000000,   31556405,        0,  -11443595,          0
 22932,    41,   43000000,   31518751,        0,  -11481249,          0
 22932,    42,   43000000,   31521772,        0,  -11478228,          0
 22932,    43,   43000000,   31527297,        0,  -11472703,          0
 22932,    44,   43000000,   31517364,        0,  -11482636,          0
 22932,    45,   43000000,   31805241,        0,  -11194759,          0
 22932,    46,   43000000,   31512993,        0,  -11487007,          0
 22932,    47,   43000000,   31518522,        0,  -11481478,          0
 22932,    48,   43000000,   32399361,        0,  -10600639,          0
 22932,    49,   43000000,   31504411,        0,  -11495589,          0
 22932,    50,   43000000,   32673416,        0,  -10326584,          0
 22932,    51,   43000000,   31823573,        0,  -11176427,          0
 22932,    52,   43000000,   45191450,        1,    2191450,    2191450
 22932,    53,   43000000,   33780476,        0,   -9219524,          0
 22932,    54,   43000000,   31827618,        0,  -11172382,          0
 22932,    55,   43000000,   31509747,        0,  -11490253,          0
 22932,    56,   43000000,   31499852,        0,  -11500148,          0
 22932,    57,   43000000,   31804789,        0,  -11195211,          0
 22932,    58,   43000000,   31499213,        0,  -11500787,          0
 22932,    59,   43000000,   31517986,        0,  -11482014,          0
 22932,    60,   43000000,   32798398,        0,  -10201602,          0
 22932,    61,   43000000,   31525135,        0,  -11474865,          0
 22932,    62,   43000000,   36509692,        0,   -6490308,          0
 22932,    63,   43000000,   31780592,        0,  -11219408,          0
 22932,    64,   43000000,   31527729,        0,  -11472271,          0
 22932,    65,   43000000,   31503534,        0,  -11496466,          0
 22932,    66,   43000000,   31800903,        0,  -11199097,          0
 22932,    67,   43000000,   31522706,        0,  -11477294,          0
 22932,    68,   43000000,   31507001,        0,  -11492999,          0
 22932,    69,   43000000,   31513158,        0,  -11486842,          0
 22932,    70,   43000000,   31505707,        0,  -11494293,          0
 22932,    71,   43000000,   31532436,        0,  -11467564,          0
 22932,    72,   43000000,   31540121,        0,  -11459879,          0
 22932,    73,   43000000,   31514398,        0,  -11485602,          0
 22932,    74,   43000000,   31527303,        0,  -11472697,          0
 22932,    75,   43000000,   31506789,        0,  -11493211,          0
 22932,    76,   43000000,   31601595,        0,  -11398405,          0
 22932,    77,   43000000,   31811341,        0,  -11188659,          0
 22932,    78,   43000000,   31576370,        0,  -11423630,          0
 22932,    79,   43000000,   31600125,        0,  -11399875,          0
 22932,    80,   43000000,   31825089,        0,  -11174911,          0
 22932,    81,   43000000,   31549726,        0,  -11450274,          0
 22932,    82,   43000000,   31522991,        0,  -11477009,          0
 22932,    83,   43000000,   31814140,        0,  -11185860,          0
 22932,    84,   43000000,   50656540,        1,    7656540,    7656540
 22932,    85,   43000000,   39156171,        0,   -3843829,          0
 22932,    86,   43000000,   31794092,        0,  -11205908,          0
 22932,    87,   43000000,   31539133,        0,  -11460867,          0
 22932,    88,   43000000,   31512595,        0,  -11487405,          0
 22932,    89,   43000000,   31896407,        0,  -11103593,          0
 22932,    90,   43000000,   31514678,        0,  -11485322,          0
 22932,    91,   43000000,   31573257,        0,  -11426743,          0
 22932,    92,   43000000,   31791530,        0,  -11208470,          0
 22932,    93,   43000000,   44374657,        1,    1374657,    1374657
 22932,    94,   43000000,   32872699,        0,  -10127301,          0
 22932,    95,   43000000,   44544932,        1,    1544932,    1544932
 22932,    96,   43000000,   33040787,        0,   -9959213,          0
 22932,    97,   43000000,   31558973,        0,  -11441027,          0
 22932,    98,   43000000,   31818562,        0,  -11181438,          0
 22932,    99,   43000000,   31522947,        0,  -11477053,          0
 22932,   100,   43000000,   31539515,        0,  -11460485,          0
 22932,   101,   43000000,   31521046,        0,  -11478954,          0
 22932,   102,   43000000,   31544049,        0,  -11455951,          0
 22932,   103,   43000000,   31541188,        0,  -11458812,          0
 22932,   104,   43000000,   31540066,        0,  -11459934,          0
 22932,   105,   43000000,   31516427,        0,  -11483573,          0
 22932,   106,   43000000,   31805873,        0,  -11194127,          0
 22932,   107,   43000000,   31520505,        0,  -11479495,          0
 22932,   108,   43000000,   31525736,        0,  -11474264,          0
 22932,   109,   43000000,   31789383,        0,  -11210617,          0
 22932,   110,   43000000,   32334751,        0,  -10665249,          0
 22932,   111,   43000000,   31520087,        0,  -11479913,          0
 22932,   112,   43000000,   31798534,        0,  -11201466,          0
 22932,   113,   43000000,   32403715,        0,  -10596285,          0
 22932,   114,   43000000,   31542728,        0,  -11457272,          0
 22932,   115,   43000000,   31790133,        0,  -11209867,          0
 22932,   116,   43000000,   37091278,        0,   -5908722,          0
 22932,   117,   43000000,   31508137,        0,  -11491863,          0
 22932,   118,   43000000,   31792578,        0,  -11207422,          0
 22932,   119,   43000000,   31506424,        0,  -11493576,          0
 22932,   120,   43000000,   31529591,        0,  -11470409,          0
 22932,   121,   43000000,   31800359,        0,  -11199641,          0
 22932,   122,   43000000,   31541139,        0,  -11458861,          0
 22932,   123,   43000000,   31607654,        0,  -11392346,          0
 22932,   124,   43000000,   31806647,        0,  -11193353,          0
 22932,   125,   43000000,   31515738,        0,  -11484262,          0
 22932,   126,   43000000,   31531866,        0,  -11468134,          0
 22932,   127,   43000000,   31798206,        0,  -11201794,          0
 22932,   128,   43000000,   31534062,        0,  -11465938,          0
 22932,   129,   43000000,   31594222,        0,  -11405778,          0
 22932,   130,   43000000,   31532988,        0,  -11467012,          0
 22932,   131,   43000000,   31533983,        0,  -11466017,          0
 22932,   132,   43000000,   49450497,        1,    6450497,    6450497
 22932,   133,   43000000,   37941917,        0,   -5058083,          0
 22932,   134,   43000000,   47545968,        1,    4545968,    4545968
 22932,   135,   43000000,   36334842,        0,   -6665158,          0
 22932,   136,   43000000,   31630348,        0,  -11369652,          0
 22932,   137,   43000000,   51995986,        1,    8995986,    8995986
 22932,   138,   43000000,   40777375,        0,   -2222625,          0
 22932,   139,   43000000,   31537542,        0,  -11462458,          0
 22932,   140,   43000000,   43043286,        1,      43286,      43286
 22932,   141,   43000000,   31817476,        0,  -11182524,          0
 22932,   142,   43000000,   31527050,        0,  -11472950,          0
 22932,   143,   43000000,   31517847,        0,  -11482153,          0
 22932,   144,   43000000,   31827862,        0,  -11172138,          0
 22932,   145,   43000000,   31524511,        0,  -11475489,          0
 22932,   146,   43000000,   35254034,        0,   -7745966,          0
 22932,   147,   43000000,   31799679,        0,  -11200321,          0
 22932,   148,   43000000,   31583428,        0,  -11416572,          0
 22932,   149,   43000000,   31559528,        0,  -11440472,          0
 22932,   150,   43000000,   31831040,        0,  -11168960,          0
 22932,   151,   43000000,   31550002,        0,  -11449998,          0
 22932,   152,   43000000,   31535019,        0,  -11464981,          0
 22932,   153,   43000000,   31844902,        0,  -11155098,          0
 22932,   154,   43000000,   31528454,        0,  -11471546,          0
 22932,   155,   43000000,   31585130,        0,  -11414870,          0
 22932,   156,   43000000,   31801013,        0,  -11198987,          0
 22932,   157,   43000000,   31533964,        0,  -11466036,          0
 22932,   158,   43000000,   31534644,        0,  -11465356,          0
 22932,   159,   43000000,   31830957,        0,  -11169043,          0
 22932,   160,   43000000,   31563579,        0,  -11436421,          0
 22932,   161,   43000000,   31553217,        0,  -11446783,          0
 22932,   162,   43000000,   31549432,        0,  -11450568,          0
 22932,   163,   43000000,   44041079,        1,    1041079,    1041079
 22932,   164,   43000000,   32542645,        0,  -10457355,          0
 22932,   165,   43000000,   31555263,        0,  -11444737,          0
 22932,   166,   43000000,   31526159,        0,  -11473841,          0
 22932,   167,   43000000,   31542985,        0,  -11457015,          0
 22932,   168,   43000000,   31542891,        0,  -11457109,          0
 22932,   169,   43000000,   31746073,        0,  -11253927,          0
 22932,   170,   43000000,   31828404,        0,  -11171596,          0
 22932,   171,   43000000,   31502285,        0,  -11497715,          0
 22932,   172,   43000000,   31498482,        0,  -11501518,          0
 22932,   173,   43000000,   31789823,        0,  -11210177,          0
 22932,   174,   43000000,   31513545,        0,  -11486455,          0
 22932,   175,   43000000,   31542938,        0,  -11457062,          0
 22932,   176,   43000000,   31784997,        0,  -11215003,          0
 22932,   177,   43000000,   31548771,        0,  -11451229,          0
 22932,   178,   43000000,   31500948,        0,  -11499052,          0
 22932,   179,   43000000,   31903933,        0,  -11096067,          0
 22932,   180,   43000000,   31499662,        0,  -11500338,          0
 22932,   181,   43000000,   50168675,        1,    7168675,    7168675
 22932,   182,   43000000,   38936060,        0,   -4063940,          0
 22932,   183,   43000000,   31531895,        0,  -11468105,          0
 22932,   184,   43000000,   31533585,        0,  -11466415,          0
 22932,   185,   43000000,   38477318,        0,   -4522682,          0
 22932,   186,   43000000,   31512414,        0,  -11487586,          0
 22932,   187,   43000000,   31505584,        0,  -11494416,          0
 22932,   188,   43000000,   31830948,        0,  -11169052,          0
 22932,   189,   43000000,   31482741,        0,  -11517259,          0
 22932,   190,   43000000,   31502756,        0,  -11497244,          0
 22932,   191,   43000000,   31776442,        0,  -11223558,          0
 22932,   192,   43000000,   31527931,        0,  -11472069,          0
 22932,   193,   43000000,   31518331,        0,  -11481669,          0
 22932,   194,   43000000,   31519703,        0,  -11480297,          0
 22932,   195,   43000000,   31513952,        0,  -11486048,          0
 22932,   196,   43000000,   31569349,        0,  -11430651,          0
 22932,   197,   43000000,   31498704,        0,  -11501296,          0
 22932,   198,   43000000,   31531745,        0,  -11468255,          0
 22932,   199,   43000000,   31558011,        0,  -11441989,          0
 22932,   200,   43000000,   31553012,        0,  -11446988,          0
 22932,   201,   43000000,   31514473,        0,  -11485527,          0
 22932,   202,   43000000,   31807476,        0,  -11192524,          0
 22932,   203,   43000000,   31481173,        0,  -11518827,          0
 22932,   204,   43000000,   31534834,        0,  -11465166,          0
 22932,   205,   43000000,   31773126,        0,  -11226874,          0
 22932,   206,   43000000,   31561548,        0,  -11438452,          0
 22932,   207,   43000000,   31505562,        0,  -11494438,          0
 22932,   208,   43000000,   31808336,        0,  -11191664,          0
 22932,   209,   43000000,   31519008,        0,  -11480992,          0
 22932,   210,   43000000,   31907070,        0,  -11092930,          0
 22932,   211,   43000000,   31834200,        0,  -11165800,          0
 22932,   212,   43000000,   31583658,        0,  -11416342,          0
 22932,   213,   43000000,   31507204,        0,  -11492796,          0
 22932,   214,   43000000,   31817251,        0,  -11182749,          0
 22932,   215,   43000000,   31519069,        0,  -11480931,          0
 22932,   216,   43000000,   31608210,        0,  -11391790,          0
 22932,   217,   43000000,   31795931,        0,  -11204069,          0
 22932,   218,   43000000,   31564101,        0,  -11435899,          0
 22932,   219,   43000000,   31545215,        0,  -11454785,          0
 22932,   220,   43000000,   31838845,        0,  -11161155,          0
 22932,   221,   43000000,   31525048,        0,  -11474952,          0
 22932,   222,   43000000,   31546900,        0,  -11453100,          0
 22932,   223,   43000000,   31808085,        0,  -11191915,          0
 22932,   224,   43000000,   31578703,        0,  -11421297,          0
 22932,   225,   43000000,   31492757,        0,  -11507243,          0
 22932,   226,   43000000,   31527100,        0,  -11472900,          0
 22932,   227,   43000000,   31531308,        0,  -11468692,          0
 22932,   228,   43000000,   31540406,        0,  -11459594,          0
 22932,   229,   43000000,   31639322,        0,  -11360678,          0
 22932,   230,   43000000,   31507355,        0,  -11492645,          0
 22932,   231,   43000000,   31814993,        0,  -11185007,          0
 22932,   232,   43000000,   31491809,        0,  -11508191,          0
 22932,   233,   43000000,   34405495,        0,   -8594505,          0
 22932,   234,   43000000,   31782583,        0,  -11217417,          0
 22932,   235,   43000000,   31522999,        0,  -11477001,          0
 22932,   236,   43000000,   31525951,        0,  -11474049,          0
# task NAME=myapp PID=22935 COST=21076000 PERIOD=84000000 CPU=0
 22935,     2,   84000000,      15422,        0,  -83984578,          0
 22935,     3,   84000000,     106253,        0,  -83893747,          0
 22935,     4,   84000000,   20954705,        0,  -63045295,          0
 22935,     5,   84000000,   20657202,        0,  -63342798,          0
 22935,     6,   84000000,   20642247,        0,  -63357753,          0
 22935,     7,   84000000,   20636679,        0,  -63363321,          0
 22935,     8,   84000000,   20671303,        0,  -63328697,          0
 22935,     9,   84000000,   20633733,        0,  -63366267,          0
 22935,    10,   84000000,   20629413,        0,  -63370587,          0
 22935,    11,   84000000,   20675010,        0,  -63324990,          0
 22935,    12,   84000000,   20685318,        0,  -63314682,          0
 22935,    13,   84000000,   20680176,        0,  -63319824,          0
 22935,    14,   84000000,   20637280,        0,  -63362720,          0
 22935,    15,   84000000,   20628541,        0,  -63371459,          0
 22935,    16,   84000000,   20637797,        0,  -63362203,          0
 22935,    17,   84000000,   20652038,        0,  -63347962,          0
 22935,    18,   84000000,   20673893,        0,  -63326107,          0
 22935,    19,   84000000,   41439518,        0,  -42560482,          0
 22935,    20,   84000000,   20655846,        0,  -63344154,          0
 22935,    21,   84000000,   20654992,        0,  -63345008,          0
 22935,    22,   84000000,   23646497,        0,  -60353503,          0
 22935,    23,   84000000,   20645350,        0,  -63354650,          0
 22935,    24,   84000000,   28909130,        0,  -55090870,          0
 22935,    25,   84000000,   20693694,        0,  -63306306,          0
 22935,    26,   84000000,   20642586,        0,  -63357414,          0
 22935,    27,   84000000,   20688312,        0,  -63311688,          0
 22935,    28,   84000000,   20650847,        0,  -63349153,          0
 22935,    29,   84000000,   20631532,        0,  -63368468,          0
 22935,    30,   84000000,   20675666,        0,  -63324334,          0
 22935,    31,   84000000,   22450051,        0,  -61549949,          0
 22935,    32,   84000000,   20632906,        0,  -63367094,          0
 22935,    33,   84000000,   26685570,        0,  -57314430,          0
 22935,    34,   84000000,   20651287,        0,  -63348713,          0
 22935,    35,   84000000,   20638871,        0,  -63361129,          0
 22935,    36,   84000000,   20646218,        0,  -63353782,          0
 22935,    37,   84000000,   20636988,        0,  -63363012,          0
 22935,    38,   84000000,   20917794,        0,  -63082206,          0
 22935,    39,   84000000,   20677724,        0,  -63322276,          0
 22935,    40,   84000000,   20647013,        0,  -63352987,          0
 22935,    41,   84000000,   28072247,        0,  -55927753,          0
 22935,    42,   84000000,   28029566,        0,  -55970434,          0
 22935,    43,   84000000,   20643808,        0,  -63356192,          0
 22935,    44,   84000000,   20956758,        0,  -63043242,          0
 22935,    45,   84000000,   20698898,        0,  -63301102,          0
 22935,    46,   84000000,   20653269,        0,  -63346731,          0
 22935,    47,   84000000,   20947338,        0,  -63052662,          0
 22935,    48,   84000000,   20637892,        0,  -63362108,          0
 22935,    49,   84000000,   20639143,        0,  -63360857,          0
 22935,    50,   84000000,   20936137,        0,  -63063863,          0
 22935,    51,   84000000,   20635786,        0,  -63364214,          0
 22935,    52,   84000000,   20628068,        0,  -63371932,          0
 22935,    53,   84000000,   20910490,        0,  -63089510,          0
 22935,    54,   84000000,   20625833,        0,  -63374167,          0
 22935,    55,   84000000,   20622661,        0,  -63377339,          0
 22935,    56,   84000000,   20933467,        0,  -63066533,          0
 22935,    57,   84000000,   20636120,        0,  -63363880,          0
 22935,    58,   84000000,   25522269,        0,  -58477731,          0
 22935,    59,   84000000,   35449806,        0,  -48550194,          0
 22935,    60,   84000000,   20629166,        0,  -63370834,          0
 22935,    61,   84000000,   20648219,        0,  -63351781,          0
 22935,    62,   84000000,   20961778,        0,  -63038222,          0
 22935,    63,   84000000,   20638858,        0,  -63361142,          0
 22935,    64,   84000000,   20634758,        0,  -63365242,          0
 22935,    65,   84000000,   24976468,        0,  -59023532,          0
 22935,    66,   84000000,   20642560,        0,  -63357440,          0
 22935,    67,   84000000,   20650183,        0,  -63349817,          0
 22935,    68,   84000000,   20918810,        0,  -63081190,          0
 22935,    69,   84000000,   20630047,        0,  -63369953,          0
 22935,    70,   84000000,   20635654,        0,  -63364346,          0
 22935,    71,   84000000,   20701265,        0,  -63298735,          0
 22935,    72,   84000000,   20648818,        0,  -63351182,          0
 22935,    73,   84000000,   43097663,        0,  -40902337,          0
 22935,    74,   84000000,   20642563,        0,  -63357437,          0
 22935,    75,   84000000,   20625003,        0,  -63374997,          0
 22935,    76,   84000000,   20623872,        0,  -63376128,          0
 22935,    77,   84000000,   20648877,        0,  -63351123,          0
 22935,    78,   84000000,   20648283,        0,  -63351717,          0
 22935,    79,   84000000,   20664417,        0,  -63335583,          0
 22935,    80,   84000000,   24262597,        0,  -59737403,          0
 22935,    81,   84000000,   20639329,        0,  -63360671,          0
 22935,    82,   84000000,   20640455,        0,  -63359545,          0
 22935,    83,   84000000,   20631472,        0,  -63368528,          0
 22935,    84,   84000000,   20633388,        0,  -63366612,          0
 22935,    85,   84000000,   25218024,        0,  -58781976,          0
 22935,    86,   84000000,   20634372,        0,  -63365628,          0
 22935,    87,   84000000,   20667826,        0,  -63332174,          0
 22935,    88,   84000000,   34834013,        0,  -49165987,          0
 22935,    89,   84000000,   42830322,        0,  -41169678,          0
 22935,    90,   84000000,   20690947,        0,  -63309053,          0
 22935,    91,   84000000,   20631959,        0,  -63368041,          0
 22935,    92,   84000000,   20654560,        0,  -63345440,          0
 22935,    93,   84000000,   20658235,        0,  -63341765,          0
 22935,    94,   84000000,   49255950,        0,  -34744050,          0
 22935,    95,   84000000,   20654603,        0,  -63345397,          0
 22935,    96,   84000000,   20674801,        0,  -63325199,          0
 22935,    97,   84000000,   20635401,        0,  -63364599,          0
 22935,    98,   84000000,   20630906,        0,  -63369094,          0
 22935,    99,   84000000,   20657218,        0,  -63342782,          0
 22935,   100,   84000000,   20791921,        0,  -63208079,          0
 22935,   101,   84000000,   20676143,        0,  -63323857,          0
 22935,   102,   84000000,   20942324,        0,  -63057676,          0
 22935,   103,   84000000,   20647769,        0,  -63352231,          0
 22935,   104,   84000000,   20652640,        0,  -63347360,          0
 22935,   105,   84000000,   20975411,        0,  -63024589,          0
 22935,   106,   84000000,   20632895,        0,  -63367105,          0
 22935,   107,   84000000,   20645996,        0,  -63354004,          0
 22935,   108,   84000000,   20931913,        0,  -63068087,          0
 22935,   109,   84000000,   20652099,        0,  -63347901,          0
 22935,   110,   84000000,   20652905,        0,  -63347095,          0
 22935,   111,   84000000,   20969236,        0,  -63030764,          0
 22935,   112,   84000000,   20778785,        0,  -63221215,          0
 22935,   113,   84000000,   20641967,        0,  -63358033,          0
 22935,   114,   84000000,   20917135,        0,  -63082865,          0
 22935,   115,   84000000,   20637854,        0,  -63362146,          0
 22935,   116,   84000000,   20657520,        0,  -63342480,          0
 22935,   117,   84000000,   20913575,        0,  -63086425,          0
 22935,   118,   84000000,   20640257,        0,  -63359743,          0
 22935,   119,   84000000,   20651040,        0,  -63348960,          0
 22935,   120,   84000000,   20916285,        0,  -63083715,          0
 22935,   121,   84000000,   25427122,        0,  -58572878,          0
 22935,   122,   84000000,   37665865,        0,  -46334135,          0
 22935,   123,   84000000,   20940489,        0,  -63059511,          0
