# Task,   Job,     Period,   Response, DL Miss?,   Lateness,  Tardiness
# task NAME=myapp PID=24273 COST=40685000 PERIOD=68000000 CPU=0
 24273,     2,   68000000,      14142,        0,  -67985858,          0
 24273,     3,   68000000,      65970,        0,  -67934030,          0
 24273,     4,   68000000,   40245078,        0,  -27754922,          0
 24273,     5,   68000000,   40518147,        0,  -27481853,          0
 24273,     6,   68000000,   40226883,        0,  -27773117,          0
 24273,     7,   68000000,   40214863,        0,  -27785137,          0
 24273,     8,   68000000,   40219002,        0,  -27780998,          0
 24273,     9,   68000000,   40229929,        0,  -27770071,          0
 24273,    10,   68000000,   40233155,        0,  -27766845,          0
 24273,    11,   68000000,   40296180,        0,  -27703820,          0
 24273,    12,   68000000,   40531066,        0,  -27468934,          0
 24273,    13,   68000000,   42480754,        0,  -25519246,          0
 24273,    14,   68000000,   40612582,        0,  -27387418,          0
 24273,    15,   68000000,   40231038,        0,  -27768962,          0
 24273,    16,   68000000,   40511705,        0,  -27488295,          0
 24273,    17,   68000000,   40218513,        0,  -27781487,          0
 24273,    18,   68000000,   40230463,        0,  -27769537,          0
 24273,    19,   68000000,   40205559,        0,  -27794441,          0
 24273,    20,   68000000,   41124223,        0,  -26875777,          0
 24273,    21,   68000000,   40211810,        0,  -27788190,          0
 24273,    22,   68000000,   40215887,        0,  -27784113,          0
 24273,    23,   68000000,   40514635,        0,  -27485365,          0
 24273,    24,   68000000,   40198768,        0,  -27801232,          0
 24273,    25,   68000000,   40517711,        0,  -27482289,          0
 24273,    26,   68000000,   40569711,        0,  -27430289,          0
 24273,    27,   68000000,   40500342,        0,  -27499658,          0
 24273,    28,   68000000,   48099923,        0,  -19900077,          0
 24273,    29,   68000000,   40552383,        0,  -27447617,          0
 24273,    30,   68000000,   40218119,        0,  -27781881,          0
 24273,    31,   68000000,   40210163,        0,  -27789837,          0
 24273,    32,   68000000,   40514339,        0,  -27485661,          0
 24273,    33,   68000000,   40218069,        0,  -27781931,          0
 24273,    34,   68000000,   40504235,        0,  -27495765,          0
 24273,    35,   68000000,   42527290,        0,  -25472710,          0
 24273,    36,   68000000,   49593228,        0,  -18406772,          0
 24273,    37,   68000000,   40223303,        0,  -27776697,          0
 24273,    38,   68000000,   40535598,        0,  -27464402,          0
 24273,    39,   68000000,   40232659,        0,  -27767341,          0
 24273,    40,   68000000,   40512612,        0,  -27487388,          0
 24273,    41,   68000000,   40240398,        0,  -27759602,          0
 24273,    42,   68000000,   40275451,        0,  -27724549,          0
 24273,    43,   68000000,   40238792,        0,  -27761208,          0
 24273,    44,   68000000,   41661316,        0,  -26338684,          0
 24273,    45,   68000000,   40570438,        0,  -27429562,          0
 24273,    46,   68000000,   40242559,        0,  -27757441,          0
 24273,    47,   68000000,   41097821,        0,  -26902179,          0
 24273,    48,   68000000,   40326240,        0,  -27673760,          0
 24273,    49,   68000000,   40595350,        0,  -27404650,          0
 24273,    50,   68000000,   40232095,        0,  -27767905,          0
 24273,    51,   68000000,   40563415,        0,  -27436585,          0
 24273,    52,   68000000,   40286160,        0,  -27713840,          0
 24273,    53,   68000000,   40227672,        0,  -27772328,          0
 24273,    54,   68000000,   40242651,        0,  -27757349,          0
 24273,    55,   68000000,   40223276,        0,  -27776724,          0
 24273,    56,   68000000,   40513816,        0,  -27486184,          0
 24273,    57,   68000000,   40206060,        0,  -27793940,          0
 24273,    58,   68000000,   40552971,        0,  -27447029,          0
 24273,    59,   68000000,   46219977,        0,  -21780023,          0
 24273,    60,   68000000,   41621406,        0,  -26378594,          0
 24273,    61,   68000000,   44206405,        0,  -23793595,          0
 24273,    62,   68000000,   40635339,        0,  -27364661,          0
 24273,    63,   68000000,   40229749,        0,  -27770251,          0
 24273,    64,   68000000,   40266347,        0,  -27733653,          0
 24273,    65,   68000000,   40218688,        0,  -27781312,          0
 24273,    66,   68000000,   40214132,        0,  -27785868,          0
 24273,    67,   68000000,   40231107,        0,  -27768893,          0
 24273,    68,   68000000,   44277276,        0,  -23722724,          0
 24273,    69,   68000000,   40520974,        0,  -27479026,          0
 24273,    70,   68000000,   40213470,        0,  -27786530,          0
 24273,    71,   68000000,   40512264,        0,  -27487736,          0
 24273,    72,   68000000,   40231605,        0,  -27768395,          0
 24273,    73,   68000000,   40506621,        0,  -27493379,          0
 24273,    74,   68000000,   40236573,        0,  -27763427,          0
 24273,    75,   68000000,   40244026,        0,  -27755974,          0
 24273,    76,   68000000,   40378114,        0,  -27621886,          0
 24273,    77,   68000000,   40231659,        0,  -27768341,          0
 24273,    78,   68000000,   40463247,        0,  -27536753,          0
 24273,    79,   68000000,   40242766,        0,  -27757234,          0
 24273,    80,   68000000,   40541809,        0,  -27458191,          0
 24273,    81,   68000000,   40308905,        0,  -27691095,          0
 24273,    82,   68000000,   40646146,        0,  -27353854,          0
 24273,    83,   68000000,   40234671,        0,  -27765329,          0
 24273,    84,   68000000,   40511467,        0,  -27488533,          0
 24273,    85,   68000000,   40251152,        0,  -27748848,          0
 24273,    86,   68000000,   44086693,        0,  -23913307,          0
 24273,    87,   68000000,   40237019,        0,  -27762981,          0
 24273,    88,   68000000,   40228776,        0,  -27771224,          0
 24273,    89,   68000000,   40219962,        0,  -27780038,          0
 24273,    90,   68000000,   40204137,        0,  -27795863,          0
 24273,    91,   68000000,   40518011,        0,  -27481989,          0
 24273,    92,   68000000,   40228717,        0,  -27771283,          0
 24273,    93,   68000000,   40522478,        0,  -27477522,          0
 24273,    94,   68000000,   40226508,        0,  -27773492,          0
 24273,    95,   68000000,   40515185,        0,  -27484815,          0
 24273,    96,   68000000,   40218868,        0,  -27781132,          0
 24273,    97,   68000000,   49980450,        0,  -18019550,          0
 24273,    98,   68000000,   40241272,        0,  -27758728,          0
 24273,    99,   68000000,   40280280,        0,  -27719720,          0
 24273,   100,   68000000,   40246744,        0,  -27753256,          0
 24273,   101,   68000000,   42135246,        0,  -25864754,          0
 24273,   102,   68000000,   40505490,        0,  -27494510,          0
 24273,   103,   68000000,   40214237,        0,  -27785763,          0
 24273,   104,   68000000,   40595721,        0,  -27404279,          0
 24273,   105,   68000000,   40345691,        0,  -27654309,          0
 24273,   106,   68000000,   40515974,        0,  -27484026,          0
 24273,   107,   68000000,   40372120,        0,  -27627880,          0
 24273,   108,   68000000,   40630631,        0,  -27369369,          0
 24273,   109,   68000000,   40262297,        0,  -27737703,          0
 24273,   110,   68000000,   40256173,        0,  -27743827,          0
 24273,   111,   68000000,   40267172,        0,  -27732828,          0
 24273,   112,   68000000,   40250375,        0,  -27749625,          0
 24273,   113,   68000000,   40553252,        0,  -27446748,          0
 24273,   114,   68000000,   40264123,        0,  -27735877,          0
 24273,   115,   68000000,   40546563,        0,  -27453437,          0
 24273,   116,   68000000,   40274340,        0,  -27725660,          0
 24273,   117,   68000000,   40550134,        0,  -27449866,          0
 24273,   118,   68000000,   40248433,        0,  -27751567,          0
 24273,   119,   68000000,   40535860,        0,  -27464140,          0
 24273,   120,   68000000,   40261409,        0,  -27738591,          0
 24273,   121,   68000000,   40258876,        0,  -27741124,          0
 24273,   122,   68000000,   40252520,        0,  -27747480,          0
 24273,   123,   68000000,   40269543,        0,  -27730457,          0
 24273,   124,   68000000,   40267560,        0,  -27732440,          0
 24273,   125,   68000000,   40260964,        0,  -27739036,          0
 24273,   126,   68000000,   42900558,        0,  -25099442,          0
 24273,   127,   68000000,   40254410,        0,  -27745590,          0
 24273,   128,   68000000,   40527853,        0,  -27472147,          0
 24273,   129,   68000000,   40365932,        0,  -27634068,          0
 24273,   130,   68000000,   40621006,        0,  -27378994,          0
 24273,   131,   68000000,   40309511,        0,  -27690489,          0
 24273,   132,   68000000,   45400118,        0,  -22599882,          0
 24273,   133,   68000000,   40236061,        0,  -27763939,          0
 24273,   134,   68000000,   40227151,        0,  -27772849,          0
 24273,   135,   68000000,   40265266,        0,  -27734734,          0
 24273,   136,   68000000,   40269273,        0,  -27730727,          0
 24273,   137,   68000000,   40543598,        0,  -27456402,          0
 24273,   138,   68000000,   40417375,        0,  -27582625,          0
 24273,   139,   68000000,   40536933,        0,  -27463067,          0
 24273,   140,   68000000,   40311624,        0,  -27688376,          0
 24273,   141,   68000000,   40532439,        0,  -27467561,          0
 24273,   142,   68000000,   40245700,        0,  -27754300,          0
 24273,   143,   68000000,   40243345,        0,  -27756655,          0
 24273,   144,   68000000,   40276224,        0,  -27723776,          0
 24273,   145,   68000000,   40248739,        0,  -27751261,          0
 24273,   146,   68000000,   40234991,        0,  -27765009,          0
 24273,   147,   68000000,   40364372,        0,  -27635628,          0
 24273,   148,   68000000,   40536598,        0,  -27463402,          0
 24273,   149,   68000000,   40256945,        0,  -27743055,          0
 24273,   150,   68000000,   40558070,        0,  -27441930,          0
 24273,   151,   68000000,   40221617,        0,  -27778383,          0
# task NAME=myapp PID=24276 COST=28118000 PERIOD=70000000 CPU=0
 24276,     2,   70000000,      19919,        0,  -69980081,          0
 24276,     3,   70000000,      63020,        0,  -69936980,          0
 24276,     4,   70000000,   27912530,        0,  -42087470,          0
 24276,     5,   70000000,   28347355,        0,  -41652645,          0
 24276,     6,   70000000,   27793665,        0,  -42206335,          0
 24276,     7,   70000000,   27908729,        0,  -42091271,          0
 24276,     8,   70000000,   27810879,        0,  -42189121,          0
 24276,     9,   70000000,   27820088,        0,  -42179912,          0
 24276,    10,   70000000,   27802124,        0,  -42197876,          0
 24276,    11,   70000000,   27837979,        0,  -42162021,          0
 24276,    12,   70000000,   36975202,        0,  -33024798,          0
 24276,    13,   70000000,   27803143,        0,  -42196857,          0
 24276,    14,   70000000,   27801094,        0,  -42198906,          0
 24276,    15,   70000000,   29706689,        0,  -40293311,          0
 24276,    16,   70000000,   27824410,        0,  -42175590,          0
 24276,    17,   70000000,   27855209,        0,  -42144791,          0
 24276,    18,   70000000,   28061871,        0,  -41938129,          0
 24276,    19,   70000000,   28093613,        0,  -41906387,          0
 24276,    20,   70000000,   34225328,        0,  -35774672,          0
 24276,    21,   70000000,   28091034,        0,  -41908966,          0
 24276,    22,   70000000,   27801178,        0,  -42198822,          0
 24276,    23,   70000000,   27823124,        0,  -42176876,          0
 24276,    24,   70000000,   27804875,        0,  -42195125,          0
 24276,    25,   70000000,   28093246,        0,  -41906754,          0
 24276,    26,   70000000,   27858219,        0,  -42141781,          0
 24276,    27,   70000000,   27792676,        0,  -42207324,          0
 24276,    28,   70000000,   28160072,        0,  -41839928,          0
 24276,    29,   70000000,   27803518,        0,  -42196482,          0
 24276,    30,   70000000,   28186798,        0,  -41813202,          0
 24276,    31,   70000000,   27831818,        0,  -42168182,          0
 24276,    32,   70000000,   27811048,        0,  -42188952,          0
 24276,    33,   70000000,   27824515,        0,  -42175485,          0
 24276,    34,   70000000,   27840904,        0,  -42159096,          0
 24276,    35,   70000000,   27814706,        0,  -42185294,          0
 24276,    36,   70000000,   27828321,        0,  -42171679,          0
 24276,    37,   70000000,   28110460,        0,  -41889540,          0
 24276,    38,   70000000,   27812349,        0,  -42187651,          0
 24276,    39,   70000000,   27862784,        0,  -42137216,          0
 24276,    40,   70000000,   27810696,        0,  -42189304,          0
 24276,    41,   70000000,   27818052,        0,  -42181948,          0
 24276,    42,   70000000,   29676265,        0,  -40323735,          0
 24276,    43,   70000000,   27815742,        0,  -42184258,          0
 24276,    44,   70000000,   28142765,        0,  -41857235,          0
 24276,    45,   70000000,   27944846,        0,  -42055154,          0
 24276,    46,   70000000,   28099026,        0,  -41900974,          0
 24276,    47,   70000000,   27857001,        0,  -42142999,          0
 24276,    48,   70000000,   27836919,        0,  -42163081,          0
 24276,    49,   70000000,   27830365,        0,  -42169635,          0
 24276,    50,   70000000,   27803545,        0,  -42196455,          0
 24276,    51,   70000000,   27819583,        0,  -42180417,          0
 24276,    52,   70000000,   33738508,        0,  -36261492,          0
 24276,    53,   70000000,   33290628,        0,  -36709372,          0
 24276,    54,   70000000,   27884041,        0,  -42115959,          0
 24276,    55,   70000000,   28222501,        0,  -41777499,          0
 24276,    56,   70000000,   31698609,        0,  -38301391,          0
 24276,    57,   70000000,   27842501,        0,  -42157499,          0
 24276,    58,   70000000,   27828451,        0,  -42171549,          0
 24276,    59,   70000000,   27852126,        0,  -42147874,          0
 24276,    60,   70000000,   27816968,        0,  -42183032,          0
 24276,    61,   70000000,   27804072,        0,  -42195928,          0
 24276,    62,   70000000,   28128529,        0,  -41871471,          0
 24276,    63,   70000000,   27829637,        0,  -42170363,          0
 24276,    64,   70000000,   27827999,        0,  -42172001,          0
 24276,    65,   70000000,   27815111,        0,  -42184889,          0
 24276,    66,   70000000,   27835438,        0,  -42164562,          0
 24276,    67,   70000000,   27820815,        0,  -42179185,          0
 24276,    68,   70000000,   27818207,        0,  -42181793,          0
 24276,    69,   70000000,   28195296,        0,  -41804704,          0
 24276,    70,   70000000,   27808418,        0,  -42191582,          0
 24276,    71,   70000000,   28131482,        0,  -41868518,          0
 24276,    72,   70000000,   27821710,        0,  -42178290,          0
 24276,    73,   70000000,   27842263,        0,  -42157737,          0
 24276,    74,   70000000,   28061254,        0,  -41938746,          0
 24276,    75,   70000000,   27828260,        0,  -42171740,          0
 24276,    76,   70000000,   27837335,        0,  -42162665,          0
 24276,    77,   70000000,   27922609,        0,  -42077391,          0
 24276,    78,   70000000,   28200442,        0,  -41799558,          0
 24276,    79,   70000000,   27825935,        0,  -42174065,          0
 24276,    80,   70000000,   28181680,        0,  -41818320,          0
 24276,    81,   70000000,   27830529,        0,  -42169471,          0
 24276,    82,   70000000,   27810539,        0,  -42189461,          0
 24276,    83,   70000000,   27889562,        0,  -42110438,          0
 24276,    84,   70000000,   27837487,        0,  -42162513,          0
 24276,    85,   70000000,   27847030,        0,  -42152970,          0
 24276,    86,   70000000,   27820346,        0,  -42179654,          0
 24276,    87,   70000000,   30966576,        0,  -39033424,          0
 24276,    88,   70000000,   27850024,        0,  -42149976,          0
 24276,    89,   70000000,   27853714,        0,  -42146286,          0
 24276,    90,   70000000,   27830576,        0,  -42169424,          0
 24276,    91,   70000000,   27854283,        0,  -42145717,          0
 24276,    92,   70000000,   27825491,        0,  -42174509,          0
 24276,    93,   70000000,   33910208,        0,  -36089792,          0
 24276,    94,   70000000,   28115665,        0,  -41884335,          0
 24276,    95,   70000000,   27898749,        0,  -42101251,          0
 24276,    96,   70000000,   28122802,        0,  -41877198,          0
 24276,    97,   70000000,   27826816,        0,  -42173184,          0
 24276,    98,   70000000,   27826538,        0,  -42173462,          0
 24276,    99,   70000000,   27829279,        0,  -42170721,          0
 24276,   100,   70000000,   27850173,        0,  -42149827,          0
 24276,   101,   70000000,   27830992,        0,  -42169008,          0
 24276,   102,   70000000,   27830688,        0,  -42169312,          0
 24276,   103,   70000000,   28124153,        0,  -41875847,          0
 24276,   104,   70000000,   27834906,        0,  -42165094,          0
 24276,   105,   70000000,   28148161,        0,  -41851839,          0
 24276,   106,   70000000,   33098952,        0,  -36901048,          0
 24276,   107,   70000000,   27806324,        0,  -42193676,          0
 24276,   108,   70000000,   27858424,        0,  -42141576,          0
 24276,   109,   70000000,   27807746,        0,  -42192254,          0
 24276,   110,   70000000,   27798936,        0,  -42201064,          0
 24276,   111,   70000000,   27811349,        0,  -42188651,          0
 24276,   112,   70000000,   28188970,        0,  -41811030,          0
 24276,   113,   70000000,   27855872,        0,  -42144128,          0
 24276,   114,   70000000,   28241480,        0,  -41758520,          0
 24276,   115,   70000000,   31167296,        0,  -38832704,          0
 24276,   116,   70000000,   35646370,        0,  -34353630,          0
 24276,   117,   70000000,   27819489,        0,  -42180511,          0
 24276,   118,   70000000,   27802172,        0,  -42197828,          0
 24276,   119,   70000000,   28084724,        0,  -41915276,          0
 24276,   120,   70000000,   32036004,        0,  -37963996,          0
 24276,   121,   70000000,   29359165,        0,  -40640835,          0
 24276,   122,   70000000,   27836779,        0,  -42163221,          0
 24276,   123,   70000000,   28510546,        0,  -41489454,          0
 24276,   124,   70000000,   27807594,        0,  -42192406,          0
 24276,   125,   70000000,   27806335,        0,  -42193665,          0
 24276,   126,   70000000,   27901282,        0,  -42098718,          0
 24276,   127,   70000000,   28408730,        0,  -41591270,          0
 24276,   128,   70000000,   28262425,        0,  -41737575,          0
 24276,   129,   70000000,   27821258,        0,  -42178742,          0
 24276,   130,   70000000,   28137271,        0,  -41862729,          0
 24276,   131,   70000000,   27925942,        0,  -42074058,          0
 24276,   132,   70000000,   28788139,        0,  -41211861,          0
 24276,   133,   70000000,   28975811,        0,  -41024189,          0
 24276,   134,   70000000,   28233595,        0,  -41766405,          0
 24276,   135,   70000000,   27813020,        0,  -42186980,          0
 24276,   136,   70000000,   27818123,        0,  -42181877,          0
 24276,   137,   70000000,   28132426,        0,  -41867574,          0
 24276,   138,   70000000,   27916983,        0,  -42083017,          0
 24276,   139,   70000000,   27836417,        0,  -42163583,          0
 24276,   140,   70000000,   27804605,        0,  -42195395,          0
 24276,   141,   70000000,   27857494,        0,  -42142506,          0
 24276,   142,   70000000,   27816597,        0,  -42183403,          0
 24276,   143,   70000000,   27793511,        0,  -42206489,          0
 24276,   144,   70000000,   28169398,        0,  -41830602,          0
 24276,   145,   70000000,   27811148,        0,  -42188852,          0
 24276,   146,   70000000,   28110873,        0,  -41889127,          0
