# Task,   Job,     Period,   Response, DL Miss?,   Lateness,  Tardiness
# task NAME=myapp PID=1057 COST=38297000 PERIOD=49000000 CPU=0
  1057,     2,   49000000,       6447,        0,  -48993553,          0
  1057,     3,   49000000,     102541,        0,  -48897459,          0
  1057,     4,   49000000,   67380340,        1,   18380340,   18380340
  1057,     5,   49000000,   81498648,        1,   32498648,   32498648
  1057,     6,   49000000,   99745848,        1,   50745848,   50745848
  1057,     7,   49000000,  119615659,        1,   70615659,   70615659
  1057,     8,   49000000,  138060318,        1,   89060318,   89060318
  1057,     9,   49000000,  161171941,        1,  112171941,  112171941
  1057,    10,   49000000,  180348150,        1,  131348150,  131348150
  1057,    11,   49000000,  195986965,        1,  146986965,  146986965
  1057,    12,   49000000,  215626702,        1,  166626702,  166626702
  1057,    13,   49000000,  232588194,        1,  183588194,  183588194
  1057,    14,   49000000,  252265607,        1,  203265607,  203265607
  1057,    15,   49000000,  268095858,        1,  219095858,  219095858
  1057,    16,   49000000,  286817549,        1,  237817549,  237817549
  1057,    17,   49000000,  310225772,        1,  261225772,  261225772
  1057,    18,   49000000,  326041606,        1,  277041606,  277041606
  1057,    19,   49000000,  340050783,        1,  291050783,  291050783
  1057,    20,   49000000,  355319440,        1,  306319440,  306319440
  1057,    21,   49000000,  369435433,        1,  320435433,  320435433
  1057,    22,   49000000,  383766725,        1,  334766725,  334766725
  1057,    23,   49000000,  399544052,        1,  350544052,  350544052
  1057,    24,   49000000,  414835042,        1,  365835042,  365835042
  1057,    25,   49000000,  433714071,        1,  384714071,  384714071
  1057,    26,   49000000,  451368575,        1,  402368575,  402368575
  1057,    27,   49000000,  466799625,        1,  417799625,  417799625
  1057,    28,   49000000,  483629278,        1,  434629278,  434629278
  1057,    29,   49000000,  502121633,        1,  453121633,  453121633
  1057,    30,   49000000,  521049963,        1,  472049963,  472049963
  1057,    31,   49000000,  539674367,        1,  490674367,  490674367
  1057,    32,   49000000,  558310516,        1,  509310516,  509310516
  1057,    33,   49000000,  580976205,        1,  531976205,  531976205
  1057,    34,   49000000,  596249539,        1,  547249539,  547249539
  1057,    35,   49000000,  615076523,        1,  566076523,  566076523
  1057,    36,   49000000,  633378490,        1,  584378490,  584378490
  1057,    37,   49000000,  650241000,        1,  601241000,  601241000
  1057,    38,   49000000,  668350147,        1,  619350147,  619350147
  1057,    39,   49000000,  690461977,        1,  641461977,  641461977
  1057,    40,   49000000,  705896395,        1,  656896395,  656896395
  1057,    41,   49000000,  724788996,        1,  675788996,  675788996
  1057,    42,   49000000,  744307909,        1,  695307909,  695307909
  1057,    43,   49000000,  761106256,        1,  712106256,  712106256
  1057,    44,   49000000,  778036272,        1,  729036272,  729036272
  1057,    45,   49000000,  801828591,        1,  752828591,  752828591
  1057,    46,   49000000,  821699643,        1,  772699643,  772699643
  1057,    47,   49000000,  839791493,        1,  790791493,  790791493
  1057,    48,   49000000,  860242622,        1,  811242622,  811242622
  1057,    49,   49000000,  877788980,        1,  828788980,  828788980
  1057,    50,   49000000,  900137326,        1,  851137326,  851137326
  1057,    51,   49000000,  916657811,        1,  867657811,  867657811
  1057,    52,   49000000,  934852994,        1,  885852994,  885852994
  1057,    53,   49000000,  949123200,        1,  900123200,  900123200
  1057,    54,   49000000,  963840627,        1,  914840627,  914840627
  1057,    55,   49000000,  983824496,        1,  934824496,  934824496
  1057,    56,   49000000, 1001734421,        1,  952734421,  952734421
  1057,    57,   49000000, 1020594651,        1,  971594651,  971594651
  1057,    58,   49000000, 1035626119,        1,  986626119,  986626119
  1057,    59,   49000000, 1055619426,        1, 1006619426, 1006619426
  1057,    60,   49000000, 1073684196,        1, 1024684196, 1024684196
  1057,    61,   49000000, 1092873133,        1, 1043873133, 1043873133
  1057,    62,   49000000, 1110121517,        1, 1061121517, 1061121517
  1057,    63,   49000000, 1127419803,        1, 1078419803, 1078419803
  1057,    64,   49000000, 1145328926,        1, 1096328926, 1096328926
  1057,    65,   49000000, 1164736846,        1, 1115736846, 1115736846
  1057,    66,   49000000, 1181883182,        1, 1132883182, 1132883182
  1057,    67,   49000000, 1195887361,        1, 1146887361, 1146887361
  1057,    68,   49000000, 1214055440,        1, 1165055440, 1165055440
  1057,    69,   49000000, 1230669942,        1, 1181669942, 1181669942
  1057,    70,   49000000, 1247915919,        1, 1198915919, 1198915919
  1057,    71,   49000000, 1258531414,        1, 1209531414, 1209531414
  1057,    72,   49000000, 1277742045,        1, 1228742045, 1228742045
  1057,    73,   49000000, 1293589761,        1, 1244589761, 1244589761
  1057,    74,   49000000, 1308152909,        1, 1259152909, 1259152909
# task NAME=myapp PID=1061 COST=17605000 PERIOD=81000000 CPU=0
  1061,     2,   81000000,      22609,        0,  -80977391,          0
  1061,     3,   81000000,      95757,        0,  -80904243,          0
  1061,     4,   81000000,   26310085,        0,  -54689915,          0
  1061,     5,   81000000,   25516933,        0,  -55483067,          0
  1061,     6,   81000000,   28410227,        0,  -52589773,          0
  1061,     7,   81000000,   28931273,        0,  -52068727,          0
  1061,     8,   81000000,   29998212,        0,  -51001788,          0
  1061,     9,   81000000,   29252891,        0,  -51747109,          0
  1061,    10,   81000000,   27824336,        0,  -53175664,          0
  1061,    11,   81000000,   27459264,        0,  -53540736,          0
  1061,    12,   81000000,   25582325,        0,  -55417675,          0
  1061,    13,   81000000,   24375350,        0,  -56624650,          0
  1061,    14,   81000000,   32100087,        0,  -48899913,          0
  1061,    15,   81000000,   28274051,        0,  -52725949,          0
  1061,    16,   81000000,   27437136,        0,  -53562864,          0
  1061,    17,   81000000,   26124790,        0,  -54875210,          0
  1061,    18,   81000000,   29622303,        0,  -51377697,          0
  1061,    19,   81000000,   28378726,        0,  -52621274,          0
  1061,    20,   81000000,   23887922,        0,  -57112078,          0
  1061,    21,   81000000,   25898344,        0,  -55101656,          0
  1061,    22,   81000000,   27629653,        0,  -53370347,          0
  1061,    23,   81000000,   23998178,        0,  -57001822,          0
  1061,    24,   81000000,   27108274,        0,  -53891726,          0
  1061,    25,   81000000,   28421488,        0,  -52578512,          0
  1061,    26,   81000000,   28606672,        0,  -52393328,          0
  1061,    27,   81000000,   24100928,        0,  -56899072,          0
  1061,    28,   81000000,   27835155,        0,  -53164845,          0
  1061,    29,   81000000,   29306093,        0,  -51693907,          0
  1061,    30,   81000000,   25158277,        0,  -55841723,          0
  1061,    31,   81000000,   28081616,        0,  -52918384,          0
  1061,    32,   81000000,   25852350,        0,  -55147650,          0
  1061,    33,   81000000,   29058687,        0,  -51941313,          0
  1061,    34,   81000000,   29863816,        0,  -51136184,          0
  1061,    35,   81000000,   28085019,        0,  -52914981,          0
  1061,    36,   81000000,   30025079,        0,  -50974921,          0
  1061,    37,   81000000,   25938654,        0,  -55061346,          0
  1061,    38,   81000000,   25644402,        0,  -55355598,          0
  1061,    39,   81000000,   28257135,        0,  -52742865,          0
  1061,    40,   81000000,   28843891,        0,  -52156109,          0
  1061,    41,   81000000,   25275684,        0,  -55724316,          0
  1061,    42,   81000000,   28521006,        0,  -52478994,          0
  1061,    43,   81000000,   27178244,        0,  -53821756,          0
  1061,    44,   81000000,   26734873,        0,  -54265127,          0
  1061,    45,   81000000,   25536713,        0,  -55463287,          0
  1061,    46,   81000000,   30177898,        0,  -50822102,          0
  1061,    47,   81000000,   26882137,        0,  -54117863,          0
  1061,    48,   81000000,   29904798,        0,  -51095202,          0
  1061,    49,   81000000,   24503419,        0,  -56496581,          0
  1061,    50,   81000000,   29036000,        0,  -51964000,          0
  1061,    51,   81000000,   28130276,        0,  -52869724,          0
  1061,    52,   81000000,   23504457,        0,  -57495543,          0
  1061,    53,   81000000,   26376733,        0,  -54623267,          0
  1061,    54,   81000000,   28585840,        0,  -52414160,          0
  1061,    55,   81000000,   27513812,        0,  -53486188,          0
  1061,    56,   81000000,   23869162,        0,  -57130838,          0
  1061,    57,   81000000,   26119978,        0,  -54880022,          0
  1061,    58,   81000000,   27575157,        0,  -53424843,          0
  1061,    59,   81000000,   22870724,        0,  -58129276,          0
  1061,    60,   81000000,   26817113,        0,  -54182887,          0
  1061,    61,   81000000,   28954597,        0,  -52045403,          0
  1061,    62,   81000000,   28250676,        0,  -52749324,          0
  1061,    63,   81000000,   26489854,        0,  -54510146,          0
  1061,    64,   81000000,   23418833,        0,  -57581167,          0
  1061,    65,   81000000,   25530537,        0,  -55469463,          0
  1061,    66,   81000000,   28977327,        0,  -52022673,          0
  1061,    67,   81000000,   28485124,        0,  -52514876,          0
  1061,    68,   81000000,   26992505,        0,  -54007495,          0
  1061,    69,   81000000,   28424847,        0,  -52575153,          0
  1061,    70,   81000000,   25629985,        0,  -55370015,          0
  1061,    71,   81000000,   28299621,        0,  -52700379,          0
  1061,    72,   81000000,   27157181,        0,  -53842819,          0
  1061,    73,   81000000,   26360371,        0,  -54639629,          0
  1061,    74,   81000000,   28412789,        0,  -52587211,          0
  1061,    75,   81000000,   27257132,        0,  -53742868,          0
  1061,    76,   81000000,   26263826,        0,  -54736174,          0
  1061,    77,   81000000,   29342343,        0,  -51657657,          0
  1061,    78,   81000000,   29433294,        0,  -51566706,          0
  1061,    79,   81000000,   26358045,        0,  -54641955,          0
  1061,    80,   81000000,   27444380,        0,  -53555620,          0
  1061,    81,   81000000,   25094478,        0,  -55905522,          0
  1061,    82,   81000000,   28217261,        0,  -52782739,          0
  1061,    83,   81000000,   30315061,        0,  -50684939,          0
  1061,    84,   81000000,   26828890,        0,  -54171110,          0
  1061,    85,   81000000,   27182419,        0,  -53817581,          0
  1061,    86,   81000000,   28474431,        0,  -52525569,          0
  1061,    87,   81000000,   31011300,        0,  -49988700,          0
  1061,    88,   81000000,   30140039,        0,  -50859961,          0
  1061,    89,   81000000,   26765909,        0,  -54234091,          0
  1061,    90,   81000000,   27690839,        0,  -53309161,          0
  1061,    91,   81000000,   28594160,        0,  -52405840,          0
  1061,    92,   81000000,   27080850,        0,  -53919150,          0
  1061,    93,   81000000,   29039596,        0,  -51960404,          0
  1061,    94,   81000000,   29123604,        0,  -51876396,          0
  1061,    95,   81000000,   26472314,        0,  -54527686,          0
  1061,    96,   81000000,   23154420,        0,  -57845580,          0
  1061,    97,   81000000,   26551646,        0,  -54448354,          0
  1061,    98,   81000000,   28722885,        0,  -52277115,          0
  1061,    99,   81000000,   27302912,        0,  -53697088,          0
  1061,   100,   81000000,   26300868,        0,  -54699132,          0
  1061,   101,   81000000,   24689886,        0,  -56310114,          0
  1061,   102,   81000000,   29287287,        0,  -51712713,          0
  1061,   103,   81000000,   27915390,        0,  -53084610,          0
  1061,   104,   81000000,   29419357,        0,  -51580643,          0
  1061,   105,   81000000,   27688445,        0,  -53311555,          0
  1061,   106,   81000000,   24820483,        0,  -56179517,          0
  1061,   107,   81000000,   27278095,        0,  -53721905,          0
  1061,   108,   81000000,   26523053,        0,  -54476947,          0
  1061,   109,   81000000,   26106959,        0,  -54893041,          0
  1061,   110,   81000000,   28334482,        0,  -52665518,          0
  1061,   111,   81000000,   27388975,        0,  -53611025,          0
  1061,   112,   81000000,   24075322,        0,  -56924678,          0
  1061,   113,   81000000,   26556501,        0,  -54443499,          0
  1061,   114,   81000000,   29681690,        0,  -51318310,          0
  1061,   115,   81000000,   27490286,        0,  -53509714,          0
  1061,   116,   81000000,   27149989,        0,  -53850011,          0
  1061,   117,   81000000,   26886123,        0,  -54113877,          0
  1061,   118,   81000000,   29153397,        0,  -51846603,          0
  1061,   119,   81000000,   28132247,        0,  -52867753,          0
  1061,   120,   81000000,   27276507,        0,  -53723493,          0
  1061,   121,   81000000,   23176072,        0,  -57823928,          0
  1061,   122,   81000000,   28354048,        0,  -52645952,          0
  1061,   123,   81000000,   27667929,        0,  -53332071,          0
  1061,   124,   81000000,   27171051,        0,  -53828949,          0
  1061,   125,   81000000,   24493587,        0,  -56506413,          0
  1061,   126,   81000000,   27866616,        0,  -53133384,          0
  1061,   127,   81000000,   30438530,        0,  -50561470,          0
# task NAME=myapp PID=1064 COST=43033000 PERIOD=81000000 CPU=0
  1064,     2,   81000000,      30998,        0,  -80969002,          0
  1064,     3,   81000000,      99470,        0,  -80900530,          0
  1064,     4,   81000000,   68020989,        0,  -12979011,          0
  1064,     5,   81000000,   68416627,        0,  -12583373,          0
  1064,     6,   81000000,   72638036,        0,   -8361964,          0
  1064,     7,   81000000,   76231587,        0,   -4768413,          0
  1064,     8,   81000000,   70509018,        0,  -10490982,          0
  1064,     9,   81000000,   70157917,        0,  -10842083,          0
  1064,    10,   81000000,   75434251,        0,   -5565749,          0
  1064,    11,   81000000,   70954014,        0,  -10045986,          0
  1064,    12,   81000000,   66230480,        0,  -14769520,          0
  1064,    13,   81000000,   68446209,        0,  -12553791,          0
  1064,    14,   81000000,   75932076,        0,   -5067924,          0
  1064,    15,   81000000,   72481776,        0,   -8518224,          0
  1064,    16,   81000000,   66895472,        0,  -14104528,          0
  1064,    17,   81000000,   72609130,        0,   -8390870,          0
  1064,    18,   81000000,   72649812,        0,   -8350188,          0
  1064,    19,   81000000,   72483244,        0,   -8516756,          0
  1064,    20,   81000000,   70705662,        0,  -10294338,          0
  1064,    21,   81000000,   73586847,        0,   -7413153,          0
  1064,    22,   81000000,   68900534,        0,  -12099466,          0
  1064,    23,   81000000,   67864390,        0,  -13135610,          0
  1064,    24,   81000000,   69356711,        0,  -11643289,          0
  1064,    25,   81000000,   69636832,        0,  -11363168,          0
  1064,    26,   81000000,   77714061,        0,   -3285939,          0
  1064,    27,   81000000,   70380875,        0,  -10619125,          0
  1064,    28,   81000000,   75076292,        0,   -5923708,          0
  1064,    29,   81000000,   70150231,        0,  -10849769,          0
  1064,    30,   81000000,   70003613,        0,  -10996387,          0
  1064,    31,   81000000,   71495510,        0,   -9504490,          0
  1064,    32,   81000000,   69876205,        0,  -11123795,          0
  1064,    33,   81000000,   74425414,        0,   -6574586,          0
  1064,    34,   81000000,   76200172,        0,   -4799828,          0
  1064,    35,   81000000,   75752661,        0,   -5247339,          0
  1064,    36,   81000000,   70628131,        0,  -10371869,          0
  1064,    37,   81000000,   69885403,        0,  -11114597,          0
  1064,    38,   81000000,   72244012,        0,   -8755988,          0
  1064,    39,   81000000,   74725003,        0,   -6274997,          0
  1064,    40,   81000000,   76224537,        0,   -4775463,          0
  1064,    41,   81000000,   72879439,        0,   -8120561,          0
  1064,    42,   81000000,   76523022,        0,   -4476978,          0
  1064,    43,   81000000,   74619297,        0,   -6380703,          0
  1064,    44,   81000000,   63590876,        0,  -17409124,          0
  1064,    45,   81000000,   66734230,        0,  -14265770,          0
  1064,    46,   81000000,   80038183,        0,    -961817,          0
  1064,    47,   81000000,   67318064,        0,  -13681936,          0
  1064,    48,   81000000,   75252857,        0,   -5747143,          0
  1064,    49,   81000000,   73445254,        0,   -7554746,          0
  1064,    50,   81000000,   76402826,        0,   -4597174,          0
  1064,    51,   81000000,   77127522,        0,   -3872478,          0
  1064,    52,   81000000,   75512294,        0,   -5487706,          0
  1064,    53,   81000000,   70094490,        0,  -10905510,          0
  1064,    54,   81000000,   72828043,        0,   -8171957,          0
  1064,    55,   81000000,   71096863,        0,   -9903137,          0
  1064,    56,   81000000,   67812332,        0,  -13187668,          0
  1064,    57,   81000000,   69992709,        0,  -11007291,          0
  1064,    58,   81000000,   75732461,        0,   -5267539,          0
  1064,    59,   81000000,   68190782,        0,  -12809218,          0
  1064,    60,   81000000,   74903544,        0,   -6096456,          0
  1064,    61,   81000000,   69674691,        0,  -11325309,          0
  1064,    62,   81000000,   75456079,        0,   -5543921,          0
  1064,    63,   81000000,   71322000,        0,   -9678000,          0
  1064,    64,   81000000,   66670286,        0,  -14329714,          0
  1064,    65,   81000000,   70552473,        0,  -10447527,          0
  1064,    66,   81000000,   75316814,        0,   -5683186,          0
  1064,    67,   81000000,   70856019,        0,  -10143981,          0
  1064,    68,   81000000,   73680869,        0,   -7319131,          0
  1064,    69,   81000000,   73494129,        0,   -7505871,          0
  1064,    70,   81000000,   71915843,        0,   -9084157,          0
  1064,    71,   81000000,   74824756,        0,   -6175244,          0
  1064,    72,   81000000,   74775581,        0,   -6224419,          0
  1064,    73,   81000000,   69389149,        0,  -11610851,          0
  1064,    74,   81000000,   73095752,        0,   -7904248,          0
  1064,    75,   81000000,   67937260,        0,  -13062740,          0
  1064,    76,   81000000,   66813418,        0,  -14186582,          0
  1064,    77,   81000000,   68965602,        0,  -12034398,          0
  1064,    78,   81000000,   75333865,        0,   -5666135,          0
  1064,    79,   81000000,   71447916,        0,   -9552084,          0
  1064,    80,   81000000,   70066773,        0,  -10933227,          0
  1064,    81,   81000000,   65282074,        0,  -15717926,          0
  1064,    82,   81000000,   69552254,        0,  -11447746,          0
  1064,    83,   81000000,   75675601,        0,   -5324399,          0
  1064,    84,   81000000,   70583420,        0,  -10416580,          0
  1064,    85,   81000000,   73774176,        0,   -7225824,          0
  1064,    86,   81000000,   72663680,        0,   -8336320,          0
  1064,    87,   81000000,   71316708,        0,   -9683292,          0
  1064,    88,   81000000,   71360972,        0,   -9639028,          0
  1064,    89,   81000000,   73658607,        0,   -7341393,          0
  1064,    90,   81000000,   72584878,        0,   -8415122,          0
  1064,    91,   81000000,   75756900,        0,   -5243100,          0
  1064,    92,   81000000,   71143682,        0,   -9856318,          0
  1064,    93,   81000000,   70827428,        0,  -10172572,          0
  1064,    94,   81000000,   72280191,        0,   -8719809,          0
  1064,    95,   81000000,   68271697,        0,  -12728303,          0
  1064,    96,   81000000,   71652837,        0,   -9347163,          0
  1064,    97,   81000000,   69014674,        0,  -11985326,          0
  1064,    98,   81000000,   72184888,        0,   -8815112,          0
  1064,    99,   81000000,   64209642,        0,  -16790358,          0
  1064,   100,   81000000,   71301397,        0,   -9698603,          0
  1064,   101,   81000000,   73686274,        0,   -7313726,          0
  1064,   102,   81000000,   71762670,        0,   -9237330,          0
  1064,   103,   81000000,   71268773,        0,   -9731227,          0
  1064,   104,   81000000,   69881369,        0,  -11118631,          0
  1064,   105,   81000000,   70206637,        0,  -10793363,          0
  1064,   106,   81000000,   72335367,        0,   -8664633,          0
  1064,   107,   81000000,   72830496,        0,   -8169504,          0
  1064,   108,   81000000,   74398263,        0,   -6601737,          0
  1064,   109,   81000000,   70033822,        0,  -10966178,          0
  1064,   110,   81000000,   73835441,        0,   -7164559,          0
  1064,   111,   81000000,   71774229,        0,   -9225771,          0
  1064,   112,   81000000,   67361321,        0,  -13638679,          0
  1064,   113,   81000000,   72472289,        0,   -8527711,          0
  1064,   114,   81000000,   73788995,        0,   -7211005,          0
  1064,   115,   81000000,   68219389,        0,  -12780611,          0
  1064,   116,   81000000,   70088294,        0,  -10911706,          0
  1064,   117,   81000000,   71381369,        0,   -9618631,          0
  1064,   118,   81000000,   76066209,        0,   -4933791,          0
  1064,   119,   81000000,   76041488,        0,   -4958512,          0
  1064,   120,   81000000,   71859132,        0,   -9140868,          0
  1064,   121,   81000000,   64847742,        0,  -16152258,          0
  1064,   122,   81000000,   75583494,        0,   -5416506,          0
  1064,   123,   81000000,   72986229,        0,   -8013771,          0
  1064,   124,   81000000,   67408636,        0,  -13591364,          0
  1064,   125,   81000000,   70511322,        0,  -10488678,          0
  1064,   126,   81000000,   69394249,        0,  -11605751,          0
  1064,   127,   81000000,   74667207,        0,   -6332793,          0
# task NAME=myapp PID=1068 COST=20201000 PERIOD=43000000 CPU=0
  1068,     2,   43000000,      20905,        0,  -42979095,          0
  1068,     3,   43000000,      78646,        0,  -42921354,          0
  1068,     4,   43000000,   36576701,        0,   -6423299,          0
  1068,     5,   43000000,   30833019,        0,  -12166981,          0
  1068,     6,   43000000,   33922183,        0,   -9077817,          0
  1068,     7,   43000000,   34535265,        0,   -8464735,          0
  1068,     8,   43000000,   31683789,        0,  -11316211,          0
  1068,     9,   43000000,   33663299,        0,   -9336701,          0
  1068,    10,   43000000,   29885967,        0,  -13114033,          0
  1068,    11,   43000000,   34576153,        0,   -8423847,          0
  1068,    12,   43000000,   33542836,        0,   -9457164,          0
  1068,    13,   43000000,   33550790,        0,   -9449210,          0
  1068,    14,   43000000,   33639340,        0,   -9360660,          0
  1068,    15,   43000000,   30893652,        0,  -12106348,          0
  1068,    16,   43000000,   32757863,        0,  -10242137,          0
  1068,    17,   43000000,   33159574,        0,   -9840426,          0
  1068,    18,   43000000,   35066760,        0,   -7933240,          0
  1068,    19,   43000000,   35458923,        0,   -7541077,          0
  1068,    20,   43000000,   32801056,        0,  -10198944,          0
  1068,    21,   43000000,   28901988,        0,  -14098012,          0
  1068,    22,   43000000,   34472779,        0,   -8527221,          0
  1068,    23,   43000000,   31647588,        0,  -11352412,          0
  1068,    24,   43000000,   36714592,        0,   -6285408,          0
  1068,    25,   43000000,   34172210,        0,   -8827790,          0
  1068,    26,   43000000,   27755676,        0,  -15244324,          0
  1068,    27,   43000000,   32666001,        0,  -10333999,          0
  1068,    28,   43000000,   32975205,        0,  -10024795,          0
  1068,    29,   43000000,   32702125,        0,  -10297875,          0
  1068,    30,   43000000,   31590175,        0,  -11409825,          0
  1068,    31,   43000000,   28896518,        0,  -14103482,          0
  1068,    32,   43000000,   35668446,        0,   -7331554,          0
  1068,    33,   43000000,   32578246,        0,  -10421754,          0
  1068,    34,   43000000,   31655658,        0,  -11344342,          0
  1068,    35,   43000000,   28036656,        0,  -14963344,          0
  1068,    36,   43000000,   28947818,        0,  -14052182,          0
  1068,    37,   43000000,   29285135,        0,  -13714865,          0
  1068,    38,   43000000,   34440867,        0,   -8559133,          0
  1068,    39,   43000000,   32061353,        0,  -10938647,          0
  1068,    40,   43000000,   35689821,        0,   -7310179,          0
  1068,    41,   43000000,   30150186,        0,  -12849814,          0
  1068,    42,   43000000,   32136873,        0,  -10863127,          0
  1068,    43,   43000000,   34702204,        0,   -8297796,          0
  1068,    44,   43000000,   36773152,        0,   -6226848,          0
  1068,    45,   43000000,   30086093,        0,  -12913907,          0
  1068,    46,   43000000,   32216690,        0,  -10783310,          0
  1068,    47,   43000000,   31406929,        0,  -11593071,          0
  1068,    48,   43000000,   32962474,        0,  -10037526,          0
  1068,    49,   43000000,   32999652,        0,  -10000348,          0
  1068,    50,   43000000,   34539408,        0,   -8460592,          0
  1068,    51,   43000000,   30897581,        0,  -12102419,          0
  1068,    52,   43000000,   35906241,        0,   -7093759,          0
  1068,    53,   43000000,   33540706,        0,   -9459294,          0
  1068,    54,   43000000,   29663490,        0,  -13336510,          0
  1068,    55,   43000000,   34762632,        0,   -8237368,          0
  1068,    56,   43000000,   33562795,        0,   -9437205,          0
  1068,    57,   43000000,   33288623,        0,   -9711377,          0
  1068,    58,   43000000,   30672982,        0,  -12327018,          0
  1068,    59,   43000000,   35039641,        0,   -7960359,          0
  1068,    60,   43000000,   33033678,        0,   -9966322,          0
  1068,    61,   43000000,   32825302,        0,  -10174698,          0
  1068,    62,   43000000,   31655179,        0,  -11344821,          0
  1068,    63,   43000000,   36292047,        0,   -6707953,          0
  1068,    64,   43000000,   35890733,        0,   -7109267,          0
  1068,    65,   43000000,   30920333,        0,  -12079667,          0
  1068,    66,   43000000,   33577292,        0,   -9422708,          0
  1068,    67,   43000000,   31055254,        0,  -11944746,          0
  1068,    68,   43000000,   36566457,        0,   -6433543,          0
  1068,    69,   43000000,   30297983,        0,  -12702017,          0
  1068,    70,   43000000,   31392145,        0,  -11607855,          0
  1068,    71,   43000000,   32146574,        0,  -10853426,          0
  1068,    72,   43000000,   34006620,        0,   -8993380,          0
  1068,    73,   43000000,   33183135,        0,   -9816865,          0
  1068,    74,   43000000,   35495695,        0,   -7504305,          0
  1068,    75,   43000000,   32392946,        0,  -10607054,          0
  1068,    76,   43000000,   32243706,        0,  -10756294,          0
  1068,    77,   43000000,   33897107,        0,   -9102893,          0
  1068,    78,   43000000,   26995309,        0,  -16004691,          0
  1068,    79,   43000000,   36173553,        0,   -6826447,          0
  1068,    80,   43000000,   31810257,        0,  -11189743,          0
  1068,    81,   43000000,   30205483,        0,  -12794517,          0
  1068,    82,   43000000,   30481567,        0,  -12518433,          0
  1068,    83,   43000000,   32310054,        0,  -10689946,          0
  1068,    84,   43000000,   36419037,        0,   -6580963,          0
  1068,    85,   43000000,   29693632,        0,  -13306368,          0
  1068,    86,   43000000,   28180028,        0,  -14819972,          0
  1068,    87,   43000000,   35763711,        0,   -7236289,          0
  1068,    88,   43000000,   33644601,        0,   -9355399,          0
  1068,    89,   43000000,   25861238,        0,  -17138762,          0
  1068,    90,   43000000,   34737090,        0,   -8262910,          0
  1068,    91,   43000000,   32470913,        0,  -10529087,          0
  1068,    92,   43000000,   36497642,        0,   -6502358,          0
  1068,    93,   43000000,   32606563,        0,  -10393437,          0
  1068,    94,   43000000,   35307283,        0,   -7692717,          0
  1068,    95,   43000000,   30902100,        0,  -12097900,          0
  1068,    96,   43000000,   36806398,        0,   -6193602,          0
  1068,    97,   43000000,   30683560,        0,  -12316440,          0
  1068,    98,   43000000,   33542895,        0,   -9457105,          0
  1068,    99,   43000000,   35458333,        0,   -7541667,          0
  1068,   100,   43000000,   35585171,        0,   -7414829,          0
  1068,   101,   43000000,   32558959,        0,  -10441041,          0
  1068,   102,   43000000,   29912016,        0,  -13087984,          0
  1068,   103,   43000000,   35201118,        0,   -7798882,          0
  1068,   104,   43000000,   35604990,        0,   -7395010,          0
  1068,   105,   43000000,   29964950,        0,  -13035050,          0
  1068,   106,   43000000,   34354375,        0,   -8645625,          0
  1068,   107,   43000000,   31092987,        0,  -11907013,          0
  1068,   108,   43000000,   32728740,        0,  -10271260,          0
  1068,   109,   43000000,   32640705,        0,  -10359295,          0
  1068,   110,   43000000,   30706450,        0,  -12293550,          0
  1068,   111,   43000000,   30519922,        0,  -12480078,          0
  1068,   112,   43000000,   37539942,        0,   -5460058,          0
  1068,   113,   43000000,   29650646,        0,  -13349354,          0
  1068,   114,   43000000,   29947730,        0,  -13052270,          0
  1068,   115,   43000000,   32322951,        0,  -10677049,          0
  1068,   116,   43000000,   36414476,        0,   -6585524,          0
  1068,   117,   43000000,   33454878,        0,   -9545122,          0
  1068,   118,   43000000,   27338286,        0,  -15661714,          0
  1068,   119,   43000000,   31724142,        0,  -11275858,          0
  1068,   120,   43000000,   32318003,        0,  -10681997,          0
  1068,   121,   43000000,   32539712,        0,  -10460288,          0
  1068,   122,   43000000,   31073955,        0,  -11926045,          0
  1068,   123,   43000000,   31743485,        0,  -11256515,          0
  1068,   124,   43000000,   32635455,        0,  -10364545,          0
  1068,   125,   43000000,   32686781,        0,  -10313219,          0
  1068,   126,   43000000,   34526792,        0,   -8473208,          0
  1068,   127,   43000000,   32433508,        0,  -10566492,          0
  1068,   128,   43000000,   33210540,        0,   -9789460,          0
  1068,   129,   43000000,   30160281,        0,  -12839719,          0
  1068,   130,   43000000,   26920633,        0,  -16079367,          0
  1068,   131,   43000000,   34725107,        0,   -8274893,          0
  1068,   132,   43000000,   36556768,        0,   -6443232,          0
  1068,   133,   43000000,   30442687,        0,  -12557313,          0
  1068,   134,   43000000,   34423586,        0,   -8576414,          0
  1068,   135,   43000000,   27571424,        0,  -15428576,          0
  1068,   136,   43000000,   36565635,        0,   -6434365,          0
  1068,   137,   43000000,   30869312,        0,  -12130688,          0
  1068,   138,   43000000,   34445126,        0,   -8554874,          0
  1068,   139,   43000000,   28661697,        0,  -14338303,          0
  1068,   140,   43000000,   36506876,        0,   -6493124,          0
  1068,   141,   43000000,   30604596,        0,  -12395404,          0
  1068,   142,   43000000,   35593888,        0,   -7406112,          0
  1068,   143,   43000000,   31814036,        0,  -11185964,          0
  1068,   144,   43000000,   32047002,        0,  -10952998,          0
  1068,   145,   43000000,   32639764,        0,  -10360236,          0
  1068,   146,   43000000,   29584352,        0,  -13415648,          0
  1068,   147,   43000000,   35490142,        0,   -7509858,          0
  1068,   148,   43000000,   32166198,        0,  -10833802,          0
  1068,   149,   43000000,   32840558,        0,  -10159442,          0
  1068,   150,   43000000,   31360623,        0,  -11639377,          0
  1068,   151,   43000000,   30878540,        0,  -12121460,          0
  1068,   152,   43000000,   35660145,        0,   -7339855,          0
  1068,   153,   43000000,   29631196,        0,  -13368804,          0
  1068,   154,   43000000,   31051645,        0,  -11948355,          0
  1068,   155,   43000000,   34373493,        0,   -8626507,          0
  1068,   156,   43000000,   33513052,        0,   -9486948,          0
  1068,   157,   43000000,   30398934,        0,  -12601066,          0
  1068,   158,   43000000,   31515943,        0,  -11484057,          0
  1068,   159,   43000000,   32703984,        0,  -10296016,          0
  1068,   160,   43000000,   33570578,        0,   -9429422,          0
  1068,   161,   43000000,   33551186,        0,   -9448814,          0
  1068,   162,   43000000,   27055747,        0,  -15944253,          0
  1068,   163,   43000000,   36164027,        0,   -6835973,          0
  1068,   164,   43000000,   29924029,        0,  -13075971,          0
  1068,   165,   43000000,   32618182,        0,  -10381818,          0
  1068,   166,   43000000,   31204155,        0,  -11795845,          0
  1068,   167,   43000000,   34580159,        0,   -8419841,          0
  1068,   168,   43000000,   32178858,        0,  -10821142,          0
  1068,   169,   43000000,   33206931,        0,   -9793069,          0
  1068,   170,   43000000,   31875462,        0,  -11124538,          0
  1068,   171,   43000000,   31741799,        0,  -11258201,          0
  1068,   172,   43000000,   35684622,        0,   -7315378,          0
  1068,   173,   43000000,   31736285,        0,  -11263715,          0
  1068,   174,   43000000,   34652394,        0,   -8347606,          0
  1068,   175,   43000000,   30371050,        0,  -12628950,          0
  1068,   176,   43000000,   32277268,        0,  -10722732,          0
  1068,   177,   43000000,   30791120,        0,  -12208880,          0
  1068,   178,   43000000,   27067059,        0,  -15932941,          0
  1068,   179,   43000000,   35537025,        0,   -7462975,          0
  1068,   180,   43000000,   33066239,        0,   -9933761,          0
  1068,   181,   43000000,   32768605,        0,  -10231395,          0
  1068,   182,   43000000,   33501991,        0,   -9498009,          0
  1068,   183,   43000000,   35898159,        0,   -7101841,          0
  1068,   184,   43000000,   31933722,        0,  -11066278,          0
  1068,   185,   43000000,   34541662,        0,   -8458338,          0
  1068,   186,   43000000,   33603339,        0,   -9396661,          0
  1068,   187,   43000000,   32445281,        0,  -10554719,          0
  1068,   188,   43000000,   36409769,        0,   -6590231,          0
  1068,   189,   43000000,   34114575,        0,   -8885425,          0
  1068,   190,   43000000,   30924308,        0,  -12075692,          0
  1068,   191,   43000000,   32352718,        0,  -10647282,          0
  1068,   192,   43000000,   33058502,        0,   -9941498,          0
  1068,   193,   43000000,   30644883,        0,  -12355117,          0
  1068,   194,   43000000,   30592609,        0,  -12407391,          0
  1068,   195,   43000000,   31054573,        0,  -11945427,          0
  1068,   196,   43000000,   32386959,        0,  -10613041,          0
  1068,   197,   43000000,   26943031,        0,  -16056969,          0
  1068,   198,   43000000,   31757998,        0,  -11242002,          0
  1068,   199,   43000000,   31690494,        0,  -11309506,          0
  1068,   200,   43000000,   33736076,        0,   -9263924,          0
  1068,   201,   43000000,   27144358,        0,  -15855642,          0
  1068,   202,   43000000,   34513360,        0,   -8486640,          0
  1068,   203,   43000000,   35114731,        0,   -7885269,          0
  1068,   204,   43000000,   35648703,        0,   -7351297,          0
  1068,   205,   43000000,   32881634,        0,  -10118366,          0
  1068,   206,   43000000,   27819749,        0,  -15180251,          0
  1068,   207,   43000000,   34574508,        0,   -8425492,          0
  1068,   208,   43000000,   32257510,        0,  -10742490,          0
  1068,   209,   43000000,   33456616,        0,   -9543384,          0
  1068,   210,   43000000,   33638022,        0,   -9361978,          0
  1068,   211,   43000000,   34633087,        0,   -8366913,          0
  1068,   212,   43000000,   33714819,        0,   -9285181,          0
  1068,   213,   43000000,   32608459,        0,  -10391541,          0
  1068,   214,   43000000,   29502115,        0,  -13497885,          0
  1068,   215,   43000000,   35598924,        0,   -7401076,          0
  1068,   216,   43000000,   31825070,        0,  -11174930,          0
  1068,   217,   43000000,   29096411,        0,  -13903589,          0
  1068,   218,   43000000,   30748120,        0,  -12251880,          0
  1068,   219,   43000000,   35218651,        0,   -7781349,          0
  1068,   220,   43000000,   36038615,        0,   -6961385,          0
  1068,   221,   43000000,   32620926,        0,  -10379074,          0
  1068,   222,   43000000,   33580306,        0,   -9419694,          0
  1068,   223,   43000000,   29114116,        0,  -13885884,          0
  1068,   224,   43000000,   36750386,        0,   -6249614,          0
  1068,   225,   43000000,   29449225,        0,  -13550775,          0
  1068,   226,   43000000,   32184991,        0,  -10815009,          0
  1068,   227,   43000000,   31967487,        0,  -11032513,          0
  1068,   228,   43000000,   32933156,        0,  -10066844,          0
  1068,   229,   43000000,   29657138,        0,  -13342862,          0
  1068,   230,   43000000,   34731482,        0,   -8268518,          0
  1068,   231,   43000000,   32612687,        0,  -10387313,          0
  1068,   232,   43000000,   31730060,        0,  -11269940,          0
  1068,   233,   43000000,   29691044,        0,  -13308956,          0
  1068,   234,   43000000,   30792045,        0,  -12207955,          0
  1068,   235,   43000000,   35028319,        0,   -7971681,          0
  1068,   236,   43000000,   35975290,        0,   -7024710,          0
