# Task,   Job,     Period,   Response, DL Miss?,   Lateness,  Tardiness
# task NAME=myapp PID=1189 COST=50793000 PERIOD=74000000 CPU=0
  1189,     2,   74000000,       2795,        0,  -73997205,          0
  1189,     3,   74000000,      95987,        0,  -73904013,          0
  1189,     4,   74000000,   54314136,        0,  -19685864,          0
  1189,     5,   74000000,   63673338,        0,  -10326662,          0
  1189,     6,   74000000,  140459596,        1,   66459596,   66459596
  1189,     7,   74000000,  243248675,        1,  169248675,  169248675
  1189,     8,   74000000,  266218837,        1,  192218837,  192218837
  1189,     9,   74000000,  332729481,        1,  258729481,  258729481
  1189,    10,   74000000,  593253465,        1,  519253465,  519253465
  1189,    11,   74000000,  644377499,        1,  570377499,  570377499
  1189,    12,   74000000,  620683918,        1,  546683918,  546683918
  1189,    13,   74000000,  597241015,        1,  523241015,  523241015
  1189,    14,   74000000,  573526866,        1,  499526866,  499526866
  1189,    15,   74000000,  608124585,        1,  534124585,  534124585
  1189,    16,   74000000,  625439039,        1,  551439039,  551439039
  1189,    17,   74000000,  601757679,        1,  527757679,  527757679
  1189,    18,   74000000,  608022216,        1,  534022216,  534022216
  1189,    19,   74000000,  584379595,        1,  510379595,  510379595
  1189,    20,   74000000,  637122908,        1,  563122908,  563122908
  1189,    21,   74000000,  706327787,        1,  632327787,  632327787
  1189,    22,   74000000,  682920640,        1,  608920640,  608920640
  1189,    23,   74000000,  742666716,        1,  668666716,  668666716
  1189,    24,   74000000,  798882581,        1,  724882581,  724882581
  1189,    25,   74000000, 1001089632,        1,  927089632,  927089632
  1189,    26,   74000000, 1029716483,        1,  955716483,  955716483
  1189,    27,   74000000, 1108454614,        1, 1034454614, 1034454614
  1189,    28,   74000000, 1136809018,        1, 1062809018, 1062809018
  1189,    29,   74000000, 1292711650,        1, 1218711650, 1218711650
  1189,    30,   74000000, 1380400276,        1, 1306400276, 1306400276
  1189,    31,   74000000, 1357294724,        1, 1283294724, 1283294724
  1189,    32,   74000000, 1333681859,        1, 1259681859, 1259681859
  1189,    33,   74000000, 1310395938,        1, 1236395938, 1236395938
  1189,    34,   74000000, 1462968370,        1, 1388968370, 1388968370
  1189,    35,   74000000, 1623976281,        1, 1549976281, 1549976281
  1189,    36,   74000000, 1748589513,        1, 1674589513, 1674589513
  1189,    37,   74000000, 1724961758,        1, 1650961758, 1650961758
  1189,    38,   74000000, 1803689668,        1, 1729689668, 1729689668
  1189,    39,   74000000, 1781045373,        1, 1707045373, 1707045373
  1189,    40,   74000000, 1757409931,        1, 1683409931, 1683409931
  1189,    41,   74000000, 1815143270,        1, 1741143270, 1741143270
  1189,    42,   74000000, 1791886625,        1, 1717886625, 1717886625
  1189,    43,   74000000, 1801805949,        1, 1727805949, 1727805949
  1189,    44,   74000000, 1803800741,        1, 1729800741, 1729800741
  1189,    45,   74000000, 1913664136,        1, 1839664136, 1839664136
  1189,    46,   74000000, 1890290331,        1, 1816290331, 1816290331
  1189,    47,   74000000, 1866584982,        1, 1792584982, 1792584982
  1189,    48,   74000000, 1842866035,        1, 1768866035, 1768866035
  1189,    49,   74000000, 1848045694,        1, 1774045694, 1774045694
  1189,    50,   74000000, 1824639908,        1, 1750639908, 1750639908
  1189,    51,   74000000, 1929628681,        1, 1855628681, 1855628681
  1189,    52,   74000000, 2272970425,        1, 2198970425, 2198970425
  1189,    53,   74000000, 2290052809,        1, 2216052809, 2216052809
  1189,    54,   74000000, 2266351056,        1, 2192351056, 2192351056
# task NAME=myapp PID=1192 COST=39408000 PERIOD=49000000 CPU=0
  1192,     2,   49000000,      13436,        0,  -48986564,          0
  1192,     3,   49000000,     113571,        0,  -48886429,          0
  1192,     4,   49000000,   39338603,        0,   -9661397,          0
  1192,     5,   49000000,   43241370,        0,   -5758630,          0
  1192,     6,   49000000,  131204466,        1,   82204466,   82204466
  1192,     7,   49000000,  160566630,        1,  111566630,  111566630
  1192,     8,   49000000,  189915230,        1,  140915230,  140915230
  1192,     9,   49000000,  241641081,        1,  192641081,  192641081
  1192,    10,   49000000,  271051925,        1,  222051925,  222051925
  1192,    11,   49000000,  298569470,        1,  249569470,  249569470
  1192,    12,   49000000,  295312013,        1,  246312013,  246312013
  1192,    13,   49000000,  331631936,        1,  282631936,  282631936
  1192,    14,   49000000,  372331798,        1,  323331798,  323331798
  1192,    15,   49000000,  479167261,        1,  430167261,  430167261
  1192,    16,   49000000,  469257244,        1,  420257244,  420257244
  1192,    17,   49000000,  537024783,        1,  488024783,  488024783
  1192,    18,   49000000,  527071918,        1,  478071918,  478071918
  1192,    19,   49000000,  553254804,        1,  504254804,  504254804
  1192,    20,   49000000,  693979587,        1,  644979587,  644979587
  1192,    21,   49000000,  791413876,        1,  742413876,  742413876
  1192,    22,   49000000,  781737422,        1,  732737422,  732737422
  1192,    23,   49000000,  773793797,        1,  724793797,  724793797
  1192,    24,   49000000,  763891622,        1,  714891622,  714891622
  1192,    25,   49000000,  754225856,        1,  705225856,  705225856
  1192,    26,   49000000,  744258422,        1,  695258422,  695258422
  1192,    27,   49000000,  734312209,        1,  685312209,  685312209
  1192,    28,   49000000,  724651074,        1,  675651074,  675651074
  1192,    29,   49000000,  748229966,        1,  699229966,  699229966
  1192,    30,   49000000,  787035708,        1,  738035708,  738035708
  1192,    31,   49000000,  837448979,        1,  788448979,  788448979
  1192,    32,   49000000,  827536082,        1,  778536082,  778536082
  1192,    33,   49000000,  817612318,        1,  768612318,  768612318
  1192,    34,   49000000,  807954717,        1,  758954717,  758954717
  1192,    35,   49000000,  797990553,        1,  748990553,  748990553
  1192,    36,   49000000,  788028677,        1,  739028677,  739028677
  1192,    37,   49000000,  778332930,        1,  729332930,  729332930
  1192,    38,   49000000,  789029908,        1,  740029908,  740029908
  1192,    39,   49000000,  978110369,        1,  929110369,  929110369
  1192,    40,   49000000, 1006503314,        1,  957503314,  957503314
  1192,    41,   49000000, 1035559454,        1,  986559454,  986559454
  1192,    42,   49000000, 1064902014,        1, 1015902014, 1015902014
  1192,    43,   49000000, 1093973967,        1, 1044973967, 1044973967
  1192,    44,   49000000, 1158802872,        1, 1109802872, 1109802872
  1192,    45,   49000000, 1216277577,        1, 1167277577, 1167277577
  1192,    46,   49000000, 1261108683,        1, 1212108683, 1212108683
  1192,    47,   49000000, 1251161917,        1, 1202161917, 1202161917
  1192,    48,   49000000, 1241772775,        1, 1192772775, 1192772775
  1192,    49,   49000000, 1320580726,        1, 1271580726, 1271580726
  1192,    50,   49000000, 1323151664,        1, 1274151664, 1274151664
  1192,    51,   49000000, 1313202420,        1, 1264202420, 1264202420
  1192,    52,   49000000, 1329833826,        1, 1280833826, 1280833826
  1192,    53,   49000000, 1356323706,        1, 1307323706, 1307323706
  1192,    54,   49000000, 1346381727,        1, 1297381727, 1297381727
  1192,    55,   49000000, 1336415619,        1, 1287415619, 1287415619
  1192,    56,   49000000, 1326439955,        1, 1277439955, 1277439955
  1192,    57,   49000000, 1316745658,        1, 1267745658, 1267745658
  1192,    58,   49000000, 1306797039,        1, 1257797039, 1257797039
  1192,    59,   49000000, 1441381743,        1, 1392381743, 1392381743
# task NAME=myapp PID=1197 COST=48704000 PERIOD=96000000 CPU=0
  1197,     2,   96000000,      13424,        0,  -95986576,          0
  1197,     3,   96000000,     107405,        0,  -95892595,          0
  1197,     4,   96000000,   48278533,        0,  -47721467,          0
  1197,     5,   96000000,   81564755,        0,  -14435245,          0
  1197,     6,   96000000,  191688600,        1,   95688600,   95688600
  1197,     7,   96000000,  196253960,        1,  100253960,  100253960
  1197,     8,   96000000,  209953904,        1,  113953904,  113953904
  1197,     9,   96000000,  285759601,        1,  189759601,  189759601
  1197,    10,   96000000,  318769810,        1,  222769810,  222769810
  1197,    11,   96000000,  270979373,        1,  174979373,  174979373
  1197,    12,   96000000,  223553995,        1,  127553995,  127553995
  1197,    13,   96000000,  248292460,        1,  152292460,  152292460
  1197,    14,   96000000,  200546878,        1,  104546878,  104546878
  1197,    15,   96000000,  195075881,        1,   99075881,   99075881
  1197,    16,   96000000,  161907414,        1,   65907414,   65907414
  1197,    17,   96000000,  114411432,        1,   18411432,   18411432
  1197,    18,   96000000,   92641956,        0,   -3358044,          0
  1197,    19,   96000000,   48628462,        0,  -47371538,          0
  1197,    20,   96000000,  128814993,        1,   32814993,   32814993
  1197,    21,   96000000,  351745765,        1,  255745765,  255745765
  1197,    22,   96000000,  304001648,        1,  208001648,  208001648
  1197,    23,   96000000,  315928111,        1,  219928111,  219928111
  1197,    24,   96000000,  268270027,        1,  172270027,  172270027
  1197,    25,   96000000,  220821896,        1,  124821896,  124821896
  1197,    26,   96000000,  173063248,        1,   77063248,   77063248
  1197,    27,   96000000,  125576323,        1,   29576323,   29576323
  1197,    28,   96000000,   77806336,        0,  -18193664,          0
  1197,    29,   96000000,  312994098,        1,  216994098,  216994098
  1197,    30,   96000000,  304253014,        1,  208253014,  208253014
  1197,    31,   96000000,  308533037,        1,  212533037,  212533037
  1197,    32,   96000000,  313089266,        1,  217089266,  217089266
  1197,    33,   96000000,  357579801,        1,  261579801,  261579801
  1197,    34,   96000000,  360891059,        1,  264891059,  264891059
  1197,    35,   96000000,  508620742,        1,  412620742,  412620742
  1197,    36,   96000000,  469383134,        1,  373383134,  373383134
  1197,    37,   96000000,  527713964,        1,  431713964,  431713964
  1197,    38,   96000000,  480249108,        1,  384249108,  384249108
  1197,    39,   96000000,  432474755,        1,  336474755,  336474755
  1197,    40,   96000000,  384964342,        1,  288964342,  288964342
  1197,    41,   96000000,  343895852,        1,  247895852,  247895852
  1197,    42,   96000000,  296175094,        1,  200175094,  200175094
  1197,    43,   96000000,  248695432,        1,  152695432,  152695432
  1197,    44,   96000000,  269034636,        1,  173034636,  173034636
  1197,    45,   96000000,  221328889,        1,  125328889,  125328889
  1197,    46,   96000000,  173581930,        1,   77581930,   77581930
  1197,    47,   96000000,  208227113,        1,  112227113,  112227113
  1197,    48,   96000000,  160548543,        1,   64548543,   64548543
  1197,    49,   96000000,  132403009,        1,   36403009,   36403009
  1197,    50,   96000000,   84921805,        0,  -11078195,          0
  1197,    51,   96000000,   61685104,        0,  -34314896,          0
  1197,    52,   96000000,  124842650,        1,   28842650,   28842650
  1197,    53,   96000000,   77142639,        0,  -18857361,          0
  1197,    54,   96000000,  330399763,        1,  234399763,  234399763
  1197,    55,   96000000,  282676655,        1,  186676655,  186676655
  1197,    56,   96000000,  235220973,        1,  139220973,  139220973
  1197,    57,   96000000,  187422031,        1,   91422031,   91422031
  1197,    58,   96000000,  139658339,        1,   43658339,   43658339
  1197,    59,   96000000,  212631001,        1,  116631001,  116631001
  1197,    60,   96000000,  175934944,        1,   79934944,   79934944
  1197,    61,   96000000,  158995557,        1,   62995557,   62995557
  1197,    62,   96000000,  256493436,        1,  160493436,  160493436
  1197,    63,   96000000,  227514854,        1,  131514854,  131514854
  1197,    64,   96000000,  179755895,        1,   83755895,   83755895
  1197,    65,   96000000,  199120014,        1,  103120014,  103120014
  1197,    66,   96000000,  151657428,        1,   55657428,   55657428
  1197,    67,   96000000,  103838221,        1,    7838221,    7838221
  1197,    68,   96000000,   58958119,        0,  -37041881,          0
  1197,    69,   96000000,  138961120,        1,   42961120,   42961120
  1197,    70,   96000000,  223407379,        1,  127407379,  127407379
  1197,    71,   96000000,  220909081,        1,  124909081,  124909081
  1197,    72,   96000000,  445259104,        1,  349259104,  349259104
  1197,    73,   96000000,  470038694,        1,  374038694,  374038694
  1197,    74,   96000000,  422252111,        1,  326252111,  326252111
  1197,    75,   96000000,  374465789,        1,  278465789,  278465789
  1197,    76,   96000000,  326955017,        1,  230955017,  230955017
  1197,    77,   96000000,  307793551,        1,  211793551,  211793551
  1197,    78,   96000000,  260302384,        1,  164302384,  164302384
  1197,    79,   96000000,  212524264,        1,  116524264,  116524264
  1197,    80,   96000000,  266896488,        1,  170896488,  170896488
  1197,    81,   96000000,  219387130,        1,  123387130,  123387130
  1197,    82,   96000000,  260983963,        1,  164983963,  164983963
  1197,    83,   96000000,  213226766,        1,  117226766,  117226766
  1197,    84,   96000000,  260158616,        1,  164158616,  164158616
  1197,    85,   96000000,  212644428,        1,  116644428,  116644428
  1197,    86,   96000000,  179677756,        1,   83677756,   83677756
  1197,    87,   96000000,  182133993,        1,   86133993,   86133993
  1197,    88,   96000000,  184563873,        1,   88563873,   88563873
  1197,    89,   96000000,  180900706,        1,   84900706,   84900706
  1197,    90,   96000000,  319723519,        1,  223723519,  223723519
  1197,    91,   96000000,  272257022,        1,  176257022,  176257022
  1197,    92,   96000000,  318955180,        1,  222955180,  222955180
  1197,    93,   96000000,  271208275,        1,  175208275,  175208275
  1197,    94,   96000000,  224615905,        1,  128615905,  128615905
  1197,    95,   96000000,  176922945,        1,   80922945,   80922945
  1197,    96,   96000000,  129442610,        1,   33442610,   33442610
  1197,    97,   96000000,  138525333,        1,   42525333,   42525333
  1197,    98,   96000000,  176854025,        1,   80854025,   80854025
  1197,    99,   96000000,  292321757,        1,  196321757,  196321757
  1197,   100,   96000000,  369597538,        1,  273597538,  273597538
  1197,   101,   96000000,  505169584,        1,  409169584,  409169584
  1197,   102,   96000000,  610963677,        1,  514963677,  514963677
  1197,   103,   96000000,  653256589,        1,  557256589,  557256589
  1197,   104,   96000000,  766039078,        1,  670039078,  670039078
  1197,   105,   96000000,  892408085,        1,  796408085,  796408085
  1197,   106,   96000000,  876862989,        1,  780862989,  780862989
  1197,   107,   96000000,  829371952,        1,  733371952,  733371952
  1197,   108,   96000000,  808120233,        1,  712120233,  712120233
# task NAME=myapp PID=1201 COST=47607000 PERIOD=74000000 CPU=0
  1201,     2,   74000000,      13095,        0,  -73986905,          0
  1201,     3,   74000000,      99443,        0,  -73900557,          0
  1201,     4,   74000000,   97434143,        1,   23434143,   23434143
  1201,     5,   74000000,  122660425,        1,   48660425,   48660425
  1201,     6,   74000000,  135184752,        1,   61184752,   61184752
  1201,     7,   74000000,  160710315,        1,   86710315,   86710315
  1201,     8,   74000000,  185943953,        1,  111943953,  111943953
  1201,     9,   74000000,  233348237,        1,  159348237,  159348237
  1201,    10,   74000000,  358023528,        1,  284023528,  284023528
  1201,    11,   74000000,  430294459,        1,  356294459,  356294459
  1201,    12,   74000000,  424760257,        1,  350760257,  350760257
  1201,    13,   74000000,  397913387,        1,  323913387,  323913387
  1201,    14,   74000000,  636834393,        1,  562834393,  562834393
  1201,    15,   74000000,  695472895,        1,  621472895,  621472895
  1201,    16,   74000000,  736796070,        1,  662796070,  662796070
  1201,    17,   74000000,  819934581,        1,  745934581,  745934581
  1201,    18,   74000000,  997737831,        1,  923737831,  923737831
  1201,    19,   74000000,  970966831,        1,  896966831,  896966831
  1201,    20,   74000000,  992065783,        1,  918065783,  918065783
  1201,    21,   74000000, 1129759082,        1, 1055759082, 1055759082
  1201,    22,   74000000, 1117634105,        1, 1043634105, 1043634105
  1201,    23,   74000000, 1091115220,        1, 1017115220, 1017115220
  1201,    24,   74000000, 1064307089,        1,  990307089,  990307089
  1201,    25,   74000000, 1037500209,        1,  963500209,  963500209
  1201,    26,   74000000, 1010952819,        1,  936952819,  936952819
  1201,    27,   74000000,  993697431,        1,  919697431,  919697431
  1201,    28,   74000000,  967195711,        1,  893195711,  893195711
  1201,    29,   74000000, 1025832019,        1,  951832019,  951832019
  1201,    30,   74000000,  999123925,        1,  925123925,  925123925
  1201,    31,   74000000,  972310032,        1,  898310032,  898310032
  1201,    32,   74000000, 1054691511,        1,  980691511,  980691511
  1201,    33,   74000000, 1078453122,        1, 1004453122, 1004453122
  1201,    34,   74000000, 1181700140,        1, 1107700140, 1107700140
  1201,    35,   74000000, 1251027982,        1, 1177027982, 1177027982
  1201,    36,   74000000, 1224235870,        1, 1150235870, 1150235870
  1201,    37,   74000000, 1197685258,        1, 1123685258, 1123685258
  1201,    38,   74000000, 1170851485,        1, 1096851485, 1096851485
  1201,    39,   74000000, 1144355222,        1, 1070355222, 1070355222
  1201,    40,   74000000, 1233626260,        1, 1159626260, 1159626260
  1201,    41,   74000000, 1442169362,        1, 1368169362, 1368169362
  1201,    42,   74000000, 1677044005,        1, 1603044005, 1603044005
  1201,    43,   74000000, 1678953608,        1, 1604953608, 1604953608
  1201,    44,   74000000, 1652419965,        1, 1578419965, 1578419965
  1201,    45,   74000000, 1698403521,        1, 1624403521, 1624403521
  1201,    46,   74000000, 1671601720,        1, 1597601720, 1597601720
  1201,    47,   74000000, 1644738334,        1, 1570738334, 1570738334
  1201,    48,   74000000, 1707106894,        1, 1633106894, 1633106894
  1201,    49,   74000000, 1680536188,        1, 1606536188, 1606536188
  1201,    50,   74000000, 1753671959,        1, 1679671959, 1679671959
  1201,    51,   74000000, 1726830724,        1, 1652830724, 1652830724
  1201,    52,   74000000, 1831076110,        1, 1757076110, 1757076110
  1201,    53,   74000000, 1804218747,        1, 1730218747, 1730218747
  1201,    54,   74000000, 1777357535,        1, 1703357535, 1703357535
  1201,    55,   74000000, 1750784766,        1, 1676784766, 1676784766
  1201,    56,   74000000, 1723919728,        1, 1649919728, 1649919728
  1201,    57,   74000000, 1724395308,        1, 1650395308, 1650395308
  1201,    58,   74000000, 1697540865,        1, 1623540865, 1623540865
  1201,    59,   74000000, 1670969109,        1, 1596969109, 1596969109
  1201,    60,   74000000, 1644097848,        1, 1570097848, 1570097848
  1201,    61,   74000000, 1653597445,        1, 1579597445, 1579597445
# task NAME=myapp PID=1206 COST=47699000 PERIOD=95000000 CPU=0
  1206,     2,   95000000,      14268,        0,  -94985732,          0
  1206,     3,   95000000,     110459,        0,  -94889541,          0
  1206,     4,   95000000,  181481446,        1,   86481446,   86481446
  1206,     5,   95000000,  139942031,        1,   44942031,   44942031
  1206,     6,   95000000,   92199591,        0,   -2800409,          0
  1206,     7,   95000000,   47577738,        0,  -47422262,          0
  1206,     8,   95000000,  230780313,        1,  135780313,  135780313
  1206,     9,   95000000,  202821729,        1,  107821729,  107821729
  1206,    10,   95000000,  220008442,        1,  125008442,  125008442
  1206,    11,   95000000,  172579877,        1,   77579877,   77579877
  1206,    12,   95000000,  124807507,        1,   29807507,   29807507
  1206,    13,   95000000,  120134715,        1,   25134715,   25134715
  1206,    14,   95000000,   72410364,        0,  -22589636,          0
  1206,    15,   95000000,  235573175,        1,  140573175,  140573175
  1206,    16,   95000000,  187842651,        1,   92842651,   92842651
  1206,    17,   95000000,  140390682,        1,   45390682,   45390682
  1206,    18,   95000000,   92640419,        0,   -2359581,          0
  1206,    19,   95000000,  132483606,        1,   37483606,   37483606
  1206,    20,   95000000,  154526361,        1,   59526361,   59526361
  1206,    21,   95000000,  212142195,        1,  117142195,  117142195
  1206,    22,   95000000,  164682388,        1,   69682388,   69682388
  1206,    23,   95000000,  116914171,        1,   21914171,   21914171
  1206,    24,   95000000,   69452862,        0,  -25547138,          0
  1206,    25,   95000000,  181075739,        1,   86075739,   86075739
  1206,    26,   95000000,  454263769,        1,  359263769,  359263769
  1206,    27,   95000000,  500027891,        1,  405027891,  405027891
  1206,    28,   95000000,  491306204,        1,  396306204,  396306204
  1206,    29,   95000000,  482844251,        1,  387844251,  387844251
  1206,    30,   95000000,  585071772,        1,  490071772,  490071772
  1206,    31,   95000000,  589038490,        1,  494038490,  494038490
  1206,    32,   95000000,  541259470,        1,  446259470,  446259470
  1206,    33,   95000000,  493760438,        1,  398760438,  398760438
  1206,    34,   95000000,  446026311,        1,  351026311,  351026311
  1206,    35,   95000000,  398830963,        1,  303830963,  303830963
  1206,    36,   95000000,  479719161,        1,  384719161,  384719161
  1206,    37,   95000000,  606710387,        1,  511710387,  511710387
  1206,    38,   95000000,  688273890,        1,  593273890,  593273890
  1206,    39,   95000000,  640821204,        1,  545821204,  545821204
  1206,    40,   95000000,  593060218,        1,  498060218,  498060218
  1206,    41,   95000000,  545261067,        1,  450261067,  450261067
  1206,    42,   95000000,  497771003,        1,  402771003,  402771003
  1206,    43,   95000000,  450062021,        1,  355062021,  355062021
  1206,    44,   95000000,  402309345,        1,  307309345,  307309345
  1206,    45,   95000000,  354808686,        1,  259808686,  259808686
  1206,    46,   95000000,  306998847,        1,  211998847,  211998847
  1206,    47,   95000000,  275665451,        1,  180665451,  180665451
  1206,    48,   95000000,  260932598,        1,  165932598,  165932598
  1206,    49,   95000000,  219673757,        1,  124673757,  124673757
  1206,    50,   95000000,  172400133,        1,   77400133,   77400133
  1206,    51,   95000000,  124955334,        1,   29955334,   29955334
  1206,    52,   95000000,  167733052,        1,   72733052,   72733052
  1206,    53,   95000000,  120023522,        1,   25023522,   25023522
  1206,    54,   95000000,  194920007,        1,   99920007,   99920007
  1206,    55,   95000000,  289506980,        1,  194506980,  194506980
  1206,    56,   95000000,  241762620,        1,  146762620,  146762620
  1206,    57,   95000000,  194276716,        1,   99276716,   99276716
  1206,    58,   95000000,  199355746,        1,  104355746,  104355746
  1206,    59,   95000000,  177916620,        1,   82916620,   82916620
  1206,    60,   95000000,  169474483,        1,   74474483,   74474483
  1206,    61,   95000000,  225667942,        1,  130667942,  130667942
  1206,    62,   95000000,  177944666,        1,   82944666,   82944666
  1206,    63,   95000000,  130465171,        1,   35465171,   35465171
  1206,    64,   95000000,   83416281,        0,  -11583719,          0
  1206,    65,   95000000,   93750601,        0,   -1249399,          0
  1206,    66,   95000000,   47326632,        0,  -47673368,          0
  1206,    67,   95000000,   88858954,        0,   -6141046,          0
  1206,    68,   95000000,  163914307,        1,   68914307,   68914307
  1206,    69,   95000000,  204435455,        1,  109435455,  109435455
  1206,    70,   95000000,  156696064,        1,   61696064,   61696064
  1206,    71,   95000000,  237168534,        1,  142168534,  142168534
  1206,    72,   95000000,  197886367,        1,  102886367,  102886367
  1206,    73,   95000000,  150207852,        1,   55207852,   55207852
  1206,    74,   95000000,  217175767,        1,  122175767,  122175767
  1206,    75,   95000000,  169411869,        1,   74411869,   74411869
  1206,    76,   95000000,  121907985,        1,   26907985,   26907985
  1206,    77,   95000000,   74131334,        0,  -20868666,          0
  1206,    78,   95000000,   62246918,        0,  -32753082,          0
  1206,    79,   95000000,  493759305,        1,  398759305,  398759305
  1206,    80,   95000000,  575484386,        1,  480484386,  480484386
  1206,    81,   95000000,  527963385,        1,  432963385,  432963385
  1206,    82,   95000000,  525339293,        1,  430339293,  430339293
  1206,    83,   95000000,  786343235,        1,  691343235,  691343235
  1206,    84,   95000000,  738879991,        1,  643879991,  643879991
  1206,    85,   95000000,  691132277,        1,  596132277,  596132277
  1206,    86,   95000000,  676166668,        1,  581166668,  581166668
  1206,    87,   95000000,  628392477,        1,  533392477,  533392477
  1206,    88,   95000000,  580619094,        1,  485619094,  485619094
  1206,    89,   95000000,  533146582,        1,  438146582,  438146582
  1206,    90,   95000000,  498379895,        1,  403379895,  403379895
  1206,    91,   95000000,  506759898,        1,  411759898,  411759898
  1206,    92,   95000000,  532541938,        1,  437541938,  437541938
  1206,    93,   95000000,  626941152,        1,  531941152,  531941152
  1206,    94,   95000000,  686204551,        1,  591204551,  591204551
  1206,    95,   95000000,  737489296,        1,  642489296,  642489296
  1206,    96,   95000000,  837442561,        1,  742442561,  742442561
  1206,    97,   95000000,  968976118,        1,  873976118,  873976118
  1206,    98,   95000000, 1074252913,        1,  979252913,  979252913
  1206,    99,   95000000, 1134837727,        1, 1039837727, 1039837727
  1206,   100,   95000000, 1185088626,        1, 1090088626, 1090088626
  1206,   101,   95000000, 1331162199,        1, 1236162199, 1236162199
  1206,   102,   95000000, 1425334000,        1, 1330334000, 1330334000
  1206,   103,   95000000, 1477474149,        1, 1382474149, 1382474149
  1206,   104,   95000000, 1429706622,        1, 1334706622, 1334706622
  1206,   105,   95000000, 1383403973,        1, 1288403973, 1288403973
  1206,   106,   95000000, 1335635942,        1, 1240635942, 1240635942
  1206,   107,   95000000, 1396682851,        1, 1301682851, 1301682851
  1206,   108,   95000000, 1349180138,        1, 1254180138, 1254180138
  1206,   109,   95000000, 1301413724,        1, 1206413724, 1206413724
# task NAME=myapp PID=1211 COST=25060000 PERIOD=49000000 CPU=0
  1211,     2,   49000000,      27359,        0,  -48972641,          0
  1211,     3,   49000000,     102316,        0,  -48897684,          0
  1211,     4,   49000000,   25181882,        0,  -23818118,          0
  1211,     5,   49000000,   30650552,        0,  -18349448,          0
  1211,     6,   49000000,   89799650,        1,   40799650,   40799650
  1211,     7,   49000000,   91650962,        1,   42650962,   42650962
  1211,     8,   49000000,   93497666,        1,   44497666,   44497666
  1211,     9,   49000000,   95350953,        1,   46350953,   46350953
  1211,    10,   49000000,   97204724,        1,   48204724,   48204724
  1211,    11,   49000000,  122046590,        1,   73046590,   73046590
  1211,    12,   49000000,  123883666,        1,   74883666,   74883666
  1211,    13,   49000000,  112710949,        1,   63710949,   63710949
  1211,    14,   49000000,  132680351,        1,   83680351,   83680351
  1211,    15,   49000000,  108799632,        1,   59799632,   59799632
  1211,    16,   49000000,   84628346,        1,   35628346,   35628346
  1211,    17,   49000000,   60435376,        1,   11435376,   11435376
  1211,    18,   49000000,   36244034,        0,  -12755966,          0
  1211,    19,   49000000,   56537191,        1,    7537191,    7537191
  1211,    20,   49000000,   74255907,        1,   25255907,   25255907
  1211,    21,   49000000,   50389973,        1,    1389973,    1389973
  1211,    22,   49000000,   26230917,        0,  -22769083,          0
  1211,    23,   49000000,   88625786,        1,   39625786,   39625786
  1211,    24,   49000000,   64514611,        1,   15514611,   15514611
  1211,    25,   49000000,   40384241,        0,   -8615759,          0
  1211,    26,   49000000,   86251366,        1,   37251366,   37251366
  1211,    27,   49000000,   62094377,        1,   13094377,   13094377
  1211,    28,   49000000,  186975691,        1,  137975691,  137975691
  1211,    29,   49000000,  282966238,        1,  233966238,  233966238
  1211,    30,   49000000,  258826827,        1,  209826827,  209826827
  1211,    31,   49000000,  234654539,        1,  185654539,  185654539
  1211,    32,   49000000,  253738414,        1,  204738414,  204738414
  1211,    33,   49000000,  289353804,        1,  240353804,  240353804
  1211,    34,   49000000,  265244547,        1,  216244547,  216244547
  1211,    35,   49000000,  241364233,        1,  192364233,  192364233
  1211,    36,   49000000,  217174372,        1,  168174372,  168174372
  1211,    37,   49000000,  192978357,        1,  143978357,  143978357
  1211,    38,   49000000,  168793781,        1,  119793781,  119793781
  1211,    39,   49000000,  144621583,        1,   95621583,   95621583
  1211,    40,   49000000,  120734890,        1,   71734890,   71734890
  1211,    41,   49000000,   96555956,        1,   47555956,   47555956
  1211,    42,   49000000,   72364521,        1,   23364521,   23364521
  1211,    43,   49000000,  123095060,        1,   74095060,   74095060
  1211,    44,   49000000,   98935167,        1,   49935167,   49935167
  1211,    45,   49000000,   74782250,        1,   25782250,   25782250
  1211,    46,   49000000,   50597209,        1,    1597209,    1597209
  1211,    47,   49000000,   26677305,        0,  -22322695,          0
  1211,    48,   49000000,   32464847,        0,  -16535153,          0
  1211,    49,   49000000,  227325862,        1,  178325862,  178325862
  1211,    50,   49000000,  203166379,        1,  154166379,  154166379
  1211,    51,   49000000,  178997054,        1,  129997054,  129997054
  1211,    52,   49000000,  155111667,        1,  106111667,  106111667
  1211,    53,   49000000,  130931741,        1,   81931741,   81931741
  1211,    54,   49000000,  106753238,        1,   57753238,   57753238
  1211,    55,   49000000,   82576942,        1,   33576942,   33576942
  1211,    56,   49000000,   58459724,        1,    9459724,    9459724
  1211,    57,   49000000,   34607734,        0,  -14392266,          0
  1211,    58,   49000000,   69806059,        1,   20806059,   20806059
  1211,    59,   49000000,   45667957,        0,   -3332043,          0
  1211,    60,   49000000,  166617427,        1,  117617427,  117617427
  1211,    61,   49000000,  142470426,        1,   93470426,   93470426
  1211,    62,   49000000,  118298027,        1,   69298027,   69298027
  1211,    63,   49000000,   94126321,        1,   45126321,   45126321
  1211,    64,   49000000,   70230619,        1,   21230619,   21230619
  1211,    65,   49000000,   46044590,        0,   -2955410,          0
  1211,    66,   49000000,   38919804,        0,  -10080196,          0
  1211,    67,   49000000,   57135264,        1,    8135264,    8135264
  1211,    68,   49000000,   32975478,        0,  -16024522,          0
  1211,    69,   49000000,  245570293,        1,  196570293,  196570293
  1211,    70,   49000000,  292052247,        1,  243052247,  243052247
  1211,    71,   49000000,  425627066,        1,  376627066,  376627066
  1211,    72,   49000000,  465848901,        1,  416848901,  416848901
  1211,    73,   49000000,  543546522,        1,  494546522,  494546522
  1211,    74,   49000000,  525035620,        1,  476035620,  476035620
  1211,    75,   49000000,  500892534,        1,  451892534,  451892534
  1211,    76,   49000000,  477036937,        1,  428036937,  428036937
  1211,    77,   49000000,  465326652,        1,  416326652,  416326652
  1211,    78,   49000000,  526523084,        1,  477523084,  477523084
  1211,    79,   49000000,  502391155,        1,  453391155,  453391155
  1211,    80,   49000000,  478261648,        1,  429261648,  429261648
  1211,    81,   49000000,  530168558,        1,  481168558,  481168558
  1211,    82,   49000000,  717173111,        1,  668173111,  668173111
  1211,    83,   49000000,  720583102,        1,  671583102,  671583102
  1211,    84,   49000000,  696453737,        1,  647453737,  647453737
  1211,    85,   49000000,  672598317,        1,  623598317,  623598317
  1211,    86,   49000000,  648439677,        1,  599439677,  599439677
  1211,    87,   49000000,  624264522,        1,  575264522,  575264522
  1211,    88,   49000000,  600082262,        1,  551082262,  551082262
  1211,    89,   49000000,  594377480,        1,  545377480,  545377480
  1211,    90,   49000000,  570249767,        1,  521249767,  521249767
  1211,    91,   49000000,  546115292,        1,  497115292,  497115292
  1211,    92,   49000000,  521958894,        1,  472958894,  472958894
  1211,    93,   49000000,  510812702,        1,  461812702,  461812702
  1211,    94,   49000000,  499942885,        1,  450942885,  450942885
  1211,    95,   49000000,  545752213,        1,  496752213,  496752213
  1211,    96,   49000000,  657485227,        1,  608485227,  608485227
  1211,    97,   49000000,  638123129,        1,  589123129,  589123129
  1211,    98,   49000000,  745035295,        1,  696035295,  696035295
  1211,    99,   49000000,  720843424,        1,  671843424,  671843424
  1211,   100,   49000000,  734450523,        1,  685450523,  685450523
  1211,   101,   49000000,  736296424,        1,  687296424,  687296424
  1211,   102,   49000000,  740207398,        1,  691207398,  691207398
  1211,   103,   49000000,  958139048,        1,  909139048,  909139048
  1211,   104,   49000000,  970579336,        1,  921579336,  921579336
  1211,   105,   49000000,  946669349,        1,  897669349,  897669349
  1211,   106,   49000000,  922495928,        1,  873495928,  873495928
  1211,   107,   49000000,  898321494,        1,  849321494,  849321494
  1211,   108,   49000000,  874135100,        1,  825135100,  825135100
  1211,   109,   49000000,  933842547,        1,  884842547,  884842547
  1211,   110,   49000000,  911385362,        1,  862385362,  862385362
  1211,   111,   49000000,  972265718,        1,  923265718,  923265718
  1211,   112,   49000000,  948075846,        1,  899075846,  899075846
  1211,   113,   49000000,  924171259,        1,  875171259,  875171259
  1211,   114,   49000000,  899972822,        1,  850972822,  850972822
  1211,   115,   49000000,  952730053,        1,  903730053,  903730053
  1211,   116,   49000000,  928554126,        1,  879554126,  879554126
  1211,   117,   49000000,  904378493,        1,  855378493,  855378493
  1211,   118,   49000000,  880200157,        1,  831200157,  831200157
  1211,   119,   49000000,  856023869,        1,  807023869,  807023869
  1211,   120,   49000000,  966758232,        1,  917758232,  917758232
  1211,   121,   49000000,  948367038,        1,  899367038,  899367038
  1211,   122,   49000000,  924210199,        1,  875210199,  875210199
  1211,   123,   49000000,  900078448,        1,  851078448,  851078448
  1211,   124,   49000000,  898226299,        1,  849226299,  849226299
  1211,   125,   49000000,  991964889,        1,  942964889,  942964889
  1211,   126,   49000000,  967795363,        1,  918795363,  918795363
  1211,   127,   49000000,  943612217,        1,  894612217,  894612217
  1211,   128,   49000000,  919419069,        1,  870419069,  870419069
  1211,   129,   49000000,  908528702,        1,  859528702,  859528702
  1211,   130,   49000000,  910353541,        1,  861353541,  861353541
  1211,   131,   49000000,  912487876,        1,  863487876,  863487876
  1211,   132,   49000000, 1080708535,        1, 1031708535, 1031708535
  1211,   133,   49000000, 1082831496,        1, 1033831496, 1033831496
  1211,   134,   49000000, 1084665940,        1, 1035665940, 1035665940
  1211,   135,   49000000, 1086778854,        1, 1037778854, 1037778854
  1211,   136,   49000000, 1088607933,        1, 1039607933, 1039607933
  1211,   137,   49000000, 1090433153,        1, 1041433153, 1041433153
  1211,   138,   49000000, 1092267823,        1, 1043267823, 1043267823
  1211,   139,   49000000, 1094100052,        1, 1045100052, 1045100052
  1211,   140,   49000000, 1162816274,        1, 1113816274, 1113816274
  1211,   141,   49000000, 1304350226,        1, 1255350226, 1255350226
  1211,   142,   49000000, 1351922247,        1, 1302922247, 1302922247
  1211,   143,   49000000, 1355206435,        1, 1306206435, 1306206435
  1211,   144,   49000000, 1356495469,        1, 1307495469, 1307495469
  1211,   146,   49000000, 1365338995,        1, 1316338995, 1316338995
  1211,   147,   49000000, 1367185230,        1, 1318185230, 1318185230
  1211,   148,   49000000, 1369320216,        1, 1320320216, 1320320216
  1211,   149,   49000000, 1479826942,        1, 1430826942, 1430826942
  1211,   150,   49000000, 1589076984,        1, 1540076984, 1540076984
  1211,   151,   49000000, 1604285339,        1, 1555285339, 1555285339
# task NAME=myapp PID=1215 COST=40342000 PERIOD=74000000 CPU=0
  1215,     2,   74000000,       7003,        0,  -73992997,          0
  1215,     3,   74000000,     105280,        0,  -73894720,          0
  1215,     4,   74000000,   78580826,        1,    4580826,    4580826
  1215,     5,   74000000,   83854031,        1,    9854031,    9854031
  1215,     6,   74000000,   88880222,        1,   14880222,   14880222
  1215,     7,   74000000,   93912886,        1,   19912886,   19912886
  1215,     8,   74000000,   98928871,        1,   24928871,   24928871
  1215,     9,   74000000,  103937563,        1,   29937563,   29937563
  1215,    10,   74000000,  155301152,        1,   81301152,   81301152
  1215,    11,   74000000,  196086504,        1,  122086504,  122086504
  1215,    12,   74000000,  162314749,        1,   88314749,   88314749
  1215,    13,   74000000,  128237844,        1,   54237844,   54237844
  1215,    14,   74000000,   94360180,        1,   20360180,   20360180
  1215,    15,   74000000,   60626589,        0,  -13373411,          0
  1215,    16,   74000000,  117076548,        1,   43076548,   43076548
  1215,    17,   74000000,   83078870,        1,    9078870,    9078870
  1215,    18,   74000000,   49010024,        0,  -24989976,          0
  1215,    19,   74000000,   46353295,        0,  -27646705,          0
  1215,    20,   74000000,  135904682,        1,   61904682,   61904682
  1215,    21,   74000000,  102876031,        1,   28876031,   28876031
  1215,    22,   74000000,   69609090,        0,   -4390910,          0
  1215,    23,   74000000,   89778806,        1,   15778806,   15778806
  1215,    24,   74000000,   95195654,        1,   21195654,   21195654
  1215,    25,   74000000,   79607091,        1,    5607091,    5607091
  1215,    26,   74000000,   45585669,        0,  -28414331,          0
  1215,    27,   74000000,  142329756,        1,   68329756,   68329756
  1215,    28,   74000000,  175535855,        1,  101535855,  101535855
  1215,    29,   74000000,  164298536,        1,   90298536,   90298536
  1215,    30,   74000000,  130319296,        1,   56319296,   56319296
  1215,    31,   74000000,  152688526,        1,   78688526,   78688526
  1215,    32,   74000000,  118699584,        1,   44699584,   44699584
  1215,    33,   74000000,   84976195,        1,   10976195,   10976195
  1215,    34,   74000000,  161879172,        1,   87879172,   87879172
  1215,    35,   74000000,  154297855,        1,   80297855,   80297855
  1215,    36,   74000000,  120545905,        1,   46545905,   46545905
  1215,    37,   74000000,   99520973,        1,   25520973,   25520973
  1215,    38,   74000000,  104504209,        1,   30504209,   30504209
  1215,    39,   74000000,   96484417,        1,   22484417,   22484417
  1215,    40,   74000000,  216274771,        1,  142274771,  142274771
  1215,    41,   74000000,  299476903,        1,  225476903,  225476903
  1215,    42,   74000000,  265425479,        1,  191425479,  191425479
  1215,    43,   74000000,  231674961,        1,  157674961,  157674961
  1215,    44,   74000000,  216178139,        1,  142178139,  142178139
  1215,    45,   74000000,  182129297,        1,  108129297,  108129297
  1215,    46,   74000000,  148352179,        1,   74352179,   74352179
  1215,    47,   74000000,  121984696,        1,   47984696,   47984696
  1215,    48,   74000000,   87958785,        1,   13958785,   13958785
  1215,    49,   74000000,   79505716,        1,    5505716,    5505716
  1215,    50,   74000000,  134161096,        1,   60161096,   60161096
  1215,    51,   74000000,  122579145,        1,   48579145,   48579145
  1215,    52,   74000000,  129134849,        1,   55134849,   55134849
  1215,    53,   74000000,   95741367,        1,   21741367,   21741367
  1215,    54,   74000000,   62004184,        0,  -11995816,          0
  1215,    55,   74000000,  157509858,        1,   83509858,   83509858
  1215,    56,   74000000,  123501051,        1,   49501051,   49501051
  1215,    57,   74000000,   89752616,        1,   15752616,   15752616
  1215,    58,   74000000,   55698479,        0,  -18301521,          0
  1215,    59,   74000000,  101308793,        1,   27308793,   27308793
  1215,    60,   74000000,  233378487,        1,  159378487,  159378487
  1215,    61,   74000000,  238379100,        1,  164379100,  164379100
  1215,    62,   74000000,  327241824,        1,  253241824,  253241824
  1215,    63,   74000000,  505256419,        1,  431256419,  431256419
  1215,    64,   74000000,  668690893,        1,  594690893,  594690893
  1215,    65,   74000000,  869962207,        1,  795962207,  795962207
  1215,    66,   74000000,  835915025,        1,  761915025,  761915025
  1215,    67,   74000000,  801864402,        1,  727864402,  727864402
  1215,    68,   74000000,  768106584,        1,  694106584,  694106584
  1215,    69,   74000000,  734044785,        1,  660044785,  660044785
  1215,    70,   74000000,  699973616,        1,  625973616,  625973616
  1215,    71,   74000000,  867596872,        1,  793596872,  793596872
  1215,    72,   74000000,  866913008,        1,  792913008,  792913008
  1215,    73,   74000000,  971538257,        1,  897538257,  897538257
  1215,    74,   74000000, 1017218318,        1,  943218318,  943218318
  1215,    75,   74000000,  983450966,        1,  909450966,  909450966
  1215,    76,   74000000,  949385208,        1,  875385208,  875385208
  1215,    77,   74000000,  915300580,        1,  841300580,  841300580
  1215,    78,   74000000,  881495001,        1,  807495001,  807495001
  1215,    79,   74000000, 1075368273,        1, 1001368273, 1001368273
  1215,    80,   74000000, 1051204303,        1,  977204303,  977204303
  1215,    81,   74000000, 1017231514,        1,  943231514,  943231514
  1215,    82,   74000000,  983593871,        1,  909593871,  909593871
  1215,    83,   74000000,  949520372,        1,  875520372,  875520372
  1215,    84,   74000000,  915456561,        1,  841456561,  841456561
  1215,    85,   74000000,  881661556,        1,  807661556,  807661556
  1215,    86,   74000000,  857243040,        1,  783243040,  783243040
  1215,    87,   74000000,  935959401,        1,  861959401,  861959401
  1215,    88,   74000000,  902204487,        1,  828204487,  828204487
  1215,    89,   74000000,  868141425,        1,  794141425,  794141425
  1215,    90,   74000000,  834096285,        1,  760096285,  760096285
  1215,    91,   74000000,  800314327,        1,  726314327,  726314327
  1215,    92,   74000000,  766273687,        1,  692273687,  692273687
  1215,    93,   74000000,  732195349,        1,  658195349,  658195349
  1215,    94,   74000000,  952431003,        1,  878431003,  878431003
  1215,    95,   74000000,  918362140,        1,  844362140,  844362140
  1215,    96,   74000000,  884295549,        1,  810295549,  810295549
  1215,    97,   74000000,  850937735,        1,  776937735,  776937735
  1215,    98,   74000000,  820685513,        1,  746685513,  746685513
  1215,    99,   74000000,  786640743,        1,  712640743,  712640743
  1215,   100,   74000000,  752845862,        1,  678845862,  678845862
  1215,   101,   74000000,  718785962,        1,  644785962,  644785962
  1215,   102,   74000000,  684714811,        1,  610714811,  610714811
  1215,   103,   74000000,  650642760,        1,  576642760,  576642760
  1215,   104,   74000000,  927671926,        1,  853671926,  853671926
  1215,   105,   74000000,  932954014,        1,  858954014,  858954014
  1215,   106,   74000000,  938235884,        1,  864235884,  864235884
  1215,   107,   74000000, 1270369630,        1, 1196369630, 1196369630
  1215,   108,   74000000, 1333977710,        1, 1259977710, 1259977710
  1215,   109,   74000000, 1299947910,        1, 1225947910, 1225947910
  1215,   110,   74000000, 1266163691,        1, 1192163691, 1192163691
  1215,   111,   74000000, 1232121537,        1, 1158121537, 1158121537
  1215,   112,   74000000, 1254937253,        1, 1180937253, 1180937253
  1215,   113,   74000000, 1221188164,        1, 1147188164, 1147188164
  1215,   114,   74000000, 1242484255,        1, 1168484255, 1168484255
  1215,   115,   74000000, 1247470255,        1, 1173470255, 1173470255
  1215,   116,   74000000, 1350630637,        1, 1276630637, 1276630637
  1215,   117,   74000000, 1316592957,        1, 1242592957, 1242592957
  1215,   118,   74000000, 1282533079,        1, 1208533079, 1208533079
  1215,   119,   74000000, 1248734888,        1, 1174734888, 1174734888
  1215,   120,   74000000, 1214682081,        1, 1140682081, 1140682081
  1215,   121,   74000000, 1357743717,        1, 1283743717, 1283743717
  1215,   122,   74000000, 1323709395,        1, 1249709395, 1249709395
  1215,   123,   74000000, 1289652398,        1, 1215652398, 1215652398
  1215,   124,   74000000, 1255881751,        1, 1181881751, 1181881751
  1215,   125,   74000000, 1221821276,        1, 1147821276, 1147821276
  1215,   126,   74000000, 1187763960,        1, 1113763960, 1113763960
  1215,   127,   74000000, 1153989927,        1, 1079989927, 1079989927
  1215,   128,   74000000, 1119930015,        1, 1045930015, 1045930015
  1215,   129,   74000000, 1085863946,        1, 1011863946, 1011863946
  1215,   130,   74000000, 1052080026,        1,  978080026,  978080026
  1215,   131,   74000000, 1084474815,        1, 1010474815, 1010474815
  1215,   132,   74000000, 1050403608,        1,  976403608,  976403608
  1215,   133,   74000000, 1016340732,        1,  942340732,  942340732
  1215,   134,   74000000,  982313760,        1,  908313760,  908313760
  1215,   135,   74000000,  996177524,        1,  922177524,  922177524
  1215,   136,   74000000, 1024583628,        1,  950583628,  950583628
  1215,   137,   74000000,  990511388,        1,  916511388,  916511388
  1215,   138,   74000000,  956715471,        1,  882715471,  882715471
  1215,   139,   74000000,  922672105,        1,  848672105,  848672105
