# Task,   Job,     Period,   Response, DL Miss?,   Lateness,  Tardiness
# task NAME=myapp PID=23035 COST=59260000 PERIOD=95000000 CPU=0
 23035,     2,   95000000,       6996,        0,  -94993004,          0
 23035,     3,   95000000,     104413,        0,  -94895587,          0
 23035,     4,   95000000,  108468366,        1,   13468366,   13468366
 23035,     5,   95000000,  128318684,        1,   33318684,   33318684
 23035,     6,   95000000,  145207197,        1,   50207197,   50207197
 23035,     7,   95000000,  163150707,        1,   68150707,   68150707
 23035,     8,   95000000,  182986312,        1,   87986312,   87986312
 23035,     9,   95000000,  197609720,        1,  102609720,  102609720
 23035,    10,   95000000,  217585412,        1,  122585412,  122585412
 23035,    11,   95000000,  235668613,        1,  140668613,  140668613
 23035,    12,   95000000,  255283490,        1,  160283490,  160283490
 23035,    13,   95000000,  272915878,        1,  177915878,  177915878
 23035,    14,   95000000,  289952886,        1,  194952886,  194952886
 23035,    15,   95000000,  309887060,        1,  214887060,  214887060
 23035,    16,   95000000,  324596094,        1,  229596094,  229596094
 23035,    17,   95000000,  344221869,        1,  249221869,  249221869
 23035,    18,   95000000,  361769039,        1,  266769039,  266769039
 23035,    19,   95000000,  377901903,        1,  282901903,  282901903
 23035,    20,   95000000,  395828668,        1,  300828668,  300828668
 23035,    21,   95000000,  413317658,        1,  318317658,  318317658
 23035,    22,   95000000,  429230110,        1,  334230110,  334230110
 23035,    23,   95000000,  446336428,        1,  351336428,  351336428
 23035,    24,   95000000,  464218129,        1,  369218129,  369218129
 23035,    25,   95000000,  483887241,        1,  388887241,  388887241
 23035,    26,   95000000,  501581825,        1,  406581825,  406581825
 23035,    27,   95000000,  518437631,        1,  423437631,  423437631
 23035,    28,   95000000,  536532215,        1,  441532215,  441532215
 23035,    29,   95000000,  556512779,        1,  461512779,  461512779
 23035,    30,   95000000,  574084538,        1,  479084538,  479084538
 23035,    31,   95000000,  590818281,        1,  495818281,  495818281
 23035,    32,   95000000,  608703795,        1,  513703795,  513703795
 23035,    33,   95000000,  628719364,        1,  533719364,  533719364
 23035,    34,   95000000,  645455756,        1,  550455756,  550455756
 23035,    35,   95000000,  662158080,        1,  567158080,  567158080
 23035,    36,   95000000,  679207566,        1,  584207566,  584207566
 23035,    37,   95000000,  696942649,        1,  601942649,  601942649
 23035,    38,   95000000,  714066723,        1,  619066723,  619066723
 23035,    39,   95000000,  731724318,        1,  636724318,  636724318
 23035,    40,   95000000,  751411723,        1,  656411723,  656411723
 23035,    41,   95000000,  768437857,        1,  673437857,  673437857
 23035,    42,   95000000,  786426302,        1,  691426302,  691426302
 23035,    43,   95000000,  806189130,        1,  711189130,  711189130
 23035,    44,   95000000,  823785589,        1,  728785589,  728785589
 23035,    45,   95000000,  841704069,        1,  746704069,  746704069
 23035,    46,   95000000,  861741955,        1,  766741955,  766741955
 23035,    47,   95000000,  878642087,        1,  783642087,  783642087
 23035,    48,   95000000,  896262698,        1,  801262698,  801262698
 23035,    49,   95000000,  913137482,        1,  818137482,  818137482
 23035,    50,   95000000,  930164881,        1,  835164881,  835164881
 23035,    51,   95000000,  946226742,        1,  851226742,  851226742
 23035,    52,   95000000,  963833393,        1,  868833393,  868833393
 23035,    53,   95000000,  981532428,        1,  886532428,  886532428
 23035,    54,   95000000, 1001178185,        1,  906178185,  906178185
 23035,    55,   95000000, 1019197489,        1,  924197489,  924197489
 23035,    56,   95000000, 1038982857,        1,  943982857,  943982857
 23035,    57,   95000000, 1058618449,        1,  963618449,  963618449
 23035,    58,   95000000, 1074284369,        1,  979284369,  979284369
 23035,    59,   95000000, 1091298222,        1,  996298222,  996298222
 23035,    60,   95000000, 1111115792,        1, 1016115792, 1016115792
 23035,    61,   95000000, 1128526665,        1, 1033526665, 1033526665
 23035,    62,   95000000, 1146221093,        1, 1051221093, 1051221093
 23035,    63,   95000000, 1162902129,        1, 1067902129, 1067902129
 23035,    64,   95000000, 1181628384,        1, 1086628384, 1086628384
 23035,    65,   95000000, 1197580978,        1, 1102580978, 1102580978
 23035,    66,   95000000, 1213945474,        1, 1118945474, 1118945474
 23035,    67,   95000000, 1233858056,        1, 1138858056, 1138858056
 23035,    68,   95000000, 1253540638,        1, 1158540638, 1158540638
 23035,    69,   95000000, 1269346204,        1, 1174346204, 1174346204
 23035,    70,   95000000, 1289059823,        1, 1194059823, 1194059823
 23035,    71,   95000000, 1306709403,        1, 1211709403, 1211709403
 23035,    72,   95000000, 1324482838,        1, 1229482838, 1229482838
 23035,    73,   95000000, 1344486880,        1, 1249486880, 1249486880
 23035,    74,   95000000, 1361108850,        1, 1266108850, 1266108850
 23035,    75,   95000000, 1378762402,        1, 1283762402, 1283762402
 23035,    76,   95000000, 1395801940,        1, 1300801940, 1300801940
 23035,    77,   95000000, 1415846210,        1, 1320846210, 1320846210
 23035,    78,   95000000, 1432058464,        1, 1337058464, 1337058464
 23035,    79,   95000000, 1450410186,        1, 1355410186, 1355410186
 23035,    80,   95000000, 1468018954,        1, 1373018954, 1373018954
 23035,    81,   95000000, 1487951869,        1, 1392951869, 1392951869
 23035,    82,   95000000, 1505128588,        1, 1410128588, 1410128588
 23035,    83,   95000000, 1522775816,        1, 1427775816, 1427775816
 23035,    84,   95000000, 1542434962,        1, 1447434962, 1447434962
 23035,    85,   95000000, 1560486735,        1, 1465486735, 1465486735
 23035,    86,   95000000, 1578349222,        1, 1483349222, 1483349222
 23035,    87,   95000000, 1595176905,        1, 1500176905, 1500176905
 23035,    88,   95000000, 1611937634,        1, 1516937634, 1516937634
 23035,    89,   95000000, 1628675122,        1, 1533675122, 1533675122
 23035,    90,   95000000, 1646578862,        1, 1551578862, 1551578862
 23035,    91,   95000000, 1666696633,        1, 1571696633, 1571696633
 23035,    92,   95000000, 1684342521,        1, 1589342521, 1589342521
 23035,    93,   95000000, 1704059463,        1, 1609059463, 1609059463
 23035,    94,   95000000, 1722089574,        1, 1627089574, 1627089574
 23035,    95,   95000000, 1739176691,        1, 1644176691, 1644176691
 23035,    96,   95000000, 1755954981,        1, 1660954981, 1660954981
 23035,    97,   95000000, 1773596377,        1, 1678596377, 1678596377
 23035,    98,   95000000, 1793706855,        1, 1698706855, 1698706855
 23035,    99,   95000000, 1810541179,        1, 1715541179, 1715541179
 23035,   100,   95000000, 1828541845,        1, 1733541845, 1733541845
 23035,   101,   95000000, 1845385323,        1, 1750385323, 1750385323
 23035,   102,   95000000, 1862123300,        1, 1767123300, 1767123300
 23035,   103,   95000000, 1882186272,        1, 1787186272, 1787186272
 23035,   104,   95000000, 1900211530,        1, 1805211530, 1805211530
 23035,   105,   95000000, 1919956512,        1, 1824956512, 1824956512
 23035,   106,   95000000, 1937713685,        1, 1842713685, 1842713685
 23035,   107,   95000000, 1954748105,        1, 1859748105, 1859748105
 23035,   108,   95000000, 1972742379,        1, 1877742379, 1877742379
 23035,   109,   95000000, 1992443346,        1, 1897443346, 1897443346
# task NAME=myapp PID=23038 COST=10157000 PERIOD=27000000 CPU=0
 23038,     2,   27000000,      26056,        0,  -26973944,          0
 23038,     3,   27000000,      83499,        0,  -26916501,          0
 23038,     4,   27000000,   16408596,        0,  -10591404,          0
 23038,     5,   27000000,   17516839,        0,   -9483161,          0
 23038,     6,   27000000,   14395108,        0,  -12604892,          0
 23038,     7,   27000000,   15389033,        0,  -11610967,          0
 23038,     8,   27000000,   16515053,        0,  -10484947,          0
 23038,     9,   27000000,   17465012,        0,   -9534988,          0
 23038,    10,   27000000,   14503489,        0,  -12496511,          0
 23038,    11,   27000000,   15402098,        0,  -11597902,          0
 23038,    12,   27000000,   16532578,        0,  -10467422,          0
 23038,    13,   27000000,   17435373,        0,   -9564627,          0
 23038,    14,   27000000,   14770484,        0,  -12229516,          0
 23038,    15,   27000000,   14823311,        0,  -12176689,          0
 23038,    16,   27000000,   16516849,        0,  -10483151,          0
 23038,    17,   27000000,   19760807,        0,   -7239193,          0
 23038,    18,   27000000,   14458783,        0,  -12541217,          0
 23038,    19,   27000000,   15432314,        0,  -11567686,          0
 23038,    20,   27000000,   16499993,        0,  -10500007,          0
 23038,    21,   27000000,   17513712,        0,   -9486288,          0
 23038,    22,   27000000,   14412814,        0,  -12587186,          0
 23038,    23,   27000000,   15438174,        0,  -11561826,          0
 23038,    24,   27000000,   16529730,        0,  -10470270,          0
 23038,    25,   27000000,   17514453,        0,   -9485547,          0
 23038,    26,   27000000,   14487924,        0,  -12512076,          0
 23038,    27,   27000000,   15497283,        0,  -11502717,          0
 23038,    28,   27000000,   16495089,        0,  -10504911,          0
 23038,    29,   27000000,   17499273,        0,   -9500727,          0
 23038,    30,   27000000,   14472333,        0,  -12527667,          0
 23038,    31,   27000000,   16424640,        0,  -10575360,          0
 23038,    32,   27000000,   17320398,        0,   -9679602,          0
 23038,    33,   27000000,   17521526,        0,   -9478474,          0
 23038,    34,   27000000,   14439906,        0,  -12560094,          0
 23038,    35,   27000000,   15459064,        0,  -11540936,          0
 23038,    36,   27000000,   16496994,        0,  -10503006,          0
 23038,    37,   27000000,   19807594,        0,   -7192406,          0
 23038,    38,   27000000,   14460020,        0,  -12539980,          0
 23038,    39,   27000000,   15470225,        0,  -11529775,          0
 23038,    40,   27000000,   16476963,        0,  -10523037,          0
 23038,    41,   27000000,   18029318,        0,   -8970682,          0
 23038,    42,   27000000,   13774079,        0,  -13225921,          0
 23038,    43,   27000000,   15538471,        0,  -11461529,          0
 23038,    44,   27000000,   15542034,        0,  -11457966,          0
 23038,    45,   27000000,   17520194,        0,   -9479806,          0
 23038,    46,   27000000,   14666718,        0,  -12333282,          0
 23038,    47,   27000000,   15491031,        0,  -11508969,          0
 23038,    48,   27000000,   16496750,        0,  -10503250,          0
 23038,    49,   27000000,   17466067,        0,   -9533933,          0
 23038,    50,   27000000,   14429777,        0,  -12570223,          0
 23038,    51,   27000000,   15700847,        0,  -11299153,          0
 23038,    52,   27000000,   16471163,        0,  -10528837,          0
 23038,    53,   27000000,   17473814,        0,   -9526186,          0
 23038,    54,   27000000,   14479407,        0,  -12520593,          0
 23038,    55,   27000000,   15530097,        0,  -11469903,          0
 23038,    56,   27000000,   16490146,        0,  -10509854,          0
 23038,    57,   27000000,   17467922,        0,   -9532078,          0
 23038,    58,   27000000,   14485638,        0,  -12514362,          0
 23038,    59,   27000000,   15421706,        0,  -11578294,          0
 23038,    60,   27000000,   16469620,        0,  -10530380,          0
 23038,    61,   27000000,   17517550,        0,   -9482450,          0
 23038,    62,   27000000,   14442068,        0,  -12557932,          0
 23038,    63,   27000000,   15571474,        0,  -11428526,          0
 23038,    64,   27000000,   17477599,        0,   -9522401,          0
 23038,    65,   27000000,   17490203,        0,   -9509797,          0
 23038,    66,   27000000,   14407237,        0,  -12592763,          0
 23038,    67,   27000000,   15451290,        0,  -11548710,          0
 23038,    68,   27000000,   16438648,        0,  -10561352,          0
 23038,    69,   27000000,   17497921,        0,   -9502079,          0
 23038,    70,   27000000,   14441641,        0,  -12558359,          0
 23038,    71,   27000000,   15450957,        0,  -11549043,          0
 23038,    72,   27000000,   16557583,        0,  -10442417,          0
 23038,    73,   27000000,   17475291,        0,   -9524709,          0
 23038,    74,   27000000,   16502624,        0,  -10497376,          0
 23038,    75,   27000000,   15532164,        0,  -11467836,          0
 23038,    76,   27000000,   16523705,        0,  -10476295,          0
 23038,    77,   27000000,   18441606,        0,   -8558394,          0
 23038,    78,   27000000,   14406092,        0,  -12593908,          0
 23038,    79,   27000000,   15482267,        0,  -11517733,          0
 23038,    80,   27000000,   16519064,        0,  -10480936,          0
 23038,    81,   27000000,   17564596,        0,   -9435404,          0
 23038,    82,   27000000,   14443809,        0,  -12556191,          0
 23038,    83,   27000000,   15453956,        0,  -11546044,          0
 23038,    84,   27000000,   16487714,        0,  -10512286,          0
 23038,    85,   27000000,   17476341,        0,   -9523659,          0
 23038,    86,   27000000,   14442895,        0,  -12557105,          0
 23038,    87,   27000000,   15777558,        0,  -11222442,          0
 23038,    88,   27000000,   18838092,        0,   -8161908,          0
 23038,    89,   27000000,   17541016,        0,   -9458984,          0
 23038,    90,   27000000,   15895659,        0,  -11104341,          0
 23038,    91,   27000000,   15533831,        0,  -11466169,          0
 23038,    92,   27000000,   16505771,        0,  -10494229,          0
 23038,    93,   27000000,   17769605,        0,   -9230395,          0
 23038,    94,   27000000,   14418325,        0,  -12581675,          0
 23038,    95,   27000000,   15462951,        0,  -11537049,          0
 23038,    96,   27000000,   18527604,        0,   -8472396,          0
 23038,    97,   27000000,   17522520,        0,   -9477480,          0
 23038,    98,   27000000,   14407104,        0,  -12592896,          0
 23038,    99,   27000000,   15498718,        0,  -11501282,          0
 23038,   100,   27000000,   18507445,        0,   -8492555,          0
 23038,   101,   27000000,   19419496,        0,   -7580504,          0
 23038,   102,   27000000,   14454350,        0,  -12545650,          0
 23038,   103,   27000000,   15453148,        0,  -11546852,          0
 23038,   104,   27000000,   16628119,        0,  -10371881,          0
 23038,   105,   27000000,   17522829,        0,   -9477171,          0
 23038,   106,   27000000,   14867510,        0,  -12132490,          0
 23038,   107,   27000000,   17496799,        0,   -9503201,          0
 23038,   108,   27000000,   18511059,        0,   -8488941,          0
 23038,   109,   27000000,   17543584,        0,   -9456416,          0
 23038,   110,   27000000,   14458139,        0,  -12541861,          0
 23038,   111,   27000000,   15706928,        0,  -11293072,          0
 23038,   112,   27000000,   15615421,        0,  -11384579,          0
 23038,   113,   27000000,   17476429,        0,   -9523571,          0
 23038,   114,   27000000,   14548552,        0,  -12451448,          0
 23038,   115,   27000000,   15477931,        0,  -11522069,          0
 23038,   116,   27000000,   16564398,        0,  -10435602,          0
 23038,   117,   27000000,   17466550,        0,   -9533450,          0
 23038,   118,   27000000,   14484522,        0,  -12515478,          0
 23038,   119,   27000000,   15434912,        0,  -11565088,          0
 23038,   120,   27000000,   16420322,        0,  -10579678,          0
 23038,   121,   27000000,   17534713,        0,   -9465287,          0
 23038,   122,   27000000,   14442514,        0,  -12557486,          0
 23038,   123,   27000000,   15492018,        0,  -11507982,          0
 23038,   124,   27000000,   16468737,        0,  -10531263,          0
 23038,   125,   27000000,   17736483,        0,   -9263517,          0
 23038,   126,   27000000,   14447370,        0,  -12552630,          0
 23038,   127,   27000000,   15460842,        0,  -11539158,          0
 23038,   128,   27000000,   16632305,        0,  -10367695,          0
 23038,   129,   27000000,   17468640,        0,   -9531360,          0
 23038,   130,   27000000,   14704206,        0,  -12295794,          0
 23038,   131,   27000000,   15467293,        0,  -11532707,          0
 23038,   132,   27000000,   16419490,        0,  -10580510,          0
 23038,   133,   27000000,   17491699,        0,   -9508301,          0
 23038,   134,   27000000,   14520722,        0,  -12479278,          0
 23038,   135,   27000000,   15459054,        0,  -11540946,          0
 23038,   136,   27000000,   16478648,        0,  -10521352,          0
 23038,   137,   27000000,   17479909,        0,   -9520091,          0
 23038,   138,   27000000,   14442619,        0,  -12557381,          0
 23038,   139,   27000000,   15524253,        0,  -11475747,          0
 23038,   140,   27000000,   16568776,        0,  -10431224,          0
 23038,   141,   27000000,   17482357,        0,   -9517643,          0
 23038,   142,   27000000,   15969599,        0,  -11030401,          0
 23038,   143,   27000000,   15505458,        0,  -11494542,          0
 23038,   144,   27000000,   16517428,        0,  -10482572,          0
 23038,   145,   27000000,   17491090,        0,   -9508910,          0
 23038,   146,   27000000,   14492862,        0,  -12507138,          0
 23038,   147,   27000000,   15510233,        0,  -11489767,          0
 23038,   148,   27000000,   16786233,        0,  -10213767,          0
 23038,   149,   27000000,   16900817,        0,  -10099183,          0
 23038,   150,   27000000,   14442661,        0,  -12557339,          0
 23038,   151,   27000000,   15430794,        0,  -11569206,          0
 23038,   152,   27000000,   16580261,        0,  -10419739,          0
 23038,   153,   27000000,   17747767,        0,   -9252233,          0
 23038,   154,   27000000,   14470330,        0,  -12529670,          0
 23038,   155,   27000000,   15467578,        0,  -11532422,          0
 23038,   156,   27000000,   16489031,        0,  -10510969,          0
 23038,   157,   27000000,   17478323,        0,   -9521677,          0
 23038,   158,   27000000,   14519698,        0,  -12480302,          0
 23038,   159,   27000000,   15423657,        0,  -11576343,          0
 23038,   160,   27000000,   15863675,        0,  -11136325,          0
 23038,   161,   27000000,   17558929,        0,   -9441071,          0
 23038,   162,   27000000,   14702650,        0,  -12297350,          0
 23038,   163,   27000000,   15480368,        0,  -11519632,          0
 23038,   164,   27000000,   16515544,        0,  -10484456,          0
 23038,   165,   27000000,   17464655,        0,   -9535345,          0
 23038,   166,   27000000,   14418816,        0,  -12581184,          0
 23038,   167,   27000000,   15778733,        0,  -11221267,          0
 23038,   168,   27000000,   16569726,        0,  -10430274,          0
 23038,   169,   27000000,   17520000,        0,   -9480000,          0
 23038,   170,   27000000,   14543480,        0,  -12456520,          0
 23038,   171,   27000000,   15513739,        0,  -11486261,          0
 23038,   172,   27000000,   17841666,        0,   -9158334,          0
 23038,   173,   27000000,   17498224,        0,   -9501776,          0
 23038,   174,   27000000,   14484353,        0,  -12515647,          0
 23038,   175,   27000000,   15436784,        0,  -11563216,          0
 23038,   176,   27000000,   16519768,        0,  -10480232,          0
 23038,   177,   27000000,   17482563,        0,   -9517437,          0
 23038,   178,   27000000,   14402824,        0,  -12597176,          0
 23038,   179,   27000000,   15513771,        0,  -11486229,          0
 23038,   180,   27000000,   16541267,        0,  -10458733,          0
 23038,   181,   27000000,   17487397,        0,   -9512603,          0
 23038,   182,   27000000,   14418561,        0,  -12581439,          0
 23038,   183,   27000000,   15503906,        0,  -11496094,          0
 23038,   184,   27000000,   16453260,        0,  -10546740,          0
 23038,   185,   27000000,   17766265,        0,   -9233735,          0
 23038,   186,   27000000,   13675365,        0,  -13324635,          0
 23038,   187,   27000000,   15391373,        0,  -11608627,          0
 23038,   188,   27000000,   16553853,        0,  -10446147,          0
 23038,   189,   27000000,   16557173,        0,  -10442827,          0
 23038,   190,   27000000,   14526621,        0,  -12473379,          0
 23038,   191,   27000000,   15488312,        0,  -11511688,          0
 23038,   192,   27000000,   16512712,        0,  -10487288,          0
 23038,   193,   27000000,   17478011,        0,   -9521989,          0
 23038,   194,   27000000,   14478274,        0,  -12521726,          0
 23038,   195,   27000000,   15482315,        0,  -11517685,          0
 23038,   196,   27000000,   16521266,        0,  -10478734,          0
 23038,   197,   27000000,   17562041,        0,   -9437959,          0
 23038,   198,   27000000,   14440684,        0,  -12559316,          0
 23038,   199,   27000000,   15767882,        0,  -11232118,          0
 23038,   200,   27000000,   16444127,        0,  -10555873,          0
 23038,   201,   27000000,   17548779,        0,   -9451221,          0
 23038,   202,   27000000,   14517437,        0,  -12482563,          0
 23038,   203,   27000000,   15507694,        0,  -11492306,          0
 23038,   204,   27000000,   18841631,        0,   -8158369,          0
 23038,   205,   27000000,   17513016,        0,   -9486984,          0
 23038,   206,   27000000,   16391774,        0,  -10608226,          0
 23038,   207,   27000000,   15480291,        0,  -11519709,          0
 23038,   208,   27000000,   16466201,        0,  -10533799,          0
 23038,   209,   27000000,   17538234,        0,   -9461766,          0
 23038,   210,   27000000,   14420633,        0,  -12579367,          0
 23038,   211,   27000000,   15463290,        0,  -11536710,          0
 23038,   212,   27000000,   16484869,        0,  -10515131,          0
 23038,   213,   27000000,   17471159,        0,   -9528841,          0
 23038,   214,   27000000,   14508181,        0,  -12491819,          0
 23038,   215,   27000000,   15443060,        0,  -11556940,          0
 23038,   216,   27000000,   16510619,        0,  -10489381,          0
 23038,   217,   27000000,   17480790,        0,   -9519210,          0
 23038,   218,   27000000,   16731167,        0,  -10268833,          0
 23038,   219,   27000000,   15535698,        0,  -11464302,          0
 23038,   220,   27000000,   16545333,        0,  -10454667,          0
 23038,   221,   27000000,   17523068,        0,   -9476932,          0
 23038,   222,   27000000,   16098321,        0,  -10901679,          0
 23038,   223,   27000000,   15437757,        0,  -11562243,          0
 23038,   224,   27000000,   16531635,        0,  -10468365,          0
 23038,   225,   27000000,   18060182,        0,   -8939818,          0
 23038,   226,   27000000,   14462530,        0,  -12537470,          0
 23038,   227,   27000000,   15427790,        0,  -11572210,          0
 23038,   228,   27000000,   16511683,        0,  -10488317,          0
 23038,   229,   27000000,   17476778,        0,   -9523222,          0
 23038,   230,   27000000,   14466963,        0,  -12533037,          0
 23038,   231,   27000000,   15456526,        0,  -11543474,          0
 23038,   232,   27000000,   18462522,        0,   -8537478,          0
 23038,   233,   27000000,   17498791,        0,   -9501209,          0
 23038,   234,   27000000,   14544740,        0,  -12455260,          0
 23038,   235,   27000000,   15535464,        0,  -11464536,          0
 23038,   236,   27000000,   16744733,        0,  -10255267,          0
 23038,   237,   27000000,   17463294,        0,   -9536706,          0
 23038,   238,   27000000,   14467883,        0,  -12532117,          0
 23038,   239,   27000000,   15515472,        0,  -11484528,          0
 23038,   240,   27000000,   17676848,        0,   -9323152,          0
 23038,   241,   27000000,   17771611,        0,   -9228389,          0
 23038,   242,   27000000,   14465554,        0,  -12534446,          0
 23038,   243,   27000000,   15512355,        0,  -11487645,          0
 23038,   244,   27000000,   16522110,        0,  -10477890,          0
 23038,   245,   27000000,   17503923,        0,   -9496077,          0
 23038,   246,   27000000,   14461075,        0,  -12538925,          0
 23038,   247,   27000000,   15491910,        0,  -11508090,          0
 23038,   248,   27000000,   16545107,        0,  -10454893,          0
 23038,   249,   27000000,   17522447,        0,   -9477553,          0
 23038,   250,   27000000,   14571525,        0,  -12428475,          0
 23038,   251,   27000000,   15487626,        0,  -11512374,          0
 23038,   252,   27000000,   16526165,        0,  -10473835,          0
 23038,   253,   27000000,   17488380,        0,   -9511620,          0
 23038,   254,   27000000,   15452484,        0,  -11547516,          0
 23038,   255,   27000000,   17810972,        0,   -9189028,          0
 23038,   256,   27000000,   16489651,        0,  -10510349,          0
 23038,   257,   27000000,   17512553,        0,   -9487447,          0
 23038,   258,   27000000,   14414183,        0,  -12585817,          0
 23038,   259,   27000000,   15584957,        0,  -11415043,          0
 23038,   260,   27000000,   16460052,        0,  -10539948,          0
 23038,   261,   27000000,   17490845,        0,   -9509155,          0
 23038,   262,   27000000,   14521256,        0,  -12478744,          0
 23038,   263,   27000000,   15436665,        0,  -11563335,          0
 23038,   264,   27000000,   16782184,        0,  -10217816,          0
 23038,   265,   27000000,   17490322,        0,   -9509678,          0
 23038,   266,   27000000,   14840466,        0,  -12159534,          0
 23038,   267,   27000000,   14539836,        0,  -12460164,          0
 23038,   268,   27000000,   16546740,        0,  -10453260,          0
 23038,   269,   27000000,   17577752,        0,   -9422248,          0
 23038,   270,   27000000,   14452596,        0,  -12547404,          0
 23038,   271,   27000000,   14560326,        0,  -12439674,          0
 23038,   272,   27000000,   16615263,        0,  -10384737,          0
 23038,   273,   27000000,   19804062,        0,   -7195938,          0
 23038,   274,   27000000,   13618218,        0,  -13381782,          0
 23038,   275,   27000000,   15475435,        0,  -11524565,          0
 23038,   276,   27000000,   16504833,        0,  -10495167,          0
 23038,   277,   27000000,   20500081,        0,   -6499919,          0
 23038,   278,   27000000,   14712686,        0,  -12287314,          0
 23038,   279,   27000000,   15470663,        0,  -11529337,          0
 23038,   280,   27000000,   16501547,        0,  -10498453,          0
 23038,   281,   27000000,   17556425,        0,   -9443575,          0
 23038,   282,   27000000,   14417872,        0,  -12582128,          0
 23038,   283,   27000000,   15438912,        0,  -11561088,          0
 23038,   284,   27000000,   16485424,        0,  -10514576,          0
 23038,   285,   27000000,   17491878,        0,   -9508122,          0
 23038,   286,   27000000,   14447993,        0,  -12552007,          0
 23038,   287,   27000000,   15442539,        0,  -11557461,          0
 23038,   288,   27000000,   16520033,        0,  -10479967,          0
 23038,   289,   27000000,   17526995,        0,   -9473005,          0
 23038,   290,   27000000,   14522318,        0,  -12477682,          0
 23038,   291,   27000000,   15511003,        0,  -11488997,          0
 23038,   292,   27000000,   16755526,        0,  -10244474,          0
 23038,   293,   27000000,   17450686,        0,   -9549314,          0
 23038,   294,   27000000,   14482983,        0,  -12517017,          0
 23038,   295,   27000000,   15482375,        0,  -11517625,          0
 23038,   296,   27000000,   16510761,        0,  -10489239,          0
 23038,   297,   27000000,   17520510,        0,   -9479490,          0
 23038,   298,   27000000,   16509293,        0,  -10490707,          0
 23038,   299,   27000000,   15449090,        0,  -11550910,          0
 23038,   300,   27000000,   16436819,        0,  -10563181,          0
 23038,   301,   27000000,   17498740,        0,   -9501260,          0
 23038,   302,   27000000,   14503884,        0,  -12496116,          0
 23038,   303,   27000000,   15461255,        0,  -11538745,          0
 23038,   304,   27000000,   16510446,        0,  -10489554,          0
 23038,   305,   27000000,   17488618,        0,   -9511382,          0
 23038,   306,   27000000,   16903738,        0,  -10096262,          0
 23038,   307,   27000000,   15591695,        0,  -11408305,          0
 23038,   308,   27000000,   16502705,        0,  -10497295,          0
 23038,   309,   27000000,   17462229,        0,   -9537771,          0
 23038,   310,   27000000,   14455469,        0,  -12544531,          0
 23038,   311,   27000000,   15497714,        0,  -11502286,          0
 23038,   312,   27000000,   16540082,        0,  -10459918,          0
 23038,   313,   27000000,   17445004,        0,   -9554996,          0
 23038,   314,   27000000,   14448837,        0,  -12551163,          0
 23038,   315,   27000000,   15726048,        0,  -11273952,          0
 23038,   316,   27000000,   16480573,        0,  -10519427,          0
 23038,   317,   27000000,   17493904,        0,   -9506096,          0
 23038,   318,   27000000,   14442037,        0,  -12557963,          0
 23038,   319,   27000000,   15450171,        0,  -11549829,          0
 23038,   320,   27000000,   16490633,        0,  -10509367,          0
 23038,   321,   27000000,   17480873,        0,   -9519127,          0
 23038,   322,   27000000,   14471822,        0,  -12528178,          0
 23038,   323,   27000000,   15493985,        0,  -11506015,          0
 23038,   324,   27000000,   16500143,        0,  -10499857,          0
 23038,   325,   27000000,   17562762,        0,   -9437238,          0
 23038,   326,   27000000,   14514564,        0,  -12485436,          0
 23038,   327,   27000000,   15509082,        0,  -11490918,          0
 23038,   328,   27000000,   16470356,        0,  -10529644,          0
 23038,   329,   27000000,   17740336,        0,   -9259664,          0
 23038,   330,   27000000,   14498493,        0,  -12501507,          0
 23038,   331,   27000000,   15497064,        0,  -11502936,          0
 23038,   332,   27000000,   16456584,        0,  -10543416,          0
 23038,   333,   27000000,   17477670,        0,   -9522330,          0
 23038,   334,   27000000,   14448476,        0,  -12551524,          0
 23038,   335,   27000000,   15476517,        0,  -11523483,          0
 23038,   336,   27000000,   16554652,        0,  -10445348,          0
 23038,   337,   27000000,   17508865,        0,   -9491135,          0
 23038,   338,   27000000,   14434537,        0,  -12565463,          0
 23038,   339,   27000000,   15488307,        0,  -11511693,          0
 23038,   340,   27000000,   16453279,        0,  -10546721,          0
 23038,   341,   27000000,   17533835,        0,   -9466165,          0
 23038,   342,   27000000,   16533241,        0,  -10466759,          0
 23038,   343,   27000000,   15745428,        0,  -11254572,          0
 23038,   344,   27000000,   16580991,        0,  -10419009,          0
 23038,   345,   27000000,   17484067,        0,   -9515933,          0
 23038,   346,   27000000,   15149447,        0,  -11850553,          0
 23038,   347,   27000000,   15415955,        0,  -11584045,          0
 23038,   348,   27000000,   16485434,        0,  -10514566,          0
 23038,   349,   27000000,   17506101,        0,   -9493899,          0
 23038,   350,   27000000,   14487565,        0,  -12512435,          0
 23038,   351,   27000000,   15445056,        0,  -11554944,          0
 23038,   352,   27000000,   16782285,        0,  -10217715,          0
 23038,   353,   27000000,   17540467,        0,   -9459533,          0
 23038,   354,   27000000,   14454669,        0,  -12545331,          0
 23038,   355,   27000000,   15625966,        0,  -11374034,          0
 23038,   356,   27000000,   16510018,        0,  -10489982,          0
 23038,   357,   27000000,   17527177,        0,   -9472823,          0
 23038,   358,   27000000,   14413196,        0,  -12586804,          0
 23038,   359,   27000000,   15502711,        0,  -11497289,          0
 23038,   360,   27000000,   16560249,        0,  -10439751,          0
 23038,   361,   27000000,   17477559,        0,   -9522441,          0
 23038,   362,   27000000,   14533544,        0,  -12466456,          0
 23038,   363,   27000000,   14857271,        0,  -12142729,          0
 23038,   364,   27000000,   16496829,        0,  -10503171,          0
 23038,   365,   27000000,   17513316,        0,   -9486684,          0
 23038,   366,   27000000,   14700659,        0,  -12299341,          0
 23038,   367,   27000000,   15505521,        0,  -11494479,          0
 23038,   368,   27000000,   16502065,        0,  -10497935,          0
 23038,   369,   27000000,   17559127,        0,   -9440873,          0
 23038,   370,   27000000,   14569981,        0,  -12430019,          0
 23038,   371,   27000000,   15532754,        0,  -11467246,          0
 23038,   372,   27000000,   16467075,        0,  -10532925,          0
 23038,   373,   27000000,   17476133,        0,   -9523867,          0
 23038,   374,   27000000,   14423033,        0,  -12576967,          0
