# Task,   Job,     Period,   Response, DL Miss?,   Lateness,  Tardiness
# task NAME=myapp PID=30731 COST=72875000 PERIOD=89000000 CPU=0
 30731,     2,   89000000,      13771,        0,  -88986229,          0
 30731,     3,   89000000,     818599,        0,  -88181401,          0
 30731,     4,   89000000,   72364750,        0,  -16635250,          0
 30731,     5,   89000000,  157700497,        1,   68700497,   68700497
 30731,     6,   89000000,  188169461,        1,   99169461,   99169461
 30731,     7,   89000000,  174680694,        1,   85680694,   85680694
 30731,     8,   89000000,  159119651,        1,   70119651,   70119651
 30731,     9,   89000000,  334181504,        1,  245181504,  245181504
 30731,    10,   89000000,  317251969,        1,  228251969,  228251969
 30731,    11,   89000000,  300557273,        1,  211557273,  211557273
 30731,    12,   89000000,  283582887,        1,  194582887,  194582887
 30731,    13,   89000000,  321222665,        1,  232222665,  232222665
 30731,    14,   89000000,  304615581,        1,  215615581,  215615581
 30731,    15,   89000000,  316875310,        1,  227875310,  227875310
 30731,    16,   89000000,  425557313,        1,  336557313,  336557313
 30731,    17,   89000000,  411087159,        1,  322087159,  322087159
 30731,    18,   89000000,  399773054,        1,  310773054,  310773054
 30731,    19,   89000000,  499024568,        1,  410024568,  410024568
 30731,    20,   89000000,  550520691,        1,  461520691,  461520691
 30731,    21,   89000000,  533873172,        1,  444873172,  444873172
 30731,    22,   89000000,  534049532,        1,  445049532,  445049532
 30731,    23,   89000000,  574968197,        1,  485968197,  485968197
 30731,    24,   89000000,  824841141,        1,  735841141,  735841141
 30731,    25,   89000000,  906536936,        1,  817536936,  817536936
 30731,    26,   89000000,  935457716,        1,  846457716,  846457716
 30731,    27,   89000000,  918745700,        1,  829745700,  829745700
 30731,    28,   89000000, 1004999191,        1,  915999191,  915999191
 30731,    29,   89000000, 1058928680,        1,  969928680,  969928680
 30731,    30,   89000000, 1326845818,        1, 1237845818, 1237845818
 30731,    31,   89000000, 1329107064,        1, 1240107064, 1240107064
 30731,    32,   89000000, 1328646439,        1, 1239646439, 1239646439
 30731,    33,   89000000, 1311714633,        1, 1222714633, 1222714633
 30731,    34,   89000000, 1295015589,        1, 1206015589, 1206015589
 30731,    35,   89000000, 1278290355,        1, 1189290355, 1189290355
 30731,    36,   89000000, 1261294659,        1, 1172294659, 1172294659
 30731,    37,   89000000, 1254150138,        1, 1165150138, 1165150138
 30731,    38,   89000000, 1289645423,        1, 1200645423, 1200645423
 30731,    39,   89000000, 1486569630,        1, 1397569630, 1397569630
 30731,    40,   89000000, 1469920935,        1, 1380920935, 1380920935
 30731,    41,   89000000, 1452862853,        1, 1363862853, 1363862853
 30731,    42,   89000000, 1436250629,        1, 1347250629, 1347250629
 30731,    43,   89000000, 1419254699,        1, 1330254699, 1330254699
 30731,    44,   89000000, 1402538686,        1, 1313538686, 1313538686
 30731,    45,   89000000, 1385803094,        1, 1296803094, 1296803094
 30731,    46,   89000000, 1368799519,        1, 1279799519, 1279799519
 30731,    47,   89000000, 1456356773,        1, 1367356773, 1367356773
 30731,    48,   89000000, 1458204380,        1, 1369204380, 1369204380
 30731,    49,   89000000, 1441544095,        1, 1352544095, 1352544095
 30731,    50,   89000000, 1630563977,        1, 1541563977, 1541563977
 30731,    51,   89000000, 1614659981,        1, 1525659981, 1525659981
 30731,    52,   89000000, 1641860241,        1, 1552860241, 1552860241
 30731,    53,   89000000, 1756139101,        1, 1667139101, 1667139101
 30731,    54,   89000000, 1797113307,        1, 1708113307, 1708113307
 30731,    55,   89000000, 1848437955,        1, 1759437955, 1759437955
 30731,    56,   89000000, 1938512797,        1, 1849512797, 1849512797
 30731,    57,   89000000, 2050625299,        1, 1961625299, 1961625299
 30731,    58,   89000000, 2034068912,        1, 1945068912, 1945068912
 30731,    59,   89000000, 2133897487,        1, 2044897487, 2044897487
 30731,    60,   89000000, 2215302814,        1, 2126302814, 2126302814
 30731,    61,   89000000, 2311618290,        1, 2222618290, 2222618290
 30731,    62,   89000000, 2324308234,        1, 2235308234, 2235308234
 30731,    63,   89000000, 2335665180,        1, 2246665180, 2246665180
 30731,    64,   89000000, 2318972798,        1, 2229972798, 2229972798
 30731,    65,   89000000, 2362362954,        1, 2273362954, 2273362954
 30731,    66,   89000000, 2345422755,        1, 2256422755, 2256422755
 30731,    67,   89000000, 2527778260,        1, 2438778260, 2438778260
 30731,    68,   89000000, 2511084683,        1, 2422084683, 2422084683
 30731,    69,   89000000, 2498695636,        1, 2409695636, 2409695636
 30731,    70,   89000000, 2481719788,        1, 2392719788, 2392719788
 30731,    71,   89000000, 2528980434,        1, 2439980434, 2439980434
 30731,    72,   89000000, 2512296169,        1, 2423296169, 2423296169
 30731,    73,   89000000, 2528392659,        1, 2439392659, 2439392659
# task NAME=myapp PID=30734 COST=83902000 PERIOD=98000000 CPU=0
 30734,     2,   98000000,       3914,        0,  -97996086,          0
 30734,     3,   98000000,     808375,        0,  -97191625,          0
 30734,     4,   98000000,  132671237,        1,   34671237,   34671237
 30734,     5,   98000000,  117940815,        1,   19940815,   19940815
 30734,     6,   98000000,  103224737,        1,    5224737,    5224737
 30734,     7,   98000000,   88257600,        0,   -9742400,          0
 30734,     8,   98000000,  153035192,        1,   55035192,   55035192
 30734,     9,   98000000,  189308770,        1,   91308770,   91308770
 30734,    10,   98000000,  174192013,        1,   76192013,   76192013
 30734,    11,   98000000,  159498103,        1,   61498103,   61498103
 30734,    12,   98000000,  144755243,        1,   46755243,   46755243
 30734,    13,   98000000,  172401040,        1,   74401040,   74401040
 30734,    14,   98000000,  157488697,        1,   59488697,   59488697
 30734,    15,   98000000,  203325388,        1,  105325388,  105325388
 30734,    16,   98000000,  188426136,        1,   90426136,   90426136
 30734,    17,   98000000,  410755281,        1,  312755281,  312755281
 30734,    18,   98000000,  396051876,        1,  298051876,  298051876
 30734,    19,   98000000,  381018512,        1,  283018512,  283018512
 30734,    20,   98000000,  407449384,        1,  309449384,  309449384
 30734,    21,   98000000,  392722162,        1,  294722162,  294722162
 30734,    22,   98000000,  377965978,        1,  279965978,  279965978
 30734,    23,   98000000,  414323224,        1,  316323224,  316323224
 30734,    24,   98000000,  432148696,        1,  334148696,  334148696
 30734,    25,   98000000,  498454160,        1,  400454160,  400454160
 30734,    26,   98000000,  485398992,        1,  387398992,  387398992
 30734,    27,   98000000,  470310603,        1,  372310603,  372310603
 30734,    28,   98000000,  471558272,        1,  373558272,  373558272
 30734,    29,   98000000,  523918013,        1,  425918013,  425918013
 30734,    30,   98000000,  509493254,        1,  411493254,  411493254
 30734,    31,   98000000,  818214436,        1,  720214436,  720214436
 30734,    32,   98000000,  808118709,        1,  710118709,  710118709
 30734,    33,   98000000,  792985491,        1,  694985491,  694985491
 30734,    34,   98000000,  861229582,        1,  763229582,  763229582
 30734,    35,   98000000,  846199165,        1,  748199165,  748199165
 30734,    36,   98000000, 1072061556,        1,  974061556,  974061556
 30734,    37,   98000000, 1057229562,        1,  959229562,  959229562
 30734,    38,   98000000, 1042155253,        1,  944155253,  944155253
 30734,    39,   98000000, 1036017502,        1,  938017502,  938017502
 30734,    40,   98000000, 1021193962,        1,  923193962,  923193962
 30734,    41,   98000000, 1009718096,        1,  911718096,  911718096
 30734,    42,   98000000, 1060894805,        1,  962894805,  962894805
 30734,    43,   98000000, 1153969814,        1, 1055969814, 1055969814
 30734,    44,   98000000, 1220752152,        1, 1122752152, 1122752152
 30734,    45,   98000000, 1285819350,        1, 1187819350, 1187819350
 30734,    46,   98000000, 1295302207,        1, 1197302207, 1197302207
 30734,    47,   98000000, 1416933822,        1, 1318933822, 1318933822
 30734,    48,   98000000, 1592947106,        1, 1494947106, 1494947106
 30734,    49,   98000000, 1583025829,        1, 1485025829, 1485025829
 30734,    50,   98000000, 1640467932,        1, 1542467932, 1542467932
 30734,    51,   98000000, 1632681123,        1, 1534681123, 1534681123
 30734,    52,   98000000, 1617859097,        1, 1519859097, 1519859097
 30734,    53,   98000000, 1604853415,        1, 1506853415, 1506853415
 30734,    54,   98000000, 1693367435,        1, 1595367435, 1595367435
 30734,    55,   98000000, 1743935289,        1, 1645935289, 1645935289
 30734,    56,   98000000, 1949516721,        1, 1851516721, 1851516721
 30734,    57,   98000000, 1934382743,        1, 1836382743, 1836382743
 30734,    58,   98000000, 2049864341,        1, 1951864341, 1951864341
 30734,    59,   98000000, 2067310311,        1, 1969310311, 1969310311
 30734,    60,   98000000, 2106390116,        1, 2008390116, 2008390116
 30734,    61,   98000000, 2179484740,        1, 2081484740, 2081484740
 30734,    62,   98000000, 2248880699,        1, 2150880699, 2150880699
 30734,    63,   98000000, 2235138904,        1, 2137138904, 2137138904
 30734,    64,   98000000, 2290889147,        1, 2192889147, 2192889147
 30734,    65,   98000000, 2277697878,        1, 2179697878, 2179697878
 30734,    66,   98000000, 2360427760,        1, 2262427760, 2262427760
 30734,    67,   98000000, 2432569734,        1, 2334569734, 2334569734
 30734,    68,   98000000, 2505490758,        1, 2407490758, 2407490758
 30734,    69,   98000000, 2498201133,        1, 2400201133, 2400201133
 30734,    70,   98000000, 2504501688,        1, 2406501688, 2406501688
 30734,    71,   98000000, 2691706913,        1, 2593706913, 2593706913
 30734,    72,   98000000, 2676875761,        1, 2578875761, 2578875761
 30734,    73,   98000000, 2765048856,        1, 2667048856, 2667048856
 30734,    74,   98000000, 2832059751,        1, 2734059751, 2734059751
 30734,    75,   98000000, 2826157628,        1, 2728157628, 2728157628
 30734,    76,   98000000, 2909860411,        1, 2811860411, 2811860411
 30734,    77,   98000000, 2915795463,        1, 2817795463, 2817795463
# task NAME=myapp PID=30738 COST=46913000 PERIOD=79000000 CPU=0
 30738,     2,   79000000,      13912,        0,  -78986088,          0
 30738,     3,   79000000,     794187,        0,  -78205813,          0
 30738,     4,   79000000,   47162448,        0,  -31837552,          0
 30738,     5,   79000000,   94817293,        1,   15817293,   15817293
 30738,     6,   79000000,  192555437,        1,  113555437,  113555437
 30738,     7,   79000000,  159969016,        1,   80969016,   80969016
 30738,     8,   79000000,  182953643,        1,  103953643,  103953643
 30738,     9,   79000000,  151185717,        1,   72185717,   72185717
 30738,    10,   79000000,  192463655,        1,  113463655,  113463655
 30738,    11,   79000000,  259954459,        1,  180954459,  180954459
 30738,    12,   79000000,  390698237,        1,  311698237,  311698237
 30738,    13,   79000000,  532625879,        1,  453625879,  453625879
 30738,    14,   79000000,  559174373,        1,  480174373,  480174373
 30738,    15,   79000000,  526560510,        1,  447560510,  447560510
 30738,    16,   79000000,  494178307,        1,  415178307,  415178307
 30738,    17,   79000000,  461491031,        1,  382491031,  382491031
 30738,    18,   79000000,  429122009,        1,  350122009,  350122009
 30738,    19,   79000000,  396456171,        1,  317456171,  317456171
 30738,    20,   79000000,  437476826,        1,  358476826,  358476826
 30738,    21,   79000000,  404851661,        1,  325851661,  325851661
 30738,    22,   79000000,  388078088,        1,  309078088,  309078088
 30738,    23,   79000000,  469067272,        1,  390067272,  390067272
 30738,    24,   79000000,  436620909,        1,  357620909,  357620909
 30738,    25,   79000000,  464954771,        1,  385954771,  385954771
 30738,    26,   79000000,  432611865,        1,  353611865,  353611865
 30738,    27,   79000000,  399941543,        1,  320941543,  320941543
 30738,    28,   79000000,  458605540,        1,  379605540,  379605540
 30738,    29,   79000000,  425968006,        1,  346968006,  346968006
 30738,    30,   79000000,  393596222,        1,  314596222,  314596222
 30738,    31,   79000000,  426562974,        1,  347562974,  347562974
 30738,    32,   79000000,  454130077,        1,  375130077,  375130077
 30738,    33,   79000000,  421552974,        1,  342552974,  342552974
 30738,    34,   79000000,  437032669,        1,  358032669,  358032669
 30738,    35,   79000000,  416719459,        1,  337719459,  337719459
 30738,    36,   79000000,  469036977,        1,  390036977,  390036977
 30738,    37,   79000000,  436996820,        1,  357996820,  357996820
 30738,    38,   79000000,  404390342,        1,  325390342,  325390342
 30738,    39,   79000000,  371702545,        1,  292702545,  292702545
 30738,    40,   79000000,  342853367,        1,  263853367,  263853367
 30738,    41,   79000000,  398066211,        1,  319066211,  319066211
 30738,    42,   79000000,  365446641,        1,  286446641,  286446641
 30738,    43,   79000000,  411649828,        1,  332649828,  332649828
 30738,    44,   79000000,  515793271,        1,  436793271,  436793271
 30738,    45,   79000000,  560105804,        1,  481105804,  481105804
 30738,    46,   79000000,  602056622,        1,  523056622,  523056622
 30738,    47,   79000000,  910460138,        1,  831460138,  831460138
 30738,    48,   79000000,  877818666,        1,  798818666,  798818666
 30738,    49,   79000000, 1040774668,        1,  961774668,  961774668
 30738,    50,   79000000, 1280174575,        1, 1201174575, 1201174575
 30738,    51,   79000000, 1271971290,        1, 1192971290, 1192971290
 30738,    52,   79000000, 1240753804,        1, 1161753804, 1161753804
 30738,    53,   79000000, 1209251139,        1, 1130251139, 1130251139
 30738,    54,   79000000, 1316859490,        1, 1237859490, 1237859490
 30738,    55,   79000000, 1338716159,        1, 1259716159, 1259716159
 30738,    56,   79000000, 1403426805,        1, 1324426805, 1324426805
 30738,    57,   79000000, 1371051481,        1, 1292051481, 1292051481
 30738,    58,   79000000, 1437523067,        1, 1358523067, 1358523067
 30738,    59,   79000000, 1404851071,        1, 1325851071, 1325851071
 30738,    60,   79000000, 1372464193,        1, 1293464193, 1293464193
 30738,    61,   79000000, 1339780708,        1, 1260780708, 1260780708
 30738,    62,   79000000, 1307131515,        1, 1228131515, 1228131515
 30738,    63,   79000000, 1322498173,        1, 1243498173, 1243498173
 30738,    64,   79000000, 1289871009,        1, 1210871009, 1210871009
 30738,    65,   79000000, 1293343218,        1, 1214343218, 1214343218
 30738,    66,   79000000, 1260971870,        1, 1181971870, 1181971870
 30738,    67,   79000000, 1246853780,        1, 1167853780, 1167853780
 30738,    68,   79000000, 1343899330,        1, 1264899330, 1264899330
 30738,    69,   79000000, 1311583212,        1, 1232583212, 1232583212
 30738,    70,   79000000, 1278910754,        1, 1199910754, 1199910754
 30738,    71,   79000000, 1285123086,        1, 1206123086, 1206123086
 30738,    72,   79000000, 1252510337,        1, 1173510337, 1173510337
 30738,    73,   79000000, 1220185320,        1, 1141185320, 1141185320
 30738,    74,   79000000, 1244643202,        1, 1165643202, 1165643202
 30738,    75,   79000000, 1212333889,        1, 1133333889, 1133333889
 30738,    76,   79000000, 1179699809,        1, 1100699809, 1100699809
 30738,    77,   79000000, 1147325084,        1, 1068325084, 1068325084
 30738,    78,   79000000, 1114651386,        1, 1035651386, 1035651386
 30738,    79,   79000000, 1084442277,        1, 1005442277, 1005442277
 30738,    80,   79000000, 1052127152,        1,  973127152,  973127152
 30738,    81,   79000000, 1110961516,        1, 1031961516, 1031961516
 30738,    82,   79000000, 1078387905,        1,  999387905,  999387905
 30738,    83,   79000000, 1135157699,        1, 1056157699, 1056157699
 30738,    84,   79000000, 1133768068,        1, 1054768068, 1054768068
 30738,    85,   79000000, 1186968654,        1, 1107968654, 1107968654
 30738,    86,   79000000, 1154353411,        1, 1075353411, 1075353411
 30738,    87,   79000000, 1221517564,        1, 1142517564, 1142517564
 30738,    88,   79000000, 1262922746,        1, 1183922746, 1183922746
 30738,    89,   79000000, 1349378001,        1, 1270378001, 1270378001
 30738,    90,   79000000, 1316716903,        1, 1237716903, 1237716903
 30738,    91,   79000000, 1403439912,        1, 1324439912, 1324439912
 30738,    92,   79000000, 1371135108,        1, 1292135108, 1292135108
 30738,    93,   79000000, 1391400027,        1, 1312400027, 1312400027
 30738,    94,   79000000, 1390480988,        1, 1311480988, 1311480988
 30738,    95,   79000000, 1358161487,        1, 1279161487, 1279161487
 30738,    96,   79000000, 1378156792,        1, 1299156792, 1299156792
 30738,    97,   79000000, 1409794592,        1, 1330794592, 1330794592
 30738,    98,   79000000, 1420051467,        1, 1341051467, 1341051467
 30738,    99,   79000000, 1391647881,        1, 1312647881, 1312647881
 30738,   100,   79000000, 1359376172,        1, 1280376172, 1280376172
 30738,   101,   79000000, 1347769951,        1, 1268769951, 1268769951
 30738,   102,   79000000, 1360105631,        1, 1281105631, 1281105631
 30738,   103,   79000000, 1327490495,        1, 1248490495, 1248490495
 30738,   104,   79000000, 1336076141,        1, 1257076141, 1257076141
 30738,   105,   79000000, 1457458069,        1, 1378458069, 1378458069
 30738,   106,   79000000, 1605083224,        1, 1526083224, 1526083224
 30738,   107,   79000000, 1828239575,        1, 1749239575, 1749239575
 30738,   108,   79000000, 1820858956,        1, 1741858956, 1741858956
 30738,   109,   79000000, 1788214356,        1, 1709214356, 1709214356
 30738,   110,   79000000, 1755588853,        1, 1676588853, 1676588853
 30738,   111,   79000000, 1966968306,        1, 1887968306, 1887968306
 30738,   112,   79000000, 1934432534,        1, 1855432534, 1855432534
 30738,   113,   79000000, 1901757329,        1, 1822757329, 1822757329
 30738,   114,   79000000, 1869408176,        1, 1790408176, 1790408176
 30738,   115,   79000000, 1837168327,        1, 1758168327, 1758168327
 30738,   116,   79000000, 1805264559,        1, 1726264559, 1726264559
 30738,   117,   79000000, 1773678704,        1, 1694678704, 1694678704
 30738,   118,   79000000, 1762092851,        1, 1683092851, 1683092851
 30738,   119,   79000000, 1747924213,        1, 1668924213, 1668924213
 30738,   120,   79000000, 1715349289,        1, 1636349289, 1636349289
 30738,   121,   79000000, 1688089819,        1, 1609089819, 1609089819
 30738,   122,   79000000, 1655457606,        1, 1576457606, 1576457606
 30738,   123,   79000000, 1622826480,        1, 1543826480, 1543826480
 30738,   124,   79000000, 1590499869,        1, 1511499869, 1511499869
 30738,   125,   79000000, 1558882786,        1, 1479882786, 1479882786
# task NAME=myapp PID=30743 COST=38522000 PERIOD=63000000 CPU=0
 30743,     2,   63000000,       3909,        0,  -62996091,          0
 30743,     3,   63000000,     791120,        0,  -62208880,          0
 30743,     4,   63000000,   38109917,        0,  -24890083,          0
 30743,     5,   63000000,  104051602,        1,   41051602,   41051602
 30743,     6,   63000000,  129170285,        1,   66170285,   66170285
 30743,     7,   63000000,  143566624,        1,   80566624,   80566624
 30743,     8,   63000000,  144421216,        1,   81421216,   81421216
 30743,     9,   63000000,  200209198,        1,  137209198,  137209198
 30743,    10,   63000000,  175603029,        1,  112603029,  112603029
 30743,    11,   63000000,  150680319,        1,   87680319,   87680319
 30743,    12,   63000000,  177306322,        1,  114306322,  114306322
 30743,    13,   63000000,  152393698,        1,   89393698,   89393698
 30743,    14,   63000000,  186203930,        1,  123203930,  123203930
 30743,    15,   63000000,  161296424,        1,   98296424,   98296424
 30743,    16,   63000000,  136371048,        1,   73371048,   73371048
 30743,    17,   63000000,  160232096,        1,   97232096,   97232096
 30743,    18,   63000000,  135313911,        1,   72313911,   72313911
 30743,    19,   63000000,  145081494,        1,   82081494,   82081494
 30743,    20,   63000000,  120263130,        1,   57263130,   57263130
 30743,    21,   63000000,   95386274,        1,   32386274,   32386274
 30743,    22,   63000000,   70793086,        1,    7793086,    7793086
 30743,    23,   63000000,   45921708,        0,  -17078292,          0
 30743,    24,   63000000,   95712852,        1,   32712852,   32712852
 30743,    25,   63000000,   70839360,        1,    7839360,    7839360
 30743,    26,   63000000,   46225478,        0,  -16774522,          0
 30743,    27,   63000000,  258419424,        1,  195419424,  195419424
 30743,    28,   63000000,  233532552,        1,  170532552,  170532552
 30743,    29,   63000000,  270544085,        1,  207544085,  207544085
 30743,    30,   63000000,  245712863,        1,  182712863,  182712863
 30743,    31,   63000000,  220795985,        1,  157795985,  157795985
 30743,    32,   63000000,  209183007,        1,  146183007,  146183007
 30743,    33,   63000000,  223570737,        1,  160570737,  160570737
 30743,    34,   63000000,  378232143,        1,  315232143,  315232143
 30743,    35,   63000000,  353612315,        1,  290612315,  290612315
 30743,    36,   63000000,  328682957,        1,  265682957,  265682957
 30743,    37,   63000000,  309402010,        1,  246402010,  246402010
 30743,    38,   63000000,  284778992,        1,  221778992,  221778992
 30743,    39,   63000000,  259857525,        1,  196857525,  196857525
 30743,    40,   63000000,  234941307,        1,  171941307,  171941307
 30743,    41,   63000000,  210016541,        1,  147016541,  147016541
 30743,    42,   63000000,  185403181,        1,  122403181,  122403181
 30743,    43,   63000000,  160474542,        1,   97474542,   97474542
 30743,    44,   63000000,  156234018,        1,   93234018,   93234018
 30743,    45,   63000000,  236945996,        1,  173945996,  173945996
 30743,    46,   63000000,  212048977,        1,  149048977,  149048977
 30743,    47,   63000000,  286108240,        1,  223108240,  223108240
 30743,    48,   63000000,  398465739,        1,  335465739,  335465739
 30743,    49,   63000000,  373866302,        1,  310866302,  310866302
 30743,    50,   63000000,  348950120,        1,  285950120,  285950120
 30743,    51,   63000000,  324013997,        1,  261013997,  261013997
 30743,    52,   63000000,  299365833,        1,  236365833,  236365833
 30743,    53,   63000000,  352046139,        1,  289046139,  289046139
 30743,    54,   63000000,  378571251,        1,  315571251,  315571251
 30743,    55,   63000000,  353918967,        1,  290918967,  290918967
 30743,    56,   63000000,  328970866,        1,  265970866,  265970866
 30743,    57,   63000000,  304033342,        1,  241033342,  241033342
 30743,    58,   63000000,  293158849,        1,  230158849,  230158849
 30743,    59,   63000000,  268286961,        1,  205286961,  205286961
 30743,    60,   63000000,  322978811,        1,  259978811,  259978811
 30743,    61,   63000000,  298081123,        1,  235081123,  235081123
 30743,    62,   63000000,  273477652,        1,  210477652,  210477652
 30743,    63,   63000000,  249516172,        1,  186516172,  186516172
 30743,    64,   63000000,  225402760,        1,  162402760,  162402760
 30743,    65,   63000000,  201460146,        1,  138460146,  138460146
 30743,    66,   63000000,  309706853,        1,  246706853,  246706853
 30743,    67,   63000000,  348452612,        1,  285452612,  285452612
 30743,    68,   63000000,  447221612,        1,  384221612,  384221612
 30743,    69,   63000000,  526430486,        1,  463430486,  463430486
 30743,    70,   63000000,  508217460,        1,  445217460,  445217460
 30743,    71,   63000000,  551035176,        1,  488035176,  488035176
 30743,    72,   63000000,  526445194,        1,  463445194,  463445194
 30743,    73,   63000000,  501539583,        1,  438539583,  438539583
 30743,    74,   63000000,  497410987,        1,  434410987,  434410987
 30743,    75,   63000000,  516777629,        1,  453777629,  453777629
 30743,    76,   63000000,  567852473,        1,  504852473,  504852473
 30743,    77,   63000000,  543034023,        1,  480034023,  480034023
 30743,    78,   63000000,  518398473,        1,  455398473,  455398473
 30743,    79,   63000000,  580627748,        1,  517627748,  517627748
 30743,    80,   63000000,  610843671,        1,  547843671,  547843671
 30743,    81,   63000000,  586231985,        1,  523231985,  523231985
 30743,    82,   63000000,  605651878,        1,  542651878,  542651878
 30743,    83,   63000000,  581000699,        1,  518000699,  518000699
 30743,    84,   63000000,  614762639,        1,  551762639,  551762639
 30743,    85,   63000000,  649639962,        1,  586639962,  586639962
 30743,    86,   63000000,  704380536,        1,  641380536,  641380536
 30743,    87,   63000000,  679450152,        1,  616450152,  616450152
 30743,    88,   63000000,  685159641,        1,  622159641,  622159641
 30743,    89,   63000000,  727626692,        1,  664626692,  664626692
 30743,    90,   63000000,  784898880,        1,  721898880,  721898880
 30743,    91,   63000000,  760972951,        1,  697972951,  697972951
 30743,    92,   63000000,  737076369,        1,  674076369,  674076369
 30743,    93,   63000000,  787994021,        1,  724994021,  724994021
 30743,    94,   63000000,  763426494,        1,  700426494,  700426494
 30743,    95,   63000000,  838614221,        1,  775614221,  775614221
 30743,    96,   63000000,  813715768,        1,  750715768,  750715768
 30743,    97,   63000000,  788806225,        1,  725806225,  725806225
 30743,    98,   63000000,  764190673,        1,  701190673,  701190673
 30743,    99,   63000000,  739239116,        1,  676239116,  676239116
 30743,   100,   63000000,  714266445,        1,  651266445,  651266445
 30743,   101,   63000000,  693557505,        1,  630557505,  630557505
 30743,   102,   63000000,  753334960,        1,  690334960,  690334960
 30743,   103,   63000000,  810082487,        1,  747082487,  747082487
 30743,   104,   63000000,  785454379,        1,  722454379,  722454379
 30743,   105,   63000000,  760509654,        1,  697509654,  697509654
 30743,   106,   63000000,  760632710,        1,  697632710,  697632710
 30743,   107,   63000000,  735775551,        1,  672775551,  672775551
 30743,   108,   63000000,  710895171,        1,  647895171,  647895171
 30743,   109,   63000000,  686260411,        1,  623260411,  623260411
 30743,   110,   63000000,  661325892,        1,  598325892,  598325892
 30743,   111,   63000000,  662182940,        1,  599182940,  599182940
 30743,   112,   63000000,  665770100,        1,  602770100,  602770100
 30743,   113,   63000000,  718605141,        1,  655605141,  655605141
 30743,   114,   63000000,  703012862,        1,  640012862,  640012862
 30743,   115,   63000000,  678093750,        1,  615093750,  615093750
 30743,   116,   63000000,  653452613,        1,  590452613,  590452613
 30743,   117,   63000000,  661720449,        1,  598720449,  598720449
 30743,   118,   63000000,  637115220,        1,  574115220,  574115220
 30743,   119,   63000000,  612221900,        1,  549221900,  549221900
 30743,   120,   63000000,  678261215,        1,  615261215,  615261215
 30743,   121,   63000000,  653348246,        1,  590348246,  590348246
 30743,   122,   63000000,  628673796,        1,  565673796,  565673796
 30743,   123,   63000000,  603740840,        1,  540740840,  540740840
 30743,   124,   63000000,  578798965,        1,  515798965,  515798965
 30743,   125,   63000000,  567733873,        1,  504733873,  504733873
 30743,   126,   63000000,  620612486,        1,  557612486,  557612486
 30743,   127,   63000000,  595786610,        1,  532786610,  532786610
 30743,   128,   63000000,  592251078,        1,  529251078,  529251078
 30743,   129,   63000000,  607909244,        1,  544909244,  544909244
 30743,   130,   63000000,  721298603,        1,  658298603,  658298603
 30743,   131,   63000000,  806757487,        1,  743757487,  743757487
 30743,   132,   63000000,  834580208,        1,  771580208,  771580208
 30743,   133,   63000000,  809991872,        1,  746991872,  746991872
 30743,   134,   63000000,  915615399,        1,  852615399,  852615399
 30743,   135,   63000000,  890764886,        1,  827764886,  827764886
 30743,   136,   63000000,  866145283,        1,  803145283,  803145283
 30743,   137,   63000000,  892591004,        1,  829591004,  829591004
 30743,   138,   63000000,  867967808,        1,  804967808,  804967808
 30743,   139,   63000000,  911692799,        1,  848692799,  848692799
 30743,   140,   63000000,  887323609,        1,  824323609,  824323609
 30743,   141,   63000000,  862467622,        1,  799467622,  799467622
 30743,   142,   63000000,  988439827,        1,  925439827,  925439827
 30743,   143,   63000000,  973894549,        1,  910894549,  910894549
 30743,   144,   63000000,  948940925,        1,  885940925,  885940925
 30743,   145,   63000000,  988460410,        1,  925460410,  925460410
 30743,   146,   63000000,  963511420,        1,  900511420,  900511420
 30743,   147,   63000000,  938836137,        1,  875836137,  875836137
 30743,   148,   63000000, 1041082309,        1,  978082309,  978082309
 30743,   149,   63000000, 1029228374,        1,  966228374,  966228374
 30743,   150,   63000000, 1228430700,        1, 1165430700, 1165430700
 30743,   151,   63000000, 1203501941,        1, 1140501941, 1140501941
 30743,   152,   63000000, 1178557168,        1, 1115557168, 1115557168
 30743,   153,   63000000, 1153614836,        1, 1090614836, 1090614836
 30743,   154,   63000000, 1128966017,        1, 1065966017, 1065966017
 30743,   155,   63000000, 1104031460,        1, 1041031460, 1041031460
 30743,   156,   63000000, 1079072378,        1, 1016072378, 1016072378
 30743,   157,   63000000, 1091892275,        1, 1028892275, 1028892275
 30743,   158,   63000000, 1067975235,        1, 1004975235, 1004975235
 30743,   159,   63000000, 1043345645,        1,  980345645,  980345645
 30743,   160,   63000000, 1018422638,        1,  955422638,  955422638
 30743,   161,   63000000,  993471061,        1,  930471061,  930471061
 30743,   162,   63000000,  968555698,        1,  905555698,  905555698
# task NAME=myapp PID=30747 COST=23113000 PERIOD=45000000 CPU=0
 30747,     2,   45000000,      14270,        0,  -44985730,          0
 30747,     3,   45000000,     757225,        0,  -44242775,          0
 30747,     4,   45000000,   22884948,        0,  -22115052,          0
 30747,     5,   45000000,   27391177,        0,  -17608823,          0
 30747,     6,   45000000,   56210505,        1,   11210505,   11210505
 30747,     7,   45000000,   60385019,        1,   15385019,   15385019
 30747,     8,   45000000,   95835407,        1,   50835407,   50835407
 30747,     9,   45000000,   86713530,        1,   41713530,   41713530
 30747,    10,   45000000,   90604981,        1,   45604981,   45604981
 30747,    11,   45000000,   94501015,        1,   49501015,   49501015
 30747,    12,   45000000,  109896448,        1,   64896448,   64896448
 30747,    13,   45000000,  135953359,        1,   90953359,   90953359
 30747,    14,   45000000,  113845915,        1,   68845915,   68845915
 30747,    15,   45000000,   92014287,        1,   47014287,   47014287
 30747,    16,   45000000,   69872264,        1,   24872264,   24872264
 30747,    17,   45000000,  103181499,        1,   58181499,   58181499
 30747,    18,   45000000,  111388874,        1,   66388874,   66388874
 30747,    19,   45000000,  186224112,        1,  141224112,  141224112
 30747,    20,   45000000,  300645118,        1,  255645118,  255645118
 30747,    21,   45000000,  347428693,        1,  302428693,  302428693
 30747,    22,   45000000,  325318561,        1,  280318561,  280318561
 30747,    23,   45000000,  303197780,        1,  258197780,  258197780
 30747,    24,   45000000,  281083099,        1,  236083099,  236083099
 30747,    25,   45000000,  259248947,        1,  214248947,  214248947
 30747,    26,   45000000,  237140052,        1,  192140052,  192140052
 30747,    27,   45000000,  320435714,        1,  275435714,  275435714
 30747,    28,   45000000,  298322729,        1,  253322729,  253322729
 30747,    29,   45000000,  276198191,        1,  231198191,  231198191
 30747,    30,   45000000,  304433994,        1,  259433994,  259433994
 30747,    31,   45000000,  316545348,        1,  271545348,  271545348
 30747,    32,   45000000,  294405738,        1,  249405738,  249405738
 30747,    33,   45000000,  272536637,        1,  227536637,  227536637
 30747,    34,   45000000,  250379571,        1,  205379571,  205379571
 30747,    35,   45000000,  228221922,        1,  183221922,  183221922
 30747,    36,   45000000,  206060875,        1,  161060875,  161060875
 30747,    37,   45000000,  183882268,        1,  138882268,  138882268
 30747,    38,   45000000,  161996017,        1,  116996017,  116996017
 30747,    39,   45000000,  139875095,        1,   94875095,   94875095
 30747,    40,   45000000,  117760948,        1,   72760948,   72760948
 30747,    41,   45000000,   95637006,        1,   50637006,   50637006
 30747,    42,   45000000,   73503762,        1,   28503762,   28503762
 30747,    43,   45000000,  152590384,        1,  107590384,  107590384
 30747,    44,   45000000,  204046538,        1,  159046538,  159046538
 30747,    45,   45000000,  207917454,        1,  162917454,  162917454
 30747,    46,   45000000,  226542532,        1,  181542532,  181542532
 30747,    47,   45000000,  353066141,        1,  308066141,  308066141
 30747,    48,   45000000,  331785543,        1,  286785543,  286785543
 30747,    49,   45000000,  310762487,        1,  265762487,  265762487
 30747,    50,   45000000,  317025854,        1,  272025854,  272025854
 30747,    51,   45000000,  294897185,        1,  249897185,  249897185
 30747,    52,   45000000,  402931038,        1,  357931038,  357931038
 30747,    53,   45000000,  381084910,        1,  336084910,  336084910
 30747,    54,   45000000,  414553491,        1,  369553491,  369553491
 30747,    55,   45000000,  529694062,        1,  484694062,  484694062
 30747,    56,   45000000,  507569126,        1,  462569126,  462569126
 30747,    57,   45000000,  502703339,        1,  457703339,  457703339
 30747,    58,   45000000,  480592039,        1,  435592039,  435592039
 30747,    59,   45000000,  458458374,        1,  413458374,  413458374
 30747,    60,   45000000,  436581742,        1,  391581742,  391581742
 30747,    61,   45000000,  414435314,        1,  369435314,  369435314
 30747,    62,   45000000,  392278792,        1,  347278792,  347278792
 30747,    63,   45000000,  370161999,        1,  325161999,  325161999
 30747,    64,   45000000,  348054754,        1,  303054754,  303054754
 30747,    65,   45000000,  326492628,        1,  281492628,  281492628
 30747,    66,   45000000,  304371697,        1,  259371697,  259371697
 30747,    67,   45000000,  337182517,        1,  292182517,  292182517
 30747,    68,   45000000,  317938360,        1,  272938360,  272938360
 30747,    69,   45000000,  295821814,        1,  250821814,  250821814
 30747,    70,   45000000,  336911812,        1,  291911812,  291911812
 30747,    71,   45000000,  344856693,        1,  299856693,  299856693
 30747,    72,   45000000,  322949787,        1,  277949787,  277949787
 30747,    73,   45000000,  300805200,        1,  255805200,  255805200
 30747,    74,   45000000,  278734325,        1,  233734325,  233734325
 30747,    75,   45000000,  256863674,        1,  211863674,  211863674
 30747,    76,   45000000,  234706807,        1,  189706807,  189706807
 30747,    77,   45000000,  212550201,        1,  167550201,  167550201
 30747,    78,   45000000,  190385791,        1,  145385791,  145385791
 30747,    79,   45000000,  168256589,        1,  123256589,  123256589
 30747,    80,   45000000,  256789722,        1,  211789722,  211789722
 30747,    81,   45000000,  261038178,        1,  216038178,  216038178
 30747,    82,   45000000,  263553990,        1,  218553990,  218553990
 30747,    83,   45000000,  314924711,        1,  269924711,  269924711
 30747,    84,   45000000,  495277631,        1,  450277631,  450277631
 30747,    85,   45000000,  531739975,        1,  486739975,  486739975
 30747,    86,   45000000,  509890685,        1,  464890685,  464890685
 30747,    87,   45000000,  487736853,        1,  442736853,  442736853
 30747,    88,   45000000,  465620744,        1,  420620744,  420620744
 30747,    89,   45000000,  443507764,        1,  398507764,  398507764
 30747,    90,   45000000,  421358724,        1,  376358724,  376358724
 30747,    91,   45000000,  457832385,        1,  412832385,  412832385
 30747,    92,   45000000,  528389752,        1,  483389752,  483389752
 30747,    93,   45000000,  506248958,        1,  461248958,  461248958
 30747,    94,   45000000,  484099262,        1,  439099262,  439099262
 30747,    95,   45000000,  461940132,        1,  416940132,  416940132
 30747,    96,   45000000,  440075457,        1,  395075457,  395075457
 30747,    97,   45000000,  417910384,        1,  372910384,  372910384
 30747,    98,   45000000,  428976529,        1,  383976529,  383976529
 30747,    99,   45000000,  407132721,        1,  362132721,  362132721
 30747,   100,   45000000,  385642959,        1,  340642959,  340642959
 30747,   101,   45000000,  363908397,        1,  318908397,  318908397
 30747,   102,   45000000,  394534128,        1,  349534128,  349534128
 30747,   103,   45000000,  372685177,        1,  327685177,  327685177
 30747,   104,   45000000,  350549811,        1,  305549811,  305549811
 30747,   105,   45000000,  439577828,        1,  394577828,  394577828
 30747,   106,   45000000,  417461903,        1,  372461903,  372461903
 30747,   107,   45000000,  395320259,        1,  350320259,  350320259
 30747,   108,   45000000,  445041080,        1,  400041080,  400041080
 30747,   109,   45000000,  422891432,        1,  377891432,  377891432
 30747,   110,   45000000,  400749878,        1,  355749878,  355749878
 30747,   111,   45000000,  378883773,        1,  333883773,  333883773
 30747,   112,   45000000,  356736209,        1,  311736209,  311736209
 30747,   113,   45000000,  334590194,        1,  289590194,  289590194
 30747,   114,   45000000,  312432308,        1,  267432308,  267432308
 30747,   115,   45000000,  290266075,        1,  245266075,  245266075
 30747,   116,   45000000,  268125005,        1,  223125005,  223125005
 30747,   117,   45000000,  246254318,        1,  201254318,  201254318
 30747,   118,   45000000,  224097936,        1,  179097936,  179097936
 30747,   119,   45000000,  219756093,        1,  174756093,  174756093
 30747,   120,   45000000,  197637546,        1,  152637546,  152637546
 30747,   121,   45000000,  276842763,        1,  231842763,  231842763
 30747,   122,   45000000,  254476611,        1,  209476611,  209476611
 30747,   123,   45000000,  232479259,        1,  187479259,  187479259
 30747,   124,   45000000,  210336097,        1,  165336097,  165336097
 30747,   125,   45000000,  214205020,        1,  169205020,  169205020
 30747,   126,   45000000,  243425516,        1,  198425516,  198425516
 30747,   127,   45000000,  355037705,        1,  310037705,  310037705
 30747,   128,   45000000,  422036241,        1,  377036241,  377036241
 30747,   129,   45000000,  399880922,        1,  354880922,  354880922
 30747,   130,   45000000,  377737950,        1,  332737950,  332737950
 30747,   131,   45000000,  355884749,        1,  310884749,  310884749
 30747,   132,   45000000,  347903302,        1,  302903302,  302903302
 30747,   133,   45000000,  325772772,        1,  280772772,  280772772
 30747,   134,   45000000,  303621208,        1,  258621208,  258621208
 30747,   135,   45000000,  281460305,        1,  236460305,  236460305
 30747,   136,   45000000,  259584088,        1,  214584088,  214584088
 30747,   137,   45000000,  237432524,        1,  192432524,  192432524
 30747,   138,   45000000,  215289624,        1,  170289624,  170289624
 30747,   139,   45000000,  193140853,        1,  148140853,  148140853
 30747,   140,   45000000,  170983224,        1,  125983224,  125983224
 30747,   141,   45000000,  148834538,        1,  103834538,  103834538
 30747,   142,   45000000,  142796042,        1,   97796042,   97796042
 30747,   143,   45000000,  165078421,        1,  120078421,  120078421
 30747,   144,   45000000,  143253383,        1,   98253383,   98253383
 30747,   145,   45000000,  121130969,        1,   76130969,   76130969
 30747,   146,   45000000,   98959178,        1,   53959178,   53959178
 30747,   147,   45000000,   76796379,        1,   31796379,   31796379
 30747,   148,   45000000,   54636683,        1,    9636683,    9636683
 30747,   149,   45000000,   32472923,        0,  -12527077,          0
 30747,   150,   45000000,  229120588,        1,  184120588,  184120588
 30747,   151,   45000000,  207297409,        1,  162297409,  162297409
 30747,   152,   45000000,  185181264,        1,  140181264,  140181264
 30747,   153,   45000000,  163058697,        1,  118058697,  118058697
 30747,   154,   45000000,  140921718,        1,   95921718,   95921718
 30747,   155,   45000000,  118785440,        1,   73785440,   73785440
 30747,   156,   45000000,   96632956,        1,   51632956,   51632956
 30747,   157,   45000000,   74767880,        1,   29767880,   29767880
 30747,   158,   45000000,   52617306,        1,    7617306,    7617306
 30747,   159,   45000000,   30466554,        0,  -14533446,          0
 30747,   160,   45000000,  189952887,        1,  144952887,  144952887
 30747,   161,   45000000,  167853279,        1,  122853279,  122853279
 30747,   162,   45000000,  145746467,        1,  100746467,  100746467
 30747,   163,   45000000,  123639139,        1,   78639139,   78639139
 30747,   164,   45000000,  101503932,        1,   56503932,   56503932
 30747,   165,   45000000,   79644487,        1,   34644487,   34644487
 30747,   166,   45000000,   57505804,        1,   12505804,   12505804
 30747,   167,   45000000,   35356615,        0,   -9643385,          0
 30747,   168,   45000000,   30794604,        0,  -14205396,          0
 30747,   169,   45000000,   53049706,        1,    8049706,    8049706
 30747,   170,   45000000,   30935721,        0,  -14064279,          0
 30747,   171,   45000000,   34832848,        0,  -10167152,          0
 30747,   172,   45000000,  196357814,        1,  151357814,  151357814
 30747,   173,   45000000,  203723650,        1,  158723650,  158723650
 30747,   174,   45000000,  181894899,        1,  136894899,  136894899
 30747,   175,   45000000,  159792746,        1,  114792746,  114792746
 30747,   176,   45000000,  137676141,        1,   92676141,   92676141
 30747,   177,   45000000,  115539238,        1,   70539238,   70539238
 30747,   178,   45000000,   93387435,        1,   48387435,   48387435
 30747,   179,   45000000,   71521211,        1,   26521211,   26521211
 30747,   180,   45000000,   68881639,        1,   23881639,   23881639
 30747,   181,   45000000,   46755855,        1,    1755855,    1755855
 30747,   182,   45000000,   24633334,        0,  -20366666,          0
 30747,   183,   45000000,   89406475,        1,   44406475,   44406475
 30747,   184,   45000000,   72221988,        1,   27221988,   27221988
 30747,   185,   45000000,   50390102,        1,    5390102,    5390102
 30747,   186,   45000000,   28258016,        0,  -16741984,          0
 30747,   187,   45000000,  158846633,        1,  113846633,  113846633
 30747,   188,   45000000,  136731398,        1,   91731398,   91731398
 30747,   189,   45000000,  127613159,        1,   82613159,   82613159
 30747,   190,   45000000,  131483704,        1,   86483704,   86483704
 30747,   191,   45000000,  135382583,        1,   90382583,   90382583
 30747,   192,   45000000,  131484686,        1,   86484686,   86484686
 30747,   193,   45000000,  134395171,        1,   89395171,   89395171
 30747,   194,   45000000,  165176704,        1,  120176704,  120176704
 30747,   195,   45000000,  184609695,        1,  139609695,  139609695
 30747,   196,   45000000,  162496352,        1,  117496352,  117496352
 30747,   197,   45000000,  140654272,        1,   95654272,   95654272
 30747,   198,   45000000,  168098206,        1,  123098206,  123098206
 30747,   199,   45000000,  145983737,        1,  100983737,  100983737
 30747,   200,   45000000,  124165815,        1,   79165815,   79165815
 30747,   201,   45000000,  102041430,        1,   57041430,   57041430
 30747,   202,   45000000,   79889583,        1,   34889583,   34889583
 30747,   203,   45000000,   57741166,        1,   12741166,   12741166
 30747,   204,   45000000,  166474150,        1,  121474150,  121474150
 30747,   205,   45000000,  144351317,        1,   99351317,   99351317
 30747,   206,   45000000,  171898889,        1,  126898889,  126898889
 30747,   207,   45000000,  151685560,        1,  106685560,  106685560
 30747,   208,   45000000,  129550886,        1,   84550886,   84550886
 30747,   209,   45000000,  107699654,        1,   62699654,   62699654
 30747,   210,   45000000,  186470198,        1,  141470198,  141470198
 30747,   211,   45000000,  164332387,        1,  119332387,  119332387
 30747,   212,   45000000,  142171577,        1,   97171577,   97171577
 30747,   213,   45000000,  120001788,        1,   75001788,   75001788
 30747,   214,   45000000,  117639981,        1,   72639981,   72639981
 30747,   215,   45000000,   95491790,        1,   50491790,   50491790
 30747,   216,   45000000,   73342353,        1,   28342353,   28342353
 30747,   217,   45000000,   51180083,        1,    6180083,    6180083
 30747,   218,   45000000,   29022955,        0,  -15977045,          0
 30747,   219,   45000000,   35933918,        0,   -9066082,          0
 30747,   220,   45000000,  127662804,        1,   82662804,   82662804
 30747,   221,   45000000,  237037687,        1,  192037687,  192037687
 30747,   222,   45000000,  214916289,        1,  169916289,  169916289
 30747,   223,   45000000,  192794709,        1,  147794709,  147794709
 30747,   224,   45000000,  170943222,        1,  125943222,  125943222
 30747,   225,   45000000,  148822768,        1,  103822768,  103822768
 30747,   226,   45000000,  126686150,        1,   81686150,   81686150
# task NAME=myapp PID=30750 COST=55167000 PERIOD=92000000 CPU=0
 30750,     2,   92000000,      12484,        0,  -91987516,          0
 30750,     3,   92000000,     805769,        0,  -91194231,          0
 30750,     4,   92000000,   58955206,        0,  -33044794,          0
 30750,     5,   92000000,  125579681,        1,   33579681,   33579681
 30750,     6,   92000000,  172520240,        1,   80520240,   80520240
 30750,     7,   92000000,  135355640,        1,   43355640,   43355640
 30750,     8,   92000000,  127937156,        1,   35937156,   35937156
 30750,     9,   92000000,  204030671,        1,  112030671,  112030671
 30750,    10,   92000000,  181095353,        1,   89095353,   89095353
 30750,    11,   92000000,  216621674,        1,  124621674,  124621674
 30750,    12,   92000000,  286158997,        1,  194158997,  194158997
 30750,    13,   92000000,  248659950,        1,  156659950,  156659950
 30750,    14,   92000000,  211248619,        1,  119248619,  119248619
 30750,    15,   92000000,  174120503,        1,   82120503,   82120503
 30750,    16,   92000000,  201836254,        1,  109836254,  109836254
 30750,    17,   92000000,  164430250,        1,   72430250,   72430250
 30750,    18,   92000000,  198845470,        1,  106845470,  106845470
 30750,    19,   92000000,  440490296,        1,  348490296,  348490296
 30750,    20,   92000000,  403027796,        1,  311027796,  311027796
 30750,    21,   92000000,  414196931,        1,  322196931,  322196931
 30750,    22,   92000000,  482014506,        1,  390014506,  390014506
 30750,    23,   92000000,  459695281,        1,  367695281,  367695281
 30750,    24,   92000000,  422215136,        1,  330215136,  330215136
 30750,    25,   92000000,  405555891,        1,  313555891,  313555891
 30750,    26,   92000000,  493339132,        1,  401339132,  401339132
 30750,    27,   92000000,  469155186,        1,  377155186,  377155186
 30750,    28,   92000000,  473718504,        1,  381718504,  381718504
 30750,    29,   92000000,  542577752,        1,  450577752,  450577752
 30750,    30,   92000000,  582894022,        1,  490894022,  490894022
 30750,    31,   92000000,  546047461,        1,  454047461,  454047461
 30750,    32,   92000000,  566042367,        1,  474042367,  474042367
 30750,    33,   92000000,  528950684,        1,  436950684,  436950684
 30750,    34,   92000000,  491504985,        1,  399504985,  399504985
 30750,    35,   92000000,  454358581,        1,  362358581,  362358581
 30750,    36,   92000000,  416938958,        1,  324938958,  324938958
 30750,    37,   92000000,  379777343,        1,  287777343,  287777343
 30750,    38,   92000000,  519738013,        1,  427738013,  427738013
 30750,    39,   92000000,  491594325,        1,  399594325,  399594325
 30750,    40,   92000000,  454121326,        1,  362121326,  362121326
 30750,    41,   92000000,  416962470,        1,  324962470,  324962470
 30750,    42,   92000000,  379557435,        1,  287557435,  287557435
 30750,    43,   92000000,  342409363,        1,  250409363,  250409363
 30750,    44,   92000000,  304944491,        1,  212944491,  212944491
 30750,    45,   92000000,  267767566,        1,  175767566,  175767566
 30750,    46,   92000000,  230308895,        1,  138308895,  138308895
 30750,    47,   92000000,  193151086,        1,  101151086,  101151086
 30750,    48,   92000000,  197745719,        1,  105745719,  105745719
 30750,    49,   92000000,  199070869,        1,  107070869,  107070869
 30750,    50,   92000000,  161615522,        1,   69615522,   69615522
 30750,    51,   92000000,  143279869,        1,   51279869,   51279869
 30750,    52,   92000000,  106130821,        1,   14130821,   14130821
 30750,    53,   92000000,  131286060,        1,   39286060,   39286060
 30750,    54,   92000000,  180035570,        1,   88035570,   88035570
 30750,    55,   92000000,  142635522,        1,   50635522,   50635522
 30750,    56,   92000000,  170508082,        1,   78508082,   78508082
 30750,    57,   92000000,  328026965,        1,  236026965,  236026965
 30750,    58,   92000000,  290584684,        1,  198584684,  198584684
 30750,    59,   92000000,  253432496,        1,  161432496,  161432496
 30750,    60,   92000000,  216016063,        1,  124016063,  124016063
 30750,    61,   92000000,  178887376,        1,   86887376,   86887376
 30750,    62,   92000000,  185564321,        1,   93564321,   93564321
 30750,    63,   92000000,  148135195,        1,   56135195,   56135195
 30750,    64,   92000000,  110648836,        1,   18648836,   18648836
 30750,    65,   92000000,   73446752,        0,  -18553248,          0
 30750,    66,   92000000,   55590682,        0,  -36409318,          0
 30750,    67,   92000000,  128362810,        1,   36362810,   36362810
 30750,    68,   92000000,  195998839,        1,  103998839,  103998839
 30750,    69,   92000000,  238640798,        1,  146640798,  146640798
 30750,    70,   92000000,  253260863,        1,  161260863,  161260863
 30750,    71,   92000000,  236059100,        1,  144059100,  144059100
 30750,    72,   92000000,  265170005,        1,  173170005,  173170005
 30750,    73,   92000000,  227704415,        1,  135704415,  135704415
 30750,    74,   92000000,  190244796,        1,   98244796,   98244796
 30750,    75,   92000000,  213149419,        1,  121149419,  121149419
 30750,    76,   92000000,  175986105,        1,   83986105,   83986105
 30750,    77,   92000000,  138526877,        1,   46526877,   46526877
 30750,    78,   92000000,  202371529,        1,  110371529,  110371529
 30750,    79,   92000000,  220958979,        1,  128958979,  128958979
 30750,    80,   92000000,  210911778,        1,  118911778,  118911778
 30750,    81,   92000000,  274150973,        1,  182150973,  182150973
 30750,    82,   92000000,  236933019,        1,  144933019,  144933019
 30750,    83,   92000000,  245943338,        1,  153943338,  153943338
 30750,    84,   92000000,  208705951,        1,  116705951,  116705951
 30750,    85,   92000000,  171244842,        1,   79244842,   79244842
 30750,    86,   92000000,  134056097,        1,   42056097,   42056097
 30750,    87,   92000000,  125269373,        1,   33269373,   33269373
 30750,    88,   92000000,  158214225,        1,   66214225,   66214225
 30750,    89,   92000000,  246973878,        1,  154973878,  154973878
 30750,    90,   92000000,  258646137,        1,  166646137,  166646137
 30750,    91,   92000000,  253315534,        1,  161315534,  161315534
 30750,    92,   92000000,  267405121,        1,  175405121,  175405121
 30750,    93,   92000000,  266633294,        1,  174633294,  174633294
 30750,    94,   92000000,  231962563,        1,  139962563,  139962563
 30750,    95,   92000000,  259079402,        1,  167079402,  167079402
 30750,    96,   92000000,  221889247,        1,  129889247,  129889247
 30750,    97,   92000000,  270791442,        1,  178791442,  178791442
 30750,    98,   92000000,  244456129,        1,  152456129,  152456129
 30750,    99,   92000000,  346402244,        1,  254402244,  254402244
 30750,   100,   92000000,  309617561,        1,  217617561,  217617561
 30750,   101,   92000000,  272383789,        1,  180383789,  180383789
 30750,   102,   92000000,  476356899,        1,  384356899,  384356899
 30750,   103,   92000000,  439142780,        1,  347142780,  347142780
 30750,   104,   92000000,  401629107,        1,  309629107,  309629107
 30750,   105,   92000000,  364410718,        1,  272410718,  272410718
 30750,   106,   92000000,  332915708,        1,  240915708,  240915708
 30750,   107,   92000000,  295688777,        1,  203688777,  203688777
 30750,   108,   92000000,  258163239,        1,  166163239,  166163239
 30750,   109,   92000000,  414275212,        1,  322275212,  322275212
 30750,   110,   92000000,  376807961,        1,  284807961,  284807961
 30750,   111,   92000000,  339601186,        1,  247601186,  247601186
 30750,   112,   92000000,  302067469,        1,  210067469,  210067469
# task NAME=myapp PID=30755 COST=142000 PERIOD=22000000 CPU=0
 30755,     2,   22000000,      22260,        0,  -21977740,          0
 30755,     3,   22000000,     832184,        0,  -21167816,          0
 30755,     4,   22000000,     224020,        0,  -21775980,          0
 30755,     5,   22000000,     173652,        0,  -21826348,          0
 30755,     6,   22000000,     169996,        0,  -21830004,          0
 30755,     7,   22000000,     191399,        0,  -21808601,          0
 30755,     8,   22000000,    2035474,        0,  -19964526,          0
 30755,     9,   22000000,    6180949,        0,  -15819051,          0
 30755,    10,   22000000,    3471859,        0,  -18528141,          0
 30755,    11,   22000000,    9503695,        0,  -12496305,          0
 30755,    12,   22000000,   22261046,        1,     261046,     261046
 30755,    13,   22000000,     410850,        0,  -21589150,          0
 30755,    14,   22000000,     177204,        0,  -21822796,          0
 30755,    15,   22000000,    7257983,        0,  -14742017,          0
 30755,    16,   22000000,    6174321,        0,  -15825679,          0
 30755,    17,   22000000,    1475300,        0,  -20524700,          0
 30755,    18,   22000000,   10271696,        0,  -11728304,          0
 30755,    19,   22000000,    3543668,        0,  -18456332,          0
 30755,    20,   22000000,    3845084,        0,  -18154916,          0
 30755,    21,   22000000,    8600801,        0,  -13399199,          0
 30755,    22,   22000000,   11622896,        0,  -10377104,          0
 30755,    23,   22000000,     182154,        0,  -21817846,          0
 30755,    24,   22000000,     171958,        0,  -21828042,          0
 30755,    25,   22000000,     179424,        0,  -21820576,          0
 30755,    26,   22000000,     179769,        0,  -21820231,          0
 30755,    27,   22000000,     183756,        0,  -21816244,          0
 30755,    28,   22000000,     184795,        0,  -21815205,          0
 30755,    29,   22000000,     185251,        0,  -21814749,          0
 30755,    30,   22000000,    1097425,        0,  -20902575,          0
 30755,    31,   22000000,     182845,        0,  -21817155,          0
 30755,    32,   22000000,    2460769,        0,  -19539231,          0
 30755,    33,   22000000,     448694,        0,  -21551306,          0
 30755,    34,   22000000,    9465044,        0,  -12534956,          0
 30755,    35,   22000000,   10449843,        0,  -11550157,          0
 30755,    36,   22000000,     175935,        0,  -21824065,          0
 30755,    37,   22000000,   11368614,        0,  -10631386,          0
 30755,    38,   22000000,    2498458,        0,  -19501542,          0
 30755,    39,   22000000,    8138208,        0,  -13861792,          0
 30755,    40,   22000000,    1331683,        0,  -20668317,          0
 30755,    41,   22000000,    1597711,        0,  -20402289,          0
 30755,    42,   22000000,   10157793,        0,  -11842207,          0
 30755,    43,   22000000,    3449274,        0,  -18550726,          0
 30755,    44,   22000000,    3459759,        0,  -18540241,          0
 30755,    45,   22000000,    9889711,        0,  -12110289,          0
 30755,    46,   22000000,    3898955,        0,  -18101045,          0
 30755,    47,   22000000,    2261695,        0,  -19738305,          0
 30755,    48,   22000000,    8593014,        0,  -13406986,          0
 30755,    49,   22000000,    2906662,        0,  -19093338,          0
 30755,    50,   22000000,    1305066,        0,  -20694934,          0
 30755,    51,   22000000,    2474031,        0,  -19525969,          0
 30755,    52,   22000000,    1220067,        0,  -20779933,          0
 30755,    53,   22000000,    1471109,        0,  -20528891,          0
 30755,    54,   22000000,     647069,        0,  -21352931,          0
 30755,    55,   22000000,    1265871,        0,  -20734129,          0
 30755,    56,   22000000,    6463941,        0,  -15536059,          0
 30755,    57,   22000000,     449919,        0,  -21550081,          0
 30755,    58,   22000000,    3460455,        0,  -18539545,          0
 30755,    59,   22000000,    1451617,        0,  -20548383,          0
 30755,    60,   22000000,    2463678,        0,  -19536322,          0
 30755,    61,   22000000,     456351,        0,  -21543649,          0
 30755,    62,   22000000,    2456477,        0,  -19543523,          0
 30755,    63,   22000000,   11173465,        0,  -10826535,          0
 30755,    64,   22000000,     175091,        0,  -21824909,          0
 30755,    65,   22000000,     174195,        0,  -21825805,          0
 30755,    66,   22000000,    2111372,        0,  -19888628,          0
 30755,    67,   22000000,     187376,        0,  -21812624,          0
 30755,    68,   22000000,    2474076,        0,  -19525924,          0
 30755,    69,   22000000,     478532,        0,  -21521468,          0
 30755,    70,   22000000,    1198828,        0,  -20801172,          0
 30755,    71,   22000000,    1556951,        0,  -20443049,          0
 30755,    72,   22000000,     191785,        0,  -21808215,          0
 30755,    73,   22000000,     176336,        0,  -21823664,          0
 30755,    74,   22000000,    3479680,        0,  -18520320,          0
 30755,    75,   22000000,    6326892,        0,  -15673108,          0
 30755,    76,   22000000,     178527,        0,  -21821473,          0
 30755,    77,   22000000,     175289,        0,  -21824711,          0
 30755,    78,   22000000,     184020,        0,  -21815980,          0
 30755,    79,   22000000,     173739,        0,  -21826261,          0
 30755,    80,   22000000,     183172,        0,  -21816828,          0
 30755,    81,   22000000,     184187,        0,  -21815813,          0
 30755,    82,   22000000,     176366,        0,  -21823634,          0
 30755,    83,   22000000,     185059,        0,  -21814941,          0
 30755,    84,   22000000,     367747,        0,  -21632253,          0
 30755,    85,   22000000,     812811,        0,  -21187189,          0
 30755,    86,   22000000,    4460247,        0,  -17539753,          0
 30755,    87,   22000000,    2459584,        0,  -19540416,          0
 30755,    88,   22000000,    2594204,        0,  -19405796,          0
 30755,    89,   22000000,     175678,        0,  -21824322,          0
 30755,    90,   22000000,     171666,        0,  -21828334,          0
 30755,    91,   22000000,     169333,        0,  -21830667,          0
 30755,    92,   22000000,    4448340,        0,  -17551660,          0
 30755,    93,   22000000,    8330410,        0,  -13669590,          0
 30755,    94,   22000000,     616762,        0,  -21383238,          0
 30755,    95,   22000000,    4731699,        0,  -17268301,          0
 30755,    96,   22000000,    2375575,        0,  -19624425,          0
 30755,    97,   22000000,    3462888,        0,  -18537112,          0
 30755,    98,   22000000,    3657296,        0,  -18342704,          0
 30755,    99,   22000000,     565098,        0,  -21434902,          0
 30755,   100,   22000000,    1470093,        0,  -20529907,          0
 30755,   101,   22000000,    2247975,        0,  -19752025,          0
 30755,   102,   22000000,    4640152,        0,  -17359848,          0
 30755,   103,   22000000,    3464752,        0,  -18535248,          0
 30755,   104,   22000000,    8446023,        0,  -13553977,          0
 30755,   105,   22000000,    4597899,        0,  -17402101,          0
 30755,   106,   22000000,   10549320,        0,  -11450680,          0
 30755,   107,   22000000,     771643,        0,  -21228357,          0
 30755,   108,   22000000,    1868137,        0,  -20131863,          0
 30755,   109,   22000000,     174261,        0,  -21825739,          0
 30755,   110,   22000000,     176438,        0,  -21823562,          0
 30755,   111,   22000000,     191641,        0,  -21808359,          0
 30755,   112,   22000000,   12142789,        0,   -9857211,          0
 30755,   113,   22000000,    2801399,        0,  -19198601,          0
 30755,   114,   22000000,    6456298,        0,  -15543702,          0
 30755,   115,   22000000,     189573,        0,  -21810427,          0
 30755,   116,   22000000,     192127,        0,  -21807873,          0
 30755,   117,   22000000,     173189,        0,  -21826811,          0
 30755,   118,   22000000,    9467318,        0,  -12532682,          0
 30755,   119,   22000000,   12717626,        0,   -9282374,          0
 30755,   120,   22000000,    7448415,        0,  -14551585,          0
 30755,   121,   22000000,    3955205,        0,  -18044795,          0
 30755,   122,   22000000,    2471720,        0,  -19528280,          0
 30755,   123,   22000000,    4472703,        0,  -17527297,          0
 30755,   124,   22000000,   12323482,        0,   -9676518,          0
 30755,   125,   22000000,   16583549,        0,   -5416451,          0
 30755,   126,   22000000,     208753,        0,  -21791247,          0
 30755,   127,   22000000,    3476206,        0,  -18523794,          0
 30755,   128,   22000000,    6602422,        0,  -15397578,          0
 30755,   129,   22000000,    6722550,        0,  -15277450,          0
 30755,   130,   22000000,    2632745,        0,  -19367255,          0
 30755,   131,   22000000,    5727240,        0,  -16272760,          0
 30755,   132,   22000000,    9645730,        0,  -12354270,          0
 30755,   133,   22000000,    2246105,        0,  -19753895,          0
 30755,   134,   22000000,    7463586,        0,  -14536414,          0
 30755,   135,   22000000,    6485072,        0,  -15514928,          0
 30755,   136,   22000000,   13903679,        0,   -8096321,          0
 30755,   137,   22000000,    9449249,        0,  -12550751,          0
 30755,   138,   22000000,    3669811,        0,  -18330189,          0
 30755,   139,   22000000,    4533453,        0,  -17466547,          0
 30755,   140,   22000000,    1600579,        0,  -20399421,          0
 30755,   141,   22000000,     184480,        0,  -21815520,          0
 30755,   142,   22000000,     689509,        0,  -21310491,          0
 30755,   143,   22000000,    3501519,        0,  -18498481,          0
 30755,   144,   22000000,    4163193,        0,  -17836807,          0
 30755,   145,   22000000,     562206,        0,  -21437794,          0
 30755,   146,   22000000,   16649504,        0,   -5350496,          0
 30755,   147,   22000000,   18154206,        0,   -3845794,          0
 30755,   148,   22000000,    8804806,        0,  -13195194,          0
 30755,   149,   22000000,     183925,        0,  -21816075,          0
 30755,   150,   22000000,    4451316,        0,  -17548684,          0
 30755,   151,   22000000,   16442757,        0,   -5557243,          0
 30755,   152,   22000000,    6588897,        0,  -15411103,          0
 30755,   153,   22000000,    8827874,        0,  -13172126,          0
 30755,   154,   22000000,   11591233,        0,  -10408767,          0
 30755,   155,   22000000,    1594837,        0,  -20405163,          0
 30755,   156,   22000000,    6607023,        0,  -15392977,          0
 30755,   157,   22000000,     206849,        0,  -21793151,          0
 30755,   158,   22000000,    1165045,        0,  -20834955,          0
 30755,   159,   22000000,    1120422,        0,  -20879578,          0
 30755,   160,   22000000,    3543992,        0,  -18456008,          0
 30755,   161,   22000000,   34929084,        1,   12929084,   12929084
 30755,   162,   22000000,   13093139,        0,   -8906861,          0
 30755,   163,   22000000,    3634534,        0,  -18365466,          0
 30755,   164,   22000000,   16731796,        0,   -5268204,          0
 30755,   165,   22000000,    5095270,        0,  -16904730,          0
 30755,   166,   22000000,    6779545,        0,  -15220455,          0
 30755,   167,   22000000,   10335052,        0,  -11664948,          0
 30755,   168,   22000000,    9084640,        0,  -12915360,          0
 30755,   169,   22000000,   12596998,        0,   -9403002,          0
 30755,   170,   22000000,    5001400,        0,  -16998600,          0
 30755,   171,   22000000,    6572782,        0,  -15427218,          0
 30755,   172,   22000000,    3718282,        0,  -18281718,          0
 30755,   173,   22000000,     249034,        0,  -21750966,          0
 30755,   174,   22000000,     240160,        0,  -21759840,          0
 30755,   175,   22000000,     960857,        0,  -21039143,          0
 30755,   176,   22000000,     477189,        0,  -21522811,          0
 30755,   177,   22000000,    2599421,        0,  -19400579,          0
 30755,   178,   22000000,     429741,        0,  -21570259,          0
 30755,   179,   22000000,   11399601,        0,  -10600399,          0
 30755,   180,   22000000,    3529587,        0,  -18470413,          0
 30755,   181,   22000000,     298971,        0,  -21701029,          0
 30755,   182,   22000000,    1983329,        0,  -20016671,          0
 30755,   183,   22000000,    2472021,        0,  -19527979,          0
 30755,   184,   22000000,    3472807,        0,  -18527193,          0
 30755,   185,   22000000,     186581,        0,  -21813419,          0
 30755,   186,   22000000,     182509,        0,  -21817491,          0
 30755,   187,   22000000,     177720,        0,  -21822280,          0
 30755,   188,   22000000,     180172,        0,  -21819828,          0
 30755,   189,   22000000,     180212,        0,  -21819788,          0
 30755,   190,   22000000,     178151,        0,  -21821849,          0
 30755,   191,   22000000,    3615368,        0,  -18384632,          0
 30755,   192,   22000000,     862175,        0,  -21137825,          0
 30755,   193,   22000000,    5509732,        0,  -16490268,          0
 30755,   194,   22000000,    2659301,        0,  -19340699,          0
 30755,   195,   22000000,    3897324,        0,  -18102676,          0
 30755,   196,   22000000,   13891975,        0,   -8108025,          0
 30755,   197,   22000000,     184676,        0,  -21815324,          0
 30755,   198,   22000000,    8524374,        0,  -13475626,          0
 30755,   199,   22000000,    7450518,        0,  -14549482,          0
 30755,   200,   22000000,    2469620,        0,  -19530380,          0
 30755,   201,   22000000,    3829737,        0,  -18170263,          0
 30755,   202,   22000000,    7856316,        0,  -14143684,          0
 30755,   203,   22000000,    7125674,        0,  -14874326,          0
 30755,   204,   22000000,   11700787,        0,  -10299213,          0
 30755,   205,   22000000,   15597747,        0,   -6402253,          0
 30755,   206,   22000000,    6596945,        0,  -15403055,          0
 30755,   207,   22000000,    9623096,        0,  -12376904,          0
 30755,   208,   22000000,    7220412,        0,  -14779588,          0
 30755,   209,   22000000,    3045841,        0,  -18954159,          0
 30755,   210,   22000000,   11426450,        0,  -10573550,          0
 30755,   211,   22000000,     808328,        0,  -21191672,          0
 30755,   212,   22000000,    4687121,        0,  -17312879,          0
 30755,   213,   22000000,    2507090,        0,  -19492910,          0
 30755,   214,   22000000,    7957707,        0,  -14042293,          0
 30755,   215,   22000000,   10305822,        0,  -11694178,          0
 30755,   216,   22000000,     582253,        0,  -21417747,          0
 30755,   217,   22000000,     656080,        0,  -21343920,          0
 30755,   218,   22000000,    3251486,        0,  -18748514,          0
 30755,   219,   22000000,    1493496,        0,  -20506504,          0
 30755,   220,   22000000,    2467040,        0,  -19532960,          0
 30755,   221,   22000000,   19238232,        0,   -2761768,          0
 30755,   222,   22000000,   15357455,        0,   -6642545,          0
 30755,   223,   22000000,    1641606,        0,  -20358394,          0
 30755,   224,   22000000,     291599,        0,  -21708401,          0
 30755,   225,   22000000,    2518816,        0,  -19481184,          0
 30755,   226,   22000000,    3105035,        0,  -18894965,          0
 30755,   227,   22000000,    2483394,        0,  -19516606,          0
 30755,   228,   22000000,   19483785,        0,   -2516215,          0
 30755,   229,   22000000,     189291,        0,  -21810709,          0
 30755,   230,   22000000,   10481777,        0,  -11518223,          0
 30755,   231,   22000000,    1380285,        0,  -20619715,          0
 30755,   232,   22000000,    5113136,        0,  -16886864,          0
 30755,   233,   22000000,     187377,        0,  -21812623,          0
 30755,   234,   22000000,     181473,        0,  -21818527,          0
 30755,   235,   22000000,     180374,        0,  -21819626,          0
 30755,   236,   22000000,     182840,        0,  -21817160,          0
 30755,   237,   22000000,     180913,        0,  -21819087,          0
 30755,   238,   22000000,    2324847,        0,  -19675153,          0
 30755,   239,   22000000,    3017422,        0,  -18982578,          0
 30755,   240,   22000000,    1790238,        0,  -20209762,          0
 30755,   241,   22000000,    1806993,        0,  -20193007,          0
 30755,   242,   22000000,    4440407,        0,  -17559593,          0
 30755,   243,   22000000,    3699650,        0,  -18300350,          0
 30755,   244,   22000000,     185508,        0,  -21814492,          0
 30755,   245,   22000000,    2507539,        0,  -19492461,          0
 30755,   246,   22000000,   13449847,        0,   -8550153,          0
 30755,   247,   22000000,     194037,        0,  -21805963,          0
 30755,   248,   22000000,    9525778,        0,  -12474222,          0
 30755,   249,   22000000,    5549397,        0,  -16450603,          0
 30755,   250,   22000000,    6636187,        0,  -15363813,          0
 30755,   251,   22000000,    4486489,        0,  -17513511,          0
 30755,   252,   22000000,    8902450,        0,  -13097550,          0
 30755,   253,   22000000,     186256,        0,  -21813744,          0
 30755,   254,   22000000,    2559535,        0,  -19440465,          0
 30755,   255,   22000000,   32761713,        1,   10761713,   10761713
 30755,   256,   22000000,   10922900,        0,  -11077100,          0
 30755,   257,   22000000,     521359,        0,  -21478641,          0
 30755,   258,   22000000,     464901,        0,  -21535099,          0
 30755,   259,   22000000,     467431,        0,  -21532569,          0
 30755,   260,   22000000,    1698802,        0,  -20301198,          0
 30755,   261,   22000000,    9457223,        0,  -12542777,          0
 30755,   262,   22000000,   19422285,        0,   -2577715,          0
 30755,   263,   22000000,    2773357,        0,  -19226643,          0
 30755,   264,   22000000,    8174742,        0,  -13825258,          0
 30755,   265,   22000000,    6778271,        0,  -15221729,          0
 30755,   266,   22000000,    2437769,        0,  -19562231,          0
 30755,   267,   22000000,     180365,        0,  -21819635,          0
 30755,   268,   22000000,     179040,        0,  -21820960,          0
 30755,   269,   22000000,     194340,        0,  -21805660,          0
 30755,   270,   22000000,    5104464,        0,  -16895536,          0
 30755,   271,   22000000,   23342094,        1,    1342094,    1342094
 30755,   272,   22000000,    1483087,        0,  -20516913,          0
 30755,   273,   22000000,    4546988,        0,  -17453012,          0
 30755,   274,   22000000,    1564821,        0,  -20435179,          0
 30755,   275,   22000000,     471625,        0,  -21528375,          0
 30755,   276,   22000000,   13465394,        0,   -8534606,          0
 30755,   277,   22000000,    3536394,        0,  -18463606,          0
 30755,   278,   22000000,    4469727,        0,  -17530273,          0
 30755,   279,   22000000,     171165,        0,  -21828835,          0
 30755,   280,   22000000,    1318916,        0,  -20681084,          0
 30755,   281,   22000000,    5483856,        0,  -16516144,          0
 30755,   282,   22000000,    1382031,        0,  -20617969,          0
 30755,   283,   22000000,     578480,        0,  -21421520,          0
 30755,   284,   22000000,    4801640,        0,  -17198360,          0
 30755,   285,   22000000,   10486201,        0,  -11513799,          0
 30755,   286,   22000000,    2762796,        0,  -19237204,          0
 30755,   287,   22000000,    1343749,        0,  -20656251,          0
 30755,   288,   22000000,     179317,        0,  -21820683,          0
 30755,   289,   22000000,     181459,        0,  -21818541,          0
 30755,   290,   22000000,     177944,        0,  -21822056,          0
 30755,   291,   22000000,     179273,        0,  -21820727,          0
 30755,   292,   22000000,     177916,        0,  -21822084,          0
 30755,   293,   22000000,   16545554,        0,   -5454446,          0
 30755,   294,   22000000,    7470552,        0,  -14529448,          0
 30755,   295,   22000000,    9915978,        0,  -12084022,          0
 30755,   296,   22000000,    1480183,        0,  -20519817,          0
 30755,   297,   22000000,    3389949,        0,  -18610051,          0
 30755,   298,   22000000,    1138185,        0,  -20861815,          0
 30755,   299,   22000000,    2627106,        0,  -19372894,          0
 30755,   300,   22000000,    9310421,        0,  -12689579,          0
 30755,   301,   22000000,    4319094,        0,  -17680906,          0
 30755,   302,   22000000,    3466073,        0,  -18533927,          0
 30755,   303,   22000000,    3810285,        0,  -18189715,          0
 30755,   304,   22000000,     516358,        0,  -21483642,          0
 30755,   305,   22000000,    3478665,        0,  -18521335,          0
 30755,   306,   22000000,     302217,        0,  -21697783,          0
 30755,   307,   22000000,    9882632,        0,  -12117368,          0
 30755,   308,   22000000,    9506916,        0,  -12493084,          0
 30755,   309,   22000000,    5479496,        0,  -16520504,          0
 30755,   310,   22000000,   15511481,        0,   -6488519,          0
 30755,   311,   22000000,    1468057,        0,  -20531943,          0
 30755,   312,   22000000,    3621945,        0,  -18378055,          0
 30755,   313,   22000000,    6610431,        0,  -15389569,          0
 30755,   314,   22000000,   10407824,        0,  -11592176,          0
 30755,   315,   22000000,    4468566,        0,  -17531434,          0
 30755,   316,   22000000,    2296767,        0,  -19703233,          0
 30755,   317,   22000000,    6467444,        0,  -15532556,          0
 30755,   318,   22000000,    1461511,        0,  -20538489,          0
 30755,   319,   22000000,    3585853,        0,  -18414147,          0
 30755,   320,   22000000,   21432149,        0,    -567851,          0
 30755,   321,   22000000,     177543,        0,  -21822457,          0
 30755,   322,   22000000,    4424669,        0,  -17575331,          0
 30755,   323,   22000000,    3721393,        0,  -18278607,          0
 30755,   324,   22000000,    9164502,        0,  -12835498,          0
 30755,   325,   22000000,     175270,        0,  -21824730,          0
 30755,   326,   22000000,    2685276,        0,  -19314724,          0
 30755,   327,   22000000,    7696788,        0,  -14303212,          0
 30755,   328,   22000000,   11452274,        0,  -10547726,          0
 30755,   329,   22000000,   18288230,        0,   -3711770,          0
 30755,   330,   22000000,    9273867,        0,  -12726133,          0
 30755,   331,   22000000,   18464143,        0,   -3535857,          0
 30755,   332,   22000000,    5426889,        0,  -16573111,          0
 30755,   333,   22000000,    2250455,        0,  -19749545,          0
 30755,   334,   22000000,    1495771,        0,  -20504229,          0
 30755,   335,   22000000,    2584896,        0,  -19415104,          0
 30755,   336,   22000000,   10255840,        0,  -11744160,          0
 30755,   337,   22000000,     182394,        0,  -21817606,          0
 30755,   338,   22000000,     180287,        0,  -21819713,          0
 30755,   339,   22000000,    2404626,        0,  -19595374,          0
 30755,   340,   22000000,   10487527,        0,  -11512473,          0
 30755,   341,   22000000,     193621,        0,  -21806379,          0
 30755,   342,   22000000,   21518221,        0,    -481779,          0
 30755,   343,   22000000,   21644855,        0,    -355145,          0
 30755,   344,   22000000,     204411,        0,  -21795589,          0
 30755,   345,   22000000,     326177,        0,  -21673823,          0
 30755,   346,   22000000,   16515305,        0,   -5484695,          0
 30755,   347,   22000000,     177502,        0,  -21822498,          0
 30755,   348,   22000000,    5475696,        0,  -16524304,          0
 30755,   349,   22000000,   14122368,        0,   -7877632,          0
 30755,   350,   22000000,    1803724,        0,  -20196276,          0
 30755,   351,   22000000,     186095,        0,  -21813905,          0
 30755,   352,   22000000,     177310,        0,  -21822690,          0
 30755,   353,   22000000,     174696,        0,  -21825304,          0
 30755,   354,   22000000,     174459,        0,  -21825541,          0
 30755,   355,   22000000,    3447578,        0,  -18552422,          0
 30755,   356,   22000000,    3971850,        0,  -18028150,          0
 30755,   357,   22000000,   12478013,        0,   -9521987,          0
 30755,   358,   22000000,    2563699,        0,  -19436301,          0
 30755,   359,   22000000,     194453,        0,  -21805547,          0
 30755,   360,   22000000,     182804,        0,  -21817196,          0
 30755,   361,   22000000,     163646,        0,  -21836354,          0
 30755,   362,   22000000,     178561,        0,  -21821439,          0
 30755,   363,   22000000,    3386253,        0,  -18613747,          0
 30755,   364,   22000000,    3702623,        0,  -18297377,          0
 30755,   365,   22000000,   13614058,        0,   -8385942,          0
 30755,   366,   22000000,    3472217,        0,  -18527783,          0
 30755,   367,   22000000,    2626020,        0,  -19373980,          0
 30755,   368,   22000000,   13445983,        0,   -8554017,          0
 30755,   369,   22000000,    4474285,        0,  -17525715,          0
 30755,   370,   22000000,    1475041,        0,  -20524959,          0
 30755,   371,   22000000,     175024,        0,  -21824976,          0
 30755,   372,   22000000,     181407,        0,  -21818593,          0
 30755,   373,   22000000,   14357287,        0,   -7642713,          0
 30755,   374,   22000000,     648062,        0,  -21351938,          0
 30755,   375,   22000000,    3289065,        0,  -18710935,          0
 30755,   376,   22000000,    7842038,        0,  -14157962,          0
 30755,   377,   22000000,     180278,        0,  -21819722,          0
 30755,   378,   22000000,     180626,        0,  -21819374,          0
 30755,   379,   22000000,     178928,        0,  -21821072,          0
 30755,   380,   22000000,     177974,        0,  -21822026,          0
 30755,   381,   22000000,     176777,        0,  -21823223,          0
 30755,   382,   22000000,     174492,        0,  -21825508,          0
 30755,   383,   22000000,   13821716,        0,   -8178284,          0
 30755,   384,   22000000,    3648279,        0,  -18351721,          0
 30755,   385,   22000000,    1478172,        0,  -20521828,          0
 30755,   386,   22000000,    4153511,        0,  -17846489,          0
 30755,   387,   22000000,    5470654,        0,  -16529346,          0
 30755,   388,   22000000,    5515220,        0,  -16484780,          0
 30755,   389,   22000000,    5479607,        0,  -16520393,          0
 30755,   390,   22000000,     181475,        0,  -21818525,          0
 30755,   391,   22000000,    2396931,        0,  -19603069,          0
 30755,   392,   22000000,    5618855,        0,  -16381145,          0
 30755,   393,   22000000,    2470989,        0,  -19529011,          0
 30755,   394,   22000000,     186023,        0,  -21813977,          0
 30755,   395,   22000000,     193717,        0,  -21806283,          0
 30755,   396,   22000000,     177593,        0,  -21822407,          0
 30755,   397,   22000000,     191572,        0,  -21808428,          0
 30755,   398,   22000000,     190915,        0,  -21809085,          0
 30755,   399,   22000000,    1560534,        0,  -20439466,          0
 30755,   400,   22000000,    1371553,        0,  -20628447,          0
 30755,   401,   22000000,    2450934,        0,  -19549066,          0
 30755,   402,   22000000,     195592,        0,  -21804408,          0
 30755,   403,   22000000,    1729211,        0,  -20270789,          0
 30755,   404,   22000000,    2756408,        0,  -19243592,          0
 30755,   405,   22000000,    1468077,        0,  -20531923,          0
 30755,   406,   22000000,     182897,        0,  -21817103,          0
 30755,   407,   22000000,     178240,        0,  -21821760,          0
 30755,   408,   22000000,     177027,        0,  -21822973,          0
 30755,   409,   22000000,     200764,        0,  -21799236,          0
 30755,   410,   22000000,   23458363,        1,    1458363,    1458363
 30755,   411,   22000000,    1599039,        0,  -20400961,          0
 30755,   412,   22000000,     185295,        0,  -21814705,          0
 30755,   413,   22000000,     191820,        0,  -21808180,          0
 30755,   414,   22000000,     195734,        0,  -21804266,          0
 30755,   415,   22000000,     192039,        0,  -21807961,          0
 30755,   416,   22000000,     185630,        0,  -21814370,          0
 30755,   417,   22000000,   16485675,        0,   -5514325,          0
 30755,   418,   22000000,    7754687,        0,  -14245313,          0
 30755,   419,   22000000,     197841,        0,  -21802159,          0
 30755,   420,   22000000,    1929875,        0,  -20070125,          0
 30755,   421,   22000000,     182956,        0,  -21817044,          0
 30755,   422,   22000000,   18477381,        0,   -3522619,          0
 30755,   423,   22000000,    3598326,        0,  -18401674,          0
 30755,   424,   22000000,    2614146,        0,  -19385854,          0
 30755,   425,   22000000,    7554855,        0,  -14445145,          0
 30755,   426,   22000000,    5834485,        0,  -16165515,          0
 30755,   427,   22000000,    4484370,        0,  -17515630,          0
 30755,   428,   22000000,    2482495,        0,  -19517505,          0
 30755,   429,   22000000,     481739,        0,  -21518261,          0
 30755,   430,   22000000,     782977,        0,  -21217023,          0
 30755,   431,   22000000,    6288068,        0,  -15711932,          0
 30755,   432,   22000000,    3618067,        0,  -18381933,          0
 30755,   433,   22000000,    5708525,        0,  -16291475,          0
 30755,   434,   22000000,     984486,        0,  -21015514,          0
 30755,   435,   22000000,    5515423,        0,  -16484577,          0
 30755,   436,   22000000,    3977208,        0,  -18022792,          0
 30755,   437,   22000000,    4979782,        0,  -17020218,          0
 30755,   438,   22000000,   12530398,        0,   -9469602,          0
 30755,   439,   22000000,     177636,        0,  -21822364,          0
 30755,   440,   22000000,    2498256,        0,  -19501744,          0
 30755,   441,   22000000,    1471007,        0,  -20528993,          0
 30755,   442,   22000000,     188718,        0,  -21811282,          0
 30755,   443,   22000000,     194016,        0,  -21805984,          0
 30755,   444,   22000000,     196300,        0,  -21803700,          0
 30755,   445,   22000000,     185067,        0,  -21814933,          0
 30755,   446,   22000000,    2469695,        0,  -19530305,          0
 30755,   447,   22000000,    2678250,        0,  -19321750,          0
 30755,   448,   22000000,    1050794,        0,  -20949206,          0
 30755,   449,   22000000,    3465551,        0,  -18534449,          0
 30755,   450,   22000000,    2483711,        0,  -19516289,          0
 30755,   451,   22000000,     403550,        0,  -21596450,          0
 30755,   452,   22000000,    3214379,        0,  -18785621,          0
 30755,   453,   22000000,    6586013,        0,  -15413987,          0
 30755,   454,   22000000,    3729063,        0,  -18270937,          0
 30755,   455,   22000000,     838901,        0,  -21161099,          0
 30755,   456,   22000000,     567701,        0,  -21432299,          0
 30755,   457,   22000000,    6529407,        0,  -15470593,          0
 30755,   458,   22000000,    1815957,        0,  -20184043,          0
