# Task,   Job,     Period,   Response, DL Miss?,   Lateness,  Tardiness
# task NAME=myapp PID=22163 COST=13023000 PERIOD=21000000 CPU=0
 22163,     2,   21000000,       8990,        0,  -20991010,          0
 22163,     3,   21000000,      65082,        0,  -20934918,          0
 22163,     4,   21000000,   25597907,        1,    4597907,    4597907
 22163,     5,   21000000,   17331174,        0,   -3668826,          0
 22163,     6,   21000000,   12774322,        0,   -8225678,          0
 22163,     7,   21000000,   13044143,        0,   -7955857,          0
 22163,     8,   21000000,   12754114,        0,   -8245886,          0
 22163,     9,   21000000,   16803407,        0,   -4196593,          0
 22163,    10,   21000000,   12815134,        0,   -8184866,          0
 22163,    11,   21000000,   12747292,        0,   -8252708,          0
 22163,    12,   21000000,   12778952,        0,   -8221048,          0
 22163,    13,   21000000,   13043533,        0,   -7956467,          0
 22163,    14,   21000000,   19261638,        0,   -1738362,          0
 22163,    15,   21000000,   12856434,        0,   -8143566,          0
 22163,    16,   21000000,   12751623,        0,   -8248377,          0
 22163,    17,   21000000,   12794068,        0,   -8205932,          0
 22163,    18,   21000000,   12754572,        0,   -8245428,          0
 22163,    19,   21000000,   14275992,        0,   -6724008,          0
 22163,    20,   21000000,   12767446,        0,   -8232554,          0
 22163,    21,   21000000,   12809895,        0,   -8190105,          0
 22163,    22,   21000000,   12868025,        0,   -8131975,          0
 22163,    23,   21000000,   12763369,        0,   -8236631,          0
 22163,    24,   21000000,   12757496,        0,   -8242504,          0
 22163,    25,   21000000,   13040522,        0,   -7959478,          0
 22163,    26,   21000000,   12772565,        0,   -8227435,          0
 22163,    27,   21000000,   12765700,        0,   -8234300,          0
 22163,    28,   21000000,   12785538,        0,   -8214462,          0
 22163,    29,   21000000,   12755391,        0,   -8244609,          0
 22163,    30,   21000000,   12746996,        0,   -8253004,          0
 22163,    31,   21000000,   13072926,        0,   -7927074,          0
 22163,    32,   21000000,   12784385,        0,   -8215615,          0
 22163,    33,   21000000,   12768646,        0,   -8231354,          0
 22163,    34,   21000000,   12803079,        0,   -8196921,          0
 22163,    35,   21000000,   12787882,        0,   -8212118,          0
 22163,    36,   21000000,   12763673,        0,   -8236327,          0
 22163,    37,   21000000,   13079331,        0,   -7920669,          0
 22163,    38,   21000000,   12747098,        0,   -8252902,          0
 22163,    39,   21000000,   12769718,        0,   -8230282,          0
 22163,    40,   21000000,   12750390,        0,   -8249610,          0
 22163,    41,   21000000,   12759829,        0,   -8240171,          0
 22163,    42,   21000000,   12783458,        0,   -8216542,          0
 22163,    43,   21000000,   13058038,        0,   -7941962,          0
 22163,    44,   21000000,   12759880,        0,   -8240120,          0
 22163,    45,   21000000,   12750214,        0,   -8249786,          0
 22163,    46,   21000000,   12760473,        0,   -8239527,          0
 22163,    47,   21000000,   12770812,        0,   -8229188,          0
 22163,    48,   21000000,   12774023,        0,   -8225977,          0
 22163,    49,   21000000,   13070210,        0,   -7929790,          0
 22163,    50,   21000000,   12758650,        0,   -8241350,          0
 22163,    51,   21000000,   12786461,        0,   -8213539,          0
 22163,    52,   21000000,   21030772,        1,      30772,      30772
 22163,    53,   21000000,   12758146,        0,   -8241854,          0
 22163,    54,   21000000,   12768509,        0,   -8231491,          0
 22163,    55,   21000000,   13060220,        0,   -7939780,          0
 22163,    56,   21000000,   36847574,        1,   15847574,   15847574
 22163,    57,   21000000,   28578629,        1,    7578629,    7578629
 22163,    58,   21000000,   20312192,        0,    -687808,          0
 22163,    59,   21000000,   12749395,        0,   -8250605,          0
 22163,    60,   21000000,   12774591,        0,   -8225409,          0
 22163,    61,   21000000,   13043025,        0,   -7956975,          0
 22163,    62,   21000000,   12756727,        0,   -8243273,          0
 22163,    63,   21000000,   12789716,        0,   -8210284,          0
 22163,    64,   21000000,   12778797,        0,   -8221203,          0
 22163,    65,   21000000,   12760294,        0,   -8239706,          0
 22163,    66,   21000000,   12786525,        0,   -8213475,          0
 22163,    67,   21000000,   13068751,        0,   -7931249,          0
 22163,    68,   21000000,   12768313,        0,   -8231687,          0
 22163,    69,   21000000,   12755967,        0,   -8244033,          0
 22163,    70,   21000000,   12784430,        0,   -8215570,          0
 22163,    71,   21000000,   12755162,        0,   -8244838,          0
 22163,    72,   21000000,   12750947,        0,   -8249053,          0
 22163,    73,   21000000,   12813468,        0,   -8186532,          0
 22163,    74,   21000000,   12776315,        0,   -8223685,          0
 22163,    75,   21000000,   12770941,        0,   -8229059,          0
 22163,    76,   21000000,   12773137,        0,   -8226863,          0
 22163,    77,   21000000,   12769928,        0,   -8230072,          0
 22163,    78,   21000000,   12770024,        0,   -8229976,          0
 22163,    79,   21000000,   12768244,        0,   -8231756,          0
 22163,    80,   21000000,   12820874,        0,   -8179126,          0
 22163,    81,   21000000,   12752617,        0,   -8247383,          0
 22163,    82,   21000000,   12753941,        0,   -8246059,          0
 22163,    83,   21000000,   12764457,        0,   -8235543,          0
 22163,    84,   21000000,   26119175,        1,    5119175,    5119175
 22163,    85,   21000000,   17853408,        0,   -3146592,          0
 22163,    86,   21000000,   12775640,        0,   -8224360,          0
 22163,    87,   21000000,   12755999,        0,   -8244001,          0
 22163,    88,   21000000,   12756124,        0,   -8243876,          0
 22163,    89,   21000000,   30857813,        1,    9857813,    9857813
 22163,    90,   21000000,   22869872,        1,    1869872,    1869872
 22163,    91,   21000000,   14601490,        0,   -6398510,          0
 22163,    92,   21000000,   12758000,        0,   -8242000,          0
 22163,    93,   21000000,   12748095,        0,   -8251905,          0
 22163,    94,   21000000,   25826735,        1,    4826735,    4826735
 22163,    95,   21000000,   17557387,        0,   -3442613,          0
 22163,    96,   21000000,   12751288,        0,   -8248712,          0
 22163,    97,   21000000,   12759412,        0,   -8240588,          0
 22163,    98,   21000000,   12771656,        0,   -8228344,          0
 22163,    99,   21000000,   39076657,        1,   18076657,   18076657
 22163,   100,   21000000,   30801762,        1,    9801762,    9801762
 22163,   101,   21000000,   22527881,        1,    1527881,    1527881
 22163,   102,   21000000,   14257918,        0,   -6742082,          0
 22163,   103,   21000000,   12794705,        0,   -8205295,          0
 22163,   104,   21000000,   12800026,        0,   -8199974,          0
 22163,   105,   21000000,   12857020,        0,   -8142980,          0
 22163,   106,   21000000,   12796353,        0,   -8203647,          0
 22163,   107,   21000000,   12798191,        0,   -8201809,          0
 22163,   108,   21000000,   12784682,        0,   -8215318,          0
 22163,   109,   21000000,   12798678,        0,   -8201322,          0
 22163,   110,   21000000,   12773401,        0,   -8226599,          0
 22163,   111,   21000000,   12781184,        0,   -8218816,          0
 22163,   112,   21000000,   12761825,        0,   -8238175,          0
 22163,   113,   21000000,   16894406,        0,   -4105594,          0
 22163,   114,   21000000,   12784236,        0,   -8215764,          0
 22163,   115,   21000000,   12780390,        0,   -8219610,          0
 22163,   116,   21000000,   12761560,        0,   -8238440,          0
 22163,   117,   21000000,   22899813,        1,    1899813,    1899813
 22163,   118,   21000000,   14643766,        0,   -6356234,          0
 22163,   119,   21000000,   12759945,        0,   -8240055,          0
 22163,   120,   21000000,   12779277,        0,   -8220723,          0
 22163,   121,   21000000,   12789410,        0,   -8210590,          0
 22163,   122,   21000000,   12752488,        0,   -8247512,          0
 22163,   123,   21000000,   15041489,        0,   -5958511,          0
 22163,   124,   21000000,   12801979,        0,   -8198021,          0
 22163,   125,   21000000,   12754850,        0,   -8245150,          0
 22163,   126,   21000000,   13047507,        0,   -7952493,          0
 22163,   127,   21000000,   12780994,        0,   -8219006,          0
 22163,   128,   21000000,   12792384,        0,   -8207616,          0
 22163,   129,   21000000,   12800686,        0,   -8199314,          0
 22163,   130,   21000000,   12780593,        0,   -8219407,          0
 22163,   131,   21000000,   28935924,        1,    7935924,    7935924
 22163,   132,   21000000,   20964005,        0,     -35995,          0
 22163,   133,   21000000,   12758001,        0,   -8241999,          0
 22163,   134,   21000000,   12793159,        0,   -8206841,          0
 22163,   135,   21000000,   12766946,        0,   -8233054,          0
 22163,   136,   21000000,   12798217,        0,   -8201783,          0
 22163,   137,   21000000,   23014149,        1,    2014149,    2014149
 22163,   138,   21000000,   15038899,        0,   -5961101,          0
 22163,   139,   21000000,   12749843,        0,   -8250157,          0
 22163,   140,   21000000,   12764266,        0,   -8235734,          0
 22163,   141,   21000000,   12774182,        0,   -8225818,          0
 22163,   142,   21000000,   20967529,        0,     -32471,          0
 22163,   143,   21000000,   12752998,        0,   -8247002,          0
 22163,   144,   21000000,   13078124,        0,   -7921876,          0
 22163,   145,   21000000,   12764884,        0,   -8235116,          0
 22163,   146,   21000000,   12773906,        0,   -8226094,          0
 22163,   147,   21000000,   12782560,        0,   -8217440,          0
 22163,   148,   21000000,   12794328,        0,   -8205672,          0
 22163,   149,   21000000,   12780380,        0,   -8219620,          0
 22163,   150,   21000000,   13076956,        0,   -7923044,          0
 22163,   151,   21000000,   12814286,        0,   -8185714,          0
 22163,   152,   21000000,   12765580,        0,   -8234420,          0
 22163,   153,   21000000,   12769695,        0,   -8230305,          0
 22163,   154,   21000000,   12752631,        0,   -8247369,          0
 22163,   155,   21000000,   12879642,        0,   -8120358,          0
 22163,   156,   21000000,   13060505,        0,   -7939495,          0
 22163,   157,   21000000,   12790900,        0,   -8209100,          0
 22163,   158,   21000000,   12779356,        0,   -8220644,          0
 22163,   159,   21000000,   12803360,        0,   -8196640,          0
 22163,   160,   21000000,   12806235,        0,   -8193765,          0
 22163,   161,   21000000,   12765352,        0,   -8234648,          0
 22163,   162,   21000000,   13043875,        0,   -7956125,          0
 22163,   163,   21000000,   12760075,        0,   -8239925,          0
 22163,   164,   21000000,   12782088,        0,   -8217912,          0
 22163,   165,   21000000,   22856326,        1,    1856326,    1856326
 22163,   166,   21000000,   14600833,        0,   -6399167,          0
 22163,   167,   21000000,   12751457,        0,   -8248543,          0
 22163,   168,   21000000,   13065446,        0,   -7934554,          0
 22163,   169,   21000000,   12789053,        0,   -8210947,          0
 22163,   170,   21000000,   12805700,        0,   -8194300,          0
 22163,   171,   21000000,   12760562,        0,   -8239438,          0
 22163,   172,   21000000,   12780317,        0,   -8219683,          0
 22163,   173,   21000000,   12787441,        0,   -8212559,          0
 22163,   174,   21000000,   13103401,        0,   -7896599,          0
 22163,   175,   21000000,   13036071,        0,   -7963929,          0
 22163,   176,   21000000,   12764043,        0,   -8235957,          0
 22163,   177,   21000000,   12770288,        0,   -8229712,          0
 22163,   178,   21000000,   12781933,        0,   -8218067,          0
 22163,   179,   21000000,   12796598,        0,   -8203402,          0
 22163,   180,   21000000,   13054577,        0,   -7945423,          0
 22163,   181,   21000000,   12769827,        0,   -8230173,          0
 22163,   182,   21000000,   31751813,        1,   10751813,   10751813
 22163,   183,   21000000,   23492926,        1,    2492926,    2492926
 22163,   184,   21000000,   15241410,        0,   -5758590,          0
 22163,   185,   21000000,   12761988,        0,   -8238012,          0
 22163,   186,   21000000,   13056056,        0,   -7943944,          0
 22163,   187,   21000000,   12787679,        0,   -8212321,          0
 22163,   188,   21000000,   12770621,        0,   -8229379,          0
 22163,   189,   21000000,   12766979,        0,   -8233021,          0
 22163,   190,   21000000,   12765850,        0,   -8234150,          0
 22163,   191,   21000000,   12763649,        0,   -8236351,          0
 22163,   192,   21000000,   13088128,        0,   -7911872,          0
 22163,   193,   21000000,   12805699,        0,   -8194301,          0
 22163,   194,   21000000,   12775572,        0,   -8224428,          0
 22163,   195,   21000000,   12768855,        0,   -8231145,          0
 22163,   196,   21000000,   12764757,        0,   -8235243,          0
 22163,   197,   21000000,   12774005,        0,   -8225995,          0
 22163,   198,   21000000,   12846692,        0,   -8153308,          0
 22163,   199,   21000000,   12776728,        0,   -8223272,          0
 22163,   200,   21000000,   12756771,        0,   -8243229,          0
 22163,   201,   21000000,   12754715,        0,   -8245285,          0
 22163,   202,   21000000,   12806627,        0,   -8193373,          0
 22163,   203,   21000000,   12803867,        0,   -8196133,          0
 22163,   204,   21000000,   12790515,        0,   -8209485,          0
 22163,   205,   21000000,   12772521,        0,   -8227479,          0
 22163,   206,   21000000,   12746813,        0,   -8253187,          0
 22163,   207,   21000000,   12762858,        0,   -8237142,          0
 22163,   208,   21000000,   12762023,        0,   -8237977,          0
 22163,   209,   21000000,   12770157,        0,   -8229843,          0
 22163,   210,   21000000,   12771397,        0,   -8228603,          0
 22163,   211,   21000000,   12765255,        0,   -8234745,          0
 22163,   212,   21000000,   38133761,        1,   17133761,   17133761
 22163,   213,   21000000,   29869605,        1,    8869605,    8869605
 22163,   214,   21000000,   21608763,        1,     608763,     608763
 22163,   215,   21000000,   13342478,        0,   -7657522,          0
 22163,   216,   21000000,   12768482,        0,   -8231518,          0
 22163,   217,   21000000,   12782754,        0,   -8217246,          0
 22163,   218,   21000000,   12761437,        0,   -8238563,          0
 22163,   219,   21000000,   12759018,        0,   -8240982,          0
 22163,   220,   21000000,   12778330,        0,   -8221670,          0
 22163,   221,   21000000,   12752292,        0,   -8247708,          0
 22163,   222,   21000000,   12761120,        0,   -8238880,          0
 22163,   223,   21000000,   12777922,        0,   -8222078,          0
 22163,   224,   21000000,   12748682,        0,   -8251318,          0
 22163,   225,   21000000,   12789076,        0,   -8210924,          0
 22163,   226,   21000000,   12757224,        0,   -8242776,          0
 22163,   227,   21000000,   12760182,        0,   -8239818,          0
 22163,   228,   21000000,   12787363,        0,   -8212637,          0
 22163,   229,   21000000,   12770232,        0,   -8229768,          0
 22163,   230,   21000000,   12773733,        0,   -8226267,          0
 22163,   231,   21000000,   12749504,        0,   -8250496,          0
 22163,   232,   21000000,   12768067,        0,   -8231933,          0
 22163,   233,   21000000,   12750899,        0,   -8249101,          0
 22163,   234,   21000000,   12764793,        0,   -8235207,          0
 22163,   235,   21000000,   12792047,        0,   -8207953,          0
 22163,   236,   21000000,   12777427,        0,   -8222573,          0
 22163,   237,   21000000,   12754762,        0,   -8245238,          0
 22163,   238,   21000000,   12786157,        0,   -8213843,          0
 22163,   239,   21000000,   12755540,        0,   -8244460,          0
 22163,   240,   21000000,   12758117,        0,   -8241883,          0
 22163,   241,   21000000,   12802457,        0,   -8197543,          0
 22163,   242,   21000000,   12772266,        0,   -8227734,          0
 22163,   243,   21000000,   12776738,        0,   -8223262,          0
 22163,   244,   21000000,   12765163,        0,   -8234837,          0
 22163,   245,   21000000,   13101391,        0,   -7898609,          0
 22163,   246,   21000000,   12813471,        0,   -8186529,          0
 22163,   247,   21000000,   12753326,        0,   -8246674,          0
 22163,   248,   21000000,   12769720,        0,   -8230280,          0
 22163,   249,   21000000,   39795838,        1,   18795838,   18795838
 22163,   250,   21000000,   31540451,        1,   10540451,   10540451
 22163,   251,   21000000,   23559928,        1,    2559928,    2559928
 22163,   252,   21000000,   15294998,        0,   -5705002,          0
 22163,   253,   21000000,   12750882,        0,   -8249118,          0
 22163,   254,   21000000,   12747148,        0,   -8252852,          0
 22163,   255,   21000000,   12782159,        0,   -8217841,          0
 22163,   256,   21000000,   12759647,        0,   -8240353,          0
 22163,   257,   21000000,   13038056,        0,   -7961944,          0
 22163,   258,   21000000,   12742470,        0,   -8257530,          0
 22163,   259,   21000000,   12791738,        0,   -8208262,          0
 22163,   260,   21000000,   12885846,        0,   -8114154,          0
 22163,   261,   21000000,   12762283,        0,   -8237717,          0
 22163,   262,   21000000,   12767811,        0,   -8232189,          0
 22163,   263,   21000000,   13054540,        0,   -7945460,          0
 22163,   264,   21000000,   12750313,        0,   -8249687,          0
 22163,   265,   21000000,   12790427,        0,   -8209573,          0
 22163,   266,   21000000,   12762317,        0,   -8237683,          0
 22163,   267,   21000000,   12748732,        0,   -8251268,          0
 22163,   268,   21000000,   12749770,        0,   -8250230,          0
 22163,   269,   21000000,   13031320,        0,   -7968680,          0
 22163,   270,   21000000,   12765386,        0,   -8234614,          0
 22163,   271,   21000000,   12764449,        0,   -8235551,          0
 22163,   272,   21000000,   12751511,        0,   -8248489,          0
 22163,   273,   21000000,   12746390,        0,   -8253610,          0
 22163,   274,   21000000,   12806952,        0,   -8193048,          0
 22163,   275,   21000000,   13069165,        0,   -7930835,          0
 22163,   276,   21000000,   12790263,        0,   -8209737,          0
 22163,   277,   21000000,   12778051,        0,   -8221949,          0
 22163,   278,   21000000,   12772430,        0,   -8227570,          0
 22163,   279,   21000000,   12758747,        0,   -8241253,          0
 22163,   280,   21000000,   15468914,        0,   -5531086,          0
 22163,   281,   21000000,   13079838,        0,   -7920162,          0
 22163,   282,   21000000,   12760031,        0,   -8239969,          0
 22163,   283,   21000000,   12764131,        0,   -8235869,          0
 22163,   284,   21000000,   12810163,        0,   -8189837,          0
 22163,   285,   21000000,   12847510,        0,   -8152490,          0
 22163,   286,   21000000,   12771716,        0,   -8228284,          0
 22163,   287,   21000000,   13066766,        0,   -7933234,          0
 22163,   288,   21000000,   12800458,        0,   -8199542,          0
 22163,   289,   21000000,   12754558,        0,   -8245442,          0
 22163,   290,   21000000,   12752292,        0,   -8247708,          0
 22163,   291,   21000000,   12767276,        0,   -8232724,          0
 22163,   292,   21000000,   12755160,        0,   -8244840,          0
 22163,   293,   21000000,   13092010,        0,   -7907990,          0
 22163,   294,   21000000,   12774550,        0,   -8225450,          0
 22163,   295,   21000000,   12769370,        0,   -8230630,          0
 22163,   296,   21000000,   12748831,        0,   -8251169,          0
 22163,   297,   21000000,   12816710,        0,   -8183290,          0
 22163,   298,   21000000,   12765761,        0,   -8234239,          0
 22163,   299,   21000000,   13050992,        0,   -7949008,          0
 22163,   300,   21000000,   12752471,        0,   -8247529,          0
 22163,   301,   21000000,   12759296,        0,   -8240704,          0
 22163,   302,   21000000,   17406209,        0,   -3593791,          0
 22163,   303,   21000000,   12788778,        0,   -8211222,          0
 22163,   304,   21000000,   12794761,        0,   -8205239,          0
 22163,   305,   21000000,   13051322,        0,   -7948678,          0
 22163,   306,   21000000,   12786910,        0,   -8213090,          0
 22163,   307,   21000000,   12781717,        0,   -8218283,          0
 22163,   308,   21000000,   12768093,        0,   -8231907,          0
 22163,   309,   21000000,   12808494,        0,   -8191506,          0
 22163,   310,   21000000,   12789185,        0,   -8210815,          0
 22163,   311,   21000000,   13071431,        0,   -7928569,          0
 22163,   312,   21000000,   12757610,        0,   -8242390,          0
 22163,   313,   21000000,   12802070,        0,   -8197930,          0
 22163,   314,   21000000,   12769340,        0,   -8230660,          0
 22163,   315,   21000000,   12791665,        0,   -8208335,          0
 22163,   316,   21000000,   12789736,        0,   -8210264,          0
 22163,   317,   21000000,   13125633,        0,   -7874367,          0
 22163,   318,   21000000,   12776769,        0,   -8223231,          0
 22163,   319,   21000000,   12769412,        0,   -8230588,          0
 22163,   320,   21000000,   12761192,        0,   -8238808,          0
 22163,   321,   21000000,   12805385,        0,   -8194615,          0
 22163,   322,   21000000,   12787981,        0,   -8212019,          0
 22163,   323,   21000000,   12883552,        0,   -8116448,          0
 22163,   324,   21000000,   12758619,        0,   -8241381,          0
 22163,   325,   21000000,   12753863,        0,   -8246137,          0
 22163,   326,   21000000,   12782810,        0,   -8217190,          0
 22163,   327,   21000000,   12771294,        0,   -8228706,          0
 22163,   328,   21000000,   12756576,        0,   -8243424,          0
 22163,   329,   21000000,   12775881,        0,   -8224119,          0
 22163,   330,   21000000,   12785043,        0,   -8214957,          0
 22163,   331,   21000000,   12760101,        0,   -8239899,          0
 22163,   332,   21000000,   12766984,        0,   -8233016,          0
 22163,   333,   21000000,   12773144,        0,   -8226856,          0
 22163,   334,   21000000,   12778195,        0,   -8221805,          0
 22163,   335,   21000000,   27678977,        1,    6678977,    6678977
 22163,   336,   21000000,   19423505,        0,   -1576495,          0
 22163,   337,   21000000,   12754475,        0,   -8245525,          0
 22163,   338,   21000000,   12773938,        0,   -8226062,          0
 22163,   339,   21000000,   41621825,        1,   20621825,   20621825
 22163,   340,   21000000,   33368813,        1,   12368813,   12368813
 22163,   341,   21000000,   25116279,        1,    4116279,    4116279
 22163,   342,   21000000,   16855984,        0,   -4144016,          0
 22163,   343,   21000000,   12767644,        0,   -8232356,          0
 22163,   344,   21000000,   12764590,        0,   -8235410,          0
 22163,   345,   21000000,   12773704,        0,   -8226296,          0
 22163,   346,   21000000,   12817990,        0,   -8182010,          0
 22163,   347,   21000000,   12763760,        0,   -8236240,          0
 22163,   348,   21000000,   12780621,        0,   -8219379,          0
 22163,   349,   21000000,   12781195,        0,   -8218805,          0
 22163,   350,   21000000,   12779617,        0,   -8220383,          0
 22163,   351,   21000000,   12772561,        0,   -8227439,          0
 22163,   352,   21000000,   21205119,        1,     205119,     205119
 22163,   353,   21000000,   12936889,        0,   -8063111,          0
 22163,   354,   21000000,   12776964,        0,   -8223036,          0
 22163,   355,   21000000,   12875225,        0,   -8124775,          0
 22163,   356,   21000000,   12763644,        0,   -8236356,          0
 22163,   357,   21000000,   12772678,        0,   -8227322,          0
 22163,   358,   21000000,   12816096,        0,   -8183904,          0
 22163,   359,   21000000,   12755896,        0,   -8244104,          0
 22163,   360,   21000000,   12778673,        0,   -8221327,          0
 22163,   361,   21000000,   12772475,        0,   -8227525,          0
 22163,   362,   21000000,   12762950,        0,   -8237050,          0
 22163,   363,   21000000,   12777315,        0,   -8222685,          0
 22163,   364,   21000000,   12756023,        0,   -8243977,          0
 22163,   365,   21000000,   23215428,        1,    2215428,    2215428
 22163,   366,   21000000,   14951613,        0,   -6048387,          0
 22163,   367,   21000000,   12778154,        0,   -8221846,          0
 22163,   368,   21000000,   12754173,        0,   -8245827,          0
 22163,   369,   21000000,   12747848,        0,   -8252152,          0
 22163,   370,   21000000,   12815161,        0,   -8184839,          0
 22163,   371,   21000000,   12761503,        0,   -8238497,          0
 22163,   372,   21000000,   12783000,        0,   -8217000,          0
 22163,   373,   21000000,   12769888,        0,   -8230112,          0
 22163,   374,   21000000,   12794796,        0,   -8205204,          0
 22163,   375,   21000000,   12804428,        0,   -8195572,          0
 22163,   376,   21000000,   13058513,        0,   -7941487,          0
 22163,   377,   21000000,   12763252,        0,   -8236748,          0
 22163,   378,   21000000,   12755469,        0,   -8244531,          0
 22163,   379,   21000000,   12761085,        0,   -8238915,          0
 22163,   380,   21000000,   12776298,        0,   -8223702,          0
 22163,   381,   21000000,   12758861,        0,   -8241139,          0
 22163,   382,   21000000,   13053966,        0,   -7946034,          0
 22163,   383,   21000000,   12754627,        0,   -8245373,          0
 22163,   384,   21000000,   12778773,        0,   -8221227,          0
 22163,   385,   21000000,   12862622,        0,   -8137378,          0
 22163,   386,   21000000,   12777213,        0,   -8222787,          0
 22163,   387,   21000000,   12768636,        0,   -8231364,          0
 22163,   388,   21000000,   13048040,        0,   -7951960,          0
 22163,   389,   21000000,   12766362,        0,   -8233638,          0
 22163,   390,   21000000,   12772556,        0,   -8227444,          0
 22163,   391,   21000000,   12758774,        0,   -8241226,          0
 22163,   392,   21000000,   12769645,        0,   -8230355,          0
 22163,   393,   21000000,   12754947,        0,   -8245053,          0
 22163,   394,   21000000,   13048699,        0,   -7951301,          0
 22163,   395,   21000000,   12860685,        0,   -8139315,          0
 22163,   396,   21000000,   12769771,        0,   -8230229,          0
 22163,   397,   21000000,   12768230,        0,   -8231770,          0
 22163,   398,   21000000,   12782834,        0,   -8217166,          0
 22163,   399,   21000000,   12781451,        0,   -8218549,          0
 22163,   400,   21000000,   13035543,        0,   -7964457,          0
 22163,   401,   21000000,   12784544,        0,   -8215456,          0
 22163,   402,   21000000,   38513345,        1,   17513345,   17513345
 22163,   403,   21000000,   30265835,        1,    9265835,    9265835
 22163,   404,   21000000,   22009800,        1,    1009800,    1009800
 22163,   405,   21000000,   13743016,        0,   -7256984,          0
 22163,   406,   21000000,   13035524,        0,   -7964476,          0
 22163,   407,   21000000,   12758019,        0,   -8241981,          0
 22163,   408,   21000000,   25465525,        1,    4465525,    4465525
 22163,   409,   21000000,   17209061,        0,   -3790939,          0
 22163,   410,   21000000,   12764731,        0,   -8235269,          0
 22163,   411,   21000000,   12768461,        0,   -8231539,          0
 22163,   412,   21000000,   13050012,        0,   -7949988,          0
 22163,   413,   21000000,   12762972,        0,   -8237028,          0
 22163,   414,   21000000,   12760593,        0,   -8239407,          0
 22163,   415,   21000000,   12852764,        0,   -8147236,          0
 22163,   416,   21000000,   12765733,        0,   -8234267,          0
 22163,   417,   21000000,   12794143,        0,   -8205857,          0
 22163,   418,   21000000,   13055316,        0,   -7944684,          0
 22163,   419,   21000000,   12751977,        0,   -8248023,          0
 22163,   420,   21000000,   12775215,        0,   -8224785,          0
 22163,   421,   21000000,   12766612,        0,   -8233388,          0
 22163,   422,   21000000,   12771657,        0,   -8228343,          0
 22163,   423,   21000000,   12779751,        0,   -8220249,          0
 22163,   424,   21000000,   13068577,        0,   -7931423,          0
 22163,   425,   21000000,   12784361,        0,   -8215639,          0
 22163,   426,   21000000,   12798584,        0,   -8201416,          0
 22163,   427,   21000000,   12779470,        0,   -8220530,          0
 22163,   428,   21000000,   12766704,        0,   -8233296,          0
 22163,   429,   21000000,   12796283,        0,   -8203717,          0
 22163,   430,   21000000,   13084997,        0,   -7915003,          0
 22163,   431,   21000000,   12753662,        0,   -8246338,          0
 22163,   432,   21000000,   12775172,        0,   -8224828,          0
 22163,   433,   21000000,   12752100,        0,   -8247900,          0
 22163,   434,   21000000,   12769759,        0,   -8230241,          0
 22163,   435,   21000000,   12760757,        0,   -8239243,          0
 22163,   436,   21000000,   13058556,        0,   -7941444,          0
 22163,   437,   21000000,   12761729,        0,   -8238271,          0
 22163,   438,   21000000,   12757249,        0,   -8242751,          0
 22163,   439,   21000000,   12791700,        0,   -8208300,          0
 22163,   440,   21000000,   12781001,        0,   -8218999,          0
 22163,   441,   21000000,   12760131,        0,   -8239869,          0
 22163,   442,   21000000,   13053575,        0,   -7946425,          0
 22163,   443,   21000000,   12757069,        0,   -8242931,          0
 22163,   444,   21000000,   12763904,        0,   -8236096,          0
 22163,   445,   21000000,   12778909,        0,   -8221091,          0
 22163,   446,   21000000,   12771456,        0,   -8228544,          0
 22163,   447,   21000000,   12796771,        0,   -8203229,          0
 22163,   448,   21000000,   12911299,        0,   -8088701,          0
 22163,   449,   21000000,   12781380,        0,   -8218620,          0
 22163,   450,   21000000,   12778542,        0,   -8221458,          0
 22163,   451,   21000000,   12781782,        0,   -8218218,          0
 22163,   452,   21000000,   12799674,        0,   -8200326,          0
 22163,   453,   21000000,   12756258,        0,   -8243742,          0
 22163,   454,   21000000,   12781500,        0,   -8218500,          0
 22163,   455,   21000000,   12776594,        0,   -8223406,          0
 22163,   456,   21000000,   12781540,        0,   -8218460,          0
 22163,   457,   21000000,   15971610,        0,   -5028390,          0
 22163,   458,   21000000,   12751649,        0,   -8248351,          0
 22163,   459,   21000000,   12767821,        0,   -8232179,          0
 22163,   460,   21000000,   12772871,        0,   -8227129,          0
 22163,   461,   21000000,   12780110,        0,   -8219890,          0
 22163,   462,   21000000,   12751204,        0,   -8248796,          0
 22163,   463,   21000000,   12768524,        0,   -8231476,          0
 22163,   464,   21000000,   12812320,        0,   -8187680,          0
 22163,   465,   21000000,   12798761,        0,   -8201239,          0
 22163,   466,   21000000,   12766492,        0,   -8233508,          0
 22163,   467,   21000000,   12768339,        0,   -8231661,          0
 22163,   468,   21000000,   12783161,        0,   -8216839,          0
 22163,   469,   21000000,   12770795,        0,   -8229205,          0
 22163,   470,   21000000,   12783053,        0,   -8216947,          0
 22163,   471,   21000000,   12763592,        0,   -8236408,          0
 22163,   472,   21000000,   12774546,        0,   -8225454,          0
 22163,   473,   21000000,   12792404,        0,   -8207596,          0
 22163,   474,   21000000,   12767860,        0,   -8232140,          0
 22163,   475,   21000000,   12772981,        0,   -8227019,          0
 22163,   476,   21000000,   12761417,        0,   -8238583,          0
 22163,   477,   21000000,   12794827,        0,   -8205173,          0
 22163,   478,   21000000,   12785383,        0,   -8214617,          0
 22163,   479,   21000000,   12789302,        0,   -8210698,          0
 22163,   480,   21000000,   12787933,        0,   -8212067,          0
# task NAME=myapp PID=22166 COST=37985000 PERIOD=100000000 CPU=0
 22166,     2,  100000000,      15224,        0,  -99984776,          0
 22166,     3,  100000000,      73029,        0,  -99926971,          0
 22166,     4,  100000000,   57325094,        0,  -42674906,          0
 22166,     5,  100000000,   37441868,        0,  -62558132,          0
 22166,     6,  100000000,   37172022,        0,  -62827978,          0
 22166,     7,  100000000,   37273992,        0,  -62726008,          0
 22166,     8,  100000000,   37188468,        0,  -62811532,          0
 22166,     9,  100000000,   37173751,        0,  -62826249,          0
 22166,    10,  100000000,   37452799,        0,  -62547201,          0
 22166,    11,  100000000,   37201942,        0,  -62798058,          0
 22166,    12,  100000000,   37175664,        0,  -62824336,          0
 22166,    13,  100000000,   37193002,        0,  -62806998,          0
 22166,    14,  100000000,   37153250,        0,  -62846750,          0
 22166,    15,  100000000,   37454252,        0,  -62545748,          0
 22166,    16,  100000000,   37186120,        0,  -62813880,          0
 22166,    17,  100000000,   37287659,        0,  -62712341,          0
 22166,    18,  100000000,   37187967,        0,  -62812033,          0
 22166,    19,  100000000,   45972689,        0,  -54027311,          0
 22166,    20,  100000000,   51509655,        0,  -48490345,          0
 22166,    21,  100000000,   37173423,        0,  -62826577,          0
 22166,    22,  100000000,   39952334,        0,  -60047666,          0
 22166,    23,  100000000,   37183252,        0,  -62816748,          0
 22166,    24,  100000000,   37479713,        0,  -62520287,          0
 22166,    25,  100000000,   37460125,        0,  -62539875,          0
 22166,    26,  100000000,   38929304,        0,  -61070696,          0
 22166,    27,  100000000,   41286337,        0,  -58713663,          0
 22166,    28,  100000000,   48972535,        0,  -51027465,          0
 22166,    29,  100000000,   37217007,        0,  -62782993,          0
 22166,    30,  100000000,   41582668,        0,  -58417332,          0
 22166,    31,  100000000,   43003517,        0,  -56996483,          0
 22166,    32,  100000000,   37138806,        0,  -62861194,          0
 22166,    33,  100000000,   37205756,        0,  -62794244,          0
 22166,    34,  100000000,   37206197,        0,  -62793803,          0
 22166,    35,  100000000,   37470101,        0,  -62529899,          0
 22166,    36,  100000000,   37182966,        0,  -62817034,          0
 22166,    37,  100000000,   37295358,        0,  -62704642,          0
 22166,    38,  100000000,   37167430,        0,  -62832570,          0
 22166,    39,  100000000,   37480320,        0,  -62519680,          0
 22166,    40,  100000000,   37467503,        0,  -62532497,          0
 22166,    41,  100000000,   37176212,        0,  -62823788,          0
 22166,    42,  100000000,   37161023,        0,  -62838977,          0
 22166,    43,  100000000,   37158316,        0,  -62841684,          0
 22166,    44,  100000000,   37168274,        0,  -62831726,          0
 22166,    45,  100000000,   41786243,        0,  -58213757,          0
 22166,    46,  100000000,   37192649,        0,  -62807351,          0
 22166,    47,  100000000,   51455069,        0,  -48544931,          0
 22166,    48,  100000000,   37226355,        0,  -62773645,          0
 22166,    49,  100000000,   37202163,        0,  -62797837,          0
 22166,    50,  100000000,   37483623,        0,  -62516377,          0
 22166,    51,  100000000,   37185592,        0,  -62814408,          0
 22166,    52,  100000000,   37180410,        0,  -62819590,          0
 22166,    53,  100000000,   37180380,        0,  -62819620,          0
 22166,    54,  100000000,   37181238,        0,  -62818762,          0
 22166,    55,  100000000,   37473453,        0,  -62526547,          0
 22166,    56,  100000000,   37231655,        0,  -62768345,          0
 22166,    57,  100000000,   37263780,        0,  -62736220,          0
 22166,    58,  100000000,   37200103,        0,  -62799897,          0
 22166,    59,  100000000,   37198549,        0,  -62801451,          0
 22166,    60,  100000000,   41273645,        0,  -58726355,          0
 22166,    61,  100000000,   46238192,        0,  -53761808,          0
 22166,    62,  100000000,   37260566,        0,  -62739434,          0
 22166,    63,  100000000,   37185254,        0,  -62814746,          0
 22166,    64,  100000000,   37213096,        0,  -62786904,          0
 22166,    65,  100000000,   37481572,        0,  -62518428,          0
 22166,    66,  100000000,   37189594,        0,  -62810406,          0
 22166,    67,  100000000,   37260353,        0,  -62739647,          0
 22166,    68,  100000000,   38928966,        0,  -61071034,          0
 22166,    69,  100000000,   41724743,        0,  -58275257,          0
 22166,    70,  100000000,   37443303,        0,  -62556697,          0
 22166,    71,  100000000,   37174225,        0,  -62825775,          0
 22166,    72,  100000000,   37164143,        0,  -62835857,          0
 22166,    73,  100000000,   37194046,        0,  -62805954,          0
 22166,    74,  100000000,   37164279,        0,  -62835721,          0
 22166,    75,  100000000,   37437770,        0,  -62562230,          0
 22166,    76,  100000000,   37154883,        0,  -62845117,          0
 22166,    77,  100000000,   37273862,        0,  -62726138,          0
 22166,    78,  100000000,   37196162,        0,  -62803838,          0
 22166,    79,  100000000,   37184753,        0,  -62815247,          0
 22166,    80,  100000000,   37437948,        0,  -62562052,          0
 22166,    81,  100000000,   40965294,        0,  -59034706,          0
 22166,    82,  100000000,   40291860,        0,  -59708140,          0
 22166,    83,  100000000,   37161448,        0,  -62838552,          0
 22166,    84,  100000000,   37170552,        0,  -62829448,          0
 22166,    85,  100000000,   37443236,        0,  -62556764,          0
 22166,    86,  100000000,   37180715,        0,  -62819285,          0
 22166,    87,  100000000,   41913109,        0,  -58086891,          0
 22166,    88,  100000000,   37193463,        0,  -62806537,          0
 22166,    89,  100000000,   37161038,        0,  -62838962,          0
 22166,    90,  100000000,   37437628,        0,  -62562372,          0
 22166,    91,  100000000,   37182872,        0,  -62817128,          0
 22166,    92,  100000000,   37159210,        0,  -62840790,          0
 22166,    93,  100000000,   37182673,        0,  -62817327,          0
 22166,    94,  100000000,   37184089,        0,  -62815911,          0
 22166,    95,  100000000,   37469568,        0,  -62530432,          0
 22166,    96,  100000000,   37178000,        0,  -62822000,          0
 22166,    97,  100000000,   37244779,        0,  -62755221,          0
 22166,    98,  100000000,   37170101,        0,  -62829899,          0
 22166,    99,  100000000,   37167745,        0,  -62832255,          0
 22166,   100,  100000000,   37455087,        0,  -62544913,          0
 22166,   101,  100000000,   37161222,        0,  -62838778,          0
 22166,   102,  100000000,   37155512,        0,  -62844488,          0
 22166,   103,  100000000,   41140136,        0,  -58859864,          0
 22166,   104,  100000000,   37166614,        0,  -62833386,          0
