# Task,   Job,     Period,   Response, DL Miss?,   Lateness,  Tardiness
# task NAME=myapp PID=6656 COST=8461000 PERIOD=61000000 CPU=0
  6656,     2,   61000000,      14248,        0,  -60985752,          0
  6656,     3,   61000000,      57037,        0,  -60942963,          0
  6656,     4,   61000000,   12379340,        0,  -48620660,          0
  6656,     5,   61000000,   13324448,        0,  -47675552,          0
  6656,     6,   61000000,   12450501,        0,  -48549499,          0
  6656,     7,   61000000,   14080725,        0,  -46919275,          0
  6656,     8,   61000000,   12982113,        0,  -48017887,          0
  6656,     9,   61000000,   13362968,        0,  -47637032,          0
  6656,    10,   61000000,    9516222,        0,  -51483778,          0
  6656,    11,   61000000,   15366024,        0,  -45633976,          0
  6656,    12,   61000000,   11581898,        0,  -49418102,          0
  6656,    13,   61000000,   13395099,        0,  -47604901,          0
  6656,    14,   61000000,   12327164,        0,  -48672836,          0
  6656,    15,   61000000,   15313016,        0,  -45686984,          0
  6656,    16,   61000000,   14339334,        0,  -46660666,          0
  6656,    17,   61000000,   10725525,        0,  -50274475,          0
  6656,    18,   61000000,   11171621,        0,  -49828379,          0
  6656,    19,   61000000,   12852084,        0,  -48147916,          0
  6656,    20,   61000000,   12324517,        0,  -48675483,          0
  6656,    21,   61000000,   11585377,        0,  -49414623,          0
  6656,    22,   61000000,   13458205,        0,  -47541795,          0
  6656,    23,   61000000,   12278708,        0,  -48721292,          0
  6656,    24,   61000000,   12389369,        0,  -48610631,          0
  6656,    25,   61000000,   10421059,        0,  -50578941,          0
  6656,    26,   61000000,   11298012,        0,  -49701988,          0
  6656,    27,   61000000,   15394733,        0,  -45605267,          0
  6656,    28,   61000000,   12401272,        0,  -48598728,          0
  6656,    29,   61000000,   13393725,        0,  -47606275,          0
  6656,    30,   61000000,   12711531,        0,  -48288469,          0
  6656,    31,   61000000,   13255987,        0,  -47744013,          0
  6656,    32,   61000000,   14354236,        0,  -46645764,          0
  6656,    33,   61000000,   11434981,        0,  -49565019,          0
  6656,    34,   61000000,   10645187,        0,  -50354813,          0
  6656,    35,   61000000,   15389666,        0,  -45610334,          0
  6656,    36,   61000000,   11672681,        0,  -49327319,          0
  6656,    37,   61000000,   13390196,        0,  -47609804,          0
  6656,    38,   61000000,   10488364,        0,  -50511636,          0
  6656,    39,   61000000,   12422279,        0,  -48577721,          0
  6656,    40,   61000000,   11755522,        0,  -49244478,          0
  6656,    41,   61000000,   13424259,        0,  -47575741,          0
  6656,    42,   61000000,   10390879,        0,  -50609121,          0
  6656,    43,   61000000,   12451118,        0,  -48548882,          0
  6656,    44,   61000000,   12188747,        0,  -48811253,          0
  6656,    45,   61000000,   14217421,        0,  -46782579,          0
  6656,    46,   61000000,   12413226,        0,  -48586774,          0
  6656,    47,   61000000,   13423143,        0,  -47576857,          0
  6656,    48,   61000000,   14378815,        0,  -46621185,          0
  6656,    49,   61000000,   11418667,        0,  -49581333,          0
  6656,    50,   61000000,   12368326,        0,  -48631674,          0
  6656,    51,   61000000,   15344151,        0,  -45655849,          0
  6656,    52,   61000000,   14366897,        0,  -46633103,          0
  6656,    53,   61000000,   10925022,        0,  -50074978,          0
  6656,    54,   61000000,   10277062,        0,  -50722938,          0
  6656,    55,   61000000,   16254753,        0,  -44745247,          0
  6656,    56,   61000000,   11490533,        0,  -49509467,          0
  6656,    57,   61000000,   10466488,        0,  -50533512,          0
  6656,    58,   61000000,   10470982,        0,  -50529018,          0
  6656,    59,   61000000,   12593231,        0,  -48406769,          0
  6656,    60,   61000000,   15153815,        0,  -45846185,          0
  6656,    61,   61000000,   13396817,        0,  -47603183,          0
  6656,    62,   61000000,   10325400,        0,  -50674600,          0
  6656,    63,   61000000,   15316903,        0,  -45683097,          0
  6656,    64,   61000000,   14391694,        0,  -46608306,          0
  6656,    65,   61000000,   13348297,        0,  -47651703,          0
  6656,    66,   61000000,   11466650,        0,  -49533350,          0
  6656,    67,   61000000,   12520568,        0,  -48479432,          0
  6656,    68,   61000000,   14884494,        0,  -46115506,          0
  6656,    69,   61000000,   10431780,        0,  -50568220,          0
  6656,    70,   61000000,   10275586,        0,  -50724414,          0
  6656,    71,   61000000,   15384673,        0,  -45615327,          0
  6656,    72,   61000000,   14416100,        0,  -46583900,          0
  6656,    73,   61000000,   12050512,        0,  -48949488,          0
  6656,    74,   61000000,    9456347,        0,  -51543653,          0
  6656,    75,   61000000,   13248032,        0,  -47751968,          0
  6656,    76,   61000000,   12360803,        0,  -48639197,          0
  6656,    77,   61000000,   11264491,        0,  -49735509,          0
  6656,    78,   61000000,   13455553,        0,  -47544447,          0
  6656,    79,   61000000,   12424253,        0,  -48575747,          0
  6656,    80,   61000000,   12300366,        0,  -48699634,          0
  6656,    81,   61000000,   13352356,        0,  -47647644,          0
  6656,    82,   61000000,   10275113,        0,  -50724887,          0
  6656,    83,   61000000,   15422587,        0,  -45577413,          0
  6656,    84,   61000000,   15154311,        0,  -45845689,          0
  6656,    85,   61000000,   11394867,        0,  -49605133,          0
  6656,    86,   61000000,   12333011,        0,  -48666989,          0
  6656,    87,   61000000,   14312426,        0,  -46687574,          0
  6656,    88,   61000000,   11397702,        0,  -49602298,          0
  6656,    89,   61000000,   11191023,        0,  -49808977,          0
  6656,    90,   61000000,   12415096,        0,  -48584904,          0
  6656,    91,   61000000,   15370560,        0,  -45629440,          0
  6656,    92,   61000000,   15116078,        0,  -45883922,          0
  6656,    93,   61000000,   18143351,        0,  -42856649,          0
  6656,    94,   61000000,   16419153,        0,  -44580847,          0
  6656,    95,   61000000,   13148530,        0,  -47851470,          0
  6656,    96,   61000000,   14770722,        0,  -46229278,          0
  6656,    97,   61000000,   13323004,        0,  -47676996,          0
  6656,    98,   61000000,   12360322,        0,  -48639678,          0
  6656,    99,   61000000,   12626225,        0,  -48373775,          0
  6656,   100,   61000000,   14379448,        0,  -46620552,          0
  6656,   101,   61000000,   13517589,        0,  -47482411,          0
  6656,   102,   61000000,   11059681,        0,  -49940319,          0
  6656,   103,   61000000,   12349899,        0,  -48650101,          0
  6656,   104,   61000000,   12385179,        0,  -48614821,          0
  6656,   105,   61000000,   11239889,        0,  -49760111,          0
  6656,   106,   61000000,   10377385,        0,  -50622615,          0
  6656,   107,   61000000,   13629924,        0,  -47370076,          0
  6656,   108,   61000000,   11771905,        0,  -49228095,          0
  6656,   109,   61000000,   13420971,        0,  -47579029,          0
  6656,   110,   61000000,   16426096,        0,  -44573904,          0
  6656,   111,   61000000,   12507471,        0,  -48492529,          0
  6656,   112,   61000000,   12121871,        0,  -48878129,          0
  6656,   113,   61000000,   10508269,        0,  -50491731,          0
  6656,   114,   61000000,   12419074,        0,  -48580926,          0
  6656,   115,   61000000,   15369611,        0,  -45630389,          0
  6656,   116,   61000000,   14441808,        0,  -46558192,          0
  6656,   117,   61000000,   11279529,        0,  -49720471,          0
  6656,   118,   61000000,   14359505,        0,  -46640495,          0
  6656,   119,   61000000,   13333762,        0,  -47666238,          0
  6656,   120,   61000000,   12024919,        0,  -48975081,          0
  6656,   121,   61000000,   13725645,        0,  -47274355,          0
  6656,   122,   61000000,   10448193,        0,  -50551807,          0
  6656,   123,   61000000,   15358987,        0,  -45641013,          0
  6656,   124,   61000000,   14317371,        0,  -46682629,          0
  6656,   125,   61000000,   17426368,        0,  -43573632,          0
  6656,   126,   61000000,   14036514,        0,  -46963486,          0
  6656,   127,   61000000,   15397214,        0,  -45602786,          0
  6656,   128,   61000000,   14347557,        0,  -46652443,          0
  6656,   129,   61000000,   13352138,        0,  -47647862,          0
  6656,   130,   61000000,   12362863,        0,  -48637137,          0
  6656,   131,   61000000,   13223285,        0,  -47776715,          0
  6656,   132,   61000000,   14344398,        0,  -46655602,          0
  6656,   133,   61000000,   11449882,        0,  -49550118,          0
  6656,   134,   61000000,    9389411,        0,  -51610589,          0
  6656,   135,   61000000,   15390337,        0,  -45609663,          0
  6656,   136,   61000000,   12234566,        0,  -48765434,          0
  6656,   137,   61000000,   13375769,        0,  -47624231,          0
  6656,   138,   61000000,   12387292,        0,  -48612708,          0
  6656,   139,   61000000,   15336609,        0,  -45663391,          0
  6656,   140,   61000000,   14632297,        0,  -46367703,          0
  6656,   141,   61000000,   13341376,        0,  -47658624,          0
  6656,   142,   61000000,   12633911,        0,  -48366089,          0
  6656,   143,   61000000,   12478330,        0,  -48521670,          0
  6656,   144,   61000000,   12136316,        0,  -48863684,          0
  6656,   145,   61000000,   11329661,        0,  -49670339,          0
  6656,   146,   61000000,   12406545,        0,  -48593455,          0
  6656,   147,   61000000,   15357373,        0,  -45642627,          0
  6656,   148,   61000000,   10542902,        0,  -50457098,          0
  6656,   149,   61000000,   17428827,        0,  -43571173,          0
  6656,   150,   61000000,   16625958,        0,  -44374042,          0
  6656,   151,   61000000,   15326490,        0,  -45673510,          0
  6656,   152,   61000000,   12005258,        0,  -48994742,          0
  6656,   153,   61000000,   13368892,        0,  -47631108,          0
  6656,   154,   61000000,   10352018,        0,  -50647982,          0
  6656,   155,   61000000,   15436780,        0,  -45563220,          0
  6656,   156,   61000000,   14364042,        0,  -46635958,          0
  6656,   157,   61000000,   11252633,        0,  -49747367,          0
  6656,   158,   61000000,   12772848,        0,  -48227152,          0
  6656,   159,   61000000,   15390357,        0,  -45609643,          0
  6656,   160,   61000000,   12246441,        0,  -48753559,          0
  6656,   161,   61000000,   10358303,        0,  -50641697,          0
  6656,   162,   61000000,   12322973,        0,  -48677027,          0
  6656,   163,   61000000,   13584312,        0,  -47415688,          0
  6656,   164,   61000000,   11500727,        0,  -49499273,          0
  6656,   165,   61000000,   14186405,        0,  -46813595,          0
  6656,   166,   61000000,   12343580,        0,  -48656420,          0
  6656,   167,   61000000,   12364033,        0,  -48635967,          0
# task NAME=myapp PID=6659 COST=9766000 PERIOD=79000000 CPU=0
  6659,     2,   79000000,       6584,        0,  -78993416,          0
  6659,     3,   79000000,      53043,        0,  -78946957,          0
  6659,     4,   79000000,   13679947,        0,  -65320053,          0
  6659,     5,   79000000,   14605727,        0,  -64394273,          0
  6659,     6,   79000000,   12870126,        0,  -66129874,          0
  6659,     7,   79000000,   16710032,        0,  -62289968,          0
  6659,     8,   79000000,   13616734,        0,  -65383266,          0
  6659,     9,   79000000,   13694620,        0,  -65305380,          0
  6659,    10,   79000000,   12749090,        0,  -66250910,          0
  6659,    11,   79000000,   16627083,        0,  -62372917,          0
  6659,    12,   79000000,   13303024,        0,  -65696976,          0
  6659,    13,   79000000,   14593248,        0,  -64406752,          0
  6659,    14,   79000000,   15506633,        0,  -63493367,          0
  6659,    15,   79000000,   17397138,        0,  -61602862,          0
  6659,    16,   79000000,   13852894,        0,  -65147106,          0
  6659,    17,   79000000,   14700874,        0,  -64299126,          0
  6659,    18,   79000000,   14648785,        0,  -64351215,          0
  6659,    19,   79000000,   17430763,        0,  -61569237,          0
  6659,    20,   79000000,   10875377,        0,  -68124623,          0
  6659,    21,   79000000,   14497761,        0,  -64502239,          0
  6659,    22,   79000000,   15598614,        0,  -63401386,          0
  6659,    23,   79000000,   16536541,        0,  -62463459,          0
  6659,    24,   79000000,   13572674,        0,  -65427326,          0
  6659,    25,   79000000,   14709979,        0,  -64290021,          0
  6659,    26,   79000000,   16352941,        0,  -62647059,          0
  6659,    27,   79000000,   16553811,        0,  -62446189,          0
  6659,    28,   79000000,   13901320,        0,  -65098680,          0
  6659,    29,   79000000,   14807538,        0,  -64192462,          0
  6659,    30,   79000000,   15716861,        0,  -63283139,          0
  6659,    31,   79000000,   16560552,        0,  -62439448,          0
  6659,    32,   79000000,   13620059,        0,  -65379941,          0
  6659,    33,   79000000,   15437529,        0,  -63562471,          0
  6659,    34,   79000000,   13743725,        0,  -65256275,          0
  6659,    35,   79000000,   12681854,        0,  -66318146,          0
  6659,    36,   79000000,   13597648,        0,  -65402352,          0
  6659,    37,   79000000,   13657405,        0,  -65342595,          0
  6659,    38,   79000000,   14708576,        0,  -64291424,          0
  6659,    39,   79000000,   15971393,        0,  -63028607,          0
  6659,    40,   79000000,   14354001,        0,  -64645999,          0
  6659,    41,   79000000,   14661280,        0,  -64338720,          0
  6659,    42,   79000000,   15653337,        0,  -63346663,          0
  6659,    43,   79000000,   16560567,        0,  -62439433,          0
  6659,    44,   79000000,   13496312,        0,  -65503688,          0
  6659,    45,   79000000,   14589966,        0,  -64410034,          0
  6659,    46,   79000000,   15629887,        0,  -63370113,          0
  6659,    47,   79000000,   17411687,        0,  -61588313,          0
  6659,    48,   79000000,   13586174,        0,  -65413826,          0
  6659,    49,   79000000,   14806164,        0,  -64193836,          0
  6659,    50,   79000000,   12733676,        0,  -66266324,          0
  6659,    51,   79000000,   15608127,        0,  -63391873,          0
  6659,    52,   79000000,   13615086,        0,  -65384914,          0
  6659,    53,   79000000,   15305546,        0,  -63694454,          0
  6659,    54,   79000000,   14713133,        0,  -64286867,          0
  6659,    55,   79000000,   16310028,        0,  -62689972,          0
  6659,    56,   79000000,   13607604,        0,  -65392396,          0
  6659,    57,   79000000,   15225628,        0,  -63774372,          0
  6659,    58,   79000000,   15864432,        0,  -63135568,          0
  6659,    59,   79000000,   16599118,        0,  -62400882,          0
  6659,    60,   79000000,   13667308,        0,  -65332692,          0
  6659,    61,   79000000,   14592106,        0,  -64407894,          0
  6659,    62,   79000000,   15571772,        0,  -63428228,          0
  6659,    63,   79000000,   17375245,        0,  -61624755,          0
  6659,    64,   79000000,   12798553,        0,  -66201447,          0
  6659,    65,   79000000,   14430121,        0,  -64569879,          0
  6659,    66,   79000000,   15865549,        0,  -63134451,          0
  6659,    67,   79000000,   16643874,        0,  -62356126,          0
  6659,    68,   79000000,   13537485,        0,  -65462515,          0
  6659,    69,   79000000,   18716550,        0,  -60283450,          0
  6659,    70,   79000000,   14632601,        0,  -64367399,          0
  6659,    71,   79000000,   17318546,        0,  -61681454,          0
  6659,    72,   79000000,   13689294,        0,  -65310706,          0
  6659,    73,   79000000,   14561170,        0,  -64438830,          0
  6659,    74,   79000000,   14484115,        0,  -64515885,          0
  6659,    75,   79000000,   15895872,        0,  -63104128,          0
  6659,    76,   79000000,   16779412,        0,  -62220588,          0
  6659,    77,   79000000,   14873533,        0,  -64126467,          0
  6659,    78,   79000000,   16385589,        0,  -62614411,          0
  6659,    79,   79000000,   15670054,        0,  -63329946,          0
  6659,    80,   79000000,   13602777,        0,  -65397223,          0
  6659,    81,   79000000,   13701672,        0,  -65298328,          0
  6659,    82,   79000000,   16336367,        0,  -62663633,          0
  6659,    83,   79000000,   15702053,        0,  -63297947,          0
  6659,    84,   79000000,   13583133,        0,  -65416867,          0
  6659,    85,   79000000,   13926373,        0,  -65073627,          0
  6659,    86,   79000000,   16414044,        0,  -62585956,          0
  6659,    87,   79000000,   15658687,        0,  -63341313,          0
  6659,    88,   79000000,   13438736,        0,  -65561264,          0
  6659,    89,   79000000,   14908890,        0,  -64091110,          0
  6659,    90,   79000000,   15605551,        0,  -63394449,          0
  6659,    91,   79000000,   16474563,        0,  -62525437,          0
  6659,    92,   79000000,   12663294,        0,  -66336706,          0
  6659,    93,   79000000,   14524673,        0,  -64475327,          0
  6659,    94,   79000000,   16700164,        0,  -62299836,          0
  6659,    95,   79000000,   17460408,        0,  -61539592,          0
  6659,    96,   79000000,   14315582,        0,  -64684418,          0
  6659,    97,   79000000,   14304941,        0,  -64695059,          0
  6659,    98,   79000000,   15450420,        0,  -63549580,          0
  6659,    99,   79000000,   12733548,        0,  -66266452,          0
  6659,   100,   79000000,   13592075,        0,  -65407925,          0
  6659,   101,   79000000,   13674466,        0,  -65325534,          0
  6659,   102,   79000000,   16348773,        0,  -62651227,          0
  6659,   103,   79000000,   13713266,        0,  -65286734,          0
  6659,   104,   79000000,   13878506,        0,  -65121494,          0
  6659,   105,   79000000,   13684068,        0,  -65315932,          0
  6659,   106,   79000000,   14671520,        0,  -64328480,          0
  6659,   107,   79000000,   16583790,        0,  -62416210,          0
  6659,   108,   79000000,   13587796,        0,  -65412204,          0
  6659,   109,   79000000,   14618463,        0,  -64381537,          0
  6659,   110,   79000000,   15591820,        0,  -63408180,          0
  6659,   111,   79000000,   13481062,        0,  -65518938,          0
  6659,   112,   79000000,   12775647,        0,  -66224353,          0
  6659,   113,   79000000,   14458429,        0,  -64541571,          0
  6659,   114,   79000000,   16515090,        0,  -62484910,          0
  6659,   115,   79000000,   13034657,        0,  -65965343,          0
  6659,   116,   79000000,   12854734,        0,  -66145266,          0
  6659,   117,   79000000,   14577920,        0,  -64422080,          0
  6659,   118,   79000000,   15688263,        0,  -63311737,          0
  6659,   119,   79000000,   16609816,        0,  -62390184,          0
  6659,   120,   79000000,   12648243,        0,  -66351757,          0
  6659,   121,   79000000,   14526239,        0,  -64473761,          0
  6659,   122,   79000000,   15664105,        0,  -63335895,          0
  6659,   123,   79000000,   16769529,        0,  -62230471,          0
  6659,   124,   79000000,   13693839,        0,  -65306161,          0
  6659,   125,   79000000,   14487887,        0,  -64512113,          0
  6659,   126,   79000000,   16407612,        0,  -62592388,          0
  6659,   127,   79000000,   16678332,        0,  -62321668,          0
  6659,   128,   79000000,   14036784,        0,  -64963216,          0
  6659,   129,   79000000,   13662398,        0,  -65337602,          0
  6659,   130,   79000000,   15582794,        0,  -63417206,          0
# task NAME=myapp PID=6663 COST=20010000 PERIOD=70000000 CPU=0
  6663,     2,   70000000,      11912,        0,  -69988088,          0
  6663,     3,   70000000,     105265,        0,  -69894735,          0
  6663,     4,   70000000,   33584276,        0,  -36415724,          0
  6663,     5,   70000000,   35446746,        0,  -34553254,          0
  6663,     6,   70000000,   34438722,        0,  -35561278,          0
  6663,     7,   70000000,   35592530,        0,  -34407470,          0
  6663,     8,   70000000,   34620102,        0,  -35379898,          0
  6663,     9,   70000000,   29268837,        0,  -40731163,          0
  6663,    10,   70000000,   34259992,        0,  -35740008,          0
  6663,    11,   70000000,   36816507,        0,  -33183493,          0
  6663,    12,   70000000,   33461847,        0,  -36538153,          0
  6663,    13,   70000000,   31713231,        0,  -38286769,          0
  6663,    14,   70000000,   33931544,        0,  -36068456,          0
  6663,    15,   70000000,   36703527,        0,  -33296473,          0
  6663,    16,   70000000,   31563923,        0,  -38436077,          0
  6663,    17,   70000000,   36441174,        0,  -33558826,          0
  6663,    18,   70000000,   33525211,        0,  -36474789,          0
  6663,    19,   70000000,   35469588,        0,  -34530412,          0
  6663,    20,   70000000,   30849426,        0,  -39150574,          0
  6663,    21,   70000000,   35468868,        0,  -34531132,          0
  6663,    22,   70000000,   34598027,        0,  -35401973,          0
  6663,    23,   70000000,   33687519,        0,  -36312481,          0
  6663,    24,   70000000,   34634772,        0,  -35365228,          0
  6663,    25,   70000000,   35507427,        0,  -34492573,          0
  6663,    26,   70000000,   34348950,        0,  -35651050,          0
  6663,    27,   70000000,   35494342,        0,  -34505658,          0
  6663,    28,   70000000,   34224353,        0,  -35775647,          0
  6663,    29,   70000000,   36514940,        0,  -33485060,          0
  6663,    30,   70000000,   26814526,        0,  -43185474,          0
  6663,    31,   70000000,   36699762,        0,  -33300238,          0
  6663,    32,   70000000,   33504139,        0,  -36495861,          0
  6663,    33,   70000000,   36672076,        0,  -33327924,          0
  6663,    34,   70000000,   34413327,        0,  -35586673,          0
  6663,    35,   70000000,   32769518,        0,  -37230482,          0
  6663,    36,   70000000,   33407796,        0,  -36592204,          0
  6663,    37,   70000000,   36482214,        0,  -33517786,          0
  6663,    38,   70000000,   34391944,        0,  -35608056,          0
  6663,    39,   70000000,   32671923,        0,  -37328077,          0
  6663,    40,   70000000,   33481910,        0,  -36518090,          0
  6663,    41,   70000000,   32612805,        0,  -37387195,          0
  6663,    42,   70000000,   33610613,        0,  -36389387,          0
  6663,    43,   70000000,   37464165,        0,  -32535835,          0
  6663,    44,   70000000,   34388389,        0,  -35611611,          0
  6663,    45,   70000000,   35437581,        0,  -34562419,          0
  6663,    46,   70000000,   34355439,        0,  -35644561,          0
  6663,    47,   70000000,   36954210,        0,  -33045790,          0
  6663,    48,   70000000,   33661663,        0,  -36338337,          0
  6663,    49,   70000000,   33480787,        0,  -36519213,          0
  6663,    50,   70000000,   33485271,        0,  -36514729,          0
  6663,    51,   70000000,   35499219,        0,  -34500781,          0
  6663,    52,   70000000,   35098612,        0,  -34901388,          0
  6663,    53,   70000000,   32675812,        0,  -37324188,          0
  6663,    54,   70000000,   31475221,        0,  -38524779,          0
  6663,    55,   70000000,   36341641,        0,  -33658359,          0
  6663,    56,   70000000,   30798554,        0,  -39201446,          0
  6663,    57,   70000000,   35613997,        0,  -34386003,          0
  6663,    58,   70000000,   34485798,        0,  -35514202,          0
  6663,    59,   70000000,   34638347,        0,  -35361653,          0
  6663,    60,   70000000,   33895818,        0,  -36104182,          0
  6663,    61,   70000000,   35546551,        0,  -34453449,          0
  6663,    62,   70000000,   34347099,        0,  -35652901,          0
  6663,    63,   70000000,   32871854,        0,  -37128146,          0
  6663,    64,   70000000,   31373410,        0,  -38626590,          0
  6663,    65,   70000000,   37328338,        0,  -32671662,          0
  6663,    66,   70000000,   34197713,        0,  -35802287,          0
  6663,    67,   70000000,   33869728,        0,  -36130272,          0
  6663,    68,   70000000,   30576899,        0,  -39423101,          0
  6663,    69,   70000000,   35470719,        0,  -34529281,          0
  6663,    70,   70000000,   30553467,        0,  -39446533,          0
  6663,    71,   70000000,   29792811,        0,  -40207189,          0
  6663,    72,   70000000,   38328847,        0,  -31671153,          0
  6663,    73,   70000000,   35356296,        0,  -34643704,          0
  6663,    74,   70000000,   33616344,        0,  -36383656,          0
  6663,    75,   70000000,   36185643,        0,  -33814357,          0
  6663,    76,   70000000,   38392692,        0,  -31607308,          0
  6663,    77,   70000000,   35549332,        0,  -34450668,          0
  6663,    78,   70000000,   34353607,        0,  -35646393,          0
  6663,    79,   70000000,   32533152,        0,  -37466848,          0
  6663,    80,   70000000,   31607567,        0,  -38392433,          0
  6663,    81,   70000000,   33867331,        0,  -36132669,          0
  6663,    82,   70000000,   34031678,        0,  -35968322,          0
  6663,    83,   70000000,   32550823,        0,  -37449177,          0
  6663,    84,   70000000,   31724981,        0,  -38275019,          0
  6663,    85,   70000000,   35742728,        0,  -34257272,          0
  6663,    86,   70000000,   33446197,        0,  -36553803,          0
  6663,    87,   70000000,   36341061,        0,  -33658939,          0
  6663,    88,   70000000,   33705792,        0,  -36294208,          0
  6663,    89,   70000000,   35482695,        0,  -34517305,          0
  6663,    90,   70000000,   30845747,        0,  -39154253,          0
  6663,    91,   70000000,   32612062,        0,  -37387938,          0
  6663,    92,   70000000,   34561414,        0,  -35438586,          0
  6663,    93,   70000000,   35466803,        0,  -34533197,          0
  6663,    94,   70000000,   34570612,        0,  -35429388,          0
  6663,    95,   70000000,   32570413,        0,  -37429587,          0
  6663,    96,   70000000,   33452409,        0,  -36547591,          0
  6663,    97,   70000000,   36486319,        0,  -33513681,          0
  6663,    98,   70000000,   33914778,        0,  -36085222,          0
  6663,    99,   70000000,   33288641,        0,  -36711359,          0
  6663,   100,   70000000,   30558683,        0,  -39441317,          0
  6663,   101,   70000000,   36421631,        0,  -33578369,          0
  6663,   102,   70000000,   31204414,        0,  -38795586,          0
  6663,   103,   70000000,   36416166,        0,  -33583834,          0
  6663,   104,   70000000,   33555873,        0,  -36444127,          0
  6663,   105,   70000000,   32562839,        0,  -37437161,          0
  6663,   106,   70000000,   34449362,        0,  -35550638,          0
  6663,   107,   70000000,   33284859,        0,  -36715141,          0
  6663,   108,   70000000,   31837171,        0,  -38162829,          0
  6663,   109,   70000000,   35537560,        0,  -34462440,          0
  6663,   110,   70000000,   30196370,        0,  -39803630,          0
  6663,   111,   70000000,   35626804,        0,  -34373196,          0
  6663,   112,   70000000,   33966791,        0,  -36033209,          0
  6663,   113,   70000000,   35325778,        0,  -34674222,          0
  6663,   114,   70000000,   33626964,        0,  -36373036,          0
  6663,   115,   70000000,   32914181,        0,  -37085819,          0
  6663,   116,   70000000,   33483608,        0,  -36516392,          0
  6663,   117,   70000000,   32014521,        0,  -37985479,          0
  6663,   118,   70000000,   30662977,        0,  -39337023,          0
  6663,   119,   70000000,   35476110,        0,  -34523890,          0
  6663,   120,   70000000,   34282831,        0,  -35717169,          0
  6663,   121,   70000000,   33658744,        0,  -36341256,          0
  6663,   122,   70000000,   33829258,        0,  -36170742,          0
  6663,   123,   70000000,   33572753,        0,  -36427247,          0
  6663,   124,   70000000,   33762352,        0,  -36237648,          0
  6663,   125,   70000000,   31958211,        0,  -38041789,          0
  6663,   126,   70000000,   29561661,        0,  -40438339,          0
  6663,   127,   70000000,   35471176,        0,  -34528824,          0
  6663,   128,   70000000,   30801030,        0,  -39198970,          0
  6663,   129,   70000000,   33618818,        0,  -36381182,          0
  6663,   130,   70000000,   34361425,        0,  -35638575,          0
  6663,   131,   70000000,   35809925,        0,  -34190075,          0
  6663,   132,   70000000,   33443625,        0,  -36556375,          0
  6663,   133,   70000000,   35753955,        0,  -34246045,          0
  6663,   134,   70000000,   34208223,        0,  -35791777,          0
  6663,   135,   70000000,   33134549,        0,  -36865451,          0
  6663,   136,   70000000,   34337671,        0,  -35662329,          0
  6663,   137,   70000000,   32552129,        0,  -37447871,          0
  6663,   138,   70000000,   33497545,        0,  -36502455,          0
  6663,   139,   70000000,   32636762,        0,  -37363238,          0
  6663,   140,   70000000,   34326100,        0,  -35673900,          0
  6663,   141,   70000000,   37485050,        0,  -32514950,          0
  6663,   142,   70000000,   35038957,        0,  -34961043,          0
  6663,   143,   70000000,   36379998,        0,  -33620002,          0
  6663,   144,   70000000,   34365477,        0,  -35634523,          0
  6663,   145,   70000000,   35855984,        0,  -34144016,          0
  6663,   146,   70000000,   30431736,        0,  -39568264,          0
# task NAME=myapp PID=6667 COST=30454000 PERIOD=78000000 CPU=0
  6667,     2,   78000000,       6241,        0,  -77993759,          0
  6667,     3,   78000000,      79023,        0,  -77920977,          0
  6667,     4,   78000000,   50514109,        0,  -27485891,          0
  6667,     5,   78000000,   52609193,        0,  -25390807,          0
  6667,     6,   78000000,   45738803,        0,  -32261197,          0
  6667,     7,   78000000,   52676425,        0,  -25323575,          0
  6667,     8,   78000000,   53548390,        0,  -24451610,          0
  6667,     9,   78000000,   49133719,        0,  -28866281,          0
  6667,    10,   78000000,   51434806,        0,  -26565194,          0
  6667,    11,   78000000,   51897530,        0,  -26102470,          0
  6667,    12,   78000000,   46728214,        0,  -31271786,          0
  6667,    13,   78000000,   53511124,        0,  -24488876,          0
  6667,    14,   78000000,   55075582,        0,  -22924418,          0
  6667,    15,   78000000,   51867692,        0,  -26132308,          0
  6667,    16,   78000000,   51751820,        0,  -26248180,          0
  6667,    17,   78000000,   55441159,        0,  -22558841,          0
  6667,    18,   78000000,   53385608,        0,  -24614392,          0
  6667,    19,   78000000,   55493019,        0,  -22506981,          0
  6667,    20,   78000000,   54301946,        0,  -23698054,          0
  6667,    21,   78000000,   52502835,        0,  -25497165,          0
  6667,    22,   78000000,   54096238,        0,  -23903762,          0
  6667,    23,   78000000,   56465288,        0,  -21534712,          0
  6667,    24,   78000000,   50806750,        0,  -27193250,          0
  6667,    25,   78000000,   52589728,        0,  -25410272,          0
  6667,    26,   78000000,   53449264,        0,  -24550736,          0
  6667,    27,   78000000,   52635385,        0,  -25364615,          0
  6667,    28,   78000000,   53740050,        0,  -24259950,          0
  6667,    29,   78000000,   52467552,        0,  -25532448,          0
  6667,    30,   78000000,   53554812,        0,  -24445188,          0
  6667,    31,   78000000,   52686573,        0,  -25313427,          0
  6667,    32,   78000000,   55119570,        0,  -22880430,          0
  6667,    33,   78000000,   56607613,        0,  -21392387,          0
  6667,    34,   78000000,   51405266,        0,  -26594734,          0
  6667,    35,   78000000,   47619309,        0,  -30380691,          0
  6667,    36,   78000000,   49602680,        0,  -28397320,          0
  6667,    37,   78000000,   51909685,        0,  -26090315,          0
  6667,    38,   78000000,   50013198,        0,  -27986802,          0
  6667,    39,   78000000,   55732536,        0,  -22267464,          0
  6667,    40,   78000000,   53504555,        0,  -24495445,          0
  6667,    41,   78000000,   55779971,        0,  -22220029,          0
  6667,    42,   78000000,   53498265,        0,  -24501735,          0
  6667,    43,   78000000,   51891746,        0,  -26108254,          0
  6667,    44,   78000000,   49673286,        0,  -28326714,          0
  6667,    45,   78000000,   52669141,        0,  -25330859,          0
  6667,    46,   78000000,   49994813,        0,  -28005187,          0
  6667,    47,   78000000,   56594725,        0,  -21405275,          0
  6667,    48,   78000000,   53486651,        0,  -24513349,          0
  6667,    49,   78000000,   52593185,        0,  -25406815,          0
  6667,    50,   78000000,   54145661,        0,  -23854339,          0
  6667,    51,   78000000,   51621793,        0,  -26378207,          0
  6667,    52,   78000000,   47018621,        0,  -30981379,          0
  6667,    53,   78000000,   56211115,        0,  -21788885,          0
  6667,    54,   78000000,   54826316,        0,  -23173684,          0
  6667,    55,   78000000,   56213641,        0,  -21786359,          0
  6667,    56,   78000000,   50816135,        0,  -27183865,          0
  6667,    57,   78000000,   56216785,        0,  -21783215,          0
  6667,    58,   78000000,   51304096,        0,  -26695904,          0
  6667,    59,   78000000,   56304232,        0,  -21695768,          0
  6667,    60,   78000000,   50838117,        0,  -27161883,          0
  6667,    61,   78000000,   52544932,        0,  -25455068,          0
  6667,    62,   78000000,   50863193,        0,  -27136807,          0
  6667,    63,   78000000,   53431937,        0,  -24568063,          0
  6667,    64,   78000000,   53381603,        0,  -24618397,          0
  6667,    65,   78000000,   55705146,        0,  -22294854,          0
  6667,    66,   78000000,   50826485,        0,  -27173515,          0
  6667,    67,   78000000,   55379239,        0,  -22620761,          0
  6667,    68,   78000000,   54772802,        0,  -23227198,          0
  6667,    69,   78000000,   56355449,        0,  -21644551,          0
  6667,    70,   78000000,   51142873,        0,  -26857127,          0
  6667,    71,   78000000,   51581560,        0,  -26418440,          0
  6667,    72,   78000000,   46294135,        0,  -31705865,          0
  6667,    73,   78000000,   55753499,        0,  -22246501,          0
  6667,    74,   78000000,   55114677,        0,  -22885323,          0
  6667,    75,   78000000,   51622086,        0,  -26377914,          0
  6667,    76,   78000000,   51560115,        0,  -26439885,          0
  6667,    77,   78000000,   55402797,        0,  -22597203,          0
  6667,    78,   78000000,   54605884,        0,  -23394116,          0
  6667,    79,   78000000,   49769944,        0,  -28230056,          0
  6667,    80,   78000000,   53401221,        0,  -24598779,          0
  6667,    81,   78000000,   51792178,        0,  -26207822,          0
  6667,    82,   78000000,   46977118,        0,  -31022882,          0
  6667,    83,   78000000,   56533587,        0,  -21466413,          0
  6667,    84,   78000000,   55294811,        0,  -22705189,          0
  6667,    85,   78000000,   55499819,        0,  -22500181,          0
  6667,    86,   78000000,   50718083,        0,  -27281917,          0
  6667,    87,   78000000,   55506824,        0,  -22493176,          0
  6667,    88,   78000000,   46995316,        0,  -31004684,          0
  6667,    89,   78000000,   48832721,        0,  -29167279,          0
  6667,    90,   78000000,   54411332,        0,  -23588668,          0
  6667,    91,   78000000,   55326784,        0,  -22673216,          0
  6667,    92,   78000000,   50769274,        0,  -27230726,          0
  6667,    93,   78000000,   52250340,        0,  -25749660,          0
  6667,    94,   78000000,   51279650,        0,  -26720350,          0
  6667,    95,   78000000,   55954034,        0,  -22045966,          0
  6667,    96,   78000000,   53364611,        0,  -24635389,          0
  6667,    97,   78000000,   52936735,        0,  -25063265,          0
  6667,    98,   78000000,   50668210,        0,  -27331790,          0
  6667,    99,   78000000,   57151423,        0,  -20848577,          0
  6667,   100,   78000000,   51296975,        0,  -26703025,          0
  6667,   101,   78000000,   53045036,        0,  -24954964,          0
  6667,   102,   78000000,   54383202,        0,  -23616798,          0
  6667,   103,   78000000,   55453587,        0,  -22546413,          0
  6667,   104,   78000000,   53385270,        0,  -24614730,          0
  6667,   105,   78000000,   52912183,        0,  -25087817,          0
  6667,   106,   78000000,   50486465,        0,  -27513535,          0
  6667,   107,   78000000,   52381595,        0,  -25618405,          0
  6667,   108,   78000000,   53634942,        0,  -24365058,          0
  6667,   109,   78000000,   55395862,        0,  -22604138,          0
  6667,   110,   78000000,   50884010,        0,  -27115990,          0
  6667,   111,   78000000,   52675377,        0,  -25324623,          0
  6667,   112,   78000000,   53435049,        0,  -24564951,          0
  6667,   113,   78000000,   51920893,        0,  -26079107,          0
  6667,   114,   78000000,   47249701,        0,  -30750299,          0
  6667,   115,   78000000,   51625238,        0,  -26374762,          0
  6667,   116,   78000000,   50766495,        0,  -27233505,          0
  6667,   117,   78000000,   52640757,        0,  -25359243,          0
  6667,   118,   78000000,   50952369,        0,  -27047631,          0
  6667,   119,   78000000,   52601203,        0,  -25398797,          0
  6667,   120,   78000000,   50804674,        0,  -27195326,          0
  6667,   121,   78000000,   52559357,        0,  -25440643,          0
  6667,   122,   78000000,   54803696,        0,  -23196304,          0
  6667,   123,   78000000,   52588281,        0,  -25411719,          0
  6667,   124,   78000000,   46115716,        0,  -31884284,          0
  6667,   125,   78000000,   53580501,        0,  -24419499,          0
  6667,   126,   78000000,   51928073,        0,  -26071927,          0
  6667,   127,   78000000,   52862653,        0,  -25137347,          0
  6667,   128,   78000000,   55029887,        0,  -22970113,          0
  6667,   129,   78000000,   55483919,        0,  -22516081,          0
  6667,   130,   78000000,   49664765,        0,  -28335235,          0
  6667,   131,   78000000,   48982876,        0,  -29017124,          0
  6667,   132,   78000000,   54500184,        0,  -23499816,          0
# task NAME=myapp PID=6672 COST=4296000 PERIOD=70000000 CPU=0
  6672,     2,   70000000,      11545,        0,  -69988455,          0
  6672,     3,   70000000,     100381,        0,  -69899619,          0
  6672,     4,   70000000,    5390938,        0,  -64609062,          0
  6672,     5,   70000000,    7393202,        0,  -62606798,          0
  6672,     6,   70000000,    5445603,        0,  -64554397,          0
  6672,     7,   70000000,    7452320,        0,  -62547680,          0
  6672,     8,   70000000,    6091808,        0,  -63908192,          0
  6672,     9,   70000000,    7387893,        0,  -62612107,          0
  6672,    10,   70000000,    6144277,        0,  -63855723,          0
  6672,    11,   70000000,    7365107,        0,  -62634893,          0
  6672,    12,   70000000,    5479249,        0,  -64520751,          0
  6672,    13,   70000000,    7376775,        0,  -62623225,          0
  6672,    14,   70000000,    5438180,        0,  -64561820,          0
  6672,    15,   70000000,    9240751,        0,  -60759249,          0
  6672,    16,   70000000,    5367548,        0,  -64632452,          0
  6672,    17,   70000000,    5696846,        0,  -64303154,          0
  6672,    18,   70000000,    5367678,        0,  -64632322,          0
  6672,    19,   70000000,    7641784,        0,  -62358216,          0
  6672,    20,   70000000,    5379843,        0,  -64620157,          0
  6672,    21,   70000000,    8171367,        0,  -61828633,          0
  6672,    22,   70000000,    5375491,        0,  -64624509,          0
  6672,    23,   70000000,    5697251,        0,  -64302749,          0
  6672,    24,   70000000,    5360387,        0,  -64639613,          0
  6672,    25,   70000000,    7479652,        0,  -62520348,          0
  6672,    26,   70000000,    5336452,        0,  -64663548,          0
  6672,    27,   70000000,    7723000,        0,  -62277000,          0
  6672,    28,   70000000,    4176365,        0,  -65823635,          0
  6672,    29,   70000000,    7379695,        0,  -62620305,          0
  6672,    30,   70000000,    4178883,        0,  -65821117,          0
  6672,    31,   70000000,    7751688,        0,  -62248312,          0
  6672,    32,   70000000,    6136936,        0,  -63863064,          0
  6672,    33,   70000000,    8466766,        0,  -61533234,          0
  6672,    34,   70000000,    5406175,        0,  -64593825,          0
  6672,    35,   70000000,    7370054,        0,  -62629946,          0
  6672,    36,   70000000,    6151543,        0,  -63848457,          0
  6672,    37,   70000000,    7397892,        0,  -62602108,          0
  6672,    38,   70000000,    5352678,        0,  -64647322,          0
  6672,    39,   70000000,    7340423,        0,  -62659577,          0
  6672,    40,   70000000,    5380406,        0,  -64619594,          0
  6672,    41,   70000000,    7412699,        0,  -62587301,          0
  6672,    42,   70000000,    5674669,        0,  -64325331,          0
  6672,    43,   70000000,    8163638,        0,  -61836362,          0
  6672,    44,   70000000,    6153156,        0,  -63846844,          0
  6672,    45,   70000000,    7430898,        0,  -62569102,          0
  6672,    46,   70000000,    5375319,        0,  -64624681,          0
  6672,    47,   70000000,    7650388,        0,  -62349612,          0
  6672,    48,   70000000,    5401850,        0,  -64598150,          0
  6672,    49,   70000000,    7413526,        0,  -62586474,          0
  6672,    50,   70000000,    6189242,        0,  -63810758,          0
  6672,    51,   70000000,    6047925,        0,  -63952075,          0
  6672,    52,   70000000,    6191970,        0,  -63808030,          0
  6672,    53,   70000000,    7424003,        0,  -62575997,          0
  6672,    54,   70000000,    5419181,        0,  -64580819,          0
  6672,    55,   70000000,    7952499,        0,  -62047501,          0
  6672,    56,   70000000,    5418955,        0,  -64581045,          0
  6672,    57,   70000000,    8186790,        0,  -61813210,          0
  6672,    58,   70000000,    4137533,        0,  -65862467,          0
  6672,    59,   70000000,    7338679,        0,  -62661321,          0
  6672,    60,   70000000,    5879504,        0,  -64120496,          0
  6672,    61,   70000000,    7410852,        0,  -62589148,          0
  6672,    62,   70000000,    6206094,        0,  -63793906,          0
  6672,    63,   70000000,    7384614,        0,  -62615386,          0
  6672,    64,   70000000,    6143052,        0,  -63856948,          0
  6672,    65,   70000000,    8611803,        0,  -61388197,          0
  6672,    66,   70000000,    6195775,        0,  -63804225,          0
  6672,    67,   70000000,    7655910,        0,  -62344090,          0
  6672,    68,   70000000,    6189536,        0,  -63810464,          0
  6672,    69,   70000000,    6028603,        0,  -63971397,          0
  6672,    70,   70000000,    5371308,        0,  -64628692,          0
  6672,    71,   70000000,    7380043,        0,  -62619957,          0
  6672,    72,   70000000,    7415727,        0,  -62584273,          0
  6672,    73,   70000000,    5247394,        0,  -64752606,          0
  6672,    74,   70000000,    5461796,        0,  -64538204,          0
  6672,    75,   70000000,    7458828,        0,  -62541172,          0
  6672,    76,   70000000,    9413491,        0,  -60586509,          0
  6672,    77,   70000000,    7517314,        0,  -62482686,          0
  6672,    78,   70000000,    5375373,        0,  -64624627,          0
  6672,    79,   70000000,    5474883,        0,  -64525117,          0
  6672,    80,   70000000,    5421429,        0,  -64578571,          0
  6672,    81,   70000000,    7398851,        0,  -62601149,          0
  6672,    82,   70000000,    5514601,        0,  -64485399,          0
  6672,    83,   70000000,    7443313,        0,  -62556687,          0
  6672,    84,   70000000,    5389370,        0,  -64610630,          0
  6672,    85,   70000000,    7398392,        0,  -62601608,          0
  6672,    86,   70000000,    6205472,        0,  -63794528,          0
  6672,    87,   70000000,    7451159,        0,  -62548841,          0
  6672,    88,   70000000,    6105144,        0,  -63894856,          0
  6672,    89,   70000000,    7345969,        0,  -62654031,          0
  6672,    90,   70000000,    4108108,        0,  -65891892,          0
  6672,    91,   70000000,    7418525,        0,  -62581475,          0
  6672,    92,   70000000,    5639055,        0,  -64360945,          0
  6672,    93,   70000000,    7399590,        0,  -62600410,          0
  6672,    94,   70000000,    5385625,        0,  -64614375,          0
  6672,    95,   70000000,    7441165,        0,  -62558835,          0
  6672,    96,   70000000,    4196421,        0,  -65803579,          0
  6672,    97,   70000000,    5599969,        0,  -64400031,          0
  6672,    98,   70000000,    4206886,        0,  -65793114,          0
  6672,    99,   70000000,    6479516,        0,  -63520484,          0
  6672,   100,   70000000,    6165665,        0,  -63834335,          0
  6672,   101,   70000000,    7885223,        0,  -62114777,          0
  6672,   102,   70000000,    5383211,        0,  -64616789,          0
  6672,   103,   70000000,    7403377,        0,  -62596623,          0
  6672,   104,   70000000,    5874406,        0,  -64125594,          0
  6672,   105,   70000000,    5894354,        0,  -64105646,          0
  6672,   106,   70000000,    5399561,        0,  -64600439,          0
  6672,   107,   70000000,    7029918,        0,  -62970082,          0
  6672,   108,   70000000,    5377146,        0,  -64622854,          0
  6672,   109,   70000000,    7392886,        0,  -62607114,          0
  6672,   110,   70000000,    6170478,        0,  -63829522,          0
  6672,   111,   70000000,    8128731,        0,  -61871269,          0
  6672,   112,   70000000,    5429394,        0,  -64570606,          0
  6672,   113,   70000000,    5747046,        0,  -64252954,          0
  6672,   114,   70000000,    5391185,        0,  -64608815,          0
  6672,   115,   70000000,    7480898,        0,  -62519102,          0
  6672,   116,   70000000,    5354033,        0,  -64645967,          0
  6672,   117,   70000000,    7129462,        0,  -62870538,          0
  6672,   118,   70000000,    6179749,        0,  -63820251,          0
  6672,   119,   70000000,    4653644,        0,  -65346356,          0
  6672,   120,   70000000,    6210326,        0,  -63789674,          0
  6672,   121,   70000000,    6063069,        0,  -63936931,          0
  6672,   122,   70000000,    5956356,        0,  -64043644,          0
  6672,   123,   70000000,    8184565,        0,  -61815435,          0
  6672,   124,   70000000,    5403648,        0,  -64596352,          0
  6672,   125,   70000000,    7426860,        0,  -62573140,          0
  6672,   126,   70000000,    4142819,        0,  -65857181,          0
  6672,   127,   70000000,    7420509,        0,  -62579491,          0
  6672,   128,   70000000,    5408899,        0,  -64591101,          0
  6672,   129,   70000000,    7686585,        0,  -62313415,          0
  6672,   130,   70000000,    6049787,        0,  -63950213,          0
  6672,   131,   70000000,    7373712,        0,  -62626288,          0
  6672,   132,   70000000,    5384786,        0,  -64615214,          0
  6672,   133,   70000000,    7377696,        0,  -62622304,          0
  6672,   134,   70000000,    6147678,        0,  -63852322,          0
  6672,   135,   70000000,    6971989,        0,  -63028011,          0
  6672,   136,   70000000,    6222645,        0,  -63777355,          0
  6672,   137,   70000000,    7390288,        0,  -62609712,          0
  6672,   138,   70000000,    5405782,        0,  -64594218,          0
  6672,   139,   70000000,    7497907,        0,  -62502093,          0
  6672,   140,   70000000,    6326938,        0,  -63673062,          0
  6672,   141,   70000000,    7981025,        0,  -62018975,          0
  6672,   142,   70000000,    5644618,        0,  -64355382,          0
  6672,   143,   70000000,    7405670,        0,  -62594330,          0
  6672,   144,   70000000,    5410683,        0,  -64589317,          0
  6672,   145,   70000000,    5793031,        0,  -64206969,          0
  6672,   146,   70000000,    5363779,        0,  -64636221,          0
