175 6 169
78 3 75
186 6 180
124 6 118
108 3 105
172 6 166
105 14 91
109 8 101
131 8 123
162 5 157
165 5 160
170 6 164
141 4 137
133 10 123
137 4 133
87 3 84
118 4 114
79 3 76
101 3 98
138 6 132
158 6 152
86 3 83
110 17 93
84 3 81
153 5 148
102 9 93
109 3 106
85 3 82
82 2 80
86 3 83
96 3 93
88 3 85
88 3 85
174 6 168
114 13 101
133 9 124
125 4 121
85 2 83
73 2 71
135 4 131
104 11 93
144 5 139
72 2 70
109 9 100
138 4 134
104 3 101
77 3 74
77 3 74
160 5 155
118 5 113
74 2 72
113 14 99
116 3 113
180 6 174
72 3 69
175 5 170
184 5 179
79 3 76
118 4 114
114 15 99
138 7 131
81 3 78
79 3 76
134 4 130
110 3 107
181 5 176
126 4 122
105 15 90
92 3 89
71 2 69
84 3 81
92 3 89
77 3 74
149 4 145
110 4 106
81 3 78
108 9 99
93 3 90
121 4 117
110 10 100
78 2 76
121 4 117
108 9 99
