# Task,   Job,     Period,   Response, DL Miss?,   Lateness,  Tardiness
# task NAME=myapp PID=31206 COST=44276000 PERIOD=53000000 CPU=0
 31206,     2,   53000000,       3625,        0,  -52996375,          0
 31206,     3,   53000000,     550823,        0,  -52449177,          0
 31206,     4,   53000000,   60920156,        1,    7920156,    7920156
 31206,     5,   53000000,   51954858,        0,   -1045142,          0
 31206,     6,   53000000,   44819212,        0,   -8180788,          0
 31206,     7,   53000000,   92171124,        1,   39171124,   39171124
 31206,     8,   53000000,   82899178,        1,   29899178,   29899178
 31206,     9,   53000000,   73683325,        1,   20683325,   20683325
 31206,    10,   53000000,   64729353,        1,   11729353,   11729353
 31206,    11,   53000000,   55452614,        1,    2452614,    2452614
 31206,    12,   53000000,   46540866,        0,   -6459134,          0
 31206,    13,   53000000,  106468352,        1,   53468352,   53468352
 31206,    14,   53000000,  149293159,        1,   96293159,   96293159
 31206,    15,   53000000,  197101250,        1,  144101250,  144101250
 31206,    16,   53000000,  226893913,        1,  173893913,  173893913
 31206,    17,   53000000,  261228776,        1,  208228776,  208228776
 31206,    18,   53000000,  535676631,        1,  482676631,  482676631
 31206,    19,   53000000,  526478455,        1,  473478455,  473478455
 31206,    20,   53000000,  517528479,        1,  464528479,  464528479
 31206,    21,   53000000,  516465231,        1,  463465231,  463465231
 31206,    22,   53000000,  507244759,        1,  454244759,  454244759
 31206,    23,   53000000,  498292223,        1,  445292223,  445292223
 31206,    24,   53000000,  489035125,        1,  436035125,  436035125
 31206,    25,   53000000,  479781992,        1,  426781992,  426781992
 31206,    26,   53000000,  470822109,        1,  417822109,  417822109
 31206,    27,   53000000,  597805210,        1,  544805210,  544805210
 31206,    28,   53000000,  627157407,        1,  574157407,  574157407
 31206,    29,   53000000,  746781178,        1,  693781178,  693781178
 31206,    30,   53000000,  782258746,        1,  729258746,  729258746
 31206,    31,   53000000,  829072174,        1,  776072174,  776072174
 31206,    32,   53000000,  841855752,        1,  788855752,  788855752
 31206,    33,   53000000,  888887336,        1,  835887336,  835887336
 31206,    34,   53000000,  879659488,        1,  826659488,  826659488
 31206,    35,   53000000,  895143774,        1,  842143774,  842143774
 31206,    36,   53000000,  885932566,        1,  832932566,  832932566
 31206,    37,   53000000,  935919701,        1,  882919701,  882919701
 31206,    38,   53000000,  947773125,        1,  894773125,  894773125
 31206,    39,   53000000,  938538242,        1,  885538242,  885538242
 31206,    40,   53000000,  958876451,        1,  905876451,  905876451
 31206,    41,   53000000,  949776487,        1,  896776487,  896776487
 31206,    42,   53000000, 1019551231,        1,  966551231,  966551231
 31206,    43,   53000000, 1010340840,        1,  957340840,  957340840
 31206,    44,   53000000, 1001395876,        1,  948395876,  948395876
 31206,    45,   53000000, 1027948755,        1,  974948755,  974948755
 31206,    46,   53000000, 1063514196,        1, 1010514196, 1010514196
 31206,    47,   53000000, 1157846443,        1, 1104846443, 1104846443
 31206,    48,   53000000, 1214074086,        1, 1161074086, 1161074086
 31206,    49,   53000000, 1258691701,        1, 1205691701, 1205691701
 31206,    50,   53000000, 1318270276,        1, 1265270276, 1265270276
 31206,    51,   53000000, 1309022626,        1, 1256022626, 1256022626
 31206,    52,   53000000, 1299748874,        1, 1246748874, 1246748874
 31206,    53,   53000000, 1360627831,        1, 1307627831, 1307627831
 31206,    54,   53000000, 1426942227,        1, 1373942227, 1373942227
 31206,    55,   53000000, 1477572957,        1, 1424572957, 1424572957
 31206,    56,   53000000, 1625830052,        1, 1572830052, 1572830052
 31206,    57,   53000000, 1785834178,        1, 1732834178, 1732834178
 31206,    58,   53000000, 1776859780,        1, 1723859780, 1723859780
 31206,    59,   53000000, 1767611922,        1, 1714611922, 1714611922
 31206,    60,   53000000, 1765919790,        1, 1712919790, 1712919790
 31206,    61,   53000000, 1756659715,        1, 1703659715, 1703659715
 31206,    62,   53000000, 1747375159,        1, 1694375159, 1694375159
 31206,    63,   53000000, 1983140659,        1, 1930140659, 1930140659
 31206,    64,   53000000, 2031486067,        1, 1978486067, 1978486067
 31206,    65,   53000000, 2022490380,        1, 1969490380, 1969490380
# task NAME=myapp PID=31210 COST=37132000 PERIOD=54000000 CPU=0
 31210,     2,   54000000,      13650,        0,  -53986350,          0
 31210,     3,   54000000,     643406,        0,  -53356594,          0
 31210,     4,   54000000,   47024802,        0,   -6975198,          0
 31210,     5,   54000000,   79950187,        1,   25950187,   25950187
 31210,     6,   54000000,   62663101,        1,    8663101,    8663101
 31210,     7,   54000000,   45354072,        0,   -8645928,          0
 31210,     8,   54000000,   42705705,        0,  -11294295,          0
 31210,     9,   54000000,   68343733,        1,   14343733,   14343733
 31210,    10,   54000000,   51344248,        0,   -2655752,          0
 31210,    11,   54000000,   59764340,        1,    5764340,    5764340
 31210,    12,   54000000,   42815453,        0,  -11184547,          0
 31210,    13,   54000000,  114676769,        1,   60676769,   60676769
 31210,    14,   54000000,   97396768,        1,   43396768,   43396768
 31210,    15,   54000000,  113875395,        1,   59875395,   59875395
 31210,    16,   54000000,   97918952,        1,   43918952,   43918952
 31210,    17,   54000000,   80656561,        1,   26656561,   26656561
 31210,    18,   54000000,  176924671,        1,  122924671,  122924671
 31210,    19,   54000000,  159931458,        1,  105931458,  105931458
 31210,    20,   54000000,  142626104,        1,   88626104,   88626104
 31210,    21,   54000000,  125318424,        1,   71318424,   71318424
 31210,    22,   54000000,  108016751,        1,   54016751,   54016751
 31210,    23,   54000000,  100453388,        1,   46453388,   46453388
 31210,    24,   54000000,  215883290,        1,  161883290,  161883290
 31210,    25,   54000000,  354640322,        1,  300640322,  300640322
 31210,    26,   54000000,  511302247,        1,  457302247,  457302247
 31210,    27,   54000000,  494310703,        1,  440310703,  440310703
 31210,    28,   54000000,  477023924,        1,  423023924,  423023924
 31210,    29,   54000000,  459741134,        1,  405741134,  405741134
 31210,    30,   54000000,  509634522,        1,  455634522,  455634522
 31210,    31,   54000000,  492368314,        1,  438368314,  438368314
 31210,    32,   54000000,  475362975,        1,  421362975,  421362975
 31210,    33,   54000000,  458058657,        1,  404058657,  404058657
 31210,    34,   54000000,  440746647,        1,  386746647,  386746647
 31210,    35,   54000000,  432432937,        1,  378432937,  378432937
 31210,    36,   54000000,  450545756,        1,  396545756,  396545756
 31210,    37,   54000000,  466301822,        1,  412301822,  412301822
 31210,    38,   54000000,  449044804,        1,  395044804,  395044804
 31210,    39,   54000000,  431739700,        1,  377739700,  377739700
 31210,    40,   54000000,  471507558,        1,  417507558,  417507558
 31210,    41,   54000000,  454250136,        1,  400250136,  400250136
 31210,    42,   54000000,  494649243,        1,  440649243,  440649243
 31210,    43,   54000000,  477436981,        1,  423436981,  423436981
 31210,    44,   54000000,  460458923,        1,  406458923,  406458923
 31210,    45,   54000000,  499170646,        1,  445170646,  445170646
 31210,    46,   54000000,  482237483,        1,  428237483,  428237483
 31210,    47,   54000000,  525715781,        1,  471715781,  471715781
 31210,    48,   54000000,  508480020,        1,  454480020,  454480020
 31210,    49,   54000000,  491233888,        1,  437233888,  437233888
 31210,    50,   54000000,  473923141,        1,  419923141,  419923141
 31210,    51,   54000000,  456889015,        1,  402889015,  402889015
 31210,    52,   54000000,  439568318,        1,  385568318,  385568318
 31210,    53,   54000000,  422307469,        1,  368307469,  368307469
 31210,    54,   54000000,  405334512,        1,  351334512,  351334512
 31210,    55,   54000000,  388048398,        1,  334048398,  334048398
 31210,    56,   54000000,  461890054,        1,  407890054,  407890054
 31210,    57,   54000000,  444611943,        1,  390611943,  390611943
 31210,    58,   54000000,  427318931,        1,  373318931,  373318931
 31210,    59,   54000000,  410309031,        1,  356309031,  356309031
 31210,    60,   54000000,  393027306,        1,  339027306,  339027306
 31210,    61,   54000000,  375752764,        1,  321752764,  321752764
 31210,    62,   54000000,  358775845,        1,  304775845,  304775845
 31210,    63,   54000000,  341494563,        1,  287494563,  287494563
 31210,    64,   54000000,  390860861,        1,  336860861,  336860861
 31210,    65,   54000000,  475725257,        1,  421725257,  421725257
 31210,    66,   54000000,  475793550,        1,  421793550,  421793550
 31210,    67,   54000000,  529520898,        1,  475520898,  475520898
 31210,    68,   54000000,  512479944,        1,  458479944,  458479944
 31210,    69,   54000000,  495493675,        1,  441493675,  441493675
 31210,    70,   54000000,  645276222,        1,  591276222,  591276222
 31210,    71,   54000000,  757646697,        1,  703646697,  703646697
 31210,    72,   54000000,  740369671,        1,  686369671,  686369671
 31210,    73,   54000000,  723087132,        1,  669087132,  669087132
 31210,    74,   54000000,  706067783,        1,  652067783,  652067783
 31210,    75,   54000000,  688750961,        1,  634750961,  634750961
 31210,    76,   54000000,  671437847,        1,  617437847,  617437847
 31210,    77,   54000000,  654433264,        1,  600433264,  600433264
 31210,    78,   54000000,  637143716,        1,  583143716,  583143716
 31210,    79,   54000000,  689232477,        1,  635232477,  635232477
 31210,    80,   54000000,  671951103,        1,  617951103,  617951103
 31210,    81,   54000000,  693053984,        1,  639053984,  639053984
 31210,    82,   54000000,  762471157,        1,  708471157,  708471157
 31210,    83,   54000000,  784226499,        1,  730226499,  730226499
 31210,    84,   54000000,  814985413,        1,  760985413,  760985413
 31210,    85,   54000000,  823725438,        1,  769725438,  769725438
 31210,    86,   54000000,  845763091,        1,  791763091,  791763091
 31210,    87,   54000000,  935736549,        1,  881736549,  881736549
 31210,    88,   54000000,  918489184,        1,  864489184,  864489184
 31210,    89,   54000000,  901502713,        1,  847502713,  847502713
 31210,    90,   54000000,  884204552,        1,  830204552,  830204552
 31210,    91,   54000000,  866916072,        1,  812916072,  812916072
 31210,    92,   54000000,  849925397,        1,  795925397,  795925397
 31210,    93,   54000000,  832650402,        1,  778650402,  778650402
 31210,    94,   54000000,  815378169,        1,  761378169,  761378169
 31210,    95,   54000000,  798079708,        1,  744079708,  744079708
 31210,    96,   54000000,  793102970,        1,  739102970,  739102970
 31210,    97,   54000000,  775839342,        1,  721839342,  721839342
 31210,    98,   54000000,  758553553,        1,  704553553,  704553553
 31210,    99,   54000000,  741579291,        1,  687579291,  687579291
 31210,   100,   54000000,  724321938,        1,  670321938,  670321938
 31210,   101,   54000000,  742405685,        1,  688405685,  688405685
 31210,   102,   54000000,  725125974,        1,  671125974,  671125974
 31210,   103,   54000000,  707793684,        1,  653793684,  653793684
 31210,   104,   54000000,  690477423,        1,  636477423,  636477423
 31210,   105,   54000000,  673481858,        1,  619481858,  619481858
 31210,   106,   54000000,  868000992,        1,  814000992,  814000992
 31210,   107,   54000000,  865479015,        1,  811479015,  811479015
 31210,   108,   54000000,  848187935,        1,  794187935,  794187935
 31210,   109,   54000000,  831158186,        1,  777158186,  777158186
 31210,   110,   54000000,  813824275,        1,  759824275,  759824275
 31210,   111,   54000000,  796540573,        1,  742540573,  742540573
 31210,   112,   54000000,  900302180,        1,  846302180,  846302180
 31210,   113,   54000000,  883025695,        1,  829025695,  829025695
 31210,   114,   54000000,  865759465,        1,  811759465,  811759465
 31210,   115,   54000000,  848474905,        1,  794474905,  794474905
 31210,   116,   54000000,  888662913,        1,  834662913,  834662913
 31210,   117,   54000000,  896059837,        1,  842059837,  842059837
 31210,   118,   54000000,  928371446,        1,  874371446,  874371446
 31210,   119,   54000000,  946793906,        1,  892793906,  892793906
 31210,   120,   54000000,  929568847,        1,  875568847,  875568847
 31210,   121,   54000000,  916729802,        1,  862729802,  862729802
 31210,   122,   54000000,  899520282,        1,  845520282,  845520282
 31210,   123,   54000000,  882306765,        1,  828306765,  828306765
 31210,   124,   54000000,  865310410,        1,  811310410,  811310410
 31210,   125,   54000000,  848017379,        1,  794017379,  794017379
 31210,   126,   54000000,  830772097,        1,  776772097,  776772097
 31210,   127,   54000000,  951730523,        1,  897730523,  897730523
 31210,   128,   54000000,  969318738,        1,  915318738,  915318738
 31210,   129,   54000000,  952093175,        1,  898093175,  898093175
 31210,   130,   54000000,  935154222,        1,  881154222,  881154222
 31210,   131,   54000000,  961042311,        1,  907042311,  907042311
 31210,   132,   54000000,  960190800,        1,  906190800,  906190800
 31210,   133,   54000000,  989217849,        1,  935217849,  935217849
 31210,   134,   54000000,  972269413,        1,  918269413,  918269413
 31210,   135,   54000000,  954997119,        1,  900997119,  900997119
 31210,   136,   54000000,  937688505,        1,  883688505,  883688505
 31210,   137,   54000000,  920653424,        1,  866653424,  866653424
 31210,   138,   54000000,  903347377,        1,  849347377,  849347377
 31210,   139,   54000000,  896832535,        1,  842832535,  842832535
 31210,   140,   54000000,  968715141,        1,  914715141,  914715141
 31210,   141,   54000000,  951721402,        1,  897721402,  897721402
 31210,   142,   54000000,  992422200,        1,  938422200,  938422200
 31210,   143,   54000000,  975492624,        1,  921492624,  921492624
 31210,   144,   54000000, 1074601012,        1, 1020601012, 1020601012
 31210,   145,   54000000, 1057310622,        1, 1003310622, 1003310622
 31210,   146,   54000000, 1196401314,        1, 1142401314, 1142401314
 31210,   147,   54000000, 1193886841,        1, 1139886841, 1139886841
 31210,   148,   54000000, 1210899830,        1, 1156899830, 1156899830
 31210,   149,   54000000, 1193612297,        1, 1139612297, 1139612297
 31210,   150,   54000000, 1176314772,        1, 1122314772, 1122314772
 31210,   151,   54000000, 1159296903,        1, 1105296903, 1105296903
 31210,   152,   54000000, 1236861831,        1, 1182861831, 1182861831
 31210,   153,   54000000, 1219608442,        1, 1165608442, 1165608442
 31210,   154,   54000000, 1202346169,        1, 1148346169, 1148346169
 31210,   155,   54000000, 1185041228,        1, 1131041228, 1131041228
 31210,   156,   54000000, 1168023115,        1, 1114023115, 1114023115
 31210,   157,   54000000, 1150700064,        1, 1096700064, 1096700064
 31210,   158,   54000000, 1250775862,        1, 1196775862, 1196775862
 31210,   159,   54000000, 1233800883,        1, 1179800883, 1179800883
 31210,   160,   54000000, 1267805760,        1, 1213805760, 1213805760
 31210,   161,   54000000, 1250852972,        1, 1196852972, 1196852972
 31210,   162,   54000000, 1271053464,        1, 1217053464, 1217053464
 31210,   163,   54000000, 1292811747,        1, 1238811747, 1238811747
 31210,   164,   54000000, 1334699613,        1, 1280699613, 1280699613
 31210,   165,   54000000, 1416825555,        1, 1362825555, 1362825555
# task NAME=myapp PID=31213 COST=34281000 PERIOD=46000000 CPU=0
 31213,     2,   46000000,      13901,        0,  -45986099,          0
 31213,     3,   46000000,     598706,        0,  -45401294,          0
 31213,     4,   46000000,   33925326,        0,  -12074674,          0
 31213,     5,   46000000,   42615885,        0,   -3384115,          0
 31213,     6,   46000000,   54880317,        1,    8880317,    8880317
 31213,     7,   46000000,   42784426,        0,   -3215574,          0
 31213,     8,   46000000,   95871405,        1,   49871405,   49871405
 31213,     9,   46000000,  223307967,        1,  177307967,  177307967
 31213,    10,   46000000,  211516522,        1,  165516522,  165516522
 31213,    11,   46000000,  269923982,        1,  223923982,  223923982
 31213,    12,   46000000,  258103878,        1,  212103878,  212103878
 31213,    13,   46000000,  245982101,        1,  199982101,  199982101
 31213,    14,   46000000,  233856327,        1,  187856327,  187856327
 31213,    15,   46000000,  222021723,        1,  176021723,  176021723
 31213,    16,   46000000,  209922390,        1,  163922390,  163922390
 31213,    17,   46000000,  197831553,        1,  151831553,  151831553
 31213,    18,   46000000,  185727172,        1,  139727172,  139727172
 31213,    19,   46000000,  173896740,        1,  127896740,  127896740
 31213,    20,   46000000,  200590175,        1,  154590175,  154590175
 31213,    21,   46000000,  305632180,        1,  259632180,  259632180
 31213,    22,   46000000,  294391056,        1,  248391056,  248391056
 31213,    23,   46000000,  402469515,        1,  356469515,  356469515
 31213,    24,   46000000,  390488152,        1,  344488152,  344488152
 31213,    25,   46000000,  378383057,        1,  332383057,  332383057
 31213,    26,   46000000,  366545476,        1,  320545476,  320545476
 31213,    27,   46000000,  377122148,        1,  331122148,  331122148
 31213,    28,   46000000,  365029962,        1,  319029962,  319029962
 31213,    29,   46000000,  353194921,        1,  307194921,  307194921
 31213,    30,   46000000,  345605015,        1,  299605015,  299605015
 31213,    31,   46000000,  333483432,        1,  287483432,  287483432
 31213,    32,   46000000,  321650672,        1,  275650672,  275650672
 31213,    33,   46000000,  309529439,        1,  263529439,  263529439
 31213,    34,   46000000,  297445096,        1,  251445096,  251445096
 31213,    35,   46000000,  285337812,        1,  239337812,  239337812
 31213,    36,   46000000,  341410872,        1,  295410872,  295410872
 31213,    37,   46000000,  329302598,        1,  283302598,  283302598
 31213,    38,   46000000,  317459685,        1,  271459685,  271459685
 31213,    39,   46000000,  305355388,        1,  259355388,  259355388
 31213,    40,   46000000,  293250891,        1,  247250891,  247250891
 31213,    41,   46000000,  281413769,        1,  235413769,  235413769
 31213,    42,   46000000,  269273929,        1,  223273929,  223273929
 31213,    43,   46000000,  257138974,        1,  211138974,  211138974
 31213,    44,   46000000,  244998873,        1,  198998873,  198998873
 31213,    45,   46000000,  233605500,        1,  187605500,  187605500
 31213,    46,   46000000,  221534489,        1,  175534489,  175534489
 31213,    47,   46000000,  264247912,        1,  218247912,  218247912
 31213,    48,   46000000,  252163716,        1,  206163716,  206163716
 31213,    49,   46000000,  240053547,        1,  194053547,  194053547
 31213,    50,   46000000,  227902518,        1,  181902518,  181902518
 31213,    51,   46000000,  216032837,        1,  170032837,  170032837
 31213,    52,   46000000,  203872987,        1,  157872987,  157872987
 31213,    53,   46000000,  283940960,        1,  237940960,  237940960
 31213,    54,   46000000,  271865603,        1,  225865603,  225865603
 31213,    55,   46000000,  260069144,        1,  214069144,  214069144
 31213,    56,   46000000,  342874188,        1,  296874188,  296874188
 31213,    57,   46000000,  434471098,        1,  388471098,  388471098
 31213,    58,   46000000,  422400156,        1,  376400156,  376400156
 31213,    59,   46000000,  455882373,        1,  409882373,  409882373
 31213,    60,   46000000,  593555356,        1,  547555356,  547555356
 31213,    61,   46000000,  616666451,        1,  570666451,  570666451
 31213,    62,   46000000,  643568586,        1,  597568586,  597568586
 31213,    63,   46000000,  719300910,        1,  673300910,  673300910
 31213,    64,   46000000,  733197979,        1,  687197979,  687197979
 31213,    65,   46000000,  820741143,        1,  774741143,  774741143
 31213,    66,   46000000,  808599185,        1,  762599185,  762599185
 31213,    67,   46000000,  796452960,        1,  750452960,  750452960
 31213,    68,   46000000,  867856802,        1,  821856802,  821856802
 31213,    69,   46000000,  938264634,        1,  892264634,  892264634
 31213,    70,   46000000,  926371489,        1,  880371489,  880371489
 31213,    71,   46000000,  914553170,        1,  868553170,  868553170
 31213,    72,   46000000,  902417919,        1,  856417919,  856417919
 31213,    73,   46000000,  890270412,        1,  844270412,  844270412
 31213,    74,   46000000,  878130217,        1,  832130217,  832130217
 31213,    75,   46000000,  866317161,        1,  820317161,  820317161
 31213,    76,   46000000,  864986850,        1,  818986850,  818986850
 31213,    77,   46000000,  853218618,        1,  807218618,  807218618
 31213,    78,   46000000,  841374865,        1,  795374865,  795374865
 31213,    79,   46000000,  916800996,        1,  870800996,  870800996
 31213,    80,   46000000,  905321834,        1,  859321834,  859321834
 31213,    81,   46000000,  893786545,        1,  847786545,  847786545
 31213,    82,   46000000,  882227784,        1,  836227784,  836227784
 31213,    83,   46000000,  870975068,        1,  824975068,  824975068
 31213,    84,   46000000,  859457540,        1,  813457540,  813457540
 31213,    85,   46000000,  880489741,        1,  834489741,  834489741
 31213,    86,   46000000,  965912371,        1,  919912371,  919912371
 31213,    87,   46000000,  953780693,        1,  907780693,  907780693
 31213,    88,   46000000,  941641332,        1,  895641332,  895641332
 31213,    91,   46000000, 1058452624,        1, 1012452624, 1012452624
 31213,    92,   46000000, 1046314658,        1, 1000314658, 1000314658
 31213,    93,   46000000, 1034451858,        1,  988451858,  988451858
 31213,    94,   46000000, 1032347782,        1,  986347782,  986347782
 31213,    95,   46000000, 1131784474,        1, 1085784474, 1085784474
 31213,    96,   46000000, 1143770025,        1, 1097770025, 1097770025
 31213,    97,   46000000, 1166820497,        1, 1120820497, 1120820497
 31213,    98,   46000000, 1164700082,        1, 1118700082, 1118700082
 31213,    99,   46000000, 1222385361,        1, 1176385361, 1176385361
 31213,   100,   46000000, 1210531907,        1, 1164531907, 1164531907
 31213,   101,   46000000, 1198396630,        1, 1152396630, 1152396630
 31213,   102,   46000000, 1282571725,        1, 1236571725, 1236571725
 31213,   103,   46000000, 1322722291,        1, 1276722291, 1276722291
 31213,   104,   46000000, 1310603369,        1, 1264603369, 1264603369
 31213,   105,   46000000, 1312244037,        1, 1266244037, 1266244037
# task NAME=myapp PID=31218 COST=24269000 PERIOD=46000000 CPU=0
 31218,     2,   46000000,       3049,        0,  -45996951,          0
 31218,     3,   46000000,     547764,        0,  -45452236,          0
 31218,     4,   46000000,   37058413,        0,   -8941587,          0
 31218,     5,   46000000,   55184457,        1,    9184457,    9184457
 31218,     6,   46000000,   38833339,        0,   -7166661,          0
 31218,     7,   46000000,  167198559,        1,  121198559,  121198559
 31218,     8,   46000000,  145196626,        1,   99196626,   99196626
 31218,     9,   46000000,  123474478,        1,   77474478,   77474478
 31218,    10,   46000000,  101464067,        1,   55464067,   55464067
 31218,    11,   46000000,  132471890,        1,   86471890,   86471890
 31218,    12,   46000000,  110780337,        1,   64780337,   64780337
 31218,    13,   46000000,   88772885,        1,   42772885,   42772885
 31218,    14,   46000000,   80935518,        1,   34935518,   34935518
 31218,    15,   46000000,   91802258,        1,   45802258,   45802258
 31218,    16,   46000000,   96110729,        1,   50110729,   50110729
 31218,    17,   46000000,  100117690,        1,   54117690,   54117690
 31218,    18,   46000000,   98137247,        1,   52137247,   52137247
 31218,    19,   46000000,   89154230,        1,   43154230,   43154230
 31218,    20,   46000000,   93172957,        1,   47172957,   47172957
 31218,    21,   46000000,   97469654,        1,   51469654,   51469654
 31218,    22,   46000000,  253694065,        1,  207694065,  207694065
 31218,    23,   46000000,  231975368,        1,  185975368,  185975368
 31218,    24,   46000000,  278996531,        1,  232996531,  232996531
 31218,    25,   46000000,  325178179,        1,  279178179,  279178179
 31218,    26,   46000000,  303190156,        1,  257190156,  257190156
 31218,    27,   46000000,  281183175,        1,  235183175,  235183175
 31218,    28,   46000000,  259455670,        1,  213455670,  213455670
 31218,    29,   46000000,  273963030,        1,  227963030,  227963030
 31218,    30,   46000000,  251966711,        1,  205966711,  205966711
 31218,    31,   46000000,  229969137,        1,  183969137,  183969137
 31218,    32,   46000000,  208247738,        1,  162247738,  162247738
 31218,    33,   46000000,  209021003,        1,  163021003,  163021003
 31218,    34,   46000000,  187136595,        1,  141136595,  141136595
 31218,    35,   46000000,  167652572,        1,  121652572,  121652572
 31218,    36,   46000000,  145925893,        1,   99925893,   99925893
 31218,    37,   46000000,  184744462,        1,  138744462,  138744462
 31218,    38,   46000000,  248872729,        1,  202872729,  202872729
 31218,    39,   46000000,  270231852,        1,  224231852,  224231852
 31218,    40,   46000000,  269324198,        1,  223324198,  223324198
 31218,    41,   46000000,  247318041,        1,  201318041,  201318041
 31218,    42,   46000000,  331834435,        1,  285834435,  285834435
 31218,    43,   46000000,  322941496,        1,  276941496,  276941496
 31218,    44,   46000000,  300951073,        1,  254951073,  254951073
 31218,    45,   46000000,  351304262,        1,  305304262,  305304262
 31218,    46,   46000000,  329323031,        1,  283323031,  283323031
 31218,    47,   46000000,  394532591,        1,  348532591,  348532591
 31218,    48,   46000000,  415399774,        1,  369399774,  369399774
 31218,    49,   46000000,  393410792,        1,  347410792,  347410792
 31218,    50,   46000000,  372412749,        1,  326412749,  326412749
 31218,    51,   46000000,  351084522,        1,  305084522,  305084522
 31218,    52,   46000000,  329553782,        1,  283553782,  283553782
 31218,    53,   46000000,  371714623,        1,  325714623,  325714623
 31218,    54,   46000000,  434205332,        1,  388205332,  388205332
 31218,    55,   46000000,  511407342,        1,  465407342,  465407342
 31218,    56,   46000000,  490484522,        1,  444484522,  444484522
 31218,    57,   46000000,  468491003,        1,  422491003,  422491003
 31218,    58,   46000000,  535446392,        1,  489446392,  489446392
 31218,    59,   46000000,  522515492,        1,  476515492,  476515492
 31218,    60,   46000000,  500508634,        1,  454508634,  454508634
 31218,    61,   46000000,  478506789,        1,  432506789,  432506789
 31218,    62,   46000000,  593706788,        1,  547706788,  547706788
 31218,    63,   46000000,  690179803,        1,  644179803,  644179803
 31218,    64,   46000000,  668175808,        1,  622175808,  622175808
 31218,    65,   46000000,  646156674,        1,  600156674,  600156674
 31218,    66,   46000000,  624140011,        1,  578140011,  578140011
 31218,    67,   46000000,  602408882,        1,  556408882,  556408882
 31218,    68,   46000000,  580394752,        1,  534394752,  534394752
 31218,    69,   46000000,  558361765,        1,  512361765,  512361765
 31218,    70,   46000000,  536329174,        1,  490329174,  490329174
 31218,    71,   46000000,  514294373,        1,  468294373,  468294373
 31218,    72,   46000000,  492544995,        1,  446544995,  446544995
 31218,    73,   46000000,  586850381,        1,  540850381,  540850381
 31218,    74,   46000000,  564833434,        1,  518833434,  518833434
 31218,    75,   46000000,  542814681,        1,  496814681,  496814681
 31218,    76,   46000000,  520783408,        1,  474783408,  474783408
 31218,    77,   46000000,  536361642,        1,  490361642,  490361642
 31218,    78,   46000000,  525710749,        1,  479710749,  479710749
 31218,    79,   46000000,  519464121,        1,  473464121,  473464121
 31218,    80,   46000000,  497746477,        1,  451746477,  451746477
 31218,    81,   46000000,  585432893,        1,  539432893,  539432893
 31218,    82,   46000000,  632001925,        1,  586001925,  586001925
 31218,    83,   46000000,  610294924,        1,  564294924,  564294924
 31218,    84,   46000000,  588278019,        1,  542278019,  542278019
 31218,    85,   46000000,  566260353,        1,  520260353,  520260353
 31218,    86,   46000000,  544245870,        1,  498245870,  498245870
 31218,    87,   46000000,  522227710,        1,  476227710,  476227710
 31218,    88,   46000000,  500494684,        1,  454494684,  454494684
 31218,    89,   46000000,  478507637,        1,  432507637,  432507637
 31218,    90,   46000000,  456516825,        1,  410516825,  410516825
 31218,    91,   46000000,  434521504,        1,  388521504,  388521504
 31218,    92,   46000000,  467187070,        1,  421187070,  421187070
 31218,    93,   46000000,  507865259,        1,  461865259,  461865259
 31218,    94,   46000000,  486163540,        1,  440163540,  440163540
 31218,    95,   46000000,  508619937,        1,  462619937,  462619937
 31218,    96,   46000000,  584267078,        1,  538267078,  538267078
 31218,    97,   46000000,  587000371,        1,  541000371,  541000371
 31218,    98,   46000000,  605934671,        1,  559934671,  559934671
 31218,    99,   46000000,  653583773,        1,  607583773,  607583773
 31218,   100,   46000000,  657597612,        1,  611597612,  611597612
 31218,   101,   46000000,  648895426,        1,  602895426,  602895426
 31218,   102,   46000000,  652915671,        1,  606915671,  606915671
 31218,   103,   46000000,  656918863,        1,  610918863,  610918863
 31218,   104,   46000000,  660922084,        1,  614922084,  614922084
 31218,   105,   46000000,  671045778,        1,  625045778,  625045778
 31218,   106,   46000000,  756218569,        1,  710218569,  710218569
 31218,   107,   46000000,  760533360,        1,  714533360,  714533360
 31218,   108,   46000000,  809711508,        1,  763711508,  763711508
 31218,   109,   46000000,  842543461,        1,  796543461,  796543461
 31218,   110,   46000000,  871552131,        1,  825552131,  825552131
 31218,   111,   46000000,  905996111,        1,  859996111,  859996111
 31218,   112,   46000000,  910460980,        1,  864460980,  864460980
 31218,   113,   46000000,  939773064,        1,  893773064,  893773064
 31218,   114,   46000000,  918069783,        1,  872069783,  872069783
 31218,   115,   46000000,  896073787,        1,  850073787,  850073787
 31218,   116,   46000000, 1050384983,        1, 1004384983, 1004384983
 31218,   117,   46000000, 1054669200,        1, 1008669200, 1008669200
 31218,   118,   46000000, 1045657683,        1,  999657683,  999657683
 31218,   119,   46000000, 1060659824,        1, 1014659824, 1014659824
 31218,   120,   46000000, 1064861847,        1, 1018861847, 1018861847
 31218,   121,   46000000, 1068883570,        1, 1022883570, 1022883570
 31218,   122,   46000000, 1090331651,        1, 1044331651, 1044331651
 31218,   123,   46000000, 1139732468,        1, 1093732468, 1093732468
 31218,   124,   46000000, 1168463125,        1, 1122463125, 1122463125
 31218,   125,   46000000, 1197275151,        1, 1151275151, 1151275151
 31218,   126,   46000000, 1216295698,        1, 1170295698, 1170295698
 31218,   127,   46000000, 1282206710,        1, 1236206710, 1236206710
 31218,   128,   46000000, 1317716939,        1, 1271716939, 1271716939
 31218,   129,   46000000, 1295734317,        1, 1249734317, 1249734317
 31218,   130,   46000000, 1279175433,        1, 1233175433, 1233175433
 31218,   131,   46000000, 1322721273,        1, 1276721273, 1276721273
 31218,   132,   46000000, 1300725948,        1, 1254725948, 1254725948
 31218,   134,   46000000, 1297454700,        1, 1251454700, 1251454700
 31218,   135,   46000000, 1275473443,        1, 1229473443, 1229473443
# task NAME=myapp PID=31221 COST=16233000 PERIOD=29000000 CPU=0
 31221,     2,   29000000,      15217,        0,  -28984783,          0
 31221,     3,   29000000,     657395,        0,  -28342605,          0
 31221,     4,   29000000,   16072559,        0,  -12927441,          0
 31221,     5,   29000000,   18737685,        0,  -10262315,          0
 31221,     6,   29000000,   46150194,        1,   17150194,   17150194
 31221,     7,   29000000,   93400729,        1,   64400729,   64400729
 31221,     8,   29000000,   93467520,        1,   64467520,   64467520
 31221,     9,   29000000,  114543639,        1,   85543639,   85543639
 31221,    10,   29000000,  127623316,        1,   98623316,   98623316
 31221,    11,   29000000,  127683270,        1,   98683270,   98683270
 31221,    12,   29000000,  127852676,        1,   98852676,   98852676
 31221,    13,   29000000,  125484681,        1,   96484681,   96484681
 31221,    14,   29000000,  128798233,        1,   99798233,   99798233
 31221,    15,   29000000,  159205404,        1,  130205404,  130205404
 31221,    16,   29000000,  146580545,        1,  117580545,  117580545
 31221,    17,   29000000,  133645917,        1,  104645917,  104645917
 31221,    18,   29000000,  120701570,        1,   91701570,   91701570
 31221,    19,   29000000,  107746033,        1,   78746033,   78746033
 31221,    20,   29000000,   94783834,        1,   65783834,   65783834
 31221,    21,   29000000,   81819654,        1,   52819654,   52819654
 31221,    22,   29000000,   68855504,        1,   39855504,   39855504
 31221,    23,   29000000,   55904550,        1,   26904550,   26904550
 31221,    24,   29000000,   85069314,        1,   56069314,   56069314
 31221,    25,   29000000,  123556538,        1,   94556538,   94556538
 31221,    26,   29000000,  187275869,        1,  158275869,  158275869
 31221,    27,   29000000,  284070549,        1,  255070549,  255070549
 31221,    28,   29000000,  271149946,        1,  242149946,  242149946
 31221,    29,   29000000,  258212829,        1,  229212829,  229212829
 31221,    30,   29000000,  245544158,        1,  216544158,  216544158
 31221,    31,   29000000,  232589900,        1,  203589900,  203589900
 31221,    32,   29000000,  219637508,        1,  190637508,  190637508
 31221,    33,   29000000,  206685277,        1,  177685277,  177685277
 31221,    34,   29000000,  193731554,        1,  164731554,  164731554
 31221,    35,   29000000,  180776609,        1,  151776609,  151776609
 31221,    36,   29000000,  167824171,        1,  138824171,  138824171
 31221,    37,   29000000,  154882720,        1,  125882720,  125882720
 31221,    38,   29000000,  142248778,        1,  113248778,  113248778
 31221,    39,   29000000,  129313112,        1,  100313112,  100313112
 31221,    40,   29000000,  116356733,        1,   87356733,   87356733
 31221,    41,   29000000,  103401864,        1,   74401864,   74401864
 31221,    42,   29000000,   90449182,        1,   61449182,   61449182
 31221,    43,   29000000,   77496144,        1,   48496144,   48496144
 31221,    44,   29000000,   64540114,        1,   35540114,   35540114
 31221,    45,   29000000,   51583899,        1,   22583899,   22583899
 31221,    46,   29000000,   38918155,        1,    9918155,    9918155
 31221,    47,   29000000,   25965034,        0,   -3034966,          0
 31221,    48,   29000000,   36467163,        1,    7467163,    7467163
 31221,    49,   29000000,   23545992,        0,   -5454008,          0
 31221,    50,   29000000,  111045603,        1,   82045603,   82045603
 31221,    51,   29000000,   98198415,        1,   69198415,   69198415
 31221,    52,   29000000,  172561006,        1,  143561006,  143561006
 31221,    53,   29000000,  184508691,        1,  155508691,  155508691
 31221,    54,   29000000,  171858020,        1,  142858020,  142858020
 31221,    55,   29000000,  158924414,        1,  129924414,  129924414
 31221,    56,   29000000,  145989077,        1,  116989077,  116989077
 31221,    57,   29000000,  133051860,        1,  104051860,  104051860
 31221,    58,   29000000,  141700203,        1,  112700203,  112700203
 31221,    59,   29000000,  128775025,        1,   99775025,   99775025
 31221,    60,   29000000,  115845639,        1,   86845639,   86845639
 31221,    61,   29000000,  103208581,        1,   74208581,   74208581
 31221,    62,   29000000,   90273806,        1,   61273806,   61273806
 31221,    63,   29000000,   77345240,        1,   48345240,   48345240
 31221,    64,   29000000,   64415262,        1,   35415262,   35415262
 31221,    65,   29000000,  153656359,        1,  124656359,  124656359
 31221,    66,   29000000,  140775668,        1,  111775668,  111775668
 31221,    67,   29000000,  127851104,        1,   98851104,   98851104
 31221,    68,   29000000,  114920400,        1,   85920400,   85920400
 31221,    69,   29000000,  101982060,        1,   72982060,   72982060
 31221,    70,   29000000,  141364317,        1,  112364317,  112364317
 31221,    71,   29000000,  177623350,        1,  148623350,  148623350
 31221,    72,   29000000,  164711873,        1,  135711873,  135711873
 31221,    73,   29000000,  151794455,        1,  122794455,  122794455
 31221,    74,   29000000,  138864428,        1,  109864428,  109864428
 31221,    75,   29000000,  125919879,        1,   96919879,   96919879
 31221,    76,   29000000,  165329504,        1,  136329504,  136329504
 31221,    77,   29000000,  152415192,        1,  123415192,  123415192
 31221,    78,   29000000,  139494627,        1,  110494627,  110494627
 31221,    79,   29000000,  126571032,        1,   97571032,   97571032
 31221,    80,   29000000,  135667981,        1,  106667981,  106667981
 31221,    81,   29000000,  212824862,        1,  183824862,  183824862
 31221,    82,   29000000,  278305965,        1,  249305965,  249305965
 31221,    83,   29000000,  265369590,        1,  236369590,  236369590
 31221,    84,   29000000,  252456206,        1,  223456206,  223456206
 31221,    85,   29000000,  239537600,        1,  210537600,  210537600
 31221,    86,   29000000,  226619555,        1,  197619555,  197619555
 31221,    87,   29000000,  213978640,        1,  184978640,  184978640
 31221,    88,   29000000,  201065034,        1,  172065034,  172065034
 31221,    89,   29000000,  188125694,        1,  159125694,  159125694
 31221,    90,   29000000,  175177310,        1,  146177310,  146177310
 31221,    91,   29000000,  162221622,        1,  133221622,  133221622
 31221,    92,   29000000,  149261857,        1,  120261857,  120261857
 31221,    93,   29000000,  136308914,        1,  107308914,  107308914
 31221,    94,   29000000,  123351364,        1,   94351364,   94351364
 31221,    95,   29000000,  110702432,        1,   81702432,   81702432
 31221,    96,   29000000,  107863720,        1,   78863720,   78863720
 31221,    97,   29000000,  172403471,        1,  143403471,  143403471
 31221,    98,   29000000,  159479765,        1,  130479765,  130479765
 31221,    99,   29000000,  146559944,        1,  117559944,  117559944
 31221,   100,   29000000,  133638033,        1,  104638033,  104638033
 31221,   101,   29000000,  120711165,        1,   91711165,   91711165
 31221,   102,   29000000,  107784481,        1,   78784481,   78784481
 31221,   103,   29000000,  176372982,        1,  147372982,  147372982
 31221,   104,   29000000,  165238390,        1,  136238390,  136238390
 31221,   105,   29000000,  152312160,        1,  123312160,  123312160
 31221,   106,   29000000,  139388997,        1,  110388997,  110388997
 31221,   107,   29000000,  126454939,        1,   97454939,   97454939
 31221,   108,   29000000,  113810913,        1,   84810913,   84810913
 31221,   109,   29000000,  100871701,        1,   71871701,   71871701
 31221,   110,   29000000,  216473556,        1,  187473556,  187473556
 31221,   111,   29000000,  203538915,        1,  174538915,  174538915
 31221,   112,   29000000,  190599727,        1,  161599727,  161599727
 31221,   113,   29000000,  177660144,        1,  148660144,  148660144
 31221,   114,   29000000,  236996756,        1,  207996756,  207996756
 31221,   115,   29000000,  224073885,        1,  195073885,  195073885
 31221,   116,   29000000,  211139525,        1,  182139525,  182139525
 31221,   117,   29000000,  198210624,        1,  169210624,  169210624
 31221,   118,   29000000,  185277015,        1,  156277015,  156277015
 31221,   119,   29000000,  172632227,        1,  143632227,  143632227
 31221,   120,   29000000,  159698450,        1,  130698450,  130698450
 31221,   121,   29000000,  219170619,        1,  190170619,  190170619
 31221,   122,   29000000,  218971204,        1,  189971204,  189971204
 31221,   123,   29000000,  206032938,        1,  177032938,  177032938
 31221,   124,   29000000,  193085246,        1,  164085246,  164085246
 31221,   125,   29000000,  180134098,        1,  151134098,  151134098
 31221,   126,   29000000,  167185862,        1,  138185862,  138185862
 31221,   127,   29000000,  154235355,        1,  125235355,  125235355
 31221,   128,   29000000,  141288304,        1,  112288304,  112288304
 31221,   129,   29000000,  128606213,        1,   99606213,   99606213
 31221,   130,   29000000,  115649878,        1,   86649878,   86649878
 31221,   131,   29000000,  102707767,        1,   73707767,   73707767
 31221,   132,   29000000,   89769152,        1,   60769152,   60769152
 31221,   133,   29000000,   76834311,        1,   47834311,   47834311
 31221,   134,   29000000,   63892332,        1,   34892332,   34892332
 31221,   135,   29000000,   50944400,        1,   21944400,   21944400
 31221,   136,   29000000,  122102229,        1,   93102229,   93102229
 31221,   137,   29000000,  135366643,        1,  106366643,  106366643
 31221,   138,   29000000,  123179994,        1,   94179994,   94179994
 31221,   139,   29000000,  110816516,        1,   81816516,   81816516
 31221,   140,   29000000,   98406629,        1,   69406629,   69406629
 31221,   141,   29000000,  201604452,        1,  172604452,  172604452
 31221,   142,   29000000,  226746984,        1,  197746984,  197746984
 31221,   143,   29000000,  214109445,        1,  185109445,  185109445
 31221,   144,   29000000,  201144618,        1,  172144618,  172144618
 31221,   145,   29000000,  188170937,        1,  159170937,  159170937
 31221,   146,   29000000,  175199789,        1,  146199789,  146199789
 31221,   147,   29000000,  162227722,        1,  133227722,  133227722
 31221,   148,   29000000,  149259819,        1,  120259819,  120259819
 31221,   149,   29000000,  136295495,        1,  107295495,  107295495
 31221,   150,   29000000,  151125011,        1,  122125011,  122125011
 31221,   151,   29000000,  138170073,        1,  109170073,  109170073
 31221,   152,   29000000,  125212351,        1,   96212351,   96212351
 31221,   153,   29000000,  112250905,        1,   83250905,   83250905
 31221,   154,   29000000,   99295414,        1,   70295414,   70295414
 31221,   155,   29000000,   86340988,        1,   57340988,   57340988
 31221,   156,   29000000,  124345932,        1,   95345932,   95345932
 31221,   157,   29000000,  173872142,        1,  144872142,  144872142
 31221,   158,   29000000,  161477792,        1,  132477792,  132477792
 31221,   159,   29000000,  148766420,        1,  119766420,  119766420
 31221,   160,   29000000,  136136573,        1,  107136573,  107136573
 31221,   161,   29000000,  176403810,        1,  147403810,  147403810
 31221,   162,   29000000,  172046332,        1,  143046332,  143046332
 31221,   163,   29000000,  159087620,        1,  130087620,  130087620
 31221,   164,   29000000,  146123769,        1,  117123769,  117123769
 31221,   165,   29000000,  133160046,        1,  104160046,  104160046
 31221,   166,   29000000,  120189250,        1,   91189250,   91189250
 31221,   167,   29000000,  107216798,        1,   78216798,   78216798
 31221,   168,   29000000,   94242747,        1,   65242747,   65242747
 31221,   169,   29000000,   81277669,        1,   52277669,   52277669
 31221,   170,   29000000,   68590122,        1,   39590122,   39590122
 31221,   171,   29000000,   55617608,        1,   26617608,   26617608
 31221,   172,   29000000,   42646818,        1,   13646818,   13646818
 31221,   173,   29000000,   29677708,        1,     677708,     677708
 31221,   174,   29000000,   16707524,        0,  -12292476,          0
 31221,   175,   29000000,  104281385,        1,   75281385,   75281385
 31221,   176,   29000000,   91864080,        1,   62864080,   62864080
 31221,   177,   29000000,   79395476,        1,   50395476,   50395476
 31221,   178,   29000000,   66897412,        1,   37897412,   37897412
 31221,   179,   29000000,   54713789,        1,   25713789,   25713789
 31221,   180,   29000000,   68205403,        1,   39205403,   39205403
 31221,   181,   29000000,   55561298,        1,   26561298,   26561298
 31221,   182,   29000000,   42866694,        1,   13866694,   13866694
 31221,   183,   29000000,   30214491,        1,    1214491,    1214491
 31221,   184,   29000000,   17570779,        0,  -11429221,          0
 31221,   185,   29000000,  178520717,        1,  149520717,  149520717
 31221,   186,   29000000,  171713674,        1,  142713674,  142713674
 31221,   187,   29000000,  158766261,        1,  129766261,  129766261
 31221,   188,   29000000,  145825050,        1,  116825050,  116825050
 31221,   189,   29000000,  133169785,        1,  104169785,  104169785
 31221,   190,   29000000,  185205777,        1,  156205777,  156205777
 31221,   191,   29000000,  176070275,        1,  147070275,  147070275
 31221,   192,   29000000,  163119537,        1,  134119537,  134119537
 31221,   193,   29000000,  150452379,        1,  121452379,  121452379
 31221,   194,   29000000,  137501644,        1,  108501644,  108501644
 31221,   195,   29000000,  214438805,        1,  185438805,  185438805
 31221,   196,   29000000,  201491129,        1,  172491129,  172491129
 31221,   197,   29000000,  188535119,        1,  159535119,  159535119
 31221,   198,   29000000,  175580195,        1,  146580195,  146580195
 31221,   199,   29000000,  209440744,        1,  180440744,  180440744
 31221,   200,   29000000,  207756571,        1,  178756571,  178756571
 31221,   201,   29000000,  194790126,        1,  165790126,  165790126
 31221,   202,   29000000,  181845922,        1,  152845922,  152845922
 31221,   203,   29000000,  187343241,        1,  158343241,  158343241
 31221,   204,   29000000,  174388218,        1,  145388218,  145388218
 31221,   205,   29000000,  161453047,        1,  132453047,  132453047
 31221,   206,   29000000,  148903145,        1,  119903145,  119903145
 31221,   207,   29000000,  136279338,        1,  107279338,  107279338
 31221,   208,   29000000,  123594600,        1,   94594600,   94594600
 31221,   209,   29000000,  110903087,        1,   81903087,   81903087
 31221,   210,   29000000,   98273177,        1,   69273177,   69273177
 31221,   211,   29000000,   85588044,        1,   56588044,   56588044
 31221,   212,   29000000,   72898306,        1,   43898306,   43898306
 31221,   213,   29000000,   60556821,        1,   31556821,   31556821
 31221,   214,   29000000,   56494224,        1,   27494224,   27494224
 31221,   215,   29000000,   43568072,        1,   14568072,   14568072
 31221,   216,   29000000,   30630261,        1,    1630261,    1630261
 31221,   217,   29000000,   18550496,        0,  -10449504,          0
 31221,   218,   29000000,  142112106,        1,  113112106,  113112106
 31221,   219,   29000000,  129180372,        1,  100180372,  100180372
 31221,   220,   29000000,  116529864,        1,   87529864,   87529864
 31221,   221,   29000000,  127965056,        1,   98965056,   98965056
 31221,   222,   29000000,  115052811,        1,   86052811,   86052811
 31221,   223,   29000000,  102128806,        1,   73128806,   73128806
 31221,   224,   29000000,   89205452,        1,   60205452,   60205452
 31221,   225,   29000000,   76263542,        1,   47263542,   47263542
 31221,   226,   29000000,   63612527,        1,   34612527,   34612527
 31221,   227,   29000000,   50669592,        1,   21669592,   21669592
 31221,   228,   29000000,   85093882,        1,   56093882,   56093882
 31221,   229,   29000000,   84328690,        1,   55328690,   55328690
 31221,   230,   29000000,   71674033,        1,   42674033,   42674033
 31221,   231,   29000000,   58729977,        1,   29729977,   29729977
 31221,   232,   29000000,   45792165,        1,   16792165,   16792165
 31221,   233,   29000000,   32852742,        1,    3852742,    3852742
 31221,   234,   29000000,   19910204,        0,   -9089796,          0
 31221,   235,   29000000,   71002043,        1,   42002043,   42002043
 31221,   236,   29000000,   58084020,        1,   29084020,   29084020
 31221,   237,   29000000,   45150328,        1,   16150328,   16150328
 31221,   238,   29000000,   32225568,        1,    3225568,    3225568
 31221,   239,   29000000,   19302798,        0,   -9697202,          0
 31221,   240,   29000000,   35270982,        1,    6270982,    6270982
 31221,   241,   29000000,   22342666,        0,   -6657334,          0
 31221,   242,   29000000,   41315393,        1,   12315393,   12315393
 31221,   243,   29000000,   28400985,        0,    -599015,          0
 31221,   244,   29000000,   16132245,        0,  -12867755,          0
 31221,   245,   29000000,   29193278,        1,     193278,     193278
 31221,   246,   29000000,   16308290,        0,  -12691710,          0
 31221,   247,   29000000,   44685291,        1,   15685291,   15685291
 31221,   248,   29000000,   68338882,        1,   39338882,   39338882
 31221,   249,   29000000,  166124360,        1,  137124360,  137124360
 31221,   250,   29000000,  153181673,        1,  124181673,  124181673
 31221,   251,   29000000,  140237736,        1,  111237736,  111237736
 31221,   252,   29000000,  127295645,        1,   98295645,   98295645
 31221,   253,   29000000,  114342871,        1,   85342871,   85342871
 31221,   254,   29000000,  172071591,        1,  143071591,  143071591
 31221,   255,   29000000,  160425391,        1,  131425391,  131425391
 31221,   256,   29000000,  147488786,        1,  118488786,  118488786
 31221,   257,   29000000,  154055636,        1,  125055636,  125055636
 31221,   258,   29000000,  239134787,        1,  210134787,  210134787
 31221,   259,   29000000,  298881911,        1,  269881911,  269881911
 31221,   260,   29000000,  396508616,        1,  367508616,  367508616
 31221,   261,   29000000,  383571142,        1,  354571142,  354571142
 31221,   262,   29000000,  370625170,        1,  341625170,  341625170
 31221,   263,   29000000,  357733406,        1,  328733406,  328733406
 31221,   264,   29000000,  421665725,        1,  392665725,  392665725
 31221,   265,   29000000,  408736038,        1,  379736038,  379736038
 31221,   266,   29000000,  395802167,        1,  366802167,  366802167
 31221,   267,   29000000,  383165052,        1,  354165052,  354165052
 31221,   268,   29000000,  370230361,        1,  341230361,  341230361
 31221,   269,   29000000,  357288799,        1,  328288799,  328288799
 31221,   270,   29000000,  344337745,        1,  315337745,  315337745
 31221,   271,   29000000,  423692603,        1,  394692603,  394692603
 31221,   272,   29000000,  423433159,        1,  394433159,  394433159
 31221,   273,   29000000,  410497564,        1,  381497564,  381497564
 31221,   274,   29000000,  441593751,        1,  412593751,  412593751
 31221,   275,   29000000,  464169890,        1,  435169890,  435169890
 31221,   276,   29000000,  451628998,        1,  422628998,  422628998
 31221,   277,   29000000,  438927698,        1,  409927698,  409927698
 31221,   278,   29000000,  426577033,        1,  397577033,  397577033
 31221,   279,   29000000,  413874674,        1,  384874674,  384874674
 31221,   280,   29000000,  401194411,        1,  372194411,  372194411
 31221,   281,   29000000,  423993550,        1,  394993550,  394993550
 31221,   282,   29000000,  411078238,        1,  382078238,  382078238
 31221,   283,   29000000,  398152091,        1,  369152091,  369152091
 31221,   284,   29000000,  385511934,        1,  356511934,  356511934
 31221,   285,   29000000,  372579853,        1,  343579853,  343579853
 31221,   286,   29000000,  359626764,        1,  330626764,  330626764
 31221,   287,   29000000,  414749726,        1,  385749726,  385749726
 31221,   288,   29000000,  487569509,        1,  458569509,  458569509
 31221,   289,   29000000,  494994729,        1,  465994729,  465994729
 31221,   290,   29000000,  616961236,        1,  587961236,  587961236
 31221,   291,   29000000,  604041036,        1,  575041036,  575041036
 31221,   292,   29000000,  591108639,        1,  562108639,  562108639
 31221,   293,   29000000,  578163631,        1,  549163631,  549163631
 31221,   294,   29000000,  565191163,        1,  536191163,  536191163
 31221,   295,   29000000,  552224393,        1,  523224393,  523224393
 31221,   296,   29000000,  652317330,        1,  623317330,  623317330
 31221,   297,   29000000,  639507557,        1,  610507557,  610507557
 31221,   298,   29000000,  627064221,        1,  598064221,  598064221
 31221,   299,   29000000,  614136094,        1,  585136094,  585136094
 31221,   300,   29000000,  668426506,        1,  639426506,  639426506
 31221,   301,   29000000,  655492250,        1,  626492250,  626492250
 31221,   302,   29000000,  642550398,        1,  613550398,  613550398
 31221,   303,   29000000,  629624215,        1,  600624215,  600624215
 31221,   304,   29000000,  676618119,        1,  647618119,  647618119
 31221,   305,   29000000,  663925349,        1,  634925349,  634925349
 31221,   306,   29000000,  651302769,        1,  622302769,  622302769
 31221,   307,   29000000,  638610847,        1,  609610847,  609610847
 31221,   308,   29000000,  625906668,        1,  596906668,  596906668
 31221,   309,   29000000,  612978096,        1,  583978096,  583978096
 31221,   313,   29000000,  561492356,        1,  532492356,  532492356
 31221,   314,   29000000,  548535326,        1,  519535326,  519535326
 31221,   315,   29000000,  535567673,        1,  506567673,  506567673
 31221,   332,   29000000,  478166393,        1,  449166393,  449166393
 31221,   333,   29000000,  465502214,        1,  436502214,  436502214
 31221,   334,   29000000,  452547814,        1,  423547814,  423547814
 31221,   335,   29000000,  439615183,        1,  410615183,  410615183
 31221,   336,   29000000,  426673776,        1,  397673776,  397673776
 31221,   337,   29000000,  413808197,        1,  384808197,  384808197
 31221,   338,   29000000,  436939603,        1,  407939603,  407939603
 31221,   339,   29000000,  467403230,        1,  438403230,  438403230
 31221,   340,   29000000,  539782572,        1,  510782572,  510782572
 31221,   341,   29000000,  527167319,        1,  498167319,  498167319
 31221,   342,   29000000,  514237363,        1,  485237363,  485237363
 31221,   343,   29000000,  547749240,        1,  518749240,  518749240
 31221,   344,   29000000,  581207247,        1,  552207247,  552207247
 31221,   345,   29000000,  608277125,        1,  579277125,  579277125
 31221,   346,   29000000,  743498731,        1,  714498731,  714498731
 31221,   347,   29000000,  730589927,        1,  701589927,  701589927
 31221,   348,   29000000,  717662118,        1,  688662118,  688662118
# task NAME=myapp PID=31225 COST=43174000 PERIOD=67000000 CPU=0
 31225,     2,   67000000,      26989,        0,  -66973011,          0
 31225,     3,   67000000,     650830,        0,  -66349170,          0
 31225,     4,   67000000,   51751919,        0,  -15248081,          0
 31225,     5,   67000000,   57993741,        0,   -9006259,          0
 31225,     6,   67000000,   95224900,        1,   28224900,   28224900
 31225,     7,   67000000,  109956090,        1,   42956090,   42956090
 31225,     8,   67000000,  166619653,        1,   99619653,   99619653
 31225,     9,   67000000,  142614451,        1,   75614451,   75614451
 31225,    10,   67000000,  299476794,        1,  232476794,  232476794
 31225,    11,   67000000,  275463211,        1,  208463211,  208463211
 31225,    12,   67000000,  251157348,        1,  184157348,  184157348
 31225,    13,   67000000,  226825598,        1,  159825598,  159825598
 31225,    14,   67000000,  202776308,        1,  135776308,  135776308
 31225,    15,   67000000,  178419887,        1,  111419887,  111419887
 31225,    16,   67000000,  260916808,        1,  193916808,  193916808
 31225,    17,   67000000,  236896812,        1,  169896812,  169896812
 31225,    18,   67000000,  212533817,        1,  145533817,  145533817
 31225,    19,   67000000,  188169104,        1,  121169104,  121169104
 31225,    20,   67000000,  164104749,        1,   97104749,   97104749
 31225,    21,   67000000,  271449224,        1,  204449224,  204449224
 31225,    22,   67000000,  247144834,        1,  180144834,  180144834
 31225,    23,   67000000,  416141608,        1,  349141608,  349141608
 31225,    24,   67000000,  392099952,        1,  325099952,  325099952
 31225,    25,   67000000,  367765658,        1,  300765658,  300765658
 31225,    26,   67000000,  343454921,        1,  276454921,  276454921
 31225,    27,   67000000,  319401822,        1,  252401822,  252401822
 31225,    28,   67000000,  295088222,        1,  228088222,  228088222
 31225,    29,   67000000,  421702258,        1,  354702258,  354702258
 31225,    30,   67000000,  397395725,        1,  330395725,  330395725
 31225,    31,   67000000,  373019099,        1,  306019099,  306019099
 31225,    32,   67000000,  349068119,        1,  282068119,  282068119
 31225,    33,   67000000,  326054140,        1,  259054140,  259054140
 31225,    34,   67000000,  401669066,        1,  334669066,  334669066
 31225,    35,   67000000,  377351990,        1,  310351990,  310351990
 31225,    36,   67000000,  380480895,        1,  313480895,  313480895
 31225,    37,   67000000,  356187538,        1,  289187538,  289187538
 31225,    38,   67000000,  356044524,        1,  289044524,  289044524
 31225,    39,   67000000,  389046088,        1,  322046088,  322046088
 31225,    40,   67000000,  364719146,        1,  297719146,  297719146
 31225,    41,   67000000,  340398425,        1,  273398425,  273398425
 31225,    42,   67000000,  316380019,        1,  249380019,  249380019
 31225,    43,   67000000,  292100445,        1,  225100445,  225100445
 31225,    44,   67000000,  344325450,        1,  277325450,  277325450
 31225,    45,   67000000,  320017758,        1,  253017758,  253017758
 31225,    46,   67000000,  295985260,        1,  228985260,  228985260
 31225,    47,   67000000,  271659814,        1,  204659814,  204659814
 31225,    48,   67000000,  247293796,        1,  180293796,  180293796
 31225,    49,   67000000,  223222047,        1,  156222047,  156222047
 31225,    50,   67000000,  198891950,        1,  131891950,  131891950
 31225,    51,   67000000,  174562566,        1,  107562566,  107562566
 31225,    52,   67000000,  150503969,        1,   83503969,   83503969
 31225,    53,   67000000,  127150942,        1,   60150942,   60150942
 31225,    54,   67000000,  102840813,        1,   35840813,   35840813
 31225,    55,   67000000,   78820580,        1,   11820580,   11820580
 31225,    56,   67000000,  135850157,        1,   68850157,   68850157
 31225,    57,   67000000,  111508566,        1,   44508566,   44508566
 31225,    58,   67000000,  119102031,        1,   52102031,   52102031
 31225,    59,   67000000,   94778244,        1,   27778244,   27778244
 31225,    60,   67000000,   70441031,        1,    3441031,    3441031
 31225,    61,   67000000,  150609278,        1,   83609278,   83609278
 31225,    62,   67000000,  126278571,        1,   59278571,   59278571
 31225,    63,   67000000,  101921500,        1,   34921500,   34921500
 31225,    64,   67000000,   77852767,        1,   10852767,   10852767
 31225,    65,   67000000,   53492090,        0,  -13507910,          0
 31225,    66,   67000000,   68294738,        1,    1294738,    1294738
 31225,    67,   67000000,   43942780,        0,  -23057220,          0
 31225,    68,   67000000,   86336873,        1,   19336873,   19336873
 31225,    69,   67000000,  202296380,        1,  135296380,  135296380
 31225,    70,   67000000,  180897240,        1,  113897240,  113897240
 31225,    71,   67000000,  156551266,        1,   89551266,   89551266
 31225,    72,   67000000,  186148574,        1,  119148574,  119148574
 31225,    73,   67000000,  161795325,        1,   94795325,   94795325
 31225,    74,   67000000,  137429071,        1,   70429071,   70429071
 31225,    75,   67000000,  113791768,        1,   46791768,   46791768
 31225,    76,   67000000,   90122774,        1,   23122774,   23122774
 31225,    77,   67000000,   66022866,        0,    -977134,          0
 31225,    78,   67000000,  198041220,        1,  131041220,  131041220
 31225,    79,   67000000,  173678350,        1,  106678350,  106678350
 31225,    80,   67000000,  149615011,        1,   82615011,   82615011
 31225,    81,   67000000,  125243504,        1,   58243504,   58243504
 31225,    82,   67000000,  100894708,        1,   33894708,   33894708
 31225,    83,   67000000,  110605218,        1,   43605218,   43605218
 31225,    84,   67000000,  112296349,        1,   45296349,   45296349
 31225,    85,   67000000,  140779936,        1,   73779936,   73779936
 31225,    86,   67000000,  116720615,        1,   49720615,   49720615
 31225,    87,   67000000,  155590400,        1,   88590400,   88590400
 31225,    88,   67000000,  206107505,        1,  139107505,  139107505
 31225,    89,   67000000,  262818518,        1,  195818518,  195818518
 31225,    90,   67000000,  349759037,        1,  282759037,  282759037
 31225,    91,   67000000,  325472883,        1,  258472883,  258472883
 31225,    92,   67000000,  327160348,        1,  260160348,  260160348
 31225,    93,   67000000,  341834138,        1,  274834138,  274834138
 31225,    94,   67000000,  357307249,        1,  290307249,  290307249
 31225,    95,   67000000,  401647958,        1,  334647958,  334647958
 31225,    96,   67000000,  490119873,        1,  423119873,  423119873
 31225,    97,   67000000,  556443388,        1,  489443388,  489443388
 31225,    98,   67000000,  560288131,        1,  493288131,  493288131
 31225,    99,   67000000,  548795904,        1,  481795904,  481795904
 31225,   100,   67000000,  560308464,        1,  493308464,  493308464
 31225,   101,   67000000,  536018248,        1,  469018248,  469018248
 31225,   102,   67000000,  542348552,        1,  475348552,  475348552
 31225,   103,   67000000,  531072611,        1,  464072611,  464072611
 31225,   104,   67000000,  592496633,        1,  525496633,  525496633
 31225,   105,   67000000,  648243126,        1,  581243126,  581243126
 31225,   106,   67000000,  624199561,        1,  557199561,  557199561
 31225,   107,   67000000,  599839146,        1,  532839146,  532839146
 31225,   108,   67000000,  575457421,        1,  508457421,  508457421
 31225,   109,   67000000,  551381498,        1,  484381498,  484381498
 31225,   110,   67000000,  573097317,        1,  506097317,  506097317
 31225,   111,   67000000,  549077129,        1,  482077129,  482077129
 31225,   112,   67000000,  682293066,        1,  615293066,  615293066
 31225,   113,   67000000,  658340941,        1,  591340941,  591340941
 31225,   114,   67000000,  756766047,        1,  689766047,  689766047
 31225,   115,   67000000,  732535856,        1,  665535856,  665535856
 31225,   116,   67000000,  708537760,        1,  641537760,  641537760
 31225,   117,   67000000,  734739010,        1,  667739010,  667739010
 31225,   118,   67000000,  710736334,        1,  643736334,  643736334
 31225,   119,   67000000,  733262579,        1,  666262579,  666262579
 31225,   120,   67000000,  709331564,        1,  642331564,  642331564
 31225,   121,   67000000,  848146261,        1,  781146261,  781146261
 31225,   122,   67000000,  945988483,        1,  878988483,  878988483
 31225,   123,   67000000, 1002459349,        1,  935459349,  935459349
 31225,   124,   67000000, 1112982374,        1, 1045982374, 1045982374
 31225,   125,   67000000, 1138136682,        1, 1071136682, 1071136682
 31225,   126,   67000000, 1232470300,        1, 1165470300, 1165470300
 31225,   127,   67000000, 1208152271,        1, 1141152271, 1141152271
 31225,   128,   67000000, 1253952816,        1, 1186952816, 1186952816
 31225,   129,   67000000, 1229912555,        1, 1162912555, 1162912555
 31225,   130,   67000000, 1205545260,        1, 1138545260, 1138545260
 31225,   131,   67000000, 1196840822,        1, 1129840822, 1129840822
 31225,   132,   67000000, 1172861400,        1, 1105861400, 1105861400
 31225,   133,   67000000, 1148542447,        1, 1081542447, 1081542447
 31225,   134,   67000000, 1124511186,        1, 1057511186, 1057511186
 31225,   135,   67000000, 1126015815,        1, 1059015815, 1059015815
 31225,   136,   67000000, 1105483149,        1, 1038483149, 1038483149
 31225,   137,   67000000, 1081478431,        1, 1014478431, 1014478431
 31225,   138,   67000000, 1057154761,        1,  990154761,  990154761
 31225,   139,   67000000, 1092975332,        1, 1025975332, 1025975332
 31225,   140,   67000000, 1177021368,        1, 1110021368, 1110021368
 31225,   141,   67000000, 1244994015,        1, 1177994015, 1177994015
 31225,   142,   67000000, 1345577068,        1, 1278577068, 1278577068
 31225,   143,   67000000, 1327339301,        1, 1260339301, 1260339301
 31225,   144,   67000000, 1303004550,        1, 1236004550, 1236004550
 31225,   145,   67000000, 1278948240,        1, 1211948240, 1211948240
 31225,   146,   67000000, 1271047946,        1, 1204047946, 1204047946
 31225,   147,   67000000, 1246720120,        1, 1179720120, 1179720120
 31225,   148,   67000000, 1222700271,        1, 1155700271, 1155700271
 31225,   149,   67000000, 1267925580,        1, 1200925580, 1200925580
 31225,   150,   67000000, 1243579582,        1, 1176579582, 1176579582
 31225,   151,   67000000, 1219241796,        1, 1152241796, 1152241796
 31225,   152,   67000000, 1195171552,        1, 1128171552, 1128171552
 31225,   153,   67000000, 1170854991,        1, 1103854991, 1103854991
