105 266 0
148 296 0
222 300 0
158 226 0
232 386 0
222 309 0
369 382 0
121 186 0
128 197 0
237 319 0
261 383 0
193 284 0
669 707 0
124 194 0
156 267 0
209 351 0
719 769 0
671 724 0
375 481 0
255 321 0
197 248 0
164 264 0
213 302 0
531 598 0
112 173 0
 
446 542 0
8 590 0
461 631 0
329 446 0
377 521 0
331 530 0
307 502 0
761 1065 0
441 949 0
121 295 0
192 322 0
7 418 0
127 257 0
1401 1429 0
6 433 0
154 370 0
127 584 0
6 360 0
661 961 0
6 412 0
7 344 0
154 274 0
511 1032 0
8 1183 0
7 537 0
 
269 1122 0
363 1318 0
493 677 0
530 919 0
8 420 0
664 1613 0
552 773 0
174 889 0
273 567 0
183 1031 0
781 1188 0
902 1085 0
1128 1486 0
178 953 0
713 1185 0
247 425 0
227 670 0
1174 1688 0
261 481 0
484 850 0
529 800 0
535 925 0
641 786 0
323 606 0
514 697 0
 
949 1443 0
15 606 0
473 1402 0
315 726 0
1341 1737 0
970 1573 0
921 1230 0
449 794 0
1094 1445 0
765 1445 0
567 1093 0
205 823 0
261 973 0
445 942 0
497 758 0
841 1224 0
448 995 0
254 757 0
469 1053 0
11 491 0
14 633 0
115 659 0
670 1582 0
540 1053 0
778 991 0
 
===
