171 15 156
163 9 154
162 9 153
138 3 135
164 5 159
171 3 168
99 10 89
110 5 105
118 3 115
94 10 84
109 3 106
116 4 112
108 6 102
132 3 129
121 3 118
119 4 115
96 6 90
103 3 100
99 12 87
126 4 122
74 2 72
129 3 126
91 7 84
75 2 73
136 3 133
105 5 100
126 4 122
97 3 94
117 3 114
126 4 122
68 2 66
125 4 121
97 2 95
77 2 75
135 3 132
116 3 113
76 2 74
96 2 94
114 3 111
96 7 89
127 3 124
116 5 111
126 4 122
82 2 80
116 5 111
68 2 66
104 5 99
112 3 109
118 5 113
111 5 106
117 3 114
141 3 138
119 3 116
94 2 92
92 2 90
110 5 105
131 3 128
101 7 94
104 5 99
118 3 115
127 3 124
142 3 139
81 2 79
72 2 70
122 4 118
83 2 81
72 2 70
135 3 132
136 3 133
130 3 127
103 5 98
78 2 76
69 2 67
72 2 70
76 2 74
95 6 89
92 6 86
95 5 90
126 4 122
95 6 89
95 2 93
126 4 122
106 3 103
120 3 117
109 3 106
98 6 92
