# Task,   Job,     Period,   Response, DL Miss?,   Lateness,  Tardiness
# task NAME=myapp PID=7791 COST=30768000 PERIOD=51000000 CPU=0
  7791,     2,   51000000,       5950,        0,  -50994050,          0
  7791,     3,   51000000,     132357,        0,  -50867643,          0
  7791,     4,   51000000,   30148803,        0,  -20851197,          0
  7791,     5,   51000000,   45780794,        0,   -5219206,          0
  7791,     6,   51000000,   30768510,        0,  -20231490,          0
  7791,     7,   51000000,   64047486,        1,   13047486,   13047486
  7791,     8,   51000000,   43154487,        0,   -7845513,          0
  7791,     9,   51000000,   30173098,        0,  -20826902,          0
  7791,    10,   51000000,   30163681,        0,  -20836319,          0
  7791,    11,   51000000,   30166971,        0,  -20833029,          0
  7791,    12,   51000000,   54641429,        1,    3641429,    3641429
  7791,    13,   51000000,   33745874,        0,  -17254126,          0
  7791,    14,   51000000,   30163584,        0,  -20836416,          0
  7791,    15,   51000000,   30129818,        0,  -20870182,          0
  7791,    16,   51000000,   30158853,        0,  -20841147,          0
  7791,    17,   51000000,   30426025,        0,  -20573975,          0
  7791,    18,   51000000,   39152014,        0,  -11847986,          0
  7791,    19,   51000000,   41397922,        0,   -9602078,          0
  7791,    20,   51000000,   30133084,        0,  -20866916,          0
  7791,    21,   51000000,   30153100,        0,  -20846900,          0
  7791,    22,   51000000,   45712261,        0,   -5287739,          0
  7791,    23,   51000000,   33710357,        0,  -17289643,          0
  7791,    24,   51000000,   30444157,        0,  -20555843,          0
  7791,    25,   51000000,   36140959,        0,  -14859041,          0
  7791,    26,   51000000,   30126700,        0,  -20873300,          0
  7791,    27,   51000000,   30159159,        0,  -20840841,          0
  7791,    28,   51000000,   30191300,        0,  -20808700,          0
  7791,    29,   51000000,   34962599,        0,  -16037401,          0
  7791,    30,   51000000,   41150707,        0,   -9849293,          0
  7791,    31,   51000000,   30567205,        0,  -20432795,          0
  7791,    32,   51000000,   30164344,        0,  -20835656,          0
  7791,    33,   51000000,   33712175,        0,  -17287825,          0
  7791,    34,   51000000,   30424053,        0,  -20575947,          0
  7791,    35,   51000000,   47910363,        0,   -3089637,          0
  7791,    36,   51000000,   30772031,        0,  -20227969,          0
  7791,    37,   51000000,   30202137,        0,  -20797863,          0
  7791,    38,   51000000,   32120219,        0,  -18879781,          0
  7791,    39,   51000000,   30445952,        0,  -20554048,          0
  7791,    40,   51000000,   30145052,        0,  -20854948,          0
  7791,    41,   51000000,   30145762,        0,  -20854238,          0
  7791,    42,   51000000,   30213023,        0,  -20786977,          0
  7791,    43,   51000000,   34820011,        0,  -16179989,          0
  7791,    44,   51000000,   30414768,        0,  -20585232,          0
  7791,    45,   51000000,   30121552,        0,  -20878448,          0
  7791,    46,   51000000,   30432554,        0,  -20567446,          0
  7791,    47,   51000000,   30156662,        0,  -20843338,          0
  7791,    48,   51000000,   30613191,        0,  -20386809,          0
  7791,    49,   51000000,   43766211,        0,   -7233789,          0
  7791,    50,   51000000,   37081228,        0,  -13918772,          0
  7791,    51,   51000000,   31016355,        0,  -19983645,          0
  7791,    52,   51000000,   38934265,        0,  -12065735,          0
  7791,    53,   51000000,   34088798,        0,  -16911202,          0
  7791,    54,   51000000,   35163839,        0,  -15836161,          0
  7791,    55,   51000000,   30135372,        0,  -20864628,          0
  7791,    56,   51000000,   30421538,        0,  -20578462,          0
  7791,    57,   51000000,   40237698,        0,  -10762302,          0
  7791,    58,   51000000,   60163202,        1,    9163202,    9163202
  7791,    59,   51000000,   39268313,        0,  -11731687,          0
  7791,    60,   51000000,   30155778,        0,  -20844222,          0
  7791,    61,   51000000,   30499852,        0,  -20500148,          0
  7791,    62,   51000000,   30156413,        0,  -20843587,          0
  7791,    63,   51000000,   30333053,        0,  -20666947,          0
  7791,    64,   51000000,   30139479,        0,  -20860521,          0
  7791,    65,   51000000,   52310939,        1,    1310939,    1310939
  7791,    66,   51000000,   31701455,        0,  -19298545,          0
  7791,    67,   51000000,   30170527,        0,  -20829473,          0
  7791,    68,   51000000,   30873665,        0,  -20126335,          0
  7791,    69,   51000000,   30162448,        0,  -20837552,          0
  7791,    70,   51000000,   30150215,        0,  -20849785,          0
  7791,    71,   51000000,   37186597,        0,  -13813403,          0
  7791,    72,   51000000,   30166031,        0,  -20833969,          0
  7791,    73,   51000000,   30423071,        0,  -20576929,          0
  7791,    74,   51000000,   30167711,        0,  -20832289,          0
  7791,    75,   51000000,   30142273,        0,  -20857727,          0
  7791,    76,   51000000,   30134042,        0,  -20865958,          0
  7791,    77,   51000000,   40417478,        0,  -10582522,          0
  7791,    78,   51000000,   30503850,        0,  -20496150,          0
  7791,    79,   51000000,   41977734,        0,   -9022266,          0
  7791,    80,   51000000,   30185463,        0,  -20814537,          0
  7791,    81,   51000000,   30232341,        0,  -20767659,          0
  7791,    82,   51000000,   30147864,        0,  -20852136,          0
  7791,    83,   51000000,   30474642,        0,  -20525358,          0
  7791,    84,   51000000,   43366739,        0,   -7633261,          0
  7791,    85,   51000000,   30158265,        0,  -20841735,          0
  7791,    86,   51000000,   30168175,        0,  -20831825,          0
  7791,    87,   51000000,   40409705,        0,  -10590295,          0
  7791,    88,   51000000,   30464222,        0,  -20535778,          0
  7791,    89,   51000000,   37953459,        0,  -13046541,          0
  7791,    90,   51000000,   30142079,        0,  -20857921,          0
  7791,    91,   51000000,   30171969,        0,  -20828031,          0
  7791,    92,   51000000,   30145285,        0,  -20854715,          0
  7791,    93,   51000000,   30443856,        0,  -20556144,          0
  7791,    94,   51000000,   30161739,        0,  -20838261,          0
  7791,    95,   51000000,   52745041,        1,    1745041,    1745041
  7791,    96,   51000000,   61886341,        1,   10886341,   10886341
  7791,    97,   51000000,   41022040,        0,   -9977960,          0
  7791,    98,   51000000,   30184850,        0,  -20815150,          0
  7791,    99,   51000000,   30166298,        0,  -20833702,          0
  7791,   100,   51000000,   30436708,        0,  -20563292,          0
  7791,   101,   51000000,   30182435,        0,  -20817565,          0
  7791,   102,   51000000,   55789599,        1,    4789599,    4789599
  7791,   103,   51000000,   66063242,        1,   15063242,   15063242
  7791,   104,   51000000,   45210389,        0,   -5789611,          0
  7791,   105,   51000000,   50196398,        0,    -803602,          0
  7791,   106,   51000000,   30110535,        0,  -20889465,          0
  7791,   107,   51000000,   30169046,        0,  -20830954,          0
  7791,   108,   51000000,   36565523,        0,  -14434477,          0
  7791,   109,   51000000,   30211702,        0,  -20788298,          0
  7791,   110,   51000000,   32453607,        0,  -18546393,          0
  7791,   111,   51000000,   30183207,        0,  -20816793,          0
  7791,   112,   51000000,   57470331,        1,    6470331,    6470331
  7791,   113,   51000000,   36586293,        0,  -14413707,          0
  7791,   114,   51000000,   30574839,        0,  -20425161,          0
  7791,   115,   51000000,   46700303,        0,   -4299697,          0
  7791,   116,   51000000,   30136593,        0,  -20863407,          0
  7791,   117,   51000000,   36692451,        0,  -14307549,          0
  7791,   118,   51000000,   60601813,        1,    9601813,    9601813
  7791,   119,   51000000,   39736272,        0,  -11263728,          0
  7791,   120,   51000000,   48409471,        0,   -2590529,          0
  7791,   121,   51000000,   30131997,        0,  -20868003,          0
  7791,   122,   51000000,   30869519,        0,  -20130481,          0
  7791,   123,   51000000,   30146494,        0,  -20853506,          0
  7791,   124,   51000000,   43742060,        0,   -7257940,          0
  7791,   125,   51000000,   30157491,        0,  -20842509,          0
  7791,   126,   51000000,   32147868,        0,  -18852132,          0
  7791,   127,   51000000,   30418765,        0,  -20581235,          0
  7791,   128,   51000000,   30593814,        0,  -20406186,          0
  7791,   129,   51000000,   30216225,        0,  -20783775,          0
  7791,   130,   51000000,   30138091,        0,  -20861909,          0
  7791,   131,   51000000,   30168684,        0,  -20831316,          0
  7791,   132,   51000000,   53310834,        1,    2310834,    2310834
  7791,   133,   51000000,   32416731,        0,  -18583269,          0
  7791,   134,   51000000,   44165722,        0,   -6834278,          0
  7791,   135,   51000000,   30157117,        0,  -20842883,          0
  7791,   136,   51000000,   30171530,        0,  -20828470,          0
  7791,   137,   51000000,   30408051,        0,  -20591949,          0
  7791,   138,   51000000,   30189485,        0,  -20810515,          0
  7791,   139,   51000000,   30217778,        0,  -20782222,          0
  7791,   140,   51000000,   30154774,        0,  -20845226,          0
  7791,   141,   51000000,   30172428,        0,  -20827572,          0
  7791,   142,   51000000,   30415156,        0,  -20584844,          0
  7791,   143,   51000000,   30587948,        0,  -20412052,          0
  7791,   144,   51000000,   39272588,        0,  -11727412,          0
  7791,   145,   51000000,   30146046,        0,  -20853954,          0
  7791,   146,   51000000,   30160118,        0,  -20839882,          0
  7791,   147,   51000000,   30202196,        0,  -20797804,          0
  7791,   148,   51000000,   49927034,        0,   -1072966,          0
  7791,   149,   51000000,   30473253,        0,  -20526747,          0
  7791,   150,   51000000,   30158929,        0,  -20841071,          0
  7791,   151,   51000000,   30193652,        0,  -20806348,          0
  7791,   152,   51000000,   30163976,        0,  -20836024,          0
  7791,   153,   51000000,   30141464,        0,  -20858536,          0
  7791,   154,   51000000,   30457599,        0,  -20542401,          0
  7791,   155,   51000000,   30173723,        0,  -20826277,          0
  7791,   156,   51000000,   30126575,        0,  -20873425,          0
  7791,   157,   51000000,   30169022,        0,  -20830978,          0
  7791,   158,   51000000,   49946211,        0,   -1053789,          0
  7791,   159,   51000000,   30740858,        0,  -20259142,          0
  7791,   160,   51000000,   38452044,        0,  -12547956,          0
  7791,   161,   51000000,   57597880,        1,    6597880,    6597880
  7791,   162,   51000000,   36697001,        0,  -14302999,          0
  7791,   163,   51000000,   34964343,        0,  -16035657,          0
  7791,   164,   51000000,   38342798,        0,  -12657202,          0
  7791,   165,   51000000,   30176487,        0,  -20823513,          0
  7791,   166,   51000000,   30174543,        0,  -20825457,          0
  7791,   167,   51000000,   30146833,        0,  -20853167,          0
  7791,   168,   51000000,   30312800,        0,  -20687200,          0
  7791,   169,   51000000,   30479575,        0,  -20520425,          0
  7791,   170,   51000000,   38089322,        0,  -12910678,          0
  7791,   171,   51000000,   42741681,        0,   -8258319,          0
  7791,   172,   51000000,   30172681,        0,  -20827319,          0
  7791,   173,   51000000,   33918208,        0,  -17081792,          0
  7791,   174,   51000000,   30175041,        0,  -20824959,          0
  7791,   175,   51000000,   30159458,        0,  -20840542,          0
  7791,   176,   51000000,   30424459,        0,  -20575541,          0
  7791,   177,   51000000,   30130287,        0,  -20869713,          0
  7791,   178,   51000000,   50431630,        0,    -568370,          0
  7791,   179,   51000000,   30250800,        0,  -20749200,          0
  7791,   180,   51000000,   30120314,        0,  -20879686,          0
  7791,   181,   51000000,   30420007,        0,  -20579993,          0
  7791,   182,   51000000,   34163534,        0,  -16836466,          0
  7791,   183,   51000000,   30184762,        0,  -20815238,          0
  7791,   184,   51000000,   35203409,        0,  -15796591,          0
  7791,   185,   51000000,   53217506,        1,    2217506,    2217506
  7791,   186,   51000000,   32661191,        0,  -18338809,          0
  7791,   187,   51000000,   30148167,        0,  -20851833,          0
  7791,   188,   51000000,   49182755,        0,   -1817245,          0
  7791,   189,   51000000,   30164974,        0,  -20835026,          0
  7791,   190,   51000000,   30219664,        0,  -20780336,          0
  7791,   191,   51000000,   30451438,        0,  -20548562,          0
  7791,   192,   51000000,   30287173,        0,  -20712827,          0
  7791,   193,   51000000,   30432180,        0,  -20567820,          0
  7791,   194,   51000000,   35185115,        0,  -15814885,          0
  7791,   195,   51000000,   53398358,        1,    2398358,    2398358
  7791,   196,   51000000,   32484790,        0,  -18515210,          0
  7791,   197,   51000000,   30177621,        0,  -20822379,          0
  7791,   198,   51000000,   30393820,        0,  -20606180,          0
  7791,   199,   51000000,   30622270,        0,  -20377730,          0
  7791,   200,   51000000,   30200040,        0,  -20799960,          0
# task NAME=myapp PID=7794 COST=24262000 PERIOD=46000000 CPU=0
  7794,     2,   46000000,       8537,        0,  -45991463,          0
  7794,     3,   46000000,      62795,        0,  -45937205,          0
  7794,     4,   46000000,   23826502,        0,  -22173498,          0
  7794,     5,   46000000,   24074624,        0,  -21925376,          0
  7794,     6,   46000000,   24796844,        0,  -21203156,          0
  7794,     7,   46000000,   29586618,        0,  -16413382,          0
  7794,     8,   46000000,   23824629,        0,  -22175371,          0
  7794,     9,   46000000,   23827124,        0,  -22172876,          0
  7794,    10,   46000000,   24082267,        0,  -21917733,          0
  7794,    11,   46000000,   42800463,        0,   -3199537,          0
  7794,    12,   46000000,   23776696,        0,  -22223304,          0
  7794,    13,   46000000,   31065188,        0,  -14934812,          0
  7794,    14,   46000000,   23824898,        0,  -22175102,          0
  7794,    15,   46000000,   40379438,        0,   -5620562,          0
  7794,    16,   46000000,   23775804,        0,  -22224196,          0
  7794,    17,   46000000,   23829715,        0,  -22170285,          0
  7794,    18,   46000000,   27307210,        0,  -18692790,          0
  7794,    19,   46000000,   23811493,        0,  -22188507,          0
  7794,    20,   46000000,   25778410,        0,  -20221590,          0
  7794,    21,   46000000,   39568812,        0,   -6431188,          0
  7794,    22,   46000000,   23759547,        0,  -22240453,          0
  7794,    23,   46000000,   31243161,        0,  -14756839,          0
  7794,    24,   46000000,   24151246,        0,  -21848754,          0
  7794,    25,   46000000,   26803242,        0,  -19196758,          0
  7794,    26,   46000000,   23796922,        0,  -22203078,          0
  7794,    27,   46000000,   23758329,        0,  -22241671,          0
  7794,    28,   46000000,   23767951,        0,  -22232049,          0
  7794,    29,   46000000,   24063027,        0,  -21936973,          0
  7794,    30,   46000000,   45327076,        0,    -672924,          0
  7794,    31,   46000000,   24202514,        0,  -21797486,          0
  7794,    32,   46000000,   24070206,        0,  -21929794,          0
  7794,    33,   46000000,   27374673,        0,  -18625327,          0
  7794,    34,   46000000,   23812482,        0,  -22187518,          0
  7794,    35,   46000000,   23767059,        0,  -22232941,          0
  7794,    36,   46000000,   23743051,        0,  -22256949,          0
  7794,    37,   46000000,   23789318,        0,  -22210682,          0
  7794,    38,   46000000,   25196325,        0,  -20803675,          0
  7794,    39,   46000000,   23779897,        0,  -22220103,          0
  7794,    40,   46000000,   24091824,        0,  -21908176,          0
  7794,    41,   46000000,   23756139,        0,  -22243861,          0
  7794,    42,   46000000,   23768736,        0,  -22231264,          0
  7794,    43,   46000000,   47447252,        1,    1447252,    1447252
  7794,    44,   46000000,   25212525,        0,  -20787475,          0
  7794,    45,   46000000,   23829429,        0,  -22170571,          0
  7794,    46,   46000000,   23831482,        0,  -22168518,          0
  7794,    47,   46000000,   23822637,        0,  -22177363,          0
  7794,    48,   46000000,   24040126,        0,  -21959874,          0
  7794,    49,   46000000,   23803859,        0,  -22196141,          0
  7794,    50,   46000000,   23790011,        0,  -22209989,          0
  7794,    51,   46000000,   24052652,        0,  -21947348,          0
  7794,    52,   46000000,   23769892,        0,  -22230108,          0
  7794,    53,   46000000,   30802777,        0,  -15197223,          0
  7794,    54,   46000000,   25617655,        0,  -20382345,          0
  7794,    55,   46000000,   23793486,        0,  -22206514,          0
  7794,    56,   46000000,   23759080,        0,  -22240920,          0
  7794,    57,   46000000,   23775249,        0,  -22224751,          0
  7794,    58,   46000000,   31825427,        0,  -14174573,          0
  7794,    59,   46000000,   24485326,        0,  -21514674,          0
  7794,    60,   46000000,   23778132,        0,  -22221868,          0
  7794,    61,   46000000,   24020134,        0,  -21979866,          0
  7794,    62,   46000000,   24054258,        0,  -21945742,          0
  7794,    63,   46000000,   27292106,        0,  -18707894,          0
  7794,    64,   46000000,   23878074,        0,  -22121926,          0
  7794,    65,   46000000,   25847432,        0,  -20152568,          0
  7794,    66,   46000000,   25742528,        0,  -20257472,          0
  7794,    67,   46000000,   23764840,        0,  -22235160,          0
  7794,    68,   46000000,   31465909,        0,  -14534091,          0
  7794,    69,   46000000,   49750462,        1,    3750462,    3750462
  7794,    70,   46000000,   27786319,        0,  -18213681,          0
  7794,    71,   46000000,   24934587,        0,  -21065413,          0
  7794,    72,   46000000,   33907545,        0,  -12092455,          0
  7794,    73,   46000000,   25114127,        0,  -20885873,          0
  7794,    74,   46000000,   32037864,        0,  -13962136,          0
  7794,    75,   46000000,   23780774,        0,  -22219226,          0
  7794,    76,   46000000,   23825823,        0,  -22174177,          0
  7794,    77,   46000000,   23787529,        0,  -22212471,          0
  7794,    78,   46000000,   24033698,        0,  -21966302,          0
  7794,    79,   46000000,   23767891,        0,  -22232109,          0
  7794,    80,   46000000,   23797092,        0,  -22202908,          0
  7794,    81,   46000000,   36807704,        0,   -9192296,          0
  7794,    82,   46000000,   23784735,        0,  -22215265,          0
  7794,    83,   46000000,   23783100,        0,  -22216900,          0
  7794,    84,   46000000,   23771993,        0,  -22228007,          0
  7794,    85,   46000000,   35974164,        0,  -10025836,          0
  7794,    86,   46000000,   23812316,        0,  -22187684,          0
  7794,    87,   46000000,   23792153,        0,  -22207847,          0
  7794,    88,   46000000,   23816719,        0,  -22183281,          0
  7794,    89,   46000000,   24136542,        0,  -21863458,          0
  7794,    90,   46000000,   23747806,        0,  -22252194,          0
  7794,    91,   46000000,   23799166,        0,  -22200834,          0
  7794,    92,   46000000,   40244077,        0,   -5755923,          0
  7794,    93,   46000000,   28187020,        0,  -17812980,          0
  7794,    94,   46000000,   32059286,        0,  -13940714,          0
  7794,    95,   46000000,   23832827,        0,  -22167173,          0
  7794,    96,   46000000,   23803950,        0,  -22196050,          0
  7794,    97,   46000000,   24243480,        0,  -21756520,          0
  7794,    98,   46000000,   23778635,        0,  -22221365,          0
  7794,    99,   46000000,   23805879,        0,  -22194121,          0
  7794,   100,   46000000,   29754248,        0,  -16245752,          0
  7794,   101,   46000000,   24232641,        0,  -21767359,          0
  7794,   102,   46000000,   34114126,        0,  -11885874,          0
  7794,   103,   46000000,   44277037,        0,   -1722963,          0
  7794,   104,   46000000,   23795240,        0,  -22204760,          0
  7794,   105,   46000000,   23809856,        0,  -22190144,          0
  7794,   106,   46000000,   23780253,        0,  -22219747,          0
  7794,   107,   46000000,   44135940,        0,   -1864060,          0
  7794,   108,   46000000,   24066752,        0,  -21933248,          0
  7794,   109,   46000000,   23790858,        0,  -22209142,          0
  7794,   110,   46000000,   23789811,        0,  -22210189,          0
  7794,   111,   46000000,   24190816,        0,  -21809184,          0
  7794,   112,   46000000,   24623978,        0,  -21376022,          0
  7794,   113,   46000000,   38427584,        0,   -7572416,          0
  7794,   114,   46000000,   23802606,        0,  -22197394,          0
  7794,   115,   46000000,   36800127,        0,   -9199873,          0
  7794,   116,   46000000,   24066063,        0,  -21933937,          0
  7794,   117,   46000000,   27882328,        0,  -18117672,          0
  7794,   118,   46000000,   23788816,        0,  -22211184,          0
  7794,   119,   46000000,   24070298,        0,  -21929702,          0
  7794,   120,   46000000,   33333264,        0,  -12666736,          0
  7794,   121,   46000000,   23800053,        0,  -22199947,          0
  7794,   122,   46000000,   39633298,        0,   -6366702,          0
  7794,   123,   46000000,   23838579,        0,  -22161421,          0
  7794,   124,   46000000,   44121618,        0,   -1878382,          0
  7794,   125,   46000000,   26303200,        0,  -19696800,          0
  7794,   126,   46000000,   40847908,        0,   -5152092,          0
  7794,   127,   46000000,   24124185,        0,  -21875815,          0
  7794,   128,   46000000,   23783780,        0,  -22216220,          0
  7794,   129,   46000000,   24216046,        0,  -21783954,          0
  7794,   130,   46000000,   24140058,        0,  -21859942,          0
  7794,   131,   46000000,   50301809,        1,    4301809,    4301809
  7794,   132,   46000000,   28053508,        0,  -17946492,          0
  7794,   133,   46000000,   35836627,        0,  -10163373,          0
  7794,   134,   46000000,   23812551,        0,  -22187449,          0
  7794,   135,   46000000,   30208821,        0,  -15791179,          0
  7794,   136,   46000000,   23785275,        0,  -22214725,          0
  7794,   137,   46000000,   44407874,        0,   -1592126,          0
  7794,   138,   46000000,   24075168,        0,  -21924832,          0
  7794,   139,   46000000,   23817287,        0,  -22182713,          0
  7794,   140,   46000000,   23775798,        0,  -22224202,          0
  7794,   141,   46000000,   23772913,        0,  -22227087,          0
  7794,   142,   46000000,   24402544,        0,  -21597456,          0
  7794,   143,   46000000,   32550321,        0,  -13449679,          0
  7794,   144,   46000000,   23778742,        0,  -22221258,          0
  7794,   145,   46000000,   23785009,        0,  -22214991,          0
  7794,   146,   46000000,   24084537,        0,  -21915463,          0
  7794,   147,   46000000,   34450333,        0,  -11549667,          0
  7794,   148,   46000000,   23767457,        0,  -22232543,          0
  7794,   149,   46000000,   31862378,        0,  -14137622,          0
  7794,   150,   46000000,   23803423,        0,  -22196577,          0
  7794,   151,   46000000,   23779640,        0,  -22220360,          0
  7794,   152,   46000000,   23805515,        0,  -22194485,          0
  7794,   153,   46000000,   28472811,        0,  -17527189,          0
  7794,   154,   46000000,   42788959,        0,   -3211041,          0
  7794,   155,   46000000,   23798490,        0,  -22201510,          0
  7794,   156,   46000000,   23766257,        0,  -22233743,          0
  7794,   157,   46000000,   24498162,        0,  -21501838,          0
  7794,   158,   46000000,   23785006,        0,  -22214994,          0
  7794,   159,   46000000,   23826530,        0,  -22173470,          0
  7794,   160,   46000000,   23796835,        0,  -22203165,          0
  7794,   161,   46000000,   23790902,        0,  -22209098,          0
  7794,   162,   46000000,   23797304,        0,  -22202696,          0
  7794,   163,   46000000,   23785019,        0,  -22214981,          0
  7794,   164,   46000000,   29825577,        0,  -16174423,          0
  7794,   165,   46000000,   24079228,        0,  -21920772,          0
  7794,   166,   46000000,   23779189,        0,  -22220811,          0
  7794,   167,   46000000,   23818089,        0,  -22181911,          0
  7794,   168,   46000000,   24078027,        0,  -21921973,          0
  7794,   169,   46000000,   23793146,        0,  -22206854,          0
  7794,   170,   46000000,   23777961,        0,  -22222039,          0
  7794,   171,   46000000,   24221232,        0,  -21778768,          0
  7794,   172,   46000000,   23780045,        0,  -22219955,          0
  7794,   173,   46000000,   24039442,        0,  -21960558,          0
  7794,   174,   46000000,   23797778,        0,  -22202222,          0
  7794,   175,   46000000,   36593780,        0,   -9406220,          0
  7794,   176,   46000000,   26268283,        0,  -19731717,          0
  7794,   177,   46000000,   23845768,        0,  -22154232,          0
  7794,   178,   46000000,   48889074,        1,    2889074,    2889074
  7794,   179,   46000000,   26638335,        0,  -19361665,          0
  7794,   180,   46000000,   27505100,        0,  -18494900,          0
  7794,   181,   46000000,   30745963,        0,  -15254037,          0
  7794,   182,   46000000,   23796638,        0,  -22203362,          0
  7794,   183,   46000000,   23839006,        0,  -22160994,          0
  7794,   184,   46000000,   24172619,        0,  -21827381,          0
  7794,   185,   46000000,   26255803,        0,  -19744197,          0
  7794,   186,   46000000,   24256674,        0,  -21743326,          0
  7794,   187,   46000000,   24050954,        0,  -21949046,          0
  7794,   188,   46000000,   23814109,        0,  -22185891,          0
  7794,   189,   46000000,   23776692,        0,  -22223308,          0
  7794,   190,   46000000,   23809012,        0,  -22190988,          0
  7794,   191,   46000000,   25786785,        0,  -20213215,          0
  7794,   192,   46000000,   23768071,        0,  -22231929,          0
  7794,   193,   46000000,   35077086,        0,  -10922914,          0
  7794,   194,   46000000,   23819671,        0,  -22180329,          0
  7794,   195,   46000000,   24082487,        0,  -21917513,          0
  7794,   196,   46000000,   23767627,        0,  -22232373,          0
  7794,   197,   46000000,   24884467,        0,  -21115533,          0
  7794,   198,   46000000,   23869359,        0,  -22130641,          0
  7794,   199,   46000000,   23766014,        0,  -22233986,          0
  7794,   200,   46000000,   23771593,        0,  -22228407,          0
  7794,   201,   46000000,   23786095,        0,  -22213905,          0
  7794,   202,   46000000,   24779951,        0,  -21220049,          0
  7794,   203,   46000000,   35075548,        0,  -10924452,          0
  7794,   204,   46000000,   25802147,        0,  -20197853,          0
  7794,   205,   46000000,   36823172,        0,   -9176828,          0
  7794,   206,   46000000,   24096434,        0,  -21903566,          0
  7794,   207,   46000000,   23787999,        0,  -22212001,          0
  7794,   208,   46000000,   23770316,        0,  -22229684,          0
  7794,   209,   46000000,   23809986,        0,  -22190014,          0
  7794,   210,   46000000,   23802923,        0,  -22197077,          0
  7794,   211,   46000000,   23793690,        0,  -22206310,          0
  7794,   212,   46000000,   28245622,        0,  -17754378,          0
  7794,   213,   46000000,   24212552,        0,  -21787448,          0
  7794,   214,   46000000,   39241168,        0,   -6758832,          0
  7794,   215,   46000000,   26920604,        0,  -19079396,          0
  7794,   216,   46000000,   23809629,        0,  -22190371,          0
  7794,   217,   46000000,   24864357,        0,  -21135643,          0
  7794,   218,   46000000,   23821261,        0,  -22178739,          0
  7794,   219,   46000000,   23792101,        0,  -22207899,          0
  7794,   220,   46000000,   23851561,        0,  -22148439,          0
  7794,   221,   46000000,   23820586,        0,  -22179414,          0
# task NAME=myapp PID=7798 COST=22764000 PERIOD=27000000 CPU=0
  7798,     2,   27000000,       8515,        0,  -26991485,          0
  7798,     3,   27000000,      37355,        0,  -26962645,          0
  7798,     4,   27000000,   22291189,        0,   -4708811,          0
  7798,     5,   27000000,   22327740,        0,   -4672260,          0
  7798,     6,   27000000,   22591166,        0,   -4408834,          0
  7798,     7,   27000000,   89923249,        1,   62923249,   62923249
  7798,     8,   27000000,   85492646,        1,   58492646,   58492646
  7798,     9,   27000000,   80785875,        1,   53785875,   53785875
  7798,    10,   27000000,   76070913,        1,   49070913,   49070913
  7798,    11,   27000000,  130212535,        1,  103212535,  103212535
  7798,    12,   27000000,  126503708,        1,   99503708,   99503708
  7798,    13,   27000000,  121798625,        1,   94798625,   94798625
  7798,    14,   27000000,  117094335,        1,   90094335,   90094335
  7798,    15,   27000000,  139742257,        1,  112742257,  112742257
  7798,    16,   27000000,  135303263,        1,  108303263,  108303263
  7798,    17,   27000000,  130579276,        1,  103579276,  103579276
  7798,    18,   27000000,  155752274,        1,  128752274,  128752274
  7798,    19,   27000000,  151032011,        1,  124032011,  124032011
  7798,    20,   27000000,  165391026,        1,  138391026,  138391026
  7798,    21,   27000000,  170035718,        1,  143035718,  143035718
  7798,    22,   27000000,  198410028,        1,  171410028,  171410028
  7798,    23,   27000000,  193963286,        1,  166963286,  166963286
  7798,    24,   27000000,  189245259,        1,  162245259,  162245259
  7798,    25,   27000000,  184517416,        1,  157517416,  157517416
  7798,    26,   27000000,  229975325,        1,  202975325,  202975325
  7798,    27,   27000000,  225273964,        1,  198273964,  198273964
  7798,    28,   27000000,  220956698,        1,  193956698,  193956698
  7798,    29,   27000000,  216672924,        1,  189672924,  189672924
  7798,    30,   27000000,  278431969,        1,  251431969,  251431969
  7798,    31,   27000000,  273707511,        1,  246707511,  246707511
  7798,    32,   27000000,  269000064,        1,  242000064,  242000064
  7798,    33,   27000000,  264292853,        1,  237292853,  237292853
  7798,    34,   27000000,  260680060,        1,  233680060,  233680060
  7798,    35,   27000000,  265662195,        1,  238662195,  238662195
  7798,    36,   27000000,  269420035,        1,  242420035,  242420035
  7798,    37,   27000000,  325610803,        1,  298610803,  298610803
  7798,    38,   27000000,  320906261,        1,  293906261,  293906261
  7798,    39,   27000000,  316184311,        1,  289184311,  289184311
  7798,    40,   27000000,  311465483,        1,  284465483,  284465483
  7798,    41,   27000000,  306735217,        1,  279735217,  279735217
  7798,    42,   27000000,  362326443,        1,  335326443,  335326443
  7798,    43,   27000000,  357598232,        1,  330598232,  330598232
  7798,    44,   27000000,  352869874,        1,  325869874,  325869874
  7798,    45,   27000000,  348421027,        1,  321421027,  321421027
  7798,    46,   27000000,  403720088,        1,  376720088,  376720088
  7798,    47,   27000000,  399016834,        1,  372016834,  372016834
  7798,    48,   27000000,  394584348,        1,  367584348,  367584348
  7798,    49,   27000000,  423990205,        1,  396990205,  396990205
  7798,    50,   27000000,  419261576,        1,  392261576,  392261576
  7798,    51,   27000000,  414562001,        1,  387562001,  387562001
  7798,    52,   27000000,  410168051,        1,  383168051,  383168051
  7798,    53,   27000000,  432818361,        1,  405818361,  405818361
  7798,    54,   27000000,  428101743,        1,  401101743,  401101743
  7798,    55,   27000000,  423382603,        1,  396382603,  396382603
  7798,    56,   27000000,  418947340,        1,  391947340,  391947340
  7798,    57,   27000000,  414427513,        1,  387427513,  387427513
  7798,    58,   27000000,  470042427,        1,  443042427,  443042427
  7798,    59,   27000000,  465590076,        1,  438590076,  438590076
  7798,    60,   27000000,  460941530,        1,  433941530,  433941530
  7798,    61,   27000000,  486609540,        1,  459609540,  459609540
  7798,    62,   27000000,  481895871,        1,  454895871,  454895871
  7798,    63,   27000000,  477449745,        1,  450449745,  450449745
  7798,    64,   27000000,  472728697,        1,  445728697,  445728697
  7798,    65,   27000000,  528042843,        1,  501042843,  501042843
  7798,    66,   27000000,  523595270,        1,  496595270,  496595270
  7798,    67,   27000000,  518863193,        1,  491863193,  491863193
  7798,    68,   27000000,  514159580,        1,  487159580,  487159580
  7798,    69,   27000000,  569727124,        1,  542727124,  542727124
  7798,    70,   27000000,  565010989,        1,  538010989,  538010989
  7798,    71,   27000000,  560297940,        1,  533297940,  533297940
  7798,    72,   27000000,  585628623,        1,  558628623,  558628623
  7798,    73,   27000000,  581182262,        1,  554182262,  554182262
  7798,    74,   27000000,  576464221,        1,  549464221,  549464221
  7798,    75,   27000000,  571745219,        1,  544745219,  544745219
  7798,    76,   27000000,  567030223,        1,  540030223,  540030223
  7798,    77,   27000000,  622374574,        1,  595374574,  595374574
  7798,    78,   27000000,  617653651,        1,  590653651,  590653651
  7798,    79,   27000000,  615523405,        1,  588523405,  588523405
  7798,    80,   27000000,  617906803,        1,  590906803,  590906803
  7798,    81,   27000000,  673208756,        1,  646208756,  646208756
  7798,    82,   27000000,  668495490,        1,  641495490,  641495490
  7798,    83,   27000000,  663800917,        1,  636800917,  636800917
  7798,    84,   27000000,  659360005,        1,  632360005,  632360005
  7798,    85,   27000000,  684732668,        1,  657732668,  657732668
  7798,    86,   27000000,  680038945,        1,  653038945,  653038945
  7798,    87,   27000000,  675334642,        1,  648334642,  648334642
  7798,    88,   27000000,  684933483,        1,  657933483,  657933483
# task NAME=myapp PID=7802 COST=56589000 PERIOD=83000000 CPU=0
  7802,     2,   83000000,       8665,        0,  -82991335,          0
  7802,     3,   83000000,      86225,        0,  -82913775,          0
  7802,     4,   83000000,   55696959,        0,  -27303041,          0
  7802,     5,   83000000,   57003933,        0,  -25996067,          0
  7802,     6,   83000000,   60421278,        0,  -22578722,          0
  7802,     7,   83000000,   57106498,        0,  -25893502,          0
  7802,     8,   83000000,   65168758,        0,  -17831242,          0
  7802,     9,   83000000,   55430180,        0,  -27569820,          0
  7802,    10,   83000000,   62149027,        0,  -20850973,          0
  7802,    11,   83000000,   55680446,        0,  -27319554,          0
  7802,    12,   83000000,   58588132,        0,  -24411868,          0
  7802,    13,   83000000,   69498191,        0,  -13501809,          0
  7802,    14,   83000000,   56661872,        0,  -26338128,          0
  7802,    15,   83000000,   82718601,        0,    -281399,          0
  7802,    16,   83000000,   85724511,        1,    2724511,    2724511
  7802,    17,   83000000,   59275571,        0,  -23724429,          0
  7802,    18,   83000000,   74003776,        0,   -8996224,          0
  7802,    19,   83000000,  107439784,        1,   24439784,   24439784
  7802,    20,   83000000,   80139524,        0,   -2860476,          0
  7802,    21,   83000000,  116696233,        1,   33696233,   33696233
  7802,    22,   83000000,  125955913,        1,   42955913,   42955913
  7802,    23,   83000000,   98620229,        1,   15620229,   15620229
  7802,    24,   83000000,  115011827,        1,   32011827,   32011827
  7802,    25,   83000000,  117408399,        1,   34408399,   34408399
  7802,    26,   83000000,   90170749,        1,    7170749,    7170749
  7802,    27,   83000000,  131120965,        1,   48120965,   48120965
  7802,    28,   83000000,  103478661,        1,   20478661,   20478661
  7802,    29,   83000000,  151989496,        1,   68989496,   68989496
  7802,    30,   83000000,  124643421,        1,   41643421,   41643421
  7802,    31,   83000000,  157357343,        1,   74357343,   74357343
  7802,    32,   83000000,  129746923,        1,   46746923,   46746923
  7802,    33,   83000000,  154755350,        1,   71755350,   71755350
  7802,    34,   83000000,  127362161,        1,   44362161,   44362161
  7802,    35,   83000000,  159769098,        1,   76769098,   76769098
  7802,    36,   83000000,  163406280,        1,   80406280,   80406280
  7802,    37,   83000000,  160196536,        1,   77196536,   77196536
  7802,    38,   83000000,  167708127,        1,   84708127,   84708127
  7802,    39,   83000000,  140391374,        1,   57391374,   57391374
  7802,    40,   83000000,  187584960,        1,  104584960,  104584960
  7802,    41,   83000000,  159946138,        1,   76946138,   76946138
  7802,    42,   83000000,  168186290,        1,   85186290,   85186290
  7802,    43,   83000000,  168251184,        1,   85251184,   85251184
  7802,    44,   83000000,  201605141,        1,  118605141,  118605141
  7802,    45,   83000000,  173966995,        1,   90966995,   90966995
  7802,    46,   83000000,  186150096,        1,  103150096,  103150096
  7802,    47,   83000000,  188537267,        1,  105537267,  105537267
  7802,    48,   83000000,  161219594,        1,   78219594,   78219594
  7802,    49,   83000000,  159529831,        1,   76529831,   76529831
  7802,    50,   83000000,  192061045,        1,  109061045,  109061045
  7802,    51,   83000000,  194765497,        1,  111765497,  111765497
  7802,    52,   83000000,  167407817,        1,   84407817,   84407817
  7802,    53,   83000000,  201204363,        1,  118204363,  118204363
  7802,    54,   83000000,  173577961,        1,   90577961,   90577961
  7802,    55,   83000000,  177054697,        1,   94054697,   94054697
  7802,    56,   83000000,  201624042,        1,  118624042,  118624042
  7802,    57,   83000000,  190868465,        1,  107868465,  107868465
  7802,    58,   83000000,  194351009,        1,  111351009,  111351009
  7802,    59,   83000000,  195643210,        1,  112643210,  112643210
  7802,    60,   83000000,  230175049,        1,  147175049,  147175049
  7802,    61,   83000000,  215354692,        1,  132354692,  132354692
  7802,    62,   83000000,  187946886,        1,  104946886,  104946886
  7802,    63,   83000000,  221128250,        1,  138128250,  138128250
  7802,    64,   83000000,  223770071,        1,  140770071,  140770071
  7802,    65,   83000000,  196145672,        1,  113145672,  113145672
  7802,    66,   83000000,  198812836,        1,  115812836,  115812836
  7802,    67,   83000000,  231262861,        1,  148262861,  148262861
  7802,    68,   83000000,  228752108,        1,  145752108,  145752108
  7802,    69,   83000000,  201164184,        1,  118164184,  118164184
  7802,    70,   83000000,  237297903,        1,  154297903,  154297903
  7802,    71,   83000000,  209914802,        1,  126914802,  126914802
  7802,    72,   83000000,  182280385,        1,   99280385,   99280385
  7802,    73,   83000000,  214915988,        1,  131915988,  131915988
  7802,    74,   83000000,  218614913,        1,  135614913,  135614913
  7802,    75,   83000000,  215846423,        1,  132846423,  132846423
  7802,    76,   83000000,  211468422,        1,  128468422,  128468422
  7802,    77,   83000000,  186822115,        1,  103822115,  103822115
  7802,    78,   83000000,  219418005,        1,  136418005,  136418005
  7802,    79,   83000000,  231234760,        1,  148234760,  148234760
  7802,    80,   83000000,  203869161,        1,  120869161,  120869161
  7802,    81,   83000000,  236790404,        1,  153790404,  153790404
  7802,    82,   83000000,  241147863,        1,  158147863,  158147863
  7802,    83,   83000000,  243800051,        1,  160800051,  160800051
  7802,    84,   83000000,  216193444,        1,  133193444,  133193444
  7802,    85,   83000000,  218606619,        1,  135606619,  135606619
  7802,    86,   83000000,  251024582,        1,  168024582,  168024582
  7802,    87,   83000000,  232683869,        1,  149683869,  149683869
  7802,    88,   83000000,  216852473,        1,  133852473,  133852473
  7802,    89,   83000000,  249276276,        1,  166276276,  166276276
  7802,    90,   83000000,  221639311,        1,  138639311,  138639311
  7802,    91,   83000000,  244625626,        1,  161625626,  161625626
  7802,    92,   83000000,  217285683,        1,  134285683,  134285683
  7802,    93,   83000000,  238554372,        1,  155554372,  155554372
  7802,    94,   83000000,  211242837,        1,  128242837,  128242837
  7802,    95,   83000000,  244532928,        1,  161532928,  161532928
  7802,    96,   83000000,  241409774,        1,  158409774,  158409774
  7802,    97,   83000000,  244131481,        1,  161131481,  161131481
  7802,    98,   83000000,  218091364,        1,  135091364,  135091364
  7802,    99,   83000000,  219857838,        1,  136857838,  136857838
  7802,   100,   83000000,  222042684,        1,  139042684,  139042684
  7802,   101,   83000000,  224420222,        1,  141420222,  141420222
  7802,   102,   83000000,  257090973,        1,  174090973,  174090973
  7802,   103,   83000000,  259603498,        1,  176603498,  176603498
  7802,   104,   83000000,  232286481,        1,  149286481,  149286481
  7802,   105,   83000000,  246800167,        1,  163800167,  163800167
  7802,   106,   83000000,  279509754,        1,  196509754,  196509754
  7802,   107,   83000000,  252166119,        1,  169166119,  169166119
  7802,   108,   83000000,  255024339,        1,  172024339,  172024339
  7802,   109,   83000000,  246797145,        1,  163797145,  163797145
  7802,   110,   83000000,  279197049,        1,  196197049,  196197049
  7802,   111,   83000000,  282086383,        1,  199086383,  199086383
  7802,   112,   83000000,  254451185,        1,  171451185,  171451185
  7802,   113,   83000000,  256097715,        1,  173097715,  173097715
  7802,   114,   83000000,  258731605,        1,  175731605,  175731605
  7802,   115,   83000000,  291138316,        1,  208138316,  208138316
  7802,   116,   83000000,  263800980,        1,  180800980,  180800980
  7802,   117,   83000000,  245978535,        1,  162978535,  162978535
  7802,   118,   83000000,  277073220,        1,  194073220,  194073220
  7802,   119,   83000000,  279745321,        1,  196745321,  196745321
  7802,   120,   83000000,  282554526,        1,  199554526,  199554526
  7802,   121,   83000000,  255019580,        1,  172019580,  172019580
  7802,   122,   83000000,  281307681,        1,  198307681,  198307681
  7802,   123,   83000000,  253701988,        1,  170701988,  170701988
  7802,   124,   83000000,  226378248,        1,  143378248,  143378248
# task NAME=myapp PID=7806 COST=38707000 PERIOD=46000000 CPU=0
  7806,     2,   46000000,       8823,        0,  -45991177,          0
  7806,     3,   46000000,     109783,        0,  -45890217,          0
  7806,     4,   46000000,   37927689,        0,   -8072311,          0
  7806,     5,   46000000,   38249853,        0,   -7750147,          0
  7806,     6,   46000000,   37891466,        0,   -8108534,          0
  7806,     7,   46000000,   38274393,        0,   -7725607,          0
  7806,     8,   46000000,   37913196,        0,   -8086804,          0
  7806,     9,   46000000,   37936072,        0,   -8063928,          0
  7806,    10,   46000000,   38213069,        0,   -7786931,          0
  7806,    11,   46000000,   37965226,        0,   -8034774,          0
  7806,    12,   46000000,   51955368,        1,    5955368,    5955368
  7806,    13,   46000000,   44144508,        0,   -1855492,          0
  7806,    14,   46000000,   37975094,        0,   -8024906,          0
  7806,    15,   46000000,   37902995,        0,   -8097005,          0
  7806,    16,   46000000,   37982231,        0,   -8017769,          0
  7806,    17,   46000000,   37918453,        0,   -8081547,          0
  7806,    18,   46000000,   41694095,        0,   -4305905,          0
  7806,    19,   46000000,   37943818,        0,   -8056182,          0
  7806,    20,   46000000,   62812579,        1,   16812579,   16812579
  7806,    21,   46000000,   72031711,        1,   26031711,   26031711
  7806,    22,   46000000,   88125821,        1,   42125821,   42125821
  7806,    23,   46000000,  110886278,        1,   64886278,   64886278
  7806,    24,   46000000,  102823152,        1,   56823152,   56823152
  7806,    25,   46000000,  136828798,        1,   90828798,   90828798
  7806,    26,   46000000,  128726284,        1,   82726284,   82726284
  7806,    27,   46000000,  120916004,        1,   74916004,   74916004
  7806,    28,   46000000,  172845323,        1,  126845323,  126845323
  7806,    29,   46000000,  165041699,        1,  119041699,  119041699
  7806,    30,   46000000,  186955031,        1,  140955031,  140955031
  7806,    31,   46000000,  186078609,        1,  140078609,  140078609
  7806,    32,   46000000,  242734825,        1,  196734825,  196734825
  7806,    33,   46000000,  234945575,        1,  188945575,  188945575
  7806,    34,   46000000,  226849684,        1,  180849684,  180849684
  7806,    35,   46000000,  249152400,        1,  203152400,  203152400
  7806,    36,   46000000,  270258816,        1,  224258816,  224258816
  7806,    37,   46000000,  262194300,        1,  216194300,  216194300
  7806,    38,   46000000,  284387373,        1,  238387373,  238387373
  7806,    39,   46000000,  276285368,        1,  230285368,  230285368
  7806,    40,   46000000,  328204453,        1,  282204453,  282204453
  7806,    41,   46000000,  320090560,        1,  274090560,  274090560
  7806,    42,   46000000,  335728349,        1,  289728349,  289728349
  7806,    43,   46000000,  349675531,        1,  303675531,  303675531
  7806,    44,   46000000,  401865597,        1,  355865597,  355865597
  7806,    45,   46000000,  393797632,        1,  347797632,  347797632
  7806,    46,   46000000,  385971281,        1,  339971281,  339971281
  7806,    47,   46000000,  377892217,        1,  331892217,  331892217
  7806,    48,   46000000,  430124126,        1,  384124126,  384124126
  7806,    49,   46000000,  422040914,        1,  376040914,  376040914
  7806,    50,   46000000,  444655913,        1,  398655913,  398655913
  7806,    51,   46000000,  496584276,        1,  450584276,  450584276
  7806,    52,   46000000,  488739847,        1,  442739847,  442739847
  7806,    53,   46000000,  510647017,        1,  464647017,  464647017
  7806,    54,   46000000,  532586750,        1,  486586750,  486586750
  7806,    55,   46000000,  524480535,        1,  478480535,  478480535
  7806,    56,   46000000,  516386010,        1,  470386010,  470386010
  7806,    57,   46000000,  537634941,        1,  491634941,  491634941
  7806,    58,   46000000,  529536958,        1,  483536958,  483536958
  7806,    59,   46000000,  582024171,        1,  536024171,  536024171
  7806,    60,   46000000,  573910308,        1,  527910308,  527910308
  7806,    61,   46000000,  566079491,        1,  520079491,  520079491
  7806,    62,   46000000,  557975289,        1,  511975289,  511975289
  7806,    63,   46000000,  610200314,        1,  564200314,  564200314
  7806,    64,   46000000,  602126859,        1,  556126859,  556126859
  7806,    65,   46000000,  654050383,        1,  608050383,  608050383
  7806,    66,   46000000,  645944894,        1,  599944894,  599944894
  7806,    67,   46000000,  667392342,        1,  621392342,  621392342
  7806,    68,   46000000,  660031860,        1,  614031860,  614031860
  7806,    69,   46000000,  668549443,        1,  622549443,  622549443
  7806,    70,   46000000,  721280496,        1,  675280496,  675280496
  7806,    71,   46000000,  713185474,        1,  667185474,  667185474
  7806,    72,   46000000,  735393783,        1,  689393783,  689393783
  7806,    73,   46000000,  727298223,        1,  681298223,  681298223
  7806,    74,   46000000,  719487987,        1,  673487987,  673487987
  7806,    75,   46000000,  771599859,        1,  725599859,  725599859
  7806,    76,   46000000,  763812949,        1,  717812949,  717812949
  7806,    77,   46000000,  756879417,        1,  710879417,  710879417
  7806,    78,   46000000,  809614643,        1,  763614643,  763614643
  7806,    79,   46000000,  801477426,        1,  755477426,  755477426
  7806,    80,   46000000,  793358170,        1,  747358170,  747358170
  7806,    81,   46000000,  845554223,        1,  799554223,  799554223
  7806,    82,   46000000,  837700154,        1,  791700154,  791700154
  7806,    83,   46000000,  829630825,        1,  783630825,  783630825
  7806,    84,   46000000,  881555702,        1,  835555702,  835555702
  7806,    85,   46000000,  873440302,        1,  827440302,  827440302
  7806,    86,   46000000,  865326611,        1,  819326611,  819326611
  7806,    87,   46000000,  917264206,        1,  871264206,  871264206
  7806,    88,   46000000,  909135979,        1,  863135979,  863135979
  7806,    89,   46000000,  901337926,        1,  855337926,  855337926
  7806,    90,   46000000,  953238412,        1,  907238412,  907238412
  7806,    91,   46000000,  945483541,        1,  899483541,  899483541
  7806,    92,   46000000,  937429005,        1,  891429005,  891429005
  7806,    93,   46000000,  989319690,        1,  943319690,  943319690
  7806,    94,   46000000,  981206679,        1,  935206679,  935206679
  7806,    95,   46000000,  973123441,        1,  927123441,  927123441
  7806,    96,   46000000, 1025334590,        1,  979334590,  979334590
  7806,    97,   46000000, 1017261285,        1,  971261285,  971261285
  7806,    98,   46000000, 1039032046,        1,  993032046,  993032046
  7806,    99,   46000000, 1030965811,        1,  984965811,  984965811
  7806,   100,   46000000, 1074924533,        1, 1028924533, 1028924533
  7806,   101,   46000000, 1066881974,        1, 1020881974, 1020881974
  7806,   102,   46000000, 1087243202,        1, 1041243202, 1041243202
  7806,   103,   46000000, 1103920181,        1, 1057920181, 1057920181
  7806,   104,   46000000, 1122884687,        1, 1076884687, 1076884687
  7806,   105,   46000000, 1114780768,        1, 1068780768, 1068780768
  7806,   106,   46000000, 1106948431,        1, 1060948431, 1060948431
  7806,   107,   46000000, 1098883090,        1, 1052883090, 1052883090
  7806,   108,   46000000, 1151089144,        1, 1105089144, 1105089144
  7806,   109,   46000000, 1170535205,        1, 1124535205, 1124535205
# task NAME=myapp PID=7810 COST=27556000 PERIOD=40000000 CPU=0
  7810,     2,   40000000,       6867,        0,  -39993133,          0
  7810,     3,   40000000,     183509,        0,  -39816491,          0
  7810,     4,   40000000,   27014437,        0,  -12985563,          0
  7810,     5,   40000000,   27292858,        0,  -12707142,          0
  7810,     6,   40000000,   30457403,        0,   -9542597,          0
  7810,     7,   40000000,   29807482,        0,  -10192518,          0
  7810,     8,   40000000,   40879911,        1,     879911,     879911
  7810,     9,   40000000,   27852446,        0,  -12147554,          0
  7810,    10,   40000000,   46431852,        1,    6431852,    6431852
  7810,    11,   40000000,   33693192,        0,   -6306808,          0
  7810,    12,   40000000,   27031222,        0,  -12968778,          0
  7810,    13,   40000000,   27996981,        0,  -12003019,          0
  7810,    14,   40000000,   26994287,        0,  -13005713,          0
  7810,    15,   40000000,   27175984,        0,  -12824016,          0
  7810,    16,   40000000,   36997355,        0,   -3002645,          0
  7810,    17,   40000000,   26992101,        0,  -13007899,          0
  7810,    18,   40000000,   30498046,        0,   -9501954,          0
  7810,    19,   40000000,   26972208,        0,  -13027792,          0
  7810,    20,   40000000,   29391980,        0,  -10608020,          0
  7810,    21,   40000000,   27025009,        0,  -12974991,          0
  7810,    22,   40000000,   27059020,        0,  -12940980,          0
  7810,    23,   40000000,   26972689,        0,  -13027311,          0
  7810,    24,   40000000,   30838795,        0,   -9161205,          0
  7810,    25,   40000000,   26986146,        0,  -13013854,          0
  7810,    26,   40000000,   34123915,        0,   -5876085,          0
  7810,    27,   40000000,   27352318,        0,  -12647682,          0
  7810,    28,   40000000,   26992095,        0,  -13007905,          0
  7810,    29,   40000000,   27028272,        0,  -12971728,          0
  7810,    30,   40000000,   29088378,        0,  -10911622,          0
  7810,    31,   40000000,   27407758,        0,  -12592242,          0
  7810,    32,   40000000,   26990343,        0,  -13009657,          0
  7810,    33,   40000000,   30849507,        0,   -9150493,          0
  7810,    34,   40000000,   41146165,        1,    1146165,    1146165
  7810,    35,   40000000,   28150878,        0,  -11849122,          0
  7810,    36,   40000000,   27281960,        0,  -12718040,          0
  7810,    37,   40000000,   27958529,        0,  -12041471,          0
  7810,    38,   40000000,   34496820,        0,   -5503180,          0
  7810,    39,   40000000,   26991769,        0,  -13008231,          0
  7810,    40,   40000000,   35051340,        0,   -4948660,          0
  7810,    41,   40000000,   32435180,        0,   -7564820,          0
  7810,    42,   40000000,   27042539,        0,  -12957461,          0
  7810,    43,   40000000,   27474243,        0,  -12525757,          0
  7810,    44,   40000000,   26974913,        0,  -13025087,          0
  7810,    45,   40000000,   30626559,        0,   -9373441,          0
  7810,    46,   40000000,   27045917,        0,  -12954083,          0
  7810,    47,   40000000,   32457898,        0,   -7542102,          0
  7810,    48,   40000000,   30624182,        0,   -9375818,          0
  7810,    49,   40000000,   50622532,        1,   10622532,   10622532
  7810,    50,   40000000,   37621732,        0,   -2378268,          0
  7810,    51,   40000000,   26990661,        0,  -13009339,          0
  7810,    52,   40000000,   27785918,        0,  -12214082,          0
  7810,    53,   40000000,   28822002,        0,  -11177998,          0
  7810,    54,   40000000,   27017137,        0,  -12982863,          0
  7810,    55,   40000000,   27262549,        0,  -12737451,          0
  7810,    56,   40000000,   27033971,        0,  -12966029,          0
  7810,    57,   40000000,   26998153,        0,  -13001847,          0
  7810,    58,   40000000,   50449403,        1,   10449403,   10449403
  7810,    59,   40000000,   37416541,        0,   -2583459,          0
  7810,    60,   40000000,   26983471,        0,  -13016529,          0
  7810,    61,   40000000,   27811450,        0,  -12188550,          0
  7810,    62,   40000000,   27329609,        0,  -12670391,          0
  7810,    63,   40000000,   30943271,        0,   -9056729,          0
  7810,    64,   40000000,   51324939,        1,   11324939,   11324939
  7810,    65,   40000000,   38317933,        0,   -1682067,          0
  7810,    66,   40000000,   27424984,        0,  -12575016,          0
  7810,    67,   40000000,   59439260,        1,   19439260,   19439260
  7810,    68,   40000000,   46418286,        1,    6418286,    6418286
  7810,    69,   40000000,   33374284,        0,   -6625716,          0
  7810,    70,   40000000,   81041423,        1,   41041423,   41041423
  7810,    71,   40000000,   68009766,        1,   28009766,   28009766
  7810,    72,   40000000,   54987139,        1,   14987139,   14987139
  7810,    73,   40000000,   41964012,        1,    1964012,    1964012
  7810,    74,   40000000,   89258747,        1,   49258747,   49258747
  7810,    75,   40000000,   76229837,        1,   36229837,   36229837
  7810,    76,   40000000,   63479273,        1,   23479273,   23479273
  7810,    77,   40000000,   80529561,        1,   40529561,   40529561
  7810,    78,   40000000,   67492660,        1,   27492660,   27492660
  7810,    79,   40000000,   54758072,        1,   14758072,   14758072
  7810,    80,   40000000,   41732427,        1,    1732427,    1732427
  7810,    81,   40000000,   88793021,        1,   48793021,   48793021
  7810,    82,   40000000,   76048351,        1,   36048351,   36048351
  7810,    83,   40000000,   63031730,        1,   23031730,   23031730
  7810,    84,   40000000,   70776883,        1,   30776883,   30776883
  7810,    85,   40000000,   78933620,        1,   38933620,   38933620
  7810,    86,   40000000,   65907692,        1,   25907692,   25907692
  7810,    87,   40000000,   77093587,        1,   37093587,   37093587
  7810,    88,   40000000,   68388971,        1,   28388971,   28388971
  7810,    89,   40000000,  115654000,        1,   75654000,   75654000
  7810,    90,   40000000,  102614967,        1,   62614967,   62614967
  7810,    91,   40000000,   89852665,        1,   49852665,   49852665
  7810,    92,   40000000,  106872187,        1,   66872187,   66872187
  7810,    93,   40000000,   93835862,        1,   53835862,   53835862
  7810,    94,   40000000,   81085736,        1,   41085736,   41085736
  7810,    95,   40000000,   68055650,        1,   28055650,   28055650
  7810,    96,   40000000,   55018390,        1,   15018390,   15018390
  7810,    97,   40000000,  102019264,        1,   62019264,   62019264
  7810,    98,   40000000,   88982064,        1,   48982064,   48982064
  7810,    99,   40000000,   75945776,        1,   35945776,   35945776
  7810,   100,   40000000,   62919211,        1,   22919211,   22919211
  7810,   101,   40000000,  109921304,        1,   69921304,   69921304
  7810,   102,   40000000,   96893422,        1,   56893422,   56893422
  7810,   103,   40000000,   83885455,        1,   43885455,   43885455
  7810,   104,   40000000,   71171713,        1,   31171713,   31171713
  7810,   105,   40000000,  118168218,        1,   78168218,   78168218
  7810,   106,   40000000,  105412216,        1,   65412216,   65412216
  7810,   107,   40000000,   92374594,        1,   52374594,   52374594
  7810,   108,   40000000,  139374231,        1,   99374231,   99374231
  7810,   109,   40000000,  126637200,        1,   86637200,   86637200
  7810,   110,   40000000,  113605284,        1,   73605284,   73605284
  7810,   111,   40000000,  110915737,        1,   70915737,   70915737
  7810,   112,   40000000,  135394513,        1,   95394513,   95394513
  7810,   113,   40000000,  122393077,        1,   82393077,   82393077
  7810,   114,   40000000,  109356429,        1,   69356429,   69356429
  7810,   115,   40000000,   96980971,        1,   56980971,   56980971
  7810,   116,   40000000,  145037291,        1,  105037291,  105037291
  7810,   117,   40000000,  132011966,        1,   92011966,   92011966
  7810,   118,   40000000,  119275702,        1,   79275702,   79275702
  7810,   119,   40000000,  106285192,        1,   66285192,   66285192
  7810,   120,   40000000,   94231866,        1,   54231866,   54231866
  7810,   121,   40000000,  141519053,        1,  101519053,  101519053
  7810,   122,   40000000,  128480614,        1,   88480614,   88480614
  7810,   123,   40000000,  115428673,        1,   75428673,   75428673
  7810,   124,   40000000,  162506599,        1,  122506599,  122506599
  7810,   125,   40000000,  149482576,        1,  109482576,  109482576
  7810,   126,   40000000,  136439596,        1,   96439596,   96439596
  7810,   127,   40000000,  148826150,        1,  108826150,  108826150
  7810,   128,   40000000,  135808872,        1,   95808872,   95808872
  7810,   129,   40000000,  122761790,        1,   82761790,   82761790
  7810,   130,   40000000,  109735686,        1,   69735686,   69735686
  7810,   131,   40000000,  156704185,        1,  116704185,  116704185
  7810,   132,   40000000,  143664407,        1,  103664407,  103664407
  7810,   133,   40000000,  130637535,        1,   90637535,   90637535
  7810,   134,   40000000,  178026751,        1,  138026751,  138026751
  7810,   135,   40000000,  165012057,        1,  125012057,  125012057
  7810,   136,   40000000,  152253596,        1,  112253596,  112253596
  7810,   137,   40000000,  169187161,        1,  129187161,  129187161
  7810,   138,   40000000,  156298410,        1,  116298410,  116298410
  7810,   139,   40000000,  143273397,        1,  103273397,  103273397
  7810,   140,   40000000,  158685340,        1,  118685340,  118685340
  7810,   141,   40000000,  145653522,        1,  105653522,  105653522
  7810,   142,   40000000,  162926339,        1,  122926339,  122926339
  7810,   143,   40000000,  149885444,        1,  109885444,  109885444
  7810,   144,   40000000,  136847464,        1,   96847464,   96847464
  7810,   145,   40000000,  183854150,        1,  143854150,  143854150
  7810,   146,   40000000,  170839443,        1,  130839443,  130839443
  7810,   147,   40000000,  157794416,        1,  117794416,  117794416
  7810,   148,   40000000,  144819109,        1,  104819109,  104819109
  7810,   149,   40000000,  132427726,        1,   92427726,   92427726
  7810,   150,   40000000,  143906471,        1,  103906471,  103906471
  7810,   151,   40000000,  139961598,        1,   99961598,   99961598
  7810,   152,   40000000,  151612956,        1,  111612956,  111612956
  7810,   153,   40000000,  169044372,        1,  129044372,  129044372
  7810,   154,   40000000,  156011961,        1,  116011961,  116011961
  7810,   155,   40000000,  143823411,        1,  103823411,  103823411
  7810,   156,   40000000,  191651941,        1,  151651941,  151651941
  7810,   157,   40000000,  178599368,        1,  138599368,  138599368
  7810,   158,   40000000,  165820924,        1,  125820924,  125820924
  7810,   159,   40000000,  152769997,        1,  112769997,  112769997
  7810,   160,   40000000,  151537682,        1,  111537682,  111537682
  7810,   161,   40000000,  146898637,        1,  106898637,  106898637
  7810,   162,   40000000,  142106878,        1,  102106878,  102106878
  7810,   163,   40000000,  189108526,        1,  149108526,  149108526
  7810,   164,   40000000,  176376103,        1,  136376103,  136376103
  7810,   165,   40000000,  191204183,        1,  151204183,  151204183
  7810,   166,   40000000,  178161752,        1,  138161752,  138161752
  7810,   167,   40000000,  189336675,        1,  149336675,  149336675
  7810,   168,   40000000,  176409859,        1,  136409859,  136409859
  7810,   169,   40000000,  163371839,        1,  123371839,  123371839
  7810,   170,   40000000,  150339288,        1,  110339288,  110339288
  7810,   171,   40000000,  137572826,        1,   97572826,   97572826
  7810,   172,   40000000,  184563363,        1,  144563363,  144563363
  7810,   173,   40000000,  173492878,        1,  133492878,  133492878
  7810,   174,   40000000,  182473040,        1,  142473040,  142473040
  7810,   175,   40000000,  194076521,        1,  154076521,  154076521
  7810,   176,   40000000,  181306833,        1,  141306833,  141306833
  7810,   177,   40000000,  168268280,        1,  128268280,  128268280
  7810,   178,   40000000,  155238110,        1,  115238110,  115238110
  7810,   179,   40000000,  203269225,        1,  163269225,  163269225
  7810,   180,   40000000,  190229921,        1,  150229921,  150229921
  7810,   181,   40000000,  177220690,        1,  137220690,  137220690
  7810,   182,   40000000,  164177768,        1,  124177768,  124177768
  7810,   183,   40000000,  211173030,        1,  171173030,  171173030
  7810,   184,   40000000,  198149942,        1,  158149942,  158149942
  7810,   185,   40000000,  215128430,        1,  175128430,  175128430
  7810,   186,   40000000,  202090690,        1,  162090690,  162090690
  7810,   187,   40000000,  189052045,        1,  149052045,  149052045
  7810,   188,   40000000,  176063211,        1,  136063211,  136063211
  7810,   189,   40000000,  197890578,        1,  157890578,  157890578
  7810,   190,   40000000,  219884157,        1,  179884157,  179884157
  7810,   191,   40000000,  207143543,        1,  167143543,  167143543
  7810,   192,   40000000,  194120416,        1,  154120416,  154120416
  7810,   193,   40000000,  181173523,        1,  141173523,  141173523
  7810,   194,   40000000,  228509143,        1,  188509143,  188509143
  7810,   195,   40000000,  215500383,        1,  175500383,  175500383
  7810,   196,   40000000,  202473445,        1,  162473445,  162473445
  7810,   197,   40000000,  219752687,        1,  179752687,  179752687
  7810,   198,   40000000,  206813325,        1,  166813325,  166813325
  7810,   199,   40000000,  193769832,        1,  153769832,  153769832
  7810,   200,   40000000,  224657648,        1,  184657648,  184657648
  7810,   201,   40000000,  211632471,        1,  171632471,  171632471
  7810,   202,   40000000,  198602472,        1,  158602472,  158602472
  7810,   203,   40000000,  185564864,        1,  145564864,  145564864
  7810,   204,   40000000,  172529483,        1,  132529483,  132529483
  7810,   205,   40000000,  159817113,        1,  119817113,  119817113
  7810,   206,   40000000,  207130547,        1,  167130547,  167130547
  7810,   207,   40000000,  194378602,        1,  154378602,  154378602
  7810,   208,   40000000,  181347013,        1,  141347013,  141347013
  7810,   209,   40000000,  228320275,        1,  188320275,  188320275
  7810,   210,   40000000,  215566173,        1,  175566173,  175566173
  7810,   211,   40000000,  202524436,        1,  162524436,  162524436
  7810,   212,   40000000,  189514370,        1,  149514370,  149514370
  7810,   213,   40000000,  176488958,        1,  136488958,  136488958
  7810,   214,   40000000,  223466613,        1,  183466613,  183466613
  7810,   215,   40000000,  210406634,        1,  170406634,  170406634
  7810,   216,   40000000,  197403716,        1,  157403716,  157403716
  7810,   217,   40000000,  184676702,        1,  144676702,  144676702
  7810,   218,   40000000,  231692104,        1,  191692104,  191692104
  7810,   219,   40000000,  218952791,        1,  178952791,  178952791
  7810,   220,   40000000,  205928544,        1,  165928544,  165928544
  7810,   221,   40000000,  192940056,        1,  152940056,  152940056
  7810,   222,   40000000,  237303964,        1,  197303964,  197303964
  7810,   223,   40000000,  224377298,        1,  184377298,  184377298
  7810,   224,   40000000,  217076740,        1,  177076740,  177076740
  7810,   225,   40000000,  204056613,        1,  164056613,  164056613
  7810,   226,   40000000,  191296773,        1,  151296773,  151296773
  7810,   227,   40000000,  238342169,        1,  198342169,  198342169
  7810,   228,   40000000,  225664815,        1,  185664815,  185664815
  7810,   229,   40000000,  243682220,        1,  203682220,  203682220
  7810,   230,   40000000,  230637702,        1,  190637702,  190637702
  7810,   231,   40000000,  217595472,        1,  177595472,  177595472
  7810,   232,   40000000,  204864739,        1,  164864739,  164864739
  7810,   233,   40000000,  216964268,        1,  176964268,  176964268
  7810,   234,   40000000,  229928335,        1,  189928335,  189928335
  7810,   235,   40000000,  220154649,        1,  180154649,  180154649
  7810,   236,   40000000,  207115089,        1,  167115089,  167115089
  7810,   237,   40000000,  254104850,        1,  214104850,  214104850
  7810,   238,   40000000,  241055579,        1,  201055579,  201055579
  7810,   239,   40000000,  228057328,        1,  188057328,  188057328
  7810,   240,   40000000,  215037206,        1,  175037206,  175037206
  7810,   241,   40000000,  231523116,        1,  191523116,  191523116
  7810,   242,   40000000,  218525722,        1,  178525722,  178525722
  7810,   243,   40000000,  258858571,        1,  218858571,  218858571
  7810,   244,   40000000,  245818378,        1,  205818378,  205818378
  7810,   245,   40000000,  232815026,        1,  192815026,  192815026
  7810,   246,   40000000,  250049680,        1,  210049680,  210049680
  7810,   247,   40000000,  237072734,        1,  197072734,  197072734
  7810,   248,   40000000,  224064466,        1,  184064466,  184064466
  7810,   249,   40000000,  211088037,        1,  171088037,  171088037
  7810,   250,   40000000,  258060116,        1,  218060116,  218060116
  7810,   251,   40000000,  245028686,        1,  205028686,  205028686
  7810,   252,   40000000,  231989218,        1,  191989218,  191989218
  7810,   253,   40000000,  219249578,        1,  179249578,  179249578
  7810,   254,   40000000,  206215952,        1,  166215952,  166215952
# task NAME=myapp PID=7814 COST=392000 PERIOD=28000000 CPU=0
  7814,     2,   28000000,      16260,        0,  -27983740,          0
  7814,     3,   28000000,     158231,        0,  -27841769,          0
  7814,     4,   28000000,    5813534,        0,  -22186466,          0
  7814,     5,   28000000,     436055,        0,  -27563945,          0
  7814,     6,   28000000,     410875,        0,  -27589125,          0
  7814,     7,   28000000,   11815613,        0,  -16184387,          0
  7814,     8,   28000000,    8433544,        0,  -19566456,          0
  7814,     9,   28000000,    8452613,        0,  -19547387,          0
  7814,    10,   28000000,   17842142,        0,  -10157858,          0
  7814,    11,   28000000,     405178,        0,  -27594822,          0
  7814,    12,   28000000,   15536810,        0,  -12463190,          0
  7814,    13,   28000000,   19434602,        0,   -8565398,          0
  7814,    14,   28000000,    2430925,        0,  -25569075,          0
  7814,    15,   28000000,     584340,        0,  -27415660,          0
  7814,    16,   28000000,     407975,        0,  -27592025,          0
  7814,    17,   28000000,     418451,        0,  -27581549,          0
  7814,    18,   28000000,    3854906,        0,  -24145094,          0
  7814,    19,   28000000,    5464320,        0,  -22535680,          0
  7814,    20,   28000000,    7932414,        0,  -20067586,          0
  7814,    21,   28000000,     426562,        0,  -27573438,          0
  7814,    22,   28000000,   12422400,        0,  -15577600,          0
  7814,    23,   28000000,     409697,        0,  -27590303,          0
  7814,    24,   28000000,     402169,        0,  -27597831,          0
  7814,    25,   28000000,    6467837,        0,  -21532163,          0
  7814,    26,   28000000,     422041,        0,  -27577959,          0
  7814,    27,   28000000,   10372429,        0,  -17627571,          0
  7814,    28,   28000000,   10443122,        0,  -17556878,          0
  7814,    29,   28000000,     405616,        0,  -27594384,          0
  7814,    30,   28000000,   30346983,        1,    2346983,    2346983
  7814,    31,   28000000,    2732962,        0,  -25267038,          0
  7814,    32,   28000000,     417620,        0,  -27582380,          0
  7814,    33,   28000000,    4250888,        0,  -23749112,          0
  7814,    34,   28000000,     415546,        0,  -27584454,          0
  7814,    35,   28000000,     404676,        0,  -27595324,          0
  7814,    36,   28000000,    3458427,        0,  -24541573,          0
  7814,    37,   28000000,     418260,        0,  -27581740,          0
  7814,    38,   28000000,    4500320,        0,  -23499680,          0
  7814,    39,   28000000,   15936110,        0,  -12063890,          0
  7814,    40,   28000000,     474557,        0,  -27525443,          0
  7814,    41,   28000000,    3434834,        0,  -24565166,          0
  7814,    42,   28000000,     419186,        0,  -27580814,          0
  7814,    43,   28000000,     428575,        0,  -27571425,          0
  7814,    44,   28000000,     422794,        0,  -27577206,          0
  7814,    45,   28000000,     404118,        0,  -27595882,          0
  7814,    46,   28000000,     407284,        0,  -27592716,          0
  7814,    47,   28000000,     402730,        0,  -27597270,          0
  7814,    48,   28000000,    3953177,        0,  -24046823,          0
  7814,    49,   28000000,     417239,        0,  -27582761,          0
  7814,    50,   28000000,     409946,        0,  -27590054,          0
  7814,    51,   28000000,     437181,        0,  -27562819,          0
  7814,    52,   28000000,   20511835,        0,   -7488165,          0
  7814,    53,   28000000,    7800047,        0,  -20199953,          0
  7814,    54,   28000000,     419036,        0,  -27580964,          0
  7814,    55,   28000000,     436454,        0,  -27563546,          0
  7814,    56,   28000000,    7551673,        0,  -20448327,          0
  7814,    57,   28000000,     410593,        0,  -27589407,          0
  7814,    58,   28000000,    2157636,        0,  -25842364,          0
  7814,    59,   28000000,     421159,        0,  -27578841,          0
  7814,    60,   28000000,     411164,        0,  -27588836,          0
  7814,    61,   28000000,    1028037,        0,  -26971963,          0
  7814,    62,   28000000,    2093711,        0,  -25906289,          0
  7814,    63,   28000000,     429790,        0,  -27570210,          0
  7814,    64,   28000000,    3070269,        0,  -24929731,          0
  7814,    65,   28000000,    4878662,        0,  -23121338,          0
  7814,    66,   28000000,    1428023,        0,  -26571977,          0
  7814,    67,   28000000,    1422017,        0,  -26577983,          0
  7814,    68,   28000000,     424044,        0,  -27575956,          0
  7814,    69,   28000000,   16094200,        0,  -11905800,          0
  7814,    70,   28000000,     426469,        0,  -27573531,          0
  7814,    71,   28000000,    7637806,        0,  -20362194,          0
  7814,    72,   28000000,     431319,        0,  -27568681,          0
  7814,    73,   28000000,     429702,        0,  -27570298,          0
  7814,    74,   28000000,     414013,        0,  -27585987,          0
  7814,    75,   28000000,     448650,        0,  -27551350,          0
  7814,    76,   28000000,    2493724,        0,  -25506276,          0
  7814,    77,   28000000,     405903,        0,  -27594097,          0
  7814,    78,   28000000,     416392,        0,  -27583608,          0
  7814,    79,   28000000,     425749,        0,  -27574251,          0
  7814,    80,   28000000,     414396,        0,  -27585604,          0
  7814,    81,   28000000,     406674,        0,  -27593326,          0
  7814,    82,   28000000,   12094909,        0,  -15905091,          0
  7814,    83,   28000000,     435903,        0,  -27564097,          0
  7814,    84,   28000000,    6574272,        0,  -21425728,          0
  7814,    85,   28000000,     440186,        0,  -27559814,          0
  7814,    86,   28000000,     402597,        0,  -27597403,          0
  7814,    87,   28000000,    8317929,        0,  -19682071,          0
  7814,    88,   28000000,    8529936,        0,  -19470064,          0
  7814,    89,   28000000,    8235233,        0,  -19764767,          0
  7814,    90,   28000000,     438737,        0,  -27561263,          0
  7814,    91,   28000000,   13477504,        0,  -14522496,          0
  7814,    92,   28000000,     423516,        0,  -27576484,          0
  7814,    93,   28000000,     411943,        0,  -27588057,          0
  7814,    94,   28000000,    6398262,        0,  -21601738,          0
  7814,    95,   28000000,     454164,        0,  -27545836,          0
  7814,    96,   28000000,    2057769,        0,  -25942231,          0
  7814,    97,   28000000,    5419987,        0,  -22580013,          0
  7814,    98,   28000000,     409393,        0,  -27590607,          0
  7814,    99,   28000000,     411942,        0,  -27588058,          0
  7814,   100,   28000000,     416126,        0,  -27583874,          0
  7814,   101,   28000000,   19962739,        0,   -8037261,          0
  7814,   102,   28000000,   16420692,        0,  -11579308,          0
  7814,   103,   28000000,     412038,        0,  -27587962,          0
  7814,   104,   28000000,   28443339,        1,     443339,     443339
  7814,   105,   28000000,     827505,        0,  -27172495,          0
  7814,   106,   28000000,     416758,        0,  -27583242,          0
  7814,   107,   28000000,    2504945,        0,  -25495055,          0
  7814,   108,   28000000,     407892,        0,  -27592108,          0
  7814,   109,   28000000,     406287,        0,  -27593713,          0
  7814,   110,   28000000,     406030,        0,  -27593970,          0
  7814,   111,   28000000,     420701,        0,  -27579299,          0
  7814,   112,   28000000,   11742205,        0,  -16257795,          0
  7814,   113,   28000000,     417122,        0,  -27582878,          0
  7814,   114,   28000000,     434283,        0,  -27565717,          0
  7814,   115,   28000000,    5565447,        0,  -22434553,          0
  7814,   116,   28000000,   20551915,        0,   -7448085,          0
  7814,   117,   28000000,     420654,        0,  -27579346,          0
  7814,   118,   28000000,     443483,        0,  -27556517,          0
  7814,   119,   28000000,     438680,        0,  -27561320,          0
  7814,   120,   28000000,     455344,        0,  -27544656,          0
  7814,   121,   28000000,     412920,        0,  -27587080,          0
  7814,   122,   28000000,    2557952,        0,  -25442048,          0
  7814,   123,   28000000,    4598172,        0,  -23401828,          0
  7814,   124,   28000000,     432375,        0,  -27567625,          0
  7814,   125,   28000000,     444988,        0,  -27555012,          0
  7814,   126,   28000000,     421773,        0,  -27578227,          0
  7814,   127,   28000000,    2449378,        0,  -25550622,          0
  7814,   128,   28000000,     422047,        0,  -27577953,          0
  7814,   129,   28000000,     436858,        0,  -27563142,          0
  7814,   130,   28000000,     433836,        0,  -27566164,          0
  7814,   131,   28000000,   20593535,        0,   -7406465,          0
  7814,   132,   28000000,     420529,        0,  -27579471,          0
  7814,   133,   28000000,     427891,        0,  -27572109,          0
  7814,   134,   28000000,     411677,        0,  -27588323,          0
  7814,   135,   28000000,     425887,        0,  -27574113,          0
  7814,   136,   28000000,     431637,        0,  -27568363,          0
  7814,   137,   28000000,     414936,        0,  -27585064,          0
  7814,   138,   28000000,    4633886,        0,  -23366114,          0
  7814,   139,   28000000,     426753,        0,  -27573247,          0
  7814,   140,   28000000,    6322988,        0,  -21677012,          0
  7814,   141,   28000000,     427291,        0,  -27572709,          0
  7814,   142,   28000000,   12660224,        0,  -15339776,          0
  7814,   143,   28000000,     419776,        0,  -27580224,          0
  7814,   144,   28000000,     433498,        0,  -27566502,          0
  7814,   145,   28000000,     455683,        0,  -27544317,          0
  7814,   146,   28000000,    4660853,        0,  -23339147,          0
  7814,   147,   28000000,     425234,        0,  -27574766,          0
  7814,   148,   28000000,     427425,        0,  -27572575,          0
  7814,   149,   28000000,   26663642,        0,   -1336358,          0
  7814,   150,   28000000,   28681766,        1,     681766,     681766
  7814,   151,   28000000,    1080589,        0,  -26919411,          0
  7814,   152,   28000000,     430156,        0,  -27569844,          0
  7814,   153,   28000000,    4688351,        0,  -23311649,          0
  7814,   154,   28000000,     413503,        0,  -27586497,          0
  7814,   155,   28000000,     424726,        0,  -27575274,          0
  7814,   156,   28000000,   10699665,        0,  -17300335,          0
  7814,   157,   28000000,     425413,        0,  -27574587,          0
  7814,   158,   28000000,    8654107,        0,  -19345893,          0
  7814,   159,   28000000,     421627,        0,  -27578373,          0
  7814,   160,   28000000,   18471535,        0,   -9528465,          0
  7814,   161,   28000000,     539115,        0,  -27460885,          0
  7814,   162,   28000000,   15563051,        0,  -12436949,          0
  7814,   163,   28000000,     422785,        0,  -27577215,          0
  7814,   164,   28000000,     437842,        0,  -27562158,          0
  7814,   165,   28000000,     470554,        0,  -27529446,          0
  7814,   166,   28000000,     737682,        0,  -27262318,          0
  7814,   167,   28000000,     410997,        0,  -27589003,          0
  7814,   168,   28000000,    4738983,        0,  -23261017,          0
  7814,   169,   28000000,     425102,        0,  -27574898,          0
  7814,   170,   28000000,     438394,        0,  -27561606,          0
  7814,   171,   28000000,   10741961,        0,  -17258039,          0
  7814,   172,   28000000,     424051,        0,  -27575949,          0
  7814,   173,   28000000,     413157,        0,  -27586843,          0
  7814,   174,   28000000,     396833,        0,  -27603167,          0
  7814,   175,   28000000,   12578448,        0,  -15421552,          0
  7814,   176,   28000000,     424371,        0,  -27575629,          0
  7814,   177,   28000000,     419989,        0,  -27580011,          0
  7814,   178,   28000000,     416642,        0,  -27583358,          0
  7814,   179,   28000000,     422518,        0,  -27577482,          0
  7814,   180,   28000000,     428377,        0,  -27571623,          0
  7814,   181,   28000000,     426457,        0,  -27573543,          0
  7814,   182,   28000000,    2797792,        0,  -25202208,          0
  7814,   183,   28000000,     438705,        0,  -27561295,          0
  7814,   184,   28000000,    6807741,        0,  -21192259,          0
  7814,   185,   28000000,    2467860,        0,  -25532140,          0
  7814,   186,   28000000,    6445432,        0,  -21554568,          0
  7814,   187,   28000000,   13436444,        0,  -14563556,          0
  7814,   188,   28000000,    9258428,        0,  -18741572,          0
  7814,   189,   28000000,   16819649,        0,  -11180351,          0
  7814,   190,   28000000,     417943,        0,  -27582057,          0
  7814,   191,   28000000,    8303070,        0,  -19696930,          0
  7814,   192,   28000000,     423936,        0,  -27576064,          0
  7814,   193,   28000000,   14593685,        0,  -13406315,          0
  7814,   194,   28000000,   13430174,        0,  -14569826,          0
  7814,   195,   28000000,     452396,        0,  -27547604,          0
  7814,   196,   28000000,     853589,        0,  -27146411,          0
  7814,   197,   28000000,    2870386,        0,  -25129614,          0
  7814,   198,   28000000,     438686,        0,  -27561314,          0
  7814,   199,   28000000,    1870667,        0,  -26129333,          0
  7814,   200,   28000000,     487894,        0,  -27512106,          0
  7814,   201,   28000000,     453473,        0,  -27546527,          0
  7814,   202,   28000000,   14462066,        0,  -13537934,          0
  7814,   203,   28000000,   10562397,        0,  -17437603,          0
  7814,   204,   28000000,     422445,        0,  -27577555,          0
  7814,   205,   28000000,     437336,        0,  -27562664,          0
  7814,   206,   28000000,    7451564,        0,  -20548436,          0
  7814,   207,   28000000,   16556317,        0,  -11443683,          0
  7814,   208,   28000000,     422029,        0,  -27577971,          0
  7814,   209,   28000000,     429442,        0,  -27570558,          0
  7814,   210,   28000000,     446485,        0,  -27553515,          0
  7814,   211,   28000000,     425365,        0,  -27574635,          0
  7814,   212,   28000000,     428675,        0,  -27571325,          0
  7814,   213,   28000000,     439084,        0,  -27560916,          0
  7814,   214,   28000000,    6960723,        0,  -21039277,          0
  7814,   215,   28000000,    8956514,        0,  -19043486,          0
  7814,   216,   28000000,     422693,        0,  -27577307,          0
  7814,   217,   28000000,   12968024,        0,  -15031976,          0
  7814,   218,   28000000,     430614,        0,  -27569386,          0
  7814,   219,   28000000,     419093,        0,  -27580907,          0
  7814,   220,   28000000,   23472021,        0,   -4527979,          0
  7814,   221,   28000000,     412985,        0,  -27587015,          0
  7814,   222,   28000000,   10206101,        0,  -17793899,          0
  7814,   223,   28000000,   25025173,        0,   -2974827,          0
  7814,   224,   28000000,     410593,        0,  -27589407,          0
  7814,   225,   28000000,     428807,        0,  -27571193,          0
  7814,   226,   28000000,     426722,        0,  -27573278,          0
  7814,   227,   28000000,    4486662,        0,  -23513338,          0
  7814,   228,   28000000,     429155,        0,  -27570845,          0
  7814,   229,   28000000,     418753,        0,  -27581247,          0
  7814,   230,   28000000,     411153,        0,  -27588847,          0
  7814,   231,   28000000,   11036688,        0,  -16963312,          0
  7814,   232,   28000000,     423155,        0,  -27576845,          0
  7814,   233,   28000000,    8477498,        0,  -19522502,          0
  7814,   234,   28000000,     417330,        0,  -27582670,          0
  7814,   235,   28000000,     444467,        0,  -27555533,          0
  7814,   236,   28000000,     416362,        0,  -27583638,          0
  7814,   237,   28000000,     435244,        0,  -27564756,          0
  7814,   238,   28000000,   24460005,        0,   -3539995,          0
  7814,   239,   28000000,   27054541,        0,    -945459,          0
  7814,   240,   28000000,     453753,        0,  -27546247,          0
  7814,   241,   28000000,     426824,        0,  -27573176,          0
  7814,   242,   28000000,    2189459,        0,  -25810541,          0
  7814,   243,   28000000,    5072558,        0,  -22927442,          0
  7814,   244,   28000000,     419824,        0,  -27580176,          0
  7814,   245,   28000000,     428912,        0,  -27571088,          0
  7814,   246,   28000000,     435326,        0,  -27564674,          0
  7814,   247,   28000000,     411652,        0,  -27588348,          0
  7814,   248,   28000000,    5420282,        0,  -22579718,          0
  7814,   249,   28000000,   17126217,        0,  -10873783,          0
  7814,   250,   28000000,     484096,        0,  -27515904,          0
  7814,   251,   28000000,   21112824,        0,   -6887176,          0
  7814,   252,   28000000,     412683,        0,  -27587317,          0
  7814,   253,   28000000,   16252913,        0,  -11747087,          0
  7814,   254,   28000000,     418453,        0,  -27581547,          0
  7814,   255,   28000000,     537611,        0,  -27462389,          0
  7814,   256,   28000000,     451020,        0,  -27548980,          0
  7814,   257,   28000000,     424583,        0,  -27575417,          0
  7814,   258,   28000000,     422393,        0,  -27577607,          0
  7814,   259,   28000000,     422002,        0,  -27577998,          0
  7814,   260,   28000000,    9164090,        0,  -18835910,          0
  7814,   261,   28000000,     428212,        0,  -27571788,          0
  7814,   262,   28000000,     426139,        0,  -27573861,          0
  7814,   263,   28000000,     418786,        0,  -27581214,          0
  7814,   264,   28000000,     434432,        0,  -27565568,          0
  7814,   265,   28000000,     427554,        0,  -27572446,          0
  7814,   266,   28000000,   10629419,        0,  -17370581,          0
  7814,   267,   28000000,   23193363,        0,   -4806637,          0
  7814,   268,   28000000,   25217660,        0,   -2782340,          0
  7814,   269,   28000000,     422652,        0,  -27577348,          0
  7814,   270,   28000000,     497008,        0,  -27502992,          0
  7814,   271,   28000000,    1253082,        0,  -26746918,          0
  7814,   272,   28000000,     411918,        0,  -27588082,          0
  7814,   273,   28000000,    5212258,        0,  -22787742,          0
  7814,   274,   28000000,     418719,        0,  -27581281,          0
  7814,   275,   28000000,     456522,        0,  -27543478,          0
  7814,   276,   28000000,     419224,        0,  -27580776,          0
  7814,   277,   28000000,     422215,        0,  -27577785,          0
  7814,   278,   28000000,     430993,        0,  -27569007,          0
  7814,   279,   28000000,     430951,        0,  -27569049,          0
  7814,   280,   28000000,     428167,        0,  -27571833,          0
  7814,   281,   28000000,     426962,        0,  -27573038,          0
  7814,   282,   28000000,     414178,        0,  -27585822,          0
  7814,   283,   28000000,     429435,        0,  -27570565,          0
  7814,   284,   28000000,     421547,        0,  -27578453,          0
  7814,   285,   28000000,   29265513,        1,    1265513,    1265513
  7814,   286,   28000000,    1651042,        0,  -26348958,          0
  7814,   287,   28000000,     420384,        0,  -27579616,          0
  7814,   288,   28000000,     428890,        0,  -27571110,          0
  7814,   289,   28000000,    7270184,        0,  -20729816,          0
  7814,   290,   28000000,    9863946,        0,  -18136054,          0
  7814,   291,   28000000,   24423968,        0,   -3576032,          0
  7814,   292,   28000000,   13297381,        0,  -14702619,          0
  7814,   293,   28000000,     422760,        0,  -27577240,          0
  7814,   294,   28000000,   17267327,        0,  -10732673,          0
  7814,   295,   28000000,   19709562,        0,   -8290438,          0
  7814,   296,   28000000,     421412,        0,  -27578588,          0
  7814,   297,   28000000,     425017,        0,  -27574983,          0
  7814,   298,   28000000,     422512,        0,  -27577488,          0
  7814,   299,   28000000,     431094,        0,  -27568906,          0
  7814,   300,   28000000,     421787,        0,  -27578213,          0
  7814,   301,   28000000,     469016,        0,  -27530984,          0
  7814,   302,   28000000,    2490798,        0,  -25509202,          0
  7814,   303,   28000000,     425645,        0,  -27574355,          0
  7814,   304,   28000000,    7316822,        0,  -20683178,          0
  7814,   305,   28000000,     429225,        0,  -27570775,          0
  7814,   306,   28000000,    4467214,        0,  -23532786,          0
  7814,   307,   28000000,   13340004,        0,  -14659996,          0
  7814,   308,   28000000,     420694,        0,  -27579306,          0
  7814,   309,   28000000,   12284592,        0,  -15715408,          0
  7814,   310,   28000000,     466849,        0,  -27533151,          0
  7814,   311,   28000000,    2464027,        0,  -25535973,          0
  7814,   312,   28000000,   23346407,        0,   -4653593,          0
  7814,   313,   28000000,     410472,        0,  -27589528,          0
  7814,   314,   28000000,     420635,        0,  -27579365,          0
  7814,   315,   28000000,   29359869,        1,    1359869,    1359869
  7814,   316,   28000000,    1745511,        0,  -26254489,          0
  7814,   317,   28000000,    2589943,        0,  -25410057,          0
  7814,   318,   28000000,     427577,        0,  -27572423,          0
  7814,   319,   28000000,    6438017,        0,  -21561983,          0
  7814,   320,   28000000,     459095,        0,  -27540905,          0
  7814,   321,   28000000,     424062,        0,  -27575938,          0
  7814,   322,   28000000,   13372686,        0,  -14627314,          0
  7814,   323,   28000000,     430741,        0,  -27569259,          0
  7814,   324,   28000000,     432390,        0,  -27567610,          0
  7814,   325,   28000000,     413864,        0,  -27586136,          0
  7814,   326,   28000000,     422132,        0,  -27577868,          0
  7814,   327,   28000000,     417925,        0,  -27582075,          0
  7814,   328,   28000000,     418703,        0,  -27581297,          0
  7814,   329,   28000000,    4302419,        0,  -23697581,          0
  7814,   330,   28000000,    8445858,        0,  -19554142,          0
  7814,   331,   28000000,    1567898,        0,  -26432102,          0
  7814,   332,   28000000,    3426883,        0,  -24573117,          0
  7814,   333,   28000000,    5443652,        0,  -22556348,          0
  7814,   334,   28000000,     425979,        0,  -27574021,          0
  7814,   335,   28000000,   11443916,        0,  -16556084,          0
  7814,   336,   28000000,     416760,        0,  -27583240,          0
  7814,   337,   28000000,   10507637,        0,  -17492363,          0
  7814,   338,   28000000,     422174,        0,  -27577826,          0
  7814,   339,   28000000,     412163,        0,  -27587837,          0
  7814,   340,   28000000,   19486233,        0,   -8513767,          0
  7814,   341,   28000000,     412230,        0,  -27587770,          0
  7814,   342,   28000000,    8433424,        0,  -19566576,          0
  7814,   343,   28000000,     430550,        0,  -27569450,          0
  7814,   344,   28000000,     427576,        0,  -27572424,          0
  7814,   345,   28000000,     456900,        0,  -27543100,          0
  7814,   346,   28000000,     424790,        0,  -27575210,          0
  7814,   347,   28000000,    3512538,        0,  -24487462,          0
  7814,   348,   28000000,     420800,        0,  -27579200,          0
  7814,   349,   28000000,     436239,        0,  -27563761,          0
  7814,   350,   28000000,    5419969,        0,  -22580031,          0
  7814,   351,   28000000,   11537454,        0,  -16462546,          0
  7814,   352,   28000000,    5432751,        0,  -22567249,          0
  7814,   353,   28000000,     425403,        0,  -27574597,          0
  7814,   354,   28000000,   18455063,        0,   -9544937,          0
  7814,   355,   28000000,     448874,        0,  -27551126,          0
  7814,   356,   28000000,     427620,        0,  -27572380,          0
  7814,   357,   28000000,    2257373,        0,  -25742627,          0
  7814,   358,   28000000,     427017,        0,  -27572983,          0
  7814,   359,   28000000,     420426,        0,  -27579574,          0
  7814,   360,   28000000,     429942,        0,  -27570058,          0
  7814,   361,   28000000,     421741,        0,  -27578259,          0
