159 9 150
131 6 125
285 47 238
263 32 231
244 16 228
240 17 223
126 7 119
275 42 233
126 7 119
174 11 163
260 34 226
161 11 150
160 9 151
188 11 177
242 17 225
244 15 229
257 30 227
245 17 228
127 7 120
251 18 233
253 21 232
240 14 226
114 6 108
139 7 132
250 22 228
190 9 181
168 10 158
178 10 168
118 7 111
235 14 221
378 33 345
181 9 172
243 14 229
121 6 115
172 11 161
184 10 174
200 10 190
136 7 129
247 21 226
242 16 226
254 24 230
250 21 229
262 32 230
149 7 142
251 24 227
191 11 180
247 22 225
174 10 164
224 13 211
282 45 237
145 9 136
117 7 110
243 20 223
124 12 112
202 13 189
3238 285 2953
216 11 205
170 11 159
221 11 210
138 8 130
247 14 233
201 12 189
156 7 149
188 9 179
177 12 165
225 13 212
255 19 236
250 16 234
274 44 230
192 10 182
122 6 116
124 8 116
195 13 182
138 11 127
162 10 152
132 6 126
132 6 126
216 12 204
216 12 204
120 8 112
365 24 341
119 6 113
219 13 206
185 9 176
118 6 112
128 7 121
256 24 232
245 19 226
246 20 226
194 10 184
260 29 231
247 13 234
183 8 175
130 6 124
148 8 140
