# Task,   Job,     Period,   Response, DL Miss?,   Lateness,  Tardiness
# task NAME=myapp PID=23406 COST=58093000 PERIOD=100000000 CPU=0
 23406,     2,  100000000,       6455,        0,  -99993545,          0
 23406,     3,  100000000,      86815,        0,  -99913185,          0
 23406,     4,  100000000,   98491252,        0,   -1508748,          0
 23406,     5,  100000000,  106009001,        1,    6009001,    6009001
 23406,     6,  100000000,  113764504,        1,   13764504,   13764504
 23406,     7,  100000000,  118289733,        1,   18289733,   18289733
 23406,     8,  100000000,  119089997,        1,   19089997,   19089997
 23406,     9,  100000000,  126585395,        1,   26585395,   26585395
 23406,    10,  100000000,  127151045,        1,   27151045,   27151045
 23406,    11,  100000000,  137352113,        1,   37352113,   37352113
 23406,    12,  100000000,  142213635,        1,   42213635,   42213635
 23406,    13,  100000000,  146520920,        1,   46520920,   46520920
 23406,    14,  100000000,  150570889,        1,   50570889,   50570889
 23406,    15,  100000000,  158951282,        1,   58951282,   58951282
 23406,    16,  100000000,  162328816,        1,   62328816,   62328816
 23406,    17,  100000000,  170215158,        1,   70215158,   70215158
 23406,    18,  100000000,  177377253,        1,   77377253,   77377253
 23406,    19,  100000000,  182413282,        1,   82413282,   82413282
 23406,    20,  100000000,  190295789,        1,   90295789,   90295789
 23406,    21,  100000000,  195323866,        1,   95323866,   95323866
 23406,    22,  100000000,  202203585,        1,  102203585,  102203585
 23406,    23,  100000000,  206839891,        1,  106839891,  106839891
 23406,    24,  100000000,  211147818,        1,  111147818,  111147818
 23406,    25,  100000000,  216661896,        1,  116661896,  116661896
 23406,    26,  100000000,  219050931,        1,  119050931,  119050931
 23406,    27,  100000000,  222896747,        1,  122896747,  122896747
 23406,    28,  100000000,  233424874,        1,  133424874,  133424874
 23406,    29,  100000000,  242748070,        1,  142748070,  142748070
 23406,    30,  100000000,  245953032,        1,  145953032,  145953032
 23406,    31,  100000000,  250546260,        1,  150546260,  150546260
 23406,    32,  100000000,  257698334,        1,  157698334,  157698334
 23406,    33,  100000000,  262188404,        1,  162188404,  162188404
 23406,    34,  100000000,  269689909,        1,  169689909,  169689909
 23406,    35,  100000000,  274783665,        1,  174783665,  174783665
 23406,    36,  100000000,  286793664,        1,  186793664,  186793664
 23406,    37,  100000000,  295244276,        1,  195244276,  195244276
 23406,    38,  100000000,  303024272,        1,  203024272,  203024272
 23406,    39,  100000000,  309836596,        1,  209836596,  209836596
 23406,    40,  100000000,  310564632,        1,  210564632,  210564632
 23406,    41,  100000000,  317436263,        1,  217436263,  217436263
 23406,    42,  100000000,  321644954,        1,  221644954,  221644954
 23406,    43,  100000000,  326484103,        1,  226484103,  226484103
 23406,    44,  100000000,  329746861,        1,  229746861,  229746861
 23406,    45,  100000000,  335137227,        1,  235137227,  235137227
 23406,    46,  100000000,  345558524,        1,  245558524,  245558524
 23406,    47,  100000000,  350963319,        1,  250963319,  250963319
 23406,    48,  100000000,  358981818,        1,  258981818,  258981818
 23406,    49,  100000000,  363182685,        1,  263182685,  263182685
 23406,    50,  100000000,  370272183,        1,  270272183,  270272183
 23406,    51,  100000000,  378553467,        1,  278553467,  278553467
 23406,    52,  100000000,  386077950,        1,  286077950,  286077950
 23406,    53,  100000000,  389950513,        1,  289950513,  289950513
 23406,    54,  100000000,  393307139,        1,  293307139,  293307139
 23406,    55,  100000000,  393663456,        1,  293663456,  293663456
 23406,    56,  100000000,  398727383,        1,  298727383,  298727383
 23406,    57,  100000000,  407157506,        1,  307157506,  307157506
 23406,    58,  100000000,  415051105,        1,  315051105,  315051105
 23406,    59,  100000000,  421461354,        1,  321461354,  321461354
 23406,    60,  100000000,  431134839,        1,  331134839,  331134839
 23406,    61,  100000000,  442247066,        1,  342247066,  342247066
 23406,    62,  100000000,  442460016,        1,  342460016,  342460016
 23406,    63,  100000000,  450504986,        1,  350504986,  350504986
 23406,    64,  100000000,  458466678,        1,  358466678,  358466678
 23406,    65,  100000000,  466902059,        1,  366902059,  366902059
 23406,    66,  100000000,  470754208,        1,  370754208,  370754208
 23406,    67,  100000000,  477912770,        1,  377912770,  377912770
 23406,    68,  100000000,  483877772,        1,  383877772,  383877772
 23406,    69,  100000000,  490977118,        1,  390977118,  390977118
 23406,    70,  100000000,  498635839,        1,  398635839,  398635839
 23406,    71,  100000000,  502526011,        1,  402526011,  402526011
 23406,    72,  100000000,  508007404,        1,  408007404,  408007404
 23406,    73,  100000000,  515056963,        1,  415056963,  415056963
 23406,    74,  100000000,  523096144,        1,  423096144,  423096144
 23406,    75,  100000000,  533830066,        1,  433830066,  433830066
 23406,    76,  100000000,  541655741,        1,  441655741,  441655741
 23406,    77,  100000000,  551500774,        1,  451500774,  451500774
 23406,    78,  100000000,  551775278,        1,  451775278,  451775278
 23406,    79,  100000000,  561325853,        1,  461325853,  461325853
 23406,    80,  100000000,  559605070,        1,  459605070,  459605070
 23406,    81,  100000000,  565616845,        1,  465616845,  465616845
 23406,    82,  100000000,  574347562,        1,  474347562,  474347562
 23406,    83,  100000000,  578456708,        1,  478456708,  478456708
 23406,    84,  100000000,  582915562,        1,  482915562,  482915562
 23406,    85,  100000000,  591221362,        1,  491221362,  491221362
 23406,    86,  100000000,  599112974,        1,  499112974,  499112974
 23406,    87,  100000000,  606230910,        1,  506230910,  506230910
 23406,    88,  100000000,  610812096,        1,  510812096,  510812096
 23406,    89,  100000000,  617862430,        1,  517862430,  517862430
 23406,    90,  100000000,  617856612,        1,  517856612,  517856612
 23406,    91,  100000000,  621726244,        1,  521726244,  521726244
 23406,    92,  100000000,  626133038,        1,  526133038,  526133038
 23406,    93,  100000000,  631271398,        1,  531271398,  531271398
 23406,    94,  100000000,  633462302,        1,  533462302,  533462302
 23406,    95,  100000000,  637370031,        1,  537370031,  537370031
 23406,    96,  100000000,  642486047,        1,  542486047,  542486047
 23406,    97,  100000000,  649444662,        1,  549444662,  549444662
 23406,    98,  100000000,  653933188,        1,  553933188,  553933188
 23406,    99,  100000000,  658823584,        1,  558823584,  558823584
 23406,   100,  100000000,  665955710,        1,  565955710,  565955710
 23406,   101,  100000000,  674897609,        1,  574897609,  574897609
 23406,   102,  100000000,  682149232,        1,  582149232,  582149232
 23406,   103,  100000000,  686100638,        1,  586100638,  586100638
 23406,   104,  100000000,  694690890,        1,  594690890,  594690890
# task NAME=myapp PID=23410 COST=26401000 PERIOD=63000000 CPU=0
 23410,     2,   63000000,      18004,        0,  -62981996,          0
 23410,     3,   63000000,      79491,        0,  -62920509,          0
 23410,     4,   63000000,   47451360,        0,  -15548640,          0
 23410,     5,   63000000,   42235986,        0,  -20764014,          0
 23410,     6,   63000000,   45294137,        0,  -17705863,          0
 23410,     7,   63000000,   46741890,        0,  -16258110,          0
 23410,     8,   63000000,   44685861,        0,  -18314139,          0
 23410,     9,   63000000,   47631487,        0,  -15368513,          0
 23410,    10,   63000000,   45964150,        0,  -17035850,          0
 23410,    11,   63000000,   42976169,        0,  -20023831,          0
 23410,    12,   63000000,   43725730,        0,  -19274270,          0
 23410,    13,   63000000,   44610915,        0,  -18389085,          0
 23410,    14,   63000000,   45538947,        0,  -17461053,          0
 23410,    15,   63000000,   41814681,        0,  -21185319,          0
 23410,    16,   63000000,   47127805,        0,  -15872195,          0
 23410,    17,   63000000,   44989105,        0,  -18010895,          0
 23410,    18,   63000000,   44562534,        0,  -18437466,          0
 23410,    19,   63000000,   43831574,        0,  -19168426,          0
 23410,    20,   63000000,   46564631,        0,  -16435369,          0
 23410,    21,   63000000,   44752371,        0,  -18247629,          0
 23410,    22,   63000000,   40796173,        0,  -22203827,          0
 23410,    23,   63000000,   45941124,        0,  -17058876,          0
 23410,    24,   63000000,   47519287,        0,  -15480713,          0
 23410,    25,   63000000,   45134210,        0,  -17865790,          0
 23410,    26,   63000000,   44593232,        0,  -18406768,          0
 23410,    27,   63000000,   42107336,        0,  -20892664,          0
 23410,    28,   63000000,   47481468,        0,  -15518532,          0
 23410,    29,   63000000,   47635388,        0,  -15364612,          0
 23410,    30,   63000000,   45483409,        0,  -17516591,          0
 23410,    31,   63000000,   46650225,        0,  -16349775,          0
 23410,    32,   63000000,   47306279,        0,  -15693721,          0
 23410,    33,   63000000,   47826527,        0,  -15173473,          0
 23410,    34,   63000000,   44360505,        0,  -18639495,          0
 23410,    35,   63000000,   46557734,        0,  -16442266,          0
 23410,    36,   63000000,   43625954,        0,  -19374046,          0
 23410,    37,   63000000,   44956816,        0,  -18043184,          0
 23410,    38,   63000000,   41658682,        0,  -21341318,          0
 23410,    39,   63000000,   39579139,        0,  -23420861,          0
 23410,    40,   63000000,   43599331,        0,  -19400669,          0
 23410,    41,   63000000,   48037131,        0,  -14962869,          0
 23410,    42,   63000000,   41642293,        0,  -21357707,          0
 23410,    43,   63000000,   39812490,        0,  -23187510,          0
 23410,    44,   63000000,   46518730,        0,  -16481270,          0
 23410,    45,   63000000,   46002518,        0,  -16997482,          0
 23410,    46,   63000000,   45653453,        0,  -17346547,          0
 23410,    47,   63000000,   45727414,        0,  -17272586,          0
 23410,    48,   63000000,   44624636,        0,  -18375364,          0
 23410,    49,   63000000,   43699823,        0,  -19300177,          0
 23410,    50,   63000000,   45981639,        0,  -17018361,          0
 23410,    51,   63000000,   42878516,        0,  -20121484,          0
 23410,    52,   63000000,   43950973,        0,  -19049027,          0
 23410,    53,   63000000,   47710221,        0,  -15289779,          0
 23410,    54,   63000000,   42166751,        0,  -20833249,          0
 23410,    55,   63000000,   46685111,        0,  -16314889,          0
 23410,    56,   63000000,   44676522,        0,  -18323478,          0
 23410,    57,   63000000,   49032714,        0,  -13967286,          0
 23410,    58,   63000000,   38909134,        0,  -24090866,          0
 23410,    59,   63000000,   45794679,        0,  -17205321,          0
 23410,    60,   63000000,   43782814,        0,  -19217186,          0
 23410,    61,   63000000,   47665916,        0,  -15334084,          0
 23410,    62,   63000000,   44629423,        0,  -18370577,          0
 23410,    63,   63000000,   45535415,        0,  -17464585,          0
 23410,    64,   63000000,   46570058,        0,  -16429942,          0
 23410,    65,   63000000,   47698998,        0,  -15301002,          0
 23410,    66,   63000000,   44841081,        0,  -18158919,          0
 23410,    67,   63000000,   45510288,        0,  -17489712,          0
 23410,    68,   63000000,   42600257,        0,  -20399743,          0
 23410,    69,   63000000,   40834620,        0,  -22165380,          0
 23410,    70,   63000000,   45214590,        0,  -17785410,          0
 23410,    71,   63000000,   46504502,        0,  -16495498,          0
 23410,    72,   63000000,   43645538,        0,  -19354462,          0
 23410,    73,   63000000,   47878460,        0,  -15121540,          0
 23410,    74,   63000000,   44665117,        0,  -18334883,          0
 23410,    75,   63000000,   41970536,        0,  -21029464,          0
 23410,    76,   63000000,   43628157,        0,  -19371843,          0
 23410,    77,   63000000,   48449682,        0,  -14550318,          0
 23410,    78,   63000000,   42417548,        0,  -20582452,          0
 23410,    79,   63000000,   42747287,        0,  -20252713,          0
 23410,    80,   63000000,   43727007,        0,  -19272993,          0
 23410,    81,   63000000,   48173678,        0,  -14826322,          0
 23410,    82,   63000000,   41721710,        0,  -21278290,          0
 23410,    83,   63000000,   43068542,        0,  -19931458,          0
 23410,    84,   63000000,   47544831,        0,  -15455169,          0
 23410,    85,   63000000,   40958773,        0,  -22041227,          0
 23410,    86,   63000000,   45404541,        0,  -17595459,          0
 23410,    87,   63000000,   45614139,        0,  -17385861,          0
 23410,    88,   63000000,   48345141,        0,  -14654859,          0
 23410,    89,   63000000,   47578629,        0,  -15421371,          0
 23410,    90,   63000000,   45525222,        0,  -17474778,          0
 23410,    91,   63000000,   45878466,        0,  -17121534,          0
 23410,    92,   63000000,   43854354,        0,  -19145646,          0
 23410,    93,   63000000,   45272921,        0,  -17727079,          0
 23410,    94,   63000000,   44545286,        0,  -18454714,          0
 23410,    95,   63000000,   45677182,        0,  -17322818,          0
 23410,    96,   63000000,   48628413,        0,  -14371587,          0
 23410,    97,   63000000,   44810708,        0,  -18189292,          0
 23410,    98,   63000000,   44595291,        0,  -18404709,          0
 23410,    99,   63000000,   39886783,        0,  -23113217,          0
 23410,   100,   63000000,   47377917,        0,  -15622083,          0
 23410,   101,   63000000,   44668267,        0,  -18331733,          0
 23410,   102,   63000000,   44347430,        0,  -18652570,          0
 23410,   103,   63000000,   42907168,        0,  -20092832,          0
 23410,   104,   63000000,   48266925,        0,  -14733075,          0
 23410,   105,   63000000,   45506341,        0,  -17493659,          0
 23410,   106,   63000000,   40855701,        0,  -22144299,          0
 23410,   107,   63000000,   42891516,        0,  -20108484,          0
 23410,   108,   63000000,   47250964,        0,  -15749036,          0
 23410,   109,   63000000,   44846282,        0,  -18153718,          0
 23410,   110,   63000000,   40454601,        0,  -22545399,          0
 23410,   111,   63000000,   46442178,        0,  -16557822,          0
 23410,   112,   63000000,   46733879,        0,  -16266121,          0
 23410,   113,   63000000,   48513946,        0,  -14486054,          0
 23410,   114,   63000000,   38767731,        0,  -24232269,          0
 23410,   115,   63000000,   43651685,        0,  -19348315,          0
 23410,   116,   63000000,   47499311,        0,  -15500689,          0
 23410,   117,   63000000,   47338034,        0,  -15661966,          0
 23410,   118,   63000000,   44571269,        0,  -18428731,          0
 23410,   119,   63000000,   45704595,        0,  -17295405,          0
 23410,   120,   63000000,   44504734,        0,  -18495266,          0
 23410,   121,   63000000,   44700389,        0,  -18299611,          0
 23410,   122,   63000000,   41732991,        0,  -21267009,          0
 23410,   123,   63000000,   42666037,        0,  -20333963,          0
 23410,   124,   63000000,   40261806,        0,  -22738194,          0
 23410,   125,   63000000,   48626449,        0,  -14373551,          0
 23410,   126,   63000000,   44722271,        0,  -18277729,          0
 23410,   127,   63000000,   46444268,        0,  -16555732,          0
 23410,   128,   63000000,   46600749,        0,  -16399251,          0
 23410,   129,   63000000,   48239024,        0,  -14760976,          0
 23410,   130,   63000000,   44571927,        0,  -18428073,          0
 23410,   131,   63000000,   42619289,        0,  -20380711,          0
 23410,   132,   63000000,   43012913,        0,  -19987087,          0
 23410,   133,   63000000,   48852662,        0,  -14147338,          0
 23410,   134,   63000000,   41538593,        0,  -21461407,          0
 23410,   135,   63000000,   45905029,        0,  -17094971,          0
 23410,   136,   63000000,   43883484,        0,  -19116516,          0
 23410,   137,   63000000,   48351944,        0,  -14648056,          0
 23410,   138,   63000000,   38967418,        0,  -24032582,          0
 23410,   139,   63000000,   43843051,        0,  -19156949,          0
 23410,   140,   63000000,   47037759,        0,  -15962241,          0
 23410,   141,   63000000,   48386270,        0,  -14613730,          0
 23410,   142,   63000000,   44576295,        0,  -18423705,          0
 23410,   143,   63000000,   41896862,        0,  -21103138,          0
 23410,   144,   63000000,   48095710,        0,  -14904290,          0
 23410,   145,   63000000,   48379744,        0,  -14620256,          0
 23410,   146,   63000000,   41811763,        0,  -21188237,          0
 23410,   147,   63000000,   42607267,        0,  -20392733,          0
 23410,   148,   63000000,   47502112,        0,  -15497888,          0
 23410,   149,   63000000,   47594149,        0,  -15405851,          0
 23410,   150,   63000000,   37752232,        0,  -25247768,          0
 23410,   151,   63000000,   46387173,        0,  -16612827,          0
 23410,   152,   63000000,   42987087,        0,  -20012913,          0
 23410,   153,   63000000,   45852477,        0,  -17147523,          0
 23410,   154,   63000000,   44750765,        0,  -18249235,          0
 23410,   155,   63000000,   46324413,        0,  -16675587,          0
 23410,   156,   63000000,   43721892,        0,  -19278108,          0
 23410,   157,   63000000,   47694247,        0,  -15305753,          0
 23410,   158,   63000000,   44583465,        0,  -18416535,          0
 23410,   159,   63000000,   46352487,        0,  -16647513,          0
 23410,   160,   63000000,   43828309,        0,  -19171691,          0
 23410,   161,   63000000,   48564269,        0,  -14435731,          0
 23410,   162,   63000000,   40933161,        0,  -22066839,          0
