# Task,   Job,     Period,   Response, DL Miss?,   Lateness,  Tardiness
# task NAME=myapp PID=4548 COST=20346000 PERIOD=55000000 CPU=0
  4548,     2,   55000000,       4408,        0,  -54995592,          0
  4548,     3,   55000000,     506812,        0,  -54493188,          0
  4548,     4,   55000000,   20481496,        0,  -34518504,          0
  4548,     5,   55000000,   20216945,        0,  -34783055,          0
  4548,     6,   55000000,   22181092,        0,  -32818908,          0
  4548,     7,   55000000,   20230944,        0,  -34769056,          0
  4548,     8,   55000000,   25334777,        0,  -29665223,          0
  4548,     9,   55000000,   20572861,        0,  -34427139,          0
  4548,    10,   55000000,   20287605,        0,  -34712395,          0
  4548,    11,   55000000,   20482700,        0,  -34517300,          0
  4548,    12,   55000000,   20169395,        0,  -34830605,          0
  4548,    13,   55000000,   20521124,        0,  -34478876,          0
  4548,    14,   55000000,   23077558,        0,  -31922442,          0
  4548,    15,   55000000,   20679642,        0,  -34320358,          0
  4548,    16,   55000000,   20191530,        0,  -34808470,          0
  4548,    17,   55000000,   20201584,        0,  -34798416,          0
  4548,    18,   55000000,   20184276,        0,  -34815724,          0
  4548,    19,   55000000,   20240304,        0,  -34759696,          0
  4548,    20,   55000000,   20463637,        0,  -34536363,          0
  4548,    21,   55000000,   20194596,        0,  -34805404,          0
  4548,    22,   55000000,   20531240,        0,  -34468760,          0
  4548,    23,   55000000,   20188488,        0,  -34811512,          0
  4548,    24,   55000000,   20228453,        0,  -34771547,          0
  4548,    25,   55000000,   20175946,        0,  -34824054,          0
  4548,    26,   55000000,   20201290,        0,  -34798710,          0
  4548,    27,   55000000,   21343149,        0,  -33656851,          0
  4548,    28,   55000000,   20194848,        0,  -34805152,          0
  4548,    29,   55000000,   20469926,        0,  -34530074,          0
  4548,    30,   55000000,   21257978,        0,  -33742022,          0
  4548,    31,   55000000,   20253627,        0,  -34746373,          0
  4548,    32,   55000000,   20199672,        0,  -34800328,          0
  4548,    33,   55000000,   20178105,        0,  -34821895,          0
  4548,    34,   55000000,   20268796,        0,  -34731204,          0
  4548,    35,   55000000,   20295561,        0,  -34704439,          0
  4548,    36,   55000000,   20527945,        0,  -34472055,          0
  4548,    37,   55000000,   20290445,        0,  -34709555,          0
  4548,    38,   55000000,   20463338,        0,  -34536662,          0
  4548,    39,   55000000,   20197711,        0,  -34802289,          0
  4548,    40,   55000000,   20241071,        0,  -34758929,          0
  4548,    41,   55000000,   20181699,        0,  -34818301,          0
  4548,    42,   55000000,   20198695,        0,  -34801305,          0
  4548,    43,   55000000,   21347132,        0,  -33652868,          0
  4548,    44,   55000000,   20348282,        0,  -34651718,          0
  4548,    45,   55000000,   20496779,        0,  -34503221,          0
  4548,    46,   55000000,   28420837,        0,  -26579163,          0
  4548,    47,   55000000,   20478528,        0,  -34521472,          0
  4548,    48,   55000000,   22685853,        0,  -32314147,          0
  4548,    49,   55000000,   20219730,        0,  -34780270,          0
  4548,    50,   55000000,   20305055,        0,  -34694945,          0
  4548,    51,   55000000,   20428409,        0,  -34571591,          0
  4548,    52,   55000000,   20201918,        0,  -34798082,          0
  4548,    53,   55000000,   20200331,        0,  -34799669,          0
  4548,    54,   55000000,   20948604,        0,  -34051396,          0
  4548,    55,   55000000,   20279022,        0,  -34720978,          0
  4548,    56,   55000000,   20230854,        0,  -34769146,          0
  4548,    57,   55000000,   20179544,        0,  -34820456,          0
  4548,    58,   55000000,   20525629,        0,  -34474371,          0
  4548,    59,   55000000,   25612062,        0,  -29387938,          0
  4548,    60,   55000000,   20172193,        0,  -34827807,          0
  4548,    61,   55000000,   20487669,        0,  -34512331,          0
  4548,    62,   55000000,   21603406,        0,  -33396594,          0
  4548,    63,   55000000,   21254109,        0,  -33745891,          0
  4548,    64,   55000000,   20353511,        0,  -34646489,          0
  4548,    65,   55000000,   20240065,        0,  -34759935,          0
  4548,    66,   55000000,   20216702,        0,  -34783298,          0
  4548,    67,   55000000,   20194406,        0,  -34805594,          0
  4548,    68,   55000000,   20225807,        0,  -34774193,          0
  4548,    69,   55000000,   20250948,        0,  -34749052,          0
  4548,    70,   55000000,   20485669,        0,  -34514331,          0
  4548,    71,   55000000,   20187583,        0,  -34812417,          0
  4548,    72,   55000000,   22939865,        0,  -32060135,          0
  4548,    73,   55000000,   20344646,        0,  -34655354,          0
  4548,    74,   55000000,   20341004,        0,  -34658996,          0
  4548,    75,   55000000,   20300008,        0,  -34699992,          0
  4548,    76,   55000000,   20250986,        0,  -34749014,          0
  4548,    77,   55000000,   20258576,        0,  -34741424,          0
  4548,    78,   55000000,   20221738,        0,  -34778262,          0
  4548,    79,   55000000,   20722044,        0,  -34277956,          0
  4548,    80,   55000000,   20221246,        0,  -34778754,          0
  4548,    81,   55000000,   20242083,        0,  -34757917,          0
  4548,    82,   55000000,   23352041,        0,  -31647959,          0
  4548,    83,   55000000,   20211664,        0,  -34788336,          0
  4548,    84,   55000000,   20201485,        0,  -34798515,          0
  4548,    85,   55000000,   20205165,        0,  -34794835,          0
  4548,    86,   55000000,   20470158,        0,  -34529842,          0
  4548,    87,   55000000,   20191127,        0,  -34808873,          0
  4548,    88,   55000000,   20934687,        0,  -34065313,          0
  4548,    89,   55000000,   20227222,        0,  -34772778,          0
  4548,    90,   55000000,   20251601,        0,  -34748399,          0
  4548,    91,   55000000,   27810653,        0,  -27189347,          0
  4548,    92,   55000000,   21919178,        0,  -33080822,          0
  4548,    93,   55000000,   20271125,        0,  -34728875,          0
  4548,    94,   55000000,   24755863,        0,  -30244137,          0
  4548,    95,   55000000,   22202331,        0,  -32797669,          0
  4548,    96,   55000000,   20307164,        0,  -34692836,          0
  4548,    97,   55000000,   21497225,        0,  -33502775,          0
  4548,    98,   55000000,   20547760,        0,  -34452240,          0
  4548,    99,   55000000,   20301714,        0,  -34698286,          0
  4548,   100,   55000000,   28633862,        0,  -26366138,          0
  4548,   101,   55000000,   20190724,        0,  -34809276,          0
  4548,   102,   55000000,   20179318,        0,  -34820682,          0
  4548,   103,   55000000,   20310807,        0,  -34689193,          0
  4548,   104,   55000000,   20562031,        0,  -34437969,          0
  4548,   105,   55000000,   20222164,        0,  -34777836,          0
  4548,   106,   55000000,   20188354,        0,  -34811646,          0
  4548,   107,   55000000,   20196573,        0,  -34803427,          0
  4548,   108,   55000000,   20360384,        0,  -34639616,          0
  4548,   109,   55000000,   26990611,        0,  -28009389,          0
  4548,   110,   55000000,   20209332,        0,  -34790668,          0
  4548,   111,   55000000,   20478559,        0,  -34521441,          0
  4548,   112,   55000000,   20198930,        0,  -34801070,          0
  4548,   113,   55000000,   20516091,        0,  -34483909,          0
  4548,   114,   55000000,   20269537,        0,  -34730463,          0
  4548,   115,   55000000,   20215288,        0,  -34784712,          0
  4548,   116,   55000000,   20206570,        0,  -34793430,          0
  4548,   117,   55000000,   20201412,        0,  -34798588,          0
  4548,   118,   55000000,   21610959,        0,  -33389041,          0
  4548,   119,   55000000,   20196050,        0,  -34803950,          0
  4548,   120,   55000000,   24285636,        0,  -30714364,          0
  4548,   121,   55000000,   21613316,        0,  -33386684,          0
  4548,   122,   55000000,   20528311,        0,  -34471689,          0
  4548,   123,   55000000,   20211697,        0,  -34788303,          0
  4548,   124,   55000000,   20199099,        0,  -34800901,          0
  4548,   125,   55000000,   20188013,        0,  -34811987,          0
  4548,   126,   55000000,   20285433,        0,  -34714567,          0
  4548,   127,   55000000,   25266531,        0,  -29733469,          0
  4548,   128,   55000000,   20223177,        0,  -34776823,          0
  4548,   129,   55000000,   20528468,        0,  -34471532,          0
  4548,   130,   55000000,   22587565,        0,  -32412435,          0
  4548,   131,   55000000,   20192925,        0,  -34807075,          0
  4548,   132,   55000000,   20190309,        0,  -34809691,          0
  4548,   133,   55000000,   20240807,        0,  -34759193,          0
  4548,   134,   55000000,   20222452,        0,  -34777548,          0
  4548,   135,   55000000,   20190592,        0,  -34809408,          0
  4548,   136,   55000000,   23171431,        0,  -31828569,          0
  4548,   137,   55000000,   20194039,        0,  -34805961,          0
  4548,   138,   55000000,   24766196,        0,  -30233804,          0
  4548,   139,   55000000,   20367475,        0,  -34632525,          0
  4548,   140,   55000000,   20213970,        0,  -34786030,          0
  4548,   141,   55000000,   20201525,        0,  -34798475,          0
  4548,   142,   55000000,   20218837,        0,  -34781163,          0
  4548,   143,   55000000,   20187950,        0,  -34812050,          0
  4548,   144,   55000000,   20185238,        0,  -34814762,          0
  4548,   145,   55000000,   24820023,        0,  -30179977,          0
  4548,   146,   55000000,   20265560,        0,  -34734440,          0
  4548,   147,   55000000,   20192012,        0,  -34807988,          0
  4548,   148,   55000000,   21055470,        0,  -33944530,          0
  4548,   149,   55000000,   20257324,        0,  -34742676,          0
  4548,   150,   55000000,   26447467,        0,  -28552533,          0
  4548,   151,   55000000,   20248377,        0,  -34751623,          0
  4548,   152,   55000000,   20306481,        0,  -34693519,          0
  4548,   153,   55000000,   20213194,        0,  -34786806,          0
  4548,   154,   55000000,   20608059,        0,  -34391941,          0
  4548,   155,   55000000,   20188896,        0,  -34811104,          0
  4548,   156,   55000000,   20436781,        0,  -34563219,          0
  4548,   157,   55000000,   20201890,        0,  -34798110,          0
  4548,   158,   55000000,   20186770,        0,  -34813230,          0
  4548,   159,   55000000,   20195667,        0,  -34804333,          0
  4548,   160,   55000000,   20426689,        0,  -34573311,          0
  4548,   161,   55000000,   20494776,        0,  -34505224,          0
  4548,   162,   55000000,   20248081,        0,  -34751919,          0
  4548,   163,   55000000,   21388750,        0,  -33611250,          0
  4548,   164,   55000000,   20251345,        0,  -34748655,          0
  4548,   165,   55000000,   20221478,        0,  -34778522,          0
  4548,   166,   55000000,   20414545,        0,  -34585455,          0
  4548,   167,   55000000,   21057491,        0,  -33942509,          0
  4548,   168,   55000000,   20246336,        0,  -34753664,          0
  4548,   169,   55000000,   20190780,        0,  -34809220,          0
  4548,   170,   55000000,   23973701,        0,  -31026299,          0
  4548,   171,   55000000,   20177953,        0,  -34822047,          0
  4548,   172,   55000000,   21703827,        0,  -33296173,          0
  4548,   173,   55000000,   20196165,        0,  -34803835,          0
  4548,   174,   55000000,   20453273,        0,  -34546727,          0
  4548,   175,   55000000,   20174463,        0,  -34825537,          0
  4548,   176,   55000000,   22642733,        0,  -32357267,          0
  4548,   177,   55000000,   20247051,        0,  -34752949,          0
  4548,   178,   55000000,   20219215,        0,  -34780785,          0
  4548,   179,   55000000,   24745840,        0,  -30254160,          0
  4548,   180,   55000000,   20177974,        0,  -34822026,          0
  4548,   181,   55000000,   28513813,        0,  -26486187,          0
  4548,   182,   55000000,   20242631,        0,  -34757369,          0
  4548,   183,   55000000,   20191541,        0,  -34808459,          0
  4548,   184,   55000000,   20215980,        0,  -34784020,          0
  4548,   185,   55000000,   20242793,        0,  -34757207,          0
# task NAME=myapp PID=4552 COST=22749000 PERIOD=82000000 CPU=0
  4552,     2,   82000000,      13793,        0,  -81986207,          0
  4552,     3,   82000000,     474224,        0,  -81525776,          0
  4552,     4,   82000000,   35290342,        0,  -46709658,          0
  4552,     5,   82000000,   22573864,        0,  -59426136,          0
  4552,     6,   82000000,   22567254,        0,  -59432746,          0
  4552,     7,   82000000,   22697980,        0,  -59302020,          0
  4552,     8,   82000000,   23912771,        0,  -58087229,          0
  4552,     9,   82000000,   22576537,        0,  -59423463,          0
  4552,    10,   82000000,   22575879,        0,  -59424121,          0
  4552,    11,   82000000,   23044980,        0,  -58955020,          0
  4552,    12,   82000000,   23427026,        0,  -58572974,          0
  4552,    13,   82000000,   22569177,        0,  -59430823,          0
  4552,    14,   82000000,   22567138,        0,  -59432862,          0
  4552,    15,   82000000,   22578568,        0,  -59421432,          0
  4552,    16,   82000000,   22561884,        0,  -59438116,          0
  4552,    17,   82000000,   22584378,        0,  -59415622,          0
  4552,    18,   82000000,   25853589,        0,  -56146411,          0
  4552,    19,   82000000,   22898662,        0,  -59101338,          0
  4552,    20,   82000000,   27621782,        0,  -54378218,          0
  4552,    21,   82000000,   23059505,        0,  -58940495,          0
  4552,    22,   82000000,   23648111,        0,  -58351889,          0
  4552,    23,   82000000,   23766651,        0,  -58233349,          0
  4552,    24,   82000000,   22596882,        0,  -59403118,          0
  4552,    25,   82000000,   22850292,        0,  -59149708,          0
  4552,    26,   82000000,   22705854,        0,  -59294146,          0
  4552,    27,   82000000,   26219842,        0,  -55780158,          0
  4552,    28,   82000000,   22866926,        0,  -59133074,          0
  4552,    29,   82000000,   23046090,        0,  -58953910,          0
  4552,    30,   82000000,   22599543,        0,  -59400457,          0
  4552,    31,   82000000,   22847366,        0,  -59152634,          0
  4552,    32,   82000000,   22541527,        0,  -59458473,          0
  4552,    33,   82000000,   22582591,        0,  -59417409,          0
  4552,    34,   82000000,   22567346,        0,  -59432654,          0
  4552,    35,   82000000,   22647053,        0,  -59352947,          0
  4552,    36,   82000000,   29931745,        0,  -52068255,          0
  4552,    37,   82000000,   22712981,        0,  -59287019,          0
  4552,    38,   82000000,   22571267,        0,  -59428733,          0
  4552,    39,   82000000,   23799170,        0,  -58200830,          0
  4552,    40,   82000000,   22837164,        0,  -59162836,          0
  4552,    41,   82000000,   22581565,        0,  -59418435,          0
  4552,    42,   82000000,   22558872,        0,  -59441128,          0
  4552,    43,   82000000,   22571881,        0,  -59428119,          0
  4552,    44,   82000000,   22574973,        0,  -59425027,          0
  4552,    45,   82000000,   22587660,        0,  -59412340,          0
  4552,    46,   82000000,   25342573,        0,  -56657427,          0
  4552,    47,   82000000,   22565313,        0,  -59434687,          0
  4552,    48,   82000000,   24915883,        0,  -57084117,          0
  4552,    49,   82000000,   23240570,        0,  -58759430,          0
  4552,    50,   82000000,   22648187,        0,  -59351813,          0
  4552,    51,   82000000,   22940967,        0,  -59059033,          0
  4552,    52,   82000000,   22615181,        0,  -59384819,          0
  4552,    53,   82000000,   22571598,        0,  -59428402,          0
  4552,    54,   82000000,   23491167,        0,  -58508833,          0
  4552,    55,   82000000,   22671272,        0,  -59328728,          0
  4552,    56,   82000000,   27934552,        0,  -54065448,          0
  4552,    57,   82000000,   22850717,        0,  -59149283,          0
  4552,    58,   82000000,   22569090,        0,  -59430910,          0
  4552,    59,   82000000,   22541249,        0,  -59458751,          0
  4552,    60,   82000000,   22868158,        0,  -59131842,          0
  4552,    61,   82000000,   26721232,        0,  -55278768,          0
  4552,    62,   82000000,   22586603,        0,  -59413397,          0
  4552,    63,   82000000,   26721475,        0,  -55278525,          0
  4552,    64,   82000000,   22570761,        0,  -59429239,          0
  4552,    65,   82000000,   22565258,        0,  -59434742,          0
  4552,    66,   82000000,   25142539,        0,  -56857461,          0
  4552,    67,   82000000,   22612798,        0,  -59387202,          0
  4552,    68,   82000000,   22670411,        0,  -59329589,          0
  4552,    69,   82000000,   22565082,        0,  -59434918,          0
  4552,    70,   82000000,   23303385,        0,  -58696615,          0
  4552,    71,   82000000,   22637196,        0,  -59362804,          0
  4552,    72,   82000000,   22601198,        0,  -59398802,          0
  4552,    73,   82000000,   22597675,        0,  -59402325,          0
  4552,    74,   82000000,   22574031,        0,  -59425969,          0
  4552,    75,   82000000,   25312549,        0,  -56687451,          0
  4552,    76,   82000000,   22592797,        0,  -59407203,          0
  4552,    77,   82000000,   25750003,        0,  -56249997,          0
  4552,    78,   82000000,   22576486,        0,  -59423514,          0
  4552,    79,   82000000,   22761878,        0,  -59238122,          0
  4552,    80,   82000000,   29945486,        0,  -52054514,          0
  4552,    81,   82000000,   22565944,        0,  -59434056,          0
  4552,    82,   82000000,   24635445,        0,  -57364555,          0
  4552,    83,   82000000,   24126696,        0,  -57873304,          0
  4552,    84,   82000000,   22652995,        0,  -59347005,          0
  4552,    85,   82000000,   22738503,        0,  -59261497,          0
  4552,    86,   82000000,   22846671,        0,  -59153329,          0
  4552,    87,   82000000,   22574769,        0,  -59425231,          0
  4552,    88,   82000000,   22608074,        0,  -59391926,          0
  4552,    89,   82000000,   22889157,        0,  -59110843,          0
  4552,    90,   82000000,   22898656,        0,  -59101344,          0
  4552,    91,   82000000,   22558688,        0,  -59441312,          0
  4552,    92,   82000000,   22856604,        0,  -59143396,          0
  4552,    93,   82000000,   29326927,        0,  -52673073,          0
  4552,    94,   82000000,   22581022,        0,  -59418978,          0
  4552,    95,   82000000,   22846541,        0,  -59153459,          0
  4552,    96,   82000000,   22630803,        0,  -59369197,          0
  4552,    97,   82000000,   25560297,        0,  -56439703,          0
  4552,    98,   82000000,   22565715,        0,  -59434285,          0
  4552,    99,   82000000,   22575801,        0,  -59424199,          0
  4552,   100,   82000000,   24227073,        0,  -57772927,          0
  4552,   101,   82000000,   22566329,        0,  -59433671,          0
  4552,   102,   82000000,   22627323,        0,  -59372677,          0
  4552,   103,   82000000,   22572669,        0,  -59427331,          0
  4552,   104,   82000000,   22567544,        0,  -59432456,          0
  4552,   105,   82000000,   23723830,        0,  -58276170,          0
  4552,   106,   82000000,   22588868,        0,  -59411132,          0
  4552,   107,   82000000,   22582380,        0,  -59417620,          0
  4552,   108,   82000000,   22603583,        0,  -59396417,          0
  4552,   109,   82000000,   22638341,        0,  -59361659,          0
  4552,   110,   82000000,   22568613,        0,  -59431387,          0
  4552,   111,   82000000,   22548000,        0,  -59452000,          0
  4552,   112,   82000000,   22852689,        0,  -59147311,          0
  4552,   113,   82000000,   24253875,        0,  -57746125,          0
  4552,   114,   82000000,   31660357,        0,  -50339643,          0
  4552,   115,   82000000,   23955167,        0,  -58044833,          0
  4552,   116,   82000000,   23165974,        0,  -58834026,          0
  4552,   117,   82000000,   22627880,        0,  -59372120,          0
  4552,   118,   82000000,   22919053,        0,  -59080947,          0
  4552,   119,   82000000,   22568179,        0,  -59431821,          0
  4552,   120,   82000000,   22637544,        0,  -59362456,          0
  4552,   121,   82000000,   22844663,        0,  -59155337,          0
  4552,   122,   82000000,   22567940,        0,  -59432060,          0
  4552,   123,   82000000,   22589181,        0,  -59410819,          0
  4552,   124,   82000000,   22901470,        0,  -59098530,          0
  4552,   125,   82000000,   22722359,        0,  -59277641,          0
# task NAME=myapp PID=4555 COST=22861000 PERIOD=73000000 CPU=0
  4555,     2,   73000000,      14074,        0,  -72985926,          0
  4555,     3,   73000000,     471255,        0,  -72528745,          0
  4555,     4,   73000000,   22731808,        0,  -50268192,          0
  4555,     5,   73000000,   22801435,        0,  -50198565,          0
  4555,     6,   73000000,   22689989,        0,  -50310011,          0
  4555,     7,   73000000,   23726856,        0,  -49273144,          0
  4555,     8,   73000000,   22686201,        0,  -50313799,          0
  4555,     9,   73000000,   22985447,        0,  -50014553,          0
  4555,    10,   73000000,   24553151,        0,  -48446849,          0
  4555,    11,   73000000,   22730149,        0,  -50269851,          0
  4555,    12,   73000000,   23068223,        0,  -49931777,          0
  4555,    13,   73000000,   22685889,        0,  -50314111,          0
  4555,    14,   73000000,   22981289,        0,  -50018711,          0
  4555,    15,   73000000,   22767375,        0,  -50232625,          0
  4555,    16,   73000000,   22693748,        0,  -50306252,          0
  4555,    17,   73000000,   22703042,        0,  -50296958,          0
  4555,    18,   73000000,   22762441,        0,  -50237559,          0
  4555,    19,   73000000,   22958423,        0,  -50041577,          0
  4555,    20,   73000000,   22722208,        0,  -50277792,          0
  4555,    21,   73000000,   22998024,        0,  -50001976,          0
  4555,    22,   73000000,   22763448,        0,  -50236552,          0
  4555,    23,   73000000,   22696330,        0,  -50303670,          0
  4555,    24,   73000000,   35410355,        0,  -37589645,          0
  4555,    25,   73000000,   25389959,        0,  -47610041,          0
  4555,    26,   73000000,   22979082,        0,  -50020918,          0
  4555,    27,   73000000,   22690497,        0,  -50309503,          0
  4555,    28,   73000000,   27098248,        0,  -45901752,          0
  4555,    29,   73000000,   22743621,        0,  -50256379,          0
  4555,    30,   73000000,   22797442,        0,  -50202558,          0
  4555,    31,   73000000,   22981445,        0,  -50018555,          0
  4555,    32,   73000000,   22688720,        0,  -50311280,          0
  4555,    33,   73000000,   22987054,        0,  -50012946,          0
  4555,    34,   73000000,   22694548,        0,  -50305452,          0
  4555,    35,   73000000,   22687931,        0,  -50312069,          0
  4555,    36,   73000000,   22746682,        0,  -50253318,          0
  4555,    37,   73000000,   24376038,        0,  -48623962,          0
  4555,    38,   73000000,   23036919,        0,  -49963081,          0
  4555,    39,   73000000,   24897166,        0,  -48102834,          0
  4555,    40,   73000000,   22686686,        0,  -50313314,          0
  4555,    41,   73000000,   22739860,        0,  -50260140,          0
  4555,    42,   73000000,   22869315,        0,  -50130685,          0
  4555,    43,   73000000,   23087122,        0,  -49912878,          0
  4555,    44,   73000000,   39448718,        0,  -33551282,          0
  4555,    45,   73000000,   23145732,        0,  -49854268,          0
  4555,    46,   73000000,   22895212,        0,  -50104788,          0
  4555,    47,   73000000,   22712213,        0,  -50287787,          0
  4555,    48,   73000000,   26211878,        0,  -46788122,          0
  4555,    49,   73000000,   22759324,        0,  -50240676,          0
  4555,    50,   73000000,   23007850,        0,  -49992150,          0
  4555,    51,   73000000,   23964624,        0,  -49035376,          0
  4555,    52,   73000000,   23943720,        0,  -49056280,          0
  4555,    53,   73000000,   22702086,        0,  -50297914,          0
  4555,    54,   73000000,   26839480,        0,  -46160520,          0
  4555,    55,   73000000,   23201110,        0,  -49798890,          0
  4555,    56,   73000000,   23678591,        0,  -49321409,          0
  4555,    57,   73000000,   22743849,        0,  -50256151,          0
  4555,    58,   73000000,   22723032,        0,  -50276968,          0
  4555,    59,   73000000,   26204098,        0,  -46795902,          0
  4555,    60,   73000000,   22703148,        0,  -50296852,          0
  4555,    61,   73000000,   22684756,        0,  -50315244,          0
  4555,    62,   73000000,   24264110,        0,  -48735890,          0
  4555,    63,   73000000,   22677663,        0,  -50322337,          0
  4555,    64,   73000000,   22693914,        0,  -50306086,          0
  4555,    65,   73000000,   23704863,        0,  -49295137,          0
  4555,    66,   73000000,   27107673,        0,  -45892327,          0
  4555,    67,   73000000,   22977751,        0,  -50022249,          0
  4555,    68,   73000000,   26701475,        0,  -46298525,          0
  4555,    69,   73000000,   24511776,        0,  -48488224,          0
  4555,    70,   73000000,   22698669,        0,  -50301331,          0
  4555,    71,   73000000,   22797236,        0,  -50202764,          0
  4555,    72,   73000000,   22790613,        0,  -50209387,          0
  4555,    73,   73000000,   22668580,        0,  -50331420,          0
  4555,    74,   73000000,   22975994,        0,  -50024006,          0
  4555,    75,   73000000,   23780649,        0,  -49219351,          0
  4555,    76,   73000000,   22702240,        0,  -50297760,          0
  4555,    77,   73000000,   22681163,        0,  -50318837,          0
  4555,    78,   73000000,   22673913,        0,  -50326087,          0
  4555,    79,   73000000,   23028642,        0,  -49971358,          0
  4555,    80,   73000000,   25029148,        0,  -47970852,          0
  4555,    81,   73000000,   22683126,        0,  -50316874,          0
  4555,    82,   73000000,   22726739,        0,  -50273261,          0
  4555,    83,   73000000,   22678275,        0,  -50321725,          0
  4555,    84,   73000000,   22736662,        0,  -50263338,          0
  4555,    85,   73000000,   22789234,        0,  -50210766,          0
  4555,    86,   73000000,   22973838,        0,  -50026162,          0
  4555,    87,   73000000,   23198986,        0,  -49801014,          0
  4555,    88,   73000000,   22699227,        0,  -50300773,          0
  4555,    89,   73000000,   22674891,        0,  -50325109,          0
  4555,    90,   73000000,   22700988,        0,  -50299012,          0
  4555,    91,   73000000,   22954599,        0,  -50045401,          0
  4555,    92,   73000000,   22672185,        0,  -50327815,          0
  4555,    93,   73000000,   22724622,        0,  -50275378,          0
  4555,    94,   73000000,   22734018,        0,  -50265982,          0
  4555,    95,   73000000,   30096824,        0,  -42903176,          0
  4555,    96,   73000000,   24836813,        0,  -48163187,          0
  4555,    97,   73000000,   26173418,        0,  -46826582,          0
  4555,    98,   73000000,   22974596,        0,  -50025404,          0
  4555,    99,   73000000,   22685084,        0,  -50314916,          0
  4555,   100,   73000000,   22814653,        0,  -50185347,          0
  4555,   101,   73000000,   22751536,        0,  -50248464,          0
  4555,   102,   73000000,   22675762,        0,  -50324238,          0
  4555,   103,   73000000,   22989486,        0,  -50010514,          0
  4555,   104,   73000000,   22686845,        0,  -50313155,          0
  4555,   105,   73000000,   22692519,        0,  -50307481,          0
  4555,   106,   73000000,   22682816,        0,  -50317184,          0
  4555,   107,   73000000,   22683799,        0,  -50316201,          0
  4555,   108,   73000000,   22813550,        0,  -50186450,          0
  4555,   109,   73000000,   22681639,        0,  -50318361,          0
  4555,   110,   73000000,   33936886,        0,  -39063114,          0
  4555,   111,   73000000,   22676039,        0,  -50323961,          0
  4555,   112,   73000000,   22685894,        0,  -50314106,          0
  4555,   113,   73000000,   27576115,        0,  -45423885,          0
  4555,   114,   73000000,   22692632,        0,  -50307368,          0
  4555,   115,   73000000,   22964274,        0,  -50035726,          0
  4555,   116,   73000000,   24529736,        0,  -48470264,          0
  4555,   117,   73000000,   22715765,        0,  -50284235,          0
  4555,   118,   73000000,   26877525,        0,  -46122475,          0
  4555,   119,   73000000,   22931437,        0,  -50068563,          0
  4555,   120,   73000000,   22716686,        0,  -50283314,          0
  4555,   121,   73000000,   22749692,        0,  -50250308,          0
  4555,   122,   73000000,   22988235,        0,  -50011765,          0
  4555,   123,   73000000,   22688016,        0,  -50311984,          0
  4555,   124,   73000000,   22823523,        0,  -50176477,          0
  4555,   125,   73000000,   22715507,        0,  -50284493,          0
  4555,   126,   73000000,   22681329,        0,  -50318671,          0
  4555,   127,   73000000,   22951841,        0,  -50048159,          0
  4555,   128,   73000000,   22686357,        0,  -50313643,          0
  4555,   129,   73000000,   24683205,        0,  -48316795,          0
  4555,   130,   73000000,   24753803,        0,  -48246197,          0
  4555,   131,   73000000,   22692232,        0,  -50307768,          0
  4555,   132,   73000000,   22911984,        0,  -50088016,          0
  4555,   133,   73000000,   28622340,        0,  -44377660,          0
  4555,   134,   73000000,   23002051,        0,  -49997949,          0
  4555,   135,   73000000,   27732040,        0,  -45267960,          0
  4555,   136,   73000000,   25314690,        0,  -47685310,          0
  4555,   137,   73000000,   22657364,        0,  -50342636,          0
  4555,   138,   73000000,   22686597,        0,  -50313403,          0
  4555,   139,   73000000,   22961495,        0,  -50038505,          0
  4555,   140,   73000000,   22870172,        0,  -50129828,          0
# task NAME=myapp PID=4559 COST=3434000 PERIOD=87000000 CPU=0
  4559,     2,   87000000,      23545,        0,  -86976455,          0
  4559,     3,   87000000,     477290,        0,  -86522710,          0
  4559,     4,   87000000,   16508581,        0,  -70491419,          0
  4559,     5,   87000000,    4453291,        0,  -82546709,          0
  4559,     6,   87000000,    4706172,        0,  -82293828,          0
  4559,     7,   87000000,    3487029,        0,  -83512971,          0
  4559,     8,   87000000,    3467764,        0,  -83532236,          0
  4559,     9,   87000000,   10528579,        0,  -76471421,          0
  4559,    10,   87000000,    3947449,        0,  -83052551,          0
  4559,    11,   87000000,    3474022,        0,  -83525978,          0
  4559,    12,   87000000,    3456286,        0,  -83543714,          0
  4559,    13,   87000000,    3485891,        0,  -83514109,          0
  4559,    14,   87000000,    3506485,        0,  -83493515,          0
  4559,    15,   87000000,    3452938,        0,  -83547062,          0
  4559,    16,   87000000,    3448541,        0,  -83551459,          0
  4559,    17,   87000000,    3442317,        0,  -83557683,          0
  4559,    18,   87000000,    3455105,        0,  -83544895,          0
  4559,    19,   87000000,    3463287,        0,  -83536713,          0
  4559,    20,   87000000,    3447363,        0,  -83552637,          0
  4559,    21,   87000000,    3467862,        0,  -83532138,          0
  4559,    22,   87000000,    4437302,        0,  -82562698,          0
  4559,    23,   87000000,    3456718,        0,  -83543282,          0
  4559,    24,   87000000,   13109710,        0,  -73890290,          0
  4559,    25,   87000000,    3548412,        0,  -83451588,          0
  4559,    26,   87000000,    4524765,        0,  -82475235,          0
  4559,    27,   87000000,    3594419,        0,  -83405581,          0
  4559,    28,   87000000,    3447718,        0,  -83552282,          0
  4559,    29,   87000000,    3599686,        0,  -83400314,          0
  4559,    30,   87000000,    7765269,        0,  -79234731,          0
  4559,    31,   87000000,    4791314,        0,  -82208686,          0
  4559,    32,   87000000,    3541632,        0,  -83458368,          0
  4559,    33,   87000000,    3917762,        0,  -83082238,          0
  4559,    34,   87000000,    3458687,        0,  -83541313,          0
  4559,    35,   87000000,    3467655,        0,  -83532345,          0
  4559,    36,   87000000,    3511198,        0,  -83488802,          0
  4559,    37,   87000000,    3600080,        0,  -83399920,          0
  4559,    38,   87000000,    5610410,        0,  -81389590,          0
  4559,    39,   87000000,    3448242,        0,  -83551758,          0
  4559,    40,   87000000,    3568032,        0,  -83431968,          0
  4559,    41,   87000000,    3448896,        0,  -83551104,          0
  4559,    42,   87000000,    5882563,        0,  -81117437,          0
  4559,    43,   87000000,    5253278,        0,  -81746722,          0
  4559,    44,   87000000,    3456620,        0,  -83543380,          0
  4559,    45,   87000000,    3451947,        0,  -83548053,          0
  4559,    46,   87000000,    3476014,        0,  -83523986,          0
  4559,    47,   87000000,    3502588,        0,  -83497412,          0
  4559,    48,   87000000,    3450124,        0,  -83549876,          0
  4559,    49,   87000000,    3439437,        0,  -83560563,          0
  4559,    50,   87000000,    4469803,        0,  -82530197,          0
  4559,    51,   87000000,    3452598,        0,  -83547402,          0
  4559,    52,   87000000,    3451850,        0,  -83548150,          0
  4559,    53,   87000000,    7599844,        0,  -79400156,          0
  4559,    54,   87000000,    3754363,        0,  -83245637,          0
  4559,    55,   87000000,    3458706,        0,  -83541294,          0
  4559,    56,   87000000,    3508553,        0,  -83491447,          0
  4559,    57,   87000000,    3509673,        0,  -83490327,          0
  4559,    58,   87000000,    3531068,        0,  -83468932,          0
  4559,    59,   87000000,    3447690,        0,  -83552310,          0
  4559,    60,   87000000,    3467898,        0,  -83532102,          0
  4559,    61,   87000000,    3483249,        0,  -83516751,          0
  4559,    62,   87000000,    6369454,        0,  -80630546,          0
  4559,    63,   87000000,    3496945,        0,  -83503055,          0
  4559,    64,   87000000,    3452230,        0,  -83547770,          0
  4559,    65,   87000000,    3549523,        0,  -83450477,          0
  4559,    66,   87000000,    3490935,        0,  -83509065,          0
  4559,    67,   87000000,    4089121,        0,  -82910879,          0
  4559,    68,   87000000,    3473080,        0,  -83526920,          0
  4559,    69,   87000000,    3448191,        0,  -83551809,          0
  4559,    70,   87000000,    3709639,        0,  -83290361,          0
  4559,    71,   87000000,    3449399,        0,  -83550601,          0
  4559,    72,   87000000,    3451291,        0,  -83548709,          0
  4559,    73,   87000000,    4732199,        0,  -82267801,          0
  4559,    74,   87000000,    5440404,        0,  -81559596,          0
  4559,    75,   87000000,    3446986,        0,  -83553014,          0
  4559,    76,   87000000,    3458604,        0,  -83541396,          0
  4559,    77,   87000000,    3863517,        0,  -83136483,          0
  4559,    78,   87000000,    3451145,        0,  -83548855,          0
  4559,    79,   87000000,    4600642,        0,  -82399358,          0
  4559,    80,   87000000,    3515295,        0,  -83484705,          0
  4559,    81,   87000000,    3478263,        0,  -83521737,          0
  4559,    82,   87000000,    4870596,        0,  -82129404,          0
  4559,    83,   87000000,    3656366,        0,  -83343634,          0
  4559,    84,   87000000,    6748181,        0,  -80251819,          0
  4559,    85,   87000000,    3478234,        0,  -83521766,          0
  4559,    86,   87000000,    3474721,        0,  -83525279,          0
  4559,    87,   87000000,    3458642,        0,  -83541358,          0
  4559,    88,   87000000,    3894283,        0,  -83105717,          0
  4559,    89,   87000000,    5556081,        0,  -81443919,          0
  4559,    90,   87000000,    4656687,        0,  -82343313,          0
  4559,    91,   87000000,    3470617,        0,  -83529383,          0
  4559,    92,   87000000,    3495796,        0,  -83504204,          0
  4559,    93,   87000000,    3452389,        0,  -83547611,          0
  4559,    94,   87000000,    3626060,        0,  -83373940,          0
  4559,    95,   87000000,    3485923,        0,  -83514077,          0
  4559,    96,   87000000,    3498989,        0,  -83501011,          0
  4559,    97,   87000000,    3476626,        0,  -83523374,          0
  4559,    98,   87000000,    3450192,        0,  -83549808,          0
  4559,    99,   87000000,    3521202,        0,  -83478798,          0
  4559,   100,   87000000,    3731802,        0,  -83268198,          0
  4559,   101,   87000000,    3467952,        0,  -83532048,          0
  4559,   102,   87000000,    3449179,        0,  -83550821,          0
  4559,   103,   87000000,    3442051,        0,  -83557949,          0
  4559,   104,   87000000,    3438477,        0,  -83561523,          0
  4559,   105,   87000000,    6576588,        0,  -80423412,          0
  4559,   106,   87000000,    3488100,        0,  -83511900,          0
  4559,   107,   87000000,    3449166,        0,  -83550834,          0
  4559,   108,   87000000,    3481094,        0,  -83518906,          0
  4559,   109,   87000000,    9405508,        0,  -77594492,          0
  4559,   110,   87000000,    4277839,        0,  -82722161,          0
  4559,   111,   87000000,    3518659,        0,  -83481341,          0
  4559,   112,   87000000,    3449405,        0,  -83550595,          0
  4559,   113,   87000000,    3489202,        0,  -83510798,          0
  4559,   114,   87000000,    3476587,        0,  -83523413,          0
  4559,   115,   87000000,    3461355,        0,  -83538645,          0
  4559,   116,   87000000,    3524731,        0,  -83475269,          0
  4559,   117,   87000000,    3592791,        0,  -83407209,          0
  4559,   118,   87000000,    3467629,        0,  -83532371,          0
