# Task,   Job,     Period,   Response, DL Miss?,   Lateness,  Tardiness
# task NAME=myapp PID=31537 COST=29136000 PERIOD=54000000 CPU=0
 31537,     2,   54000000,      14487,        0,  -53985513,          0
 31537,     3,   54000000,     322354,        0,  -53677646,          0
 31537,     4,   54000000,   29209375,        0,  -24790625,          0
 31537,     5,   54000000,   76633654,        1,   22633654,   22633654
 31537,     6,   54000000,   51809698,        0,   -2190302,          0
 31537,     7,   54000000,   64963579,        1,   10963579,   10963579
 31537,     8,   54000000,   39853445,        0,  -14146555,          0
 31537,     9,   54000000,   65853044,        1,   11853044,   11853044
 31537,    10,   54000000,   40729463,        0,  -13270537,          0
 31537,    11,   54000000,   86474196,        1,   32474196,   32474196
 31537,    12,   54000000,  131549341,        1,   77549341,   77549341
 31537,    13,   54000000,  149685358,        1,   95685358,   95685358
 31537,    14,   54000000,  180775855,        1,  126775855,  126775855
 31537,    15,   54000000,  155663216,        1,  101663216,  101663216
 31537,    16,   54000000,  130807126,        1,   76807126,   76807126
 31537,    17,   54000000,  134351724,        1,   80351724,   80351724
 31537,    18,   54000000,  164705853,        1,  110705853,  110705853
 31537,    19,   54000000,  147220731,        1,   93220731,   93220731
 31537,    20,   54000000,  122091915,        1,   68091915,   68091915
 31537,    21,   54000000,   97229335,        1,   43229335,   43229335
 31537,    22,   54000000,   72076247,        1,   18076247,   18076247
 31537,    23,   54000000,  206149459,        1,  152149459,  152149459
 31537,    24,   54000000,  180993516,        1,  126993516,  126993516
 31537,    25,   54000000,  156138357,        1,  102138357,  102138357
 31537,    26,   54000000,  131228279,        1,   77228279,   77228279
 31537,    27,   54000000,  106578863,        1,   52578863,   52578863
 31537,    28,   54000000,   81944938,        1,   27944938,   27944938
 31537,    29,   54000000,   57504004,        1,    3504004,    3504004
 31537,    30,   54000000,   32378823,        0,  -21621177,          0
 31537,    31,   54000000,  118916436,        1,   64916436,   64916436
 31537,    32,   54000000,   93768792,        1,   39768792,   39768792
 31537,    33,   54000000,   68620419,        1,   14620419,   14620419
 31537,    34,   54000000,   43753062,        0,  -10246938,          0
 31537,    35,   54000000,  117938427,        1,   63938427,   63938427
 31537,    36,   54000000,   92820267,        1,   38820267,   38820267
 31537,    37,   54000000,   67687366,        1,   13687366,   13687366
 31537,    38,   54000000,   42549252,        0,  -11450748,          0
 31537,    39,   54000000,  137652277,        1,   83652277,   83652277
 31537,    40,   54000000,  112528510,        1,   58528510,   58528510
 31537,    41,   54000000,  141057277,        1,   87057277,   87057277
 31537,    42,   54000000,  115906665,        1,   61906665,   61906665
 31537,    43,   54000000,   90758154,        1,   36758154,   36758154
 31537,    44,   54000000,  141558700,        1,   87558700,   87558700
 31537,    45,   54000000,  116441580,        1,   62441580,   62441580
 31537,    46,   54000000,   91314022,        1,   37314022,   37314022
 31537,    47,   54000000,  114831313,        1,   60831313,   60831313
 31537,    48,   54000000,   89706720,        1,   35706720,   35706720
 31537,    49,   54000000,   64568484,        1,   10568484,   10568484
 31537,    50,   54000000,   65952296,        1,   11952296,   11952296
 31537,    51,   54000000,   40828509,        0,  -13171491,          0
 31537,    52,   54000000,  124370581,        1,   70370581,   70370581
 31537,    53,   54000000,   99252716,        1,   45252716,   45252716
 31537,    54,   54000000,   74431947,        1,   20431947,   20431947
 31537,    55,   54000000,   49556559,        0,   -4443441,          0
 31537,    56,   54000000,  179071158,        1,  125071158,  125071158
 31537,    57,   54000000,  154230958,        1,  100230958,  100230958
 31537,    58,   54000000,  129101408,        1,   75101408,   75101408
 31537,    59,   54000000,  103948862,        1,   49948862,   49948862
 31537,    60,   54000000,   78800200,        1,   24800200,   24800200
 31537,    61,   54000000,   53671415,        0,    -328585,          0
 31537,    62,   54000000,   72845252,        1,   18845252,   18845252
 31537,    63,   54000000,   47713456,        0,   -6286544,          0
 31537,    64,   54000000,   98415395,        1,   44415395,   44415395
 31537,    65,   54000000,  115496999,        1,   61496999,   61496999
 31537,    66,   54000000,  138128233,        1,   84128233,   84128233
 31537,    67,   54000000,  142883100,        1,   88883100,   88883100
 31537,    68,   54000000,  323603641,        1,  269603641,  269603641
 31537,    69,   54000000,  418957026,        1,  364957026,  364957026
 31537,    70,   54000000,  436180742,        1,  382180742,  382180742
 31537,    71,   54000000,  411331933,        1,  357331933,  357331933
 31537,    72,   54000000,  386201113,        1,  332201113,  332201113
 31537,    73,   54000000,  436422341,        1,  382422341,  382422341
 31537,    74,   54000000,  411296560,        1,  357296560,  357296560
 31537,    75,   54000000,  386147434,        1,  332147434,  332147434
 31537,    76,   54000000,  360983658,        1,  306983658,  306983658
 31537,    77,   54000000,  336127331,        1,  282127331,  282127331
 31537,    78,   54000000,  310996381,        1,  256996381,  256996381
 31537,    79,   54000000,  285862944,        1,  231862944,  231862944
 31537,    80,   54000000,  260702640,        1,  206702640,  206702640
 31537,    81,   54000000,  324340177,        1,  270340177,  270340177
 31537,    82,   54000000,  299220148,        1,  245220148,  245220148
 31537,    83,   54000000,  274366007,        1,  220366007,  220366007
 31537,    84,   54000000,  249221826,        1,  195221826,  195221826
 31537,    85,   54000000,  382792092,        1,  328792092,  328792092
 31537,    86,   54000000,  357968366,        1,  303968366,  303968366
 31537,    87,   54000000,  332833219,        1,  278833219,  278833219
 31537,    88,   54000000,  307687948,        1,  253687948,  253687948
 31537,    89,   54000000,  352560963,        1,  298560963,  298560963
 31537,    90,   54000000,  327433629,        1,  273433629,  273433629
 31537,    91,   54000000,  302303907,        1,  248303907,  248303907
 31537,    92,   54000000,  277439430,        1,  223439430,  223439430
 31537,    93,   54000000,  252299251,        1,  198299251,  198299251
 31537,    94,   54000000,  227150775,        1,  173150775,  173150775
 31537,    95,   54000000,  273509258,        1,  219509258,  219509258
 31537,    96,   54000000,  248417015,        1,  194417015,  194417015
 31537,    97,   54000000,  223282525,        1,  169282525,  169282525
 31537,    98,   54000000,  198413650,        1,  144413650,  144413650
 31537,    99,   54000000,  173262818,        1,  119262818,  119262818
 31537,   100,   54000000,  148105315,        1,   94105315,   94105315
 31537,   101,   54000000,  122981077,        1,   68981077,   68981077
 31537,   102,   54000000,  211474076,        1,  157474076,  157474076
 31537,   103,   54000000,  186660807,        1,  132660807,  132660807
 31537,   104,   54000000,  170261023,        1,  116261023,  116261023
 31537,   105,   54000000,  175157515,        1,  121157515,  121157515
 31537,   106,   54000000,  165533537,        1,  111533537,  111533537
 31537,   107,   54000000,  140434785,        1,   86434785,   86434785
 31537,   108,   54000000,  115310142,        1,   61310142,   61310142
 31537,   109,   54000000,  186649981,        1,  132649981,  132649981
 31537,   110,   54000000,  258818570,        1,  204818570,  204818570
 31537,   111,   54000000,  265936184,        1,  211936184,  211936184
 31537,   112,   54000000,  299282194,        1,  245282194,  245282194
 31537,   113,   54000000,  300199221,        1,  246199221,  246199221
 31537,   114,   54000000,  363614864,        1,  309614864,  309614864
 31537,   115,   54000000,  480525574,        1,  426525574,  426525574
 31537,   116,   54000000,  571951268,        1,  517951268,  517951268
 31537,   117,   54000000,  547149103,        1,  493149103,  493149103
 31537,   118,   54000000,  521992090,        1,  467992090,  467992090
 31537,   119,   54000000,  496840056,        1,  442840056,  442840056
 31537,   120,   54000000,  471714867,        1,  417714867,  417714867
 31537,   121,   54000000,  446886678,        1,  392886678,  392886678
 31537,   122,   54000000,  421750060,        1,  367750060,  367750060
 31537,   123,   54000000,  422636587,        1,  368636587,  368636587
 31537,   124,   54000000,  423506292,        1,  369506292,  369506292
 31537,   125,   54000000,  424372274,        1,  370372274,  370372274
 31537,   126,   54000000,  427057174,        1,  373057174,  373057174
 31537,   127,   54000000,  439986465,        1,  385986465,  385986465
 31537,   128,   54000000,  414862748,        1,  360862748,  360862748
 31537,   129,   54000000,  390031437,        1,  336031437,  336031437
 31537,   130,   54000000,  364883407,        1,  310883407,  310883407
 31537,   131,   54000000,  339728411,        1,  285728411,  285728411
 31537,   132,   54000000,  378187932,        1,  324187932,  324187932
 31537,   133,   54000000,  353058360,        1,  299058360,  299058360
 31537,   134,   54000000,  363176342,        1,  309176342,  309176342
 31537,   135,   54000000,  338550457,        1,  284550457,  284550457
 31537,   136,   54000000,  313864526,        1,  259864526,  259864526
 31537,   137,   54000000,  289255438,        1,  235255438,  235255438
 31537,   138,   54000000,  264575385,        1,  210575385,  210575385
 31537,   139,   54000000,  291722468,        1,  237722468,  237722468
 31537,   140,   54000000,  288343539,        1,  234343539,  234343539
 31537,   141,   54000000,  263518530,        1,  209518530,  209518530
 31537,   142,   54000000,  354967643,        1,  300967643,  300967643
 31537,   143,   54000000,  329862408,        1,  275862408,  275862408
 31537,   144,   54000000,  347604598,        1,  293604598,  293604598
 31537,   145,   54000000,  375507197,        1,  321507197,  321507197
 31537,   146,   54000000,  382515046,        1,  328515046,  328515046
 31537,   147,   54000000,  426683063,        1,  372683063,  372683063
 31537,   148,   54000000,  500826909,        1,  446826909,  446826909
 31537,   149,   54000000,  587695038,        1,  533695038,  533695038
 31537,   150,   54000000,  562594847,        1,  508594847,  508594847
 31537,   151,   54000000,  537470023,        1,  483470023,  483470023
 31537,   152,   54000000,  512341448,        1,  458341448,  458341448
 31537,   153,   54000000,  487493951,        1,  433493951,  433493951
 31537,   154,   54000000,  462353788,        1,  408353788,  408353788
 31537,   155,   54000000,  437226620,        1,  383226620,  383226620
 31537,   156,   54000000,  412164719,        1,  358164719,  358164719
 31537,   157,   54000000,  400376308,        1,  346376308,  346376308
 31537,   158,   54000000,  391442755,        1,  337442755,  337442755
 31537,   159,   54000000,  366335100,        1,  312335100,  312335100
 31537,   160,   54000000,  381609356,        1,  327609356,  327609356
 31537,   161,   54000000,  374062148,        1,  320062148,  320062148
 31537,   162,   54000000,  348915012,        1,  294915012,  294915012
 31537,   163,   54000000,  324058058,        1,  270058058,  270058058
 31537,   164,   54000000,  298899282,        1,  244899282,  244899282
 31537,   165,   54000000,  273748217,        1,  219748217,  219748217
 31537,   166,   54000000,  248585442,        1,  194585442,  194585442
 31537,   167,   54000000,  223733185,        1,  169733185,  169733185
 31537,   168,   54000000,  198638558,        1,  144638558,  144638558
 31537,   169,   54000000,  213519930,        1,  159519930,  159519930
 31537,   170,   54000000,  278882268,        1,  224882268,  224882268
 31537,   171,   54000000,  262486115,        1,  208486115,  208486115
 31537,   172,   54000000,  416301680,        1,  362301680,  362301680
 31537,   173,   54000000,  391485688,        1,  337485688,  337485688
 31537,   174,   54000000,  449485694,        1,  395485694,  395485694
 31537,   175,   54000000,  458120047,        1,  404120047,  404120047
 31537,   176,   54000000,  455299440,        1,  401299440,  401299440
 31537,   177,   54000000,  430441688,        1,  376441688,  376441688
 31537,   178,   54000000,  405301104,        1,  351301104,  351301104
 31537,   179,   54000000,  380168903,        1,  326168903,  326168903
 31537,   180,   54000000,  361266255,        1,  307266255,  307266255
 31537,   181,   54000000,  336893972,        1,  282893972,  282893972
 31537,   182,   54000000,  353772281,        1,  299772281,  299772281
 31537,   183,   54000000,  356181647,        1,  302181647,  302181647
 31537,   184,   54000000,  331047128,        1,  277047128,  277047128
 31537,   185,   54000000,  305901574,        1,  251901574,  251901574
 31537,   186,   54000000,  280767493,        1,  226767493,  226767493
 31537,   187,   54000000,  255651382,        1,  201651382,  201651382
 31537,   188,   54000000,  230825316,        1,  176825316,  176825316
 31537,   189,   54000000,  264381419,        1,  210381419,  210381419
# task NAME=myapp PID=31540 COST=31196000 PERIOD=54000000 CPU=0
 31540,     2,   54000000,       4567,        0,  -53995433,          0
 31540,     3,   54000000,     319351,        0,  -53680649,          0
 31540,     4,   54000000,   31281125,        0,  -22718875,          0
 31540,     5,   54000000,   92807121,        1,   38807121,   38807121
 31540,     6,   54000000,  120864553,        1,   66864553,   66864553
 31540,     7,   54000000,  136807685,        1,   82807685,   82807685
 31540,     8,   54000000,  159201890,        1,  105201890,  105201890
 31540,     9,   54000000,  136370658,        1,   82370658,   82370658
 31540,    10,   54000000,  150490686,        1,   96490686,   96490686
 31540,    11,   54000000,  200069147,        1,  146069147,  146069147
 31540,    12,   54000000,  209395925,        1,  155395925,  155395925
 31540,    13,   54000000,  244949794,        1,  190949794,  190949794
 31540,    14,   54000000,  297110603,        1,  243110603,  243110603
 31540,    15,   54000000,  274033223,        1,  220033223,  220033223
 31540,    16,   54000000,  251216040,        1,  197216040,  197216040
 31540,    17,   54000000,  228107997,        1,  174107997,  174107997
 31540,    18,   54000000,  219116555,        1,  165116555,  165116555
 31540,    19,   54000000,  196026112,        1,  142026112,  142026112
 31540,    20,   54000000,  194231548,        1,  140231548,  140231548
 31540,    21,   54000000,  210178492,        1,  156178492,  156178492
 31540,    22,   54000000,  213107381,        1,  159107381,  159107381
 31540,    23,   54000000,  214343849,        1,  160343849,  160343849
 31540,    24,   54000000,  340171976,        1,  286171976,  286171976
 31540,    25,   54000000,  343119969,        1,  289119969,  289119969
 31540,    26,   54000000,  392103235,        1,  338103235,  338103235
 31540,    27,   54000000,  369007926,        1,  315007926,  315007926
 31540,    28,   54000000,  383405828,        1,  329405828,  329405828
 31540,    29,   54000000,  387304791,        1,  333304791,  333304791
 31540,    30,   54000000,  411379798,        1,  357379798,  357379798
 31540,    31,   54000000,  509358035,        1,  455358035,  455358035
 31540,    32,   54000000,  544419683,        1,  490419683,  490419683
 31540,    33,   54000000,  547335477,        1,  493335477,  493335477
 31540,    34,   54000000,  563549778,        1,  509549778,  509549778
 31540,    35,   54000000,  540452364,        1,  486452364,  486452364
 31540,    36,   54000000,  517327528,        1,  463327528,  463327528
 31540,    37,   54000000,  510051528,        1,  456051528,  456051528
 31540,    38,   54000000,  487114207,        1,  433114207,  433114207
 31540,    39,   54000000,  464510700,        1,  410510700,  410510700
 31540,    40,   54000000,  463245900,        1,  409245900,  409245900
 31540,    41,   54000000,  440574834,        1,  386574834,  386574834
 31540,    42,   54000000,  417471923,        1,  363471923,  363471923
 31540,    43,   54000000,  394350726,        1,  340350726,  340350726
 31540,    44,   54000000,  398536873,        1,  344536873,  344536873
 31540,    45,   54000000,  376377277,        1,  322377277,  322377277
 31540,    46,   54000000,  353327023,        1,  299327023,  299327023
 31540,    47,   54000000,  387563132,        1,  333563132,  333563132
 31540,    48,   54000000,  364503988,        1,  310503988,  310503988
 31540,    49,   54000000,  341738692,        1,  287738692,  287738692
 31540,    50,   54000000,  318920136,        1,  264920136,  264920136
 31540,    51,   54000000,  298929749,        1,  244929749,  244929749
 31540,    52,   54000000,  275855693,        1,  221855693,  221855693
 31540,    53,   54000000,  253073972,        1,  199073972,  199073972
 31540,    54,   54000000,  229985156,        1,  175985156,  175985156
 31540,    55,   54000000,  206896631,        1,  152896631,  152896631
 31540,    56,   54000000,  183812339,        1,  129812339,  129812339
 31540,    57,   54000000,  207842545,        1,  153842545,  153842545
 31540,    58,   54000000,  205091744,        1,  151091744,  151091744
 31540,    59,   54000000,  182279329,        1,  128279329,  128279329
 31540,    60,   54000000,  159175861,        1,  105175861,  105175861
 31540,    61,   54000000,  143414234,        1,   89414234,   89414234
 31540,    62,   54000000,  137156208,        1,   83156208,   83156208
 31540,    63,   54000000,  127067381,        1,   73067381,   73067381
 31540,    64,   54000000,  128226965,        1,   74226965,   74226965
 31540,    65,   54000000,  134369098,        1,   80369098,   80369098
 31540,    66,   54000000,  161140192,        1,  107140192,  107140192
 31540,    67,   54000000,  211776249,        1,  157776249,  157776249
 31540,    68,   54000000,  340954656,        1,  286954656,  286954656
 31540,    69,   54000000,  394693991,        1,  340693991,  340693991
 31540,    70,   54000000,  371592738,        1,  317592738,  317592738
 31540,    71,   54000000,  571389626,        1,  517389626,  517389626
 31540,    72,   54000000,  623898567,        1,  569898567,  569898567
 31540,    73,   54000000,  600806650,        1,  546806650,  546806650
 31540,    74,   54000000,  731924175,        1,  677924175,  677924175
 31540,    75,   54000000,  926113289,        1,  872113289,  872113289
 31540,    76,   54000000,  903335645,        1,  849335645,  849335645
 31540,    77,   54000000,  880237140,        1,  826237140,  826237140
 31540,    78,   54000000,  857128808,        1,  803128808,  803128808
 31540,    79,   54000000,  875528643,        1,  821528643,  821528643
 31540,    80,   54000000,  852449854,        1,  798449854,  798449854
 31540,    81,   54000000,  829360505,        1,  775360505,  775360505
 31540,    82,   54000000,  806544361,        1,  752544361,  752544361
 31540,    83,   54000000,  783431916,        1,  729431916,  729431916
 31540,    84,   54000000,  760323913,        1,  706323913,  706323913
 31540,    85,   54000000,  737230149,        1,  683230149,  683230149
 31540,    86,   54000000,  760905535,        1,  706905535,  706905535
 31540,    87,   54000000,  738299683,        1,  684299683,  684299683
 31540,    88,   54000000,  715692026,        1,  661692026,  661692026
 31540,    89,   54000000,  763950184,        1,  709950184,  709950184
 31540,    90,   54000000,  740875715,        1,  686875715,  686875715
 31540,    91,   54000000,  718066207,        1,  664066207,  664066207
 31540,    92,   54000000,  694942500,        1,  640942500,  640942500
 31540,    93,   54000000,  781868571,        1,  727868571,  727868571
 31540,    94,   54000000,  784078006,        1,  730078006,  730078006
 31540,    95,   54000000,  899269755,        1,  845269755,  845269755
 31540,    96,   54000000,  877575921,        1,  823575921,  823575921
 31540,    97,   54000000,  856091928,        1,  802091928,  802091928
 31540,    98,   54000000,  834230332,        1,  780230332,  780230332
 31540,    99,   54000000,  812120454,        1,  758120454,  758120454
 31540,   100,   54000000,  789322352,        1,  735322352,  735322352
 31540,   101,   54000000,  766599123,        1,  712599123,  712599123
 31540,   102,   54000000,  828460058,        1,  774460058,  774460058
 31540,   103,   54000000,  805672877,        1,  751672877,  751672877
 31540,   104,   54000000,  782566852,        1,  728566852,  728566852
 31540,   105,   54000000,  798950797,        1,  744950797,  744950797
 31540,   106,   54000000,  776115501,        1,  722115501,  722115501
 31540,   107,   54000000,  752981247,        1,  698981247,  698981247
 31540,   108,   54000000,  729860456,        1,  675860456,  675860456
 31540,   109,   54000000,  706767757,        1,  652767757,  652767757
 31540,   110,   54000000,  835790883,        1,  781790883,  781790883
 31540,   111,   54000000,  919386162,        1,  865386162,  865386162
 31540,   112,   54000000,  899811290,        1,  845811290,  845811290
 31540,   113,   54000000,  876745552,        1,  822745552,  822745552
 31540,   114,   54000000, 1042042770,        1,  988042770,  988042770
 31540,   115,   54000000, 1018929292,        1,  964929292,  964929292
 31540,   116,   54000000,  996122753,        1,  942122753,  942122753
 31540,   117,   54000000,  973025906,        1,  919025906,  919025906
 31540,   118,   54000000,  949936401,        1,  895936401,  895936401
 31540,   119,   54000000,  926853383,        1,  872853383,  872853383
 31540,   120,   54000000,  904055790,        1,  850055790,  850055790
 31540,   121,   54000000,  880942610,        1,  826942610,  826942610
 31540,   122,   54000000,  913857754,        1,  859857754,  859857754
 31540,   123,   54000000,  890769949,        1,  836769949,  836769949
 31540,   124,   54000000,  897058009,        1,  843058009,  843058009
 31540,   125,   54000000,  933250430,        1,  879250430,  879250430
 31540,   126,   54000000,  910152723,        1,  856152723,  856152723
 31540,   127,   54000000,  887323818,        1,  833323818,  833323818
 31540,   128,   54000000,  864202809,        1,  810202809,  810202809
 31540,   129,   54000000,  841069224,        1,  787069224,  787069224
 31540,   130,   54000000,  827766800,        1,  773766800,  773766800
 31540,   131,   54000000,  805143172,        1,  751143172,  751143172
 31540,   132,   54000000,  782596346,        1,  728596346,  728596346
 31540,   133,   54000000,  760060057,        1,  706060057,  706060057
 31540,   134,   54000000,  737469691,        1,  683469691,  683469691
 31540,   135,   54000000,  715223770,        1,  661223770,  661223770
 31540,   136,   54000000,  692265529,        1,  638265529,  638265529
 31540,   137,   54000000,  696475301,        1,  642475301,  642475301
 31540,   138,   54000000,  720336499,        1,  666336499,  666336499
 31540,   139,   54000000,  697255462,        1,  643255462,  643255462
 31540,   140,   54000000,  674421070,        1,  620421070,  620421070
 31540,   141,   54000000,  651307734,        1,  597307734,  597307734
 31540,   142,   54000000,  628175462,        1,  574175462,  574175462
 31540,   143,   54000000,  605040287,        1,  551040287,  551040287
 31540,   144,   54000000,  582222587,        1,  528222587,  528222587
 31540,   145,   54000000,  620416584,        1,  566416584,  566416584
 31540,   146,   54000000,  632026029,        1,  578026029,  578026029
 31540,   147,   54000000,  608918169,        1,  554918169,  554918169
 31540,   148,   54000000,  604727463,        1,  550727463,  550727463
 31540,   149,   54000000,  596244058,        1,  542244058,  542244058
 31540,   150,   54000000,  671391344,        1,  617391344,  617391344
 31540,   151,   54000000,  665615028,        1,  611615028,  611615028
 31540,   152,   54000000,  642543448,        1,  588543448,  588543448
 31540,   153,   54000000,  668432196,        1,  614432196,  614432196
 31540,   154,   54000000,  645360187,        1,  591360187,  591360187
 31540,   155,   54000000,  688315839,        1,  634315839,  634315839
 31540,   156,   54000000,  821312048,        1,  767312048,  767312048
 31540,   157,   54000000,  798251841,        1,  744251841,  744251841
 31540,   158,   54000000,  775171331,        1,  721171331,  721171331
 31540,   159,   54000000,  752057155,        1,  698057155,  698057155
 31540,   160,   54000000,  729224792,        1,  675224792,  675224792
 31540,   161,   54000000,  706102185,        1,  652102185,  652102185
 31540,   162,   54000000,  686765568,        1,  632765568,  632765568
 31540,   163,   54000000,  669650627,        1,  615650627,  615650627
 31540,   164,   54000000,  646852874,        1,  592852874,  592852874
 31540,   165,   54000000,  623746452,        1,  569746452,  569746452
 31540,   166,   54000000,  600634978,        1,  546634978,  546634978
 31540,   167,   54000000,  577517946,        1,  523517946,  523517946
 31540,   168,   54000000,  655496148,        1,  601496148,  601496148
 31540,   169,   54000000,  632692093,        1,  578692093,  578692093
 31540,   170,   54000000,  609572526,        1,  555572526,  555572526
 31540,   171,   54000000,  586458989,        1,  532458989,  532458989
 31540,   172,   54000000,  563390420,        1,  509390420,  509390420
 31540,   173,   54000000,  603167017,        1,  549167017,  549167017
 31540,   174,   54000000,  580469386,        1,  526469386,  526469386
 31540,   175,   54000000,  557640345,        1,  503640345,  503640345
 31540,   176,   54000000,  534538560,        1,  480538560,  480538560
 31540,   177,   54000000,  525977639,        1,  471977639,  471977639
 31540,   178,   54000000,  503156032,        1,  449156032,  449156032
 31540,   179,   54000000,  480234742,        1,  426234742,  426234742
 31540,   180,   54000000,  457124675,        1,  403124675,  403124675
 31540,   181,   54000000,  569278567,        1,  515278567,  515278567
 31540,   182,   54000000,  546497377,        1,  492497377,  492497377
 31540,   183,   54000000,  603461551,        1,  549461551,  549461551
 31540,   184,   54000000,  681200060,        1,  627200060,  627200060
 31540,   185,   54000000,  658104500,        1,  604104500,  604104500
 31540,   186,   54000000,  647827376,        1,  593827376,  593827376
 31540,   187,   54000000,  627662952,        1,  573662952,  573662952
 31540,   188,   54000000,  604839958,        1,  550839958,  550839958
 31540,   189,   54000000,  600107272,        1,  546107272,  546107272
# task NAME=myapp PID=31544 COST=27288000 PERIOD=33000000 CPU=0
 31544,     2,   33000000,      15098,        0,  -32984902,          0
 31544,     3,   33000000,     312958,        0,  -32687042,          0
 31544,     4,   33000000,   29307903,        0,   -3692097,          0
 31544,     5,   33000000,   56105058,        1,   23105058,   23105058
 31544,     6,   33000000,   50139671,        1,   17139671,   17139671
 31544,     7,   33000000,   44152905,        1,   11152905,   11152905
 31544,     8,   33000000,  124733683,        1,   91733683,   91733683
 31544,     9,   33000000,  118800776,        1,   85800776,   85800776
 31544,    10,   33000000,  113127327,        1,   80127327,   80127327
 31544,    11,   33000000,  107170884,        1,   74170884,   74170884
 31544,    12,   33000000,  101221209,        1,   68221209,   68221209
 31544,    13,   33000000,   95282242,        1,   62282242,   62282242
 31544,    14,   33000000,   89608730,        1,   56608730,   56608730
 31544,    15,   33000000,   83636964,        1,   50636964,   50636964
 31544,    16,   33000000,   77689180,        1,   44689180,   44689180
 31544,    17,   33000000,  144736502,        1,  111736502,  111736502
 31544,    18,   33000000,  138772576,        1,  105772576,  105772576
 31544,    19,   33000000,  132843954,        1,   99843954,   99843954
 31544,    20,   33000000,  126913192,        1,   93913192,   93913192
 31544,    21,   33000000,  134280048,        1,  101280048,  101280048
 31544,    22,   33000000,  154353779,        1,  121353779,  121353779
 31544,    23,   33000000,  174728805,        1,  141728805,  141728805
 31544,    24,   33000000,  194807107,        1,  161807107,  161807107
 31544,    25,   33000000,  369162024,        1,  336162024,  336162024
 31544,    26,   33000000,  363207313,        1,  330207313,  330207313
 31544,    27,   33000000,  357223697,        1,  324223697,  324223697
 31544,    28,   33000000,  351244523,        1,  318244523,  318244523
 31544,    29,   33000000,  345540765,        1,  312540765,  312540765
 31544,    30,   33000000,  339554546,        1,  306554546,  306554546
 31544,    31,   33000000,  419027192,        1,  386027192,  386027192
 31544,    32,   33000000,  424920499,        1,  391920499,  391920499
 31544,    33,   33000000,  418939591,        1,  385939591,  385939591
 31544,    34,   33000000,  446295669,        1,  413295669,  413295669
 31544,    35,   33000000,  440359749,        1,  407359749,  407359749
 31544,    36,   33000000,  434407552,        1,  401407552,  401407552
 31544,    37,   33000000,  428441231,        1,  395441231,  395441231
 31544,    38,   33000000,  422738839,        1,  389738839,  389738839
 31544,    39,   33000000,  416757760,        1,  383757760,  383757760
 31544,    40,   33000000,  505290368,        1,  472290368,  472290368
 31544,    41,   33000000,  499309659,        1,  466309659,  466309659
 31544,    42,   33000000,  493325286,        1,  460325286,  460325286
 31544,    43,   33000000,  487357785,        1,  454357785,  454357785
 31544,    44,   33000000,  499307059,        1,  466307059,  466307059
 31544,    45,   33000000,  558000157,        1,  525000157,  525000157
 31544,    46,   33000000,  652929399,        1,  619929399,  619929399
 31544,    47,   33000000,  646975305,        1,  613975305,  613975305
 31544,    48,   33000000,  641026336,        1,  608026336,  608026336
 31544,    49,   33000000,  723571378,        1,  690571378,  690571378
 31544,    50,   33000000,  778021987,        1,  745021987,  745021987
 31544,    51,   33000000,  772054185,        1,  739054185,  739054185
 31544,    52,   33000000,  766089912,        1,  733089912,  733089912
 31544,    53,   33000000,  760115147,        1,  727115147,  727115147
 31544,    54,   33000000,  754143401,        1,  721143401,  721143401
 31544,    55,   33000000,  914338957,        1,  881338957,  881338957
 31544,    56,   33000000,  908386596,        1,  875386596,  875386596
 31544,    57,   33000000,  902421987,        1,  869421987,  869421987
 31544,    58,   33000000,  897008900,        1,  864008900,  864008900
 31544,    59,   33000000,  891041482,        1,  858041482,  858041482
 31544,    60,   33000000,  885079383,        1,  852079383,  852079383
 31544,    61,   33000000,  879137531,        1,  846137531,  846137531
 31544,    62,   33000000,  873489972,        1,  840489972,  840489972
 31544,    63,   33000000,  923674241,        1,  890674241,  890674241
 31544,    64,   33000000,  917718351,        1,  884718351,  884718351
 31544,    65,   33000000,  912046093,        1,  879046093,  879046093
 31544,    66,   33000000,  906081492,        1,  873081492,  873081492
 31544,    67,   33000000,  900100754,        1,  867100754,  867100754
 31544,    68,   33000000,  898776421,        1,  865776421,  865776421
# task NAME=myapp PID=31548 COST=10707000 PERIOD=12000000 CPU=0
 31548,     2,   12000000,       2552,        0,  -11997448,          0
 31548,     3,   12000000,     332705,        0,  -11667295,          0
 31548,     4,   12000000,   10646326,        0,   -1353674,          0
 31548,     5,   12000000,   10731876,        0,   -1268124,          0
 31548,     6,   12000000,   10703592,        0,   -1296408,          0
 31548,     7,   12000000,   10650193,        0,   -1349807,          0
 31548,     8,   12000000,   11356012,        0,    -643988,          0
 31548,     9,   12000000,   25221272,        1,   13221272,   13221272
 31548,    10,   12000000,   36021103,        1,   24021103,   24021103
 31548,    11,   12000000,   34626545,        1,   22626545,   22626545
 31548,    12,   12000000,   33236204,        1,   21236204,   21236204
 31548,    13,   12000000,   31834944,        1,   19834944,   19834944
 31548,    14,   12000000,   30440515,        1,   18440515,   18440515
 31548,    15,   12000000,   29874952,        1,   17874952,   17874952
 31548,    16,   12000000,   28485483,        1,   16485483,   16485483
 31548,    17,   12000000,   27393899,        1,   15393899,   15393899
 31548,    18,   12000000,   26006239,        1,   14006239,   14006239
 31548,    19,   12000000,   24627595,        1,   12627595,   12627595
 31548,    20,   12000000,   23237990,        1,   11237990,   11237990
 31548,    21,   12000000,   21839218,        1,    9839218,    9839218
 31548,    22,   12000000,   20447556,        1,    8447556,    8447556
 31548,    23,   12000000,   19056037,        1,    7056037,    7056037
 31548,    24,   12000000,   17654881,        1,    5654881,    5654881
 31548,    25,   12000000,   16272854,        1,    4272854,    4272854
 31548,    26,   12000000,   14888592,        1,    2888592,    2888592
 31548,    27,   12000000,   44720280,        1,   32720280,   32720280
 31548,    28,   12000000,   48400124,        1,   36400124,   36400124
 31548,    29,   12000000,   47198305,        1,   35198305,   35198305
 31548,    30,   12000000,   77262114,        1,   65262114,   65262114
 31548,    31,   12000000,   75864086,        1,   63864086,   63864086
 31548,    32,   12000000,   74478735,        1,   62478735,   62478735
 31548,    33,   12000000,  133762685,        1,  121762685,  121762685
 31548,    34,   12000000,  132386639,        1,  120386639,  120386639
 31548,    35,   12000000,  131001810,        1,  119001810,  119001810
 31548,    36,   12000000,  129621418,        1,  117621418,  117621418
 31548,    37,   12000000,  128237679,        1,  116237679,  116237679
 31548,    38,   12000000,  126844773,        1,  114844773,  114844773
 31548,    39,   12000000,  163872341,        1,  151872341,  151872341
 31548,    40,   12000000,  162487143,        1,  150487143,  150487143
 31548,    41,   12000000,  201190762,        1,  189190762,  189190762
 31548,    42,   12000000,  206051873,        1,  194051873,  194051873
 31548,    43,   12000000,  204666512,        1,  192666512,  192666512
 31548,    44,   12000000,  203569138,        1,  191569138,  191569138
 31548,    45,   12000000,  202185796,        1,  190185796,  190185796
 31548,    46,   12000000,  200798046,        1,  188798046,  188798046
 31548,    47,   12000000,  199406822,        1,  187406822,  187406822
 31548,    48,   12000000,  198002774,        1,  186002774,  186002774
 31548,    49,   12000000,  219752156,        1,  207752156,  207752156
 31548,    50,   12000000,  218373945,        1,  206373945,  206373945
 31548,    51,   12000000,  216991598,        1,  204991598,  204991598
 31548,    52,   12000000,  215612486,        1,  203612486,  203612486
 31548,    53,   12000000,  214221723,        1,  202221723,  202221723
 31548,    54,   12000000,  213114385,        1,  201114385,  201114385
 31548,    55,   12000000,  211717531,        1,  199717531,  199717531
 31548,    56,   12000000,  210325410,        1,  198325410,  198325410
 31548,    57,   12000000,  208928666,        1,  196928666,  196928666
 31548,    58,   12000000,  207545024,        1,  195545024,  195545024
 31548,    59,   12000000,  206155718,        1,  194155718,  194155718
 31548,    60,   12000000,  204762719,        1,  192762719,  192762719
 31548,    61,   12000000,  203385110,        1,  191385110,  191385110
 31548,    62,   12000000,  201998482,        1,  189998482,  189998482
 31548,    63,   12000000,  200619988,        1,  188619988,  188619988
 31548,    64,   12000000,  199232180,        1,  187232180,  187232180
 31548,    65,   12000000,  234240201,        1,  222240201,  222240201
 31548,    66,   12000000,  232851014,        1,  220851014,  220851014
 31548,    67,   12000000,  245532436,        1,  233532436,  233532436
 31548,    68,   12000000,  244152925,        1,  232152925,  232152925
 31548,    69,   12000000,  242768870,        1,  230768870,  230768870
 31548,    70,   12000000,  241384542,        1,  229384542,  229384542
 31548,    71,   12000000,  239988372,        1,  227988372,  227988372
 31548,    72,   12000000,  266006664,        1,  254006664,  254006664
 31548,    73,   12000000,  264626311,        1,  252626311,  252626311
 31548,    74,   12000000,  263238816,        1,  251238816,  251238816
 31548,    75,   12000000,  261906906,        1,  249906906,  249906906
 31548,    76,   12000000,  260688752,        1,  248688752,  248688752
 31548,    77,   12000000,  259474488,        1,  247474488,  247474488
 31548,    78,   12000000,  258281466,        1,  246281466,  246281466
 31548,    79,   12000000,  257068065,        1,  245068065,  245068065
 31548,    80,   12000000,  255841799,        1,  243841799,  243841799
 31548,    81,   12000000,  254628168,        1,  242628168,  242628168
 31548,    82,   12000000,  253718611,        1,  241718611,  241718611
 31548,    83,   12000000,  252501978,        1,  240501978,  240501978
 31548,    84,   12000000,  251282112,        1,  239282112,  239282112
 31548,    85,   12000000,  250081229,        1,  238081229,  238081229
 31548,    86,   12000000,  248838315,        1,  236838315,  236838315
 31548,    91,   12000000,  242479238,        1,  230479238,  230479238
# task NAME=myapp PID=31553 COST=53145000 PERIOD=82000000 CPU=0
 31553,     2,   82000000,       3639,        0,  -81996361,          0
 31553,     3,   82000000,     316325,        0,  -81683675,          0
 31553,     4,   82000000,  125771939,        1,   43771939,   43771939
 31553,     5,   82000000,   96432928,        1,   14432928,   14432928
 31553,     6,   82000000,   86703709,        1,    4703709,    4703709
 31553,     7,   82000000,   60114013,        0,  -21885987,          0
 31553,     8,   82000000,  125189181,        1,   43189181,   43189181
 31553,     9,   82000000,   96133934,        1,   14133934,   14133934
 31553,    10,   82000000,   96980485,        1,   14980485,   14980485
 31553,    11,   82000000,   67963685,        0,  -14036315,          0
 31553,    12,   82000000,  141389276,        1,   59389276,   59389276
 31553,    13,   82000000,  112096212,        1,   30096212,   30096212
 31553,    14,   82000000,   85368514,        1,    3368514,    3368514
 31553,    15,   82000000,   56066394,        0,  -25933606,          0
 31553,    16,   82000000,  330946951,        1,  248946951,  248946951
 31553,    17,   82000000,  301864629,        1,  219864629,  219864629
 31553,    18,   82000000,  272553262,        1,  190553262,  190553262
 31553,    19,   82000000,  341666258,        1,  259666258,  259666258
 31553,    20,   82000000,  376426685,        1,  294426685,  294426685
 31553,    21,   82000000,  430474278,        1,  348474278,  348474278
 31553,    22,   82000000,  566793062,        1,  484793062,  484793062
 31553,    23,   82000000,  589487891,        1,  507487891,  507487891
 31553,    24,   82000000,  575487550,        1,  493487550,  493487550
 31553,    25,   82000000,  609557103,        1,  527557103,  527557103
 31553,    26,   82000000,  632658234,        1,  550658234,  550658234
 31553,    27,   82000000,  713566177,        1,  631566177,  631566177
 31553,    28,   82000000,  727592388,        1,  645592388,  645592388
 31553,    29,   82000000,  864511046,        1,  782511046,  782511046
 31553,    30,   82000000,  916819129,        1,  834819129,  834819129
 31553,    31,   82000000, 1014787024,        1,  932787024,  932787024
 31553,    32,   82000000,  985727982,        1,  903727982,  903727982
 31553,    33,   82000000, 1170109271,        1, 1088109271, 1088109271
 31553,    34,   82000000, 1168951203,        1, 1086951203, 1086951203
 31553,    35,   82000000, 1139621089,        1, 1057621089, 1057621089
 31553,    36,   82000000, 1110294247,        1, 1028294247, 1028294247
 31553,    37,   82000000, 1081264333,        1,  999264333,  999264333
 31553,    38,   82000000, 1093682350,        1, 1011682350, 1011682350
 31553,    39,   82000000, 1083370208,        1, 1001370208, 1001370208
 31553,    40,   82000000, 1054387583,        1,  972387583,  972387583
 31553,    41,   82000000, 1063900466,        1,  981900466,  981900466
 31553,    42,   82000000, 1035205810,        1,  953205810,  953205810
 31553,    43,   82000000, 1061895450,        1,  979895450,  979895450
 31553,    44,   82000000, 1032613553,        1,  950613553,  950613553
 31553,    45,   82000000, 1003583378,        1,  921583378,  921583378
 31553,    46,   82000000, 1042198236,        1,  960198236,  960198236
 31553,    47,   82000000, 1219829283,        1, 1137829283, 1137829283
 31553,    48,   82000000, 1190551123,        1, 1108551123, 1108551123
 31553,    49,   82000000, 1161219345,        1, 1079219345, 1079219345
 31553,    50,   82000000, 1132164026,        1, 1050164026, 1050164026
 31553,    51,   82000000, 1151315871,        1, 1069315871, 1069315871
 31553,    52,   82000000, 1304897835,        1, 1222897835, 1222897835
 31553,    53,   82000000, 1314619608,        1, 1232619608, 1232619608
 31553,    54,   82000000, 1375057901,        1, 1293057901, 1293057901
 31553,    55,   82000000, 1346066657,        1, 1264066657, 1264066657
 31553,    56,   82000000, 1316682431,        1, 1234682431, 1234682431
 31553,    57,   82000000, 1287611242,        1, 1205611242, 1205611242
 31553,    58,   82000000, 1318610362,        1, 1236610362, 1236610362
 31553,    59,   82000000, 1594167026,        1, 1512167026, 1512167026
 31553,    60,   82000000, 1740224500,        1, 1658224500, 1658224500
 31553,    61,   82000000, 1711275992,        1, 1629275992, 1629275992
 31553,    62,   82000000, 1682896602,        1, 1600896602, 1600896602
 31553,    63,   82000000, 1654808157,        1, 1572808157, 1572808157
 31553,    64,   82000000, 1638893306,        1, 1556893306, 1556893306
 31553,    65,   82000000, 1609856770,        1, 1527856770, 1527856770
 31553,    66,   82000000, 1607198904,        1, 1525198904, 1525198904
 31553,    67,   82000000, 1578211156,        1, 1496211156, 1496211156
 31553,    68,   82000000, 1574918017,        1, 1492918017, 1492918017
 31553,    69,   82000000, 1597614277,        1, 1515614277, 1515614277
 31553,    70,   82000000, 1660140475,        1, 1578140475, 1578140475
 31553,    71,   82000000, 1803835111,        1, 1721835111, 1721835111
 31553,    72,   82000000, 1845599219,        1, 1763599219, 1763599219
 31553,    73,   82000000, 1957711620,        1, 1875711620, 1875711620
 31553,    74,   82000000, 2164962523,        1, 2082962523, 2082962523
 31553,    75,   82000000, 2135669869,        1, 2053669869, 2053669869
 31553,    76,   82000000, 2132780916,        1, 2050780916, 2050780916
 31553,    77,   82000000, 2104452950,        1, 2022452950, 2022452950
 31553,    78,   82000000, 2075496707,        1, 1993496707, 1993496707
 31553,    79,   82000000, 2241661083,        1, 2159661083, 2159661083
 31553,    84,   82000000, 2469413174,        1, 2387413174, 2387413174
 31553,    85,   82000000, 2440094135,        1, 2358094135, 2358094135
 31553,    86,   82000000, 2411000462,        1, 2329000462, 2329000462
 31553,    87,   82000000, 2381630435,        1, 2299630435, 2299630435
 31553,    88,   82000000, 2352609254,        1, 2270609254, 2270609254
 31553,    89,   82000000, 2450165647,        1, 2368165647, 2368165647
# task NAME=myapp PID=31557 COST=44846000 PERIOD=87000000 CPU=0
 31557,     2,   87000000,      25756,        0,  -86974244,          0
 31557,     3,   87000000,     336096,        0,  -86663904,          0
 31557,     4,   87000000,   44547560,        0,  -42452440,          0
 31557,     5,   87000000,  118930579,        1,   31930579,   31930579
 31557,     6,   87000000,  146469118,        1,   59469118,   59469118
 31557,     7,   87000000,  170626673,        1,   83626673,   83626673
 31557,     8,   87000000,  128066360,        1,   41066360,   41066360
 31557,     9,   87000000,   85766421,        0,   -1233579,          0
 31557,    10,   87000000,   59449609,        0,  -27550391,          0
 31557,    11,   87000000,   89345622,        1,    2345622,    2345622
 31557,    12,   87000000,   96847707,        1,    9847707,    9847707
 31557,    13,   87000000,  252113324,        1,  165113324,  165113324
 31557,    14,   87000000,  261883770,        1,  174883770,  174883770
 31557,    15,   87000000,  280601059,        1,  193601059,  193601059
 31557,    16,   87000000,  387889450,        1,  300889450,  300889450
 31557,    17,   87000000,  409126550,        1,  322126550,  322126550
 31557,    18,   87000000,  366576751,        1,  279576751,  279576751
 31557,    19,   87000000,  324304384,        1,  237304384,  237304384
 31557,    20,   87000000,  370831178,        1,  283831178,  283831178
 31557,    21,   87000000,  328308698,        1,  241308698,  241308698
 31557,    22,   87000000,  285769554,        1,  198769554,  198769554
 31557,    23,   87000000,  243480832,        1,  156480832,  156480832
 31557,    24,   87000000,  200898035,        1,  113898035,  113898035
 31557,    25,   87000000,  158828366,        1,   71828366,   71828366
 31557,    26,   87000000,  116317804,        1,   29317804,   29317804
 31557,    27,   87000000,   73750779,        0,  -13249221,          0
 31557,    28,   87000000,   97503017,        1,   10503017,   10503017
 31557,    29,   87000000,   54929968,        0,  -32070032,          0
 31557,    30,   87000000,  265345034,        1,  178345034,  178345034
 31557,    31,   87000000,  224005299,        1,  137005299,  137005299
 31557,    32,   87000000,  181716595,        1,   94716595,   94716595
 31557,    33,   87000000,  139133562,        1,   52133562,   52133562
 31557,    34,   87000000,   96639985,        1,    9639985,    9639985
 31557,    35,   87000000,  123951064,        1,   36951064,   36951064
 31557,    36,   87000000,  107721290,        1,   20721290,   20721290
 31557,    37,   87000000,  112600309,        1,   25600309,   25600309
 31557,    38,   87000000,  139401455,        1,   52401455,   52401455
 31557,    39,   87000000,   97080600,        1,   10080600,   10080600
 31557,    40,   87000000,   54490357,        0,  -32509643,          0
 31557,    41,   87000000,  119590558,        1,   32590558,   32590558
 31557,    42,   87000000,  207733628,        1,  120733628,  120733628
 31557,    43,   87000000,  215217610,        1,  128217610,  128217610
 31557,    44,   87000000,  172643177,        1,   85643177,   85643177
 31557,    45,   87000000,  207690017,        1,  120690017,  120690017
 31557,    46,   87000000,  224009135,        1,  137009135,  137009135
 31557,    47,   87000000,  181435006,        1,   94435006,   94435006
 31557,    48,   87000000,  138849220,        1,   51849220,   51849220
 31557,    49,   87000000,   96592026,        1,    9592026,    9592026
 31557,    50,   87000000,  115600747,        1,   28600747,   28600747
 31557,    51,   87000000,   73063589,        0,  -13936411,          0
 31557,    52,   87000000,  100082966,        1,   13082966,   13082966
 31557,    53,   87000000,   97467833,        1,   10467833,   10467833
 31557,    54,   87000000,   54915455,        0,  -32084545,          0
 31557,    55,   87000000,   46159905,        0,  -40840095,          0
 31557,    56,   87000000,  117317105,        1,   30317105,   30317105
 31557,    57,   87000000,   87752113,        1,     752113,     752113
 31557,    58,   87000000,   51448390,        0,  -35551610,          0
 31557,    59,   87000000,  128493274,        1,   41493274,   41493274
 31557,    60,   87000000,  191635793,        1,  104635793,  104635793
 31557,    61,   87000000,  149365529,        1,   62365529,   62365529
 31557,    62,   87000000,  106770230,        1,   19770230,   19770230
 31557,    63,   87000000,   64224492,        0,  -22775508,          0
 31557,    64,   87000000,  117488695,        1,   30488695,   30488695
 31557,    65,   87000000,   75213993,        0,  -11786007,          0
 31557,    66,   87000000,   97342766,        1,   10342766,   10342766
 31557,    67,   87000000,  141167561,        1,   54167561,   54167561
 31557,    68,   87000000,   98665895,        1,   11665895,   11665895
 31557,    69,   87000000,   56118459,        0,  -30881541,          0
 31557,    70,   87000000,   79821164,        0,   -7178836,          0
 31557,    71,   87000000,  122958162,        1,   35958162,   35958162
 31557,    72,   87000000,   81067113,        0,   -5932887,          0
 31557,    73,   87000000,  113719148,        1,   26719148,   26719148
 31557,    74,   87000000,   71218163,        0,  -15781837,          0
 31557,    75,   87000000,  165849479,        1,   78849479,   78849479
 31557,    76,   87000000,  175330085,        1,   88330085,   88330085
 31557,    77,   87000000,  193420337,        1,  106420337,  106420337
 31557,    78,   87000000,  234025380,        1,  147025380,  147025380
 31557,    79,   87000000,  307569348,        1,  220569348,  220569348
 31557,    80,   87000000,  317302747,        1,  230302747,  230302747
 31557,    81,   87000000,  318773827,        1,  231773827,  231773827
 31557,    82,   87000000,  289258873,        1,  202258873,  202258873
 31557,    83,   87000000,  247023303,        1,  160023303,  160023303
 31557,    84,   87000000,  304382745,        1,  217382745,  217382745
 31557,    85,   87000000,  261838845,        1,  174838845,  174838845
 31557,    86,   87000000,  237922956,        1,  150922956,  150922956
 31557,    87,   87000000,  195367605,        1,  108367605,  108367605
 31557,    88,   87000000,  152823031,        1,   65823031,   65823031
 31557,    89,   87000000,  110545568,        1,   23545568,   23545568
 31557,    90,   87000000,  122190950,        1,   35190950,   35190950
 31557,    91,   87000000,  107318033,        1,   20318033,   20318033
 31557,    92,   87000000,  138473982,        1,   51473982,   51473982
 31557,    93,   87000000,   95929108,        1,    8929108,    8929108
 31557,    94,   87000000,   53641832,        0,  -33358168,          0
 31557,    95,   87000000,   84011306,        0,   -2988694,          0
 31557,    96,   87000000,  130209254,        1,   43209254,   43209254
 31557,    97,   87000000,  282692117,        1,  195692117,  195692117
 31557,    98,   87000000,  240165447,        1,  153165447,  153165447
 31557,    99,   87000000,  197585769,        1,  110585769,  110585769
 31557,   100,   87000000,  287213752,        1,  200213752,  200213752
 31557,   101,   87000000,  367632515,        1,  280632515,  280632515
 31557,   102,   87000000,  325077565,        1,  238077565,  238077565
 31557,   103,   87000000,  341709829,        1,  254709829,  254709829
 31557,   104,   87000000,  299882354,        1,  212882354,  212882354
 31557,   105,   87000000,  257390672,        1,  170390672,  170390672
 31557,   106,   87000000,  339401538,        1,  252401538,  252401538
 31557,   107,   87000000,  297239364,        1,  210239364,  210239364
 31557,   108,   87000000,  254674468,        1,  167674468,  167674468
 31557,   109,   87000000,  342696717,        1,  255696717,  255696717
 31557,   110,   87000000,  300433699,        1,  213433699,  213433699
 31557,   111,   87000000,  257864452,        1,  170864452,  170864452
 31557,   112,   87000000,  215712146,        1,  128712146,  128712146
 31557,   113,   87000000,  173170003,        1,   86170003,   86170003
 31557,   114,   87000000,  176484659,        1,   89484659,   89484659
 31557,   115,   87000000,  371615135,        1,  284615135,  284615135
 31557,   116,   87000000,  329064080,        1,  242064080,  242064080
 31557,   117,   87000000,  286822870,        1,  199822870,  199822870
 31557,   118,   87000000,  283958260,        1,  196958260,  196958260
