# Task,   Job,     Period,   Response, DL Miss?,   Lateness,  Tardiness
# task NAME=myapp PID=15867 COST=73056000 PERIOD=83000000 CPU=0
 15867,     2,   83000000,       6291,        0,  -82993709,          0
 15867,     3,   83000000,     136261,        0,  -82863739,          0
 15867,     4,   83000000,  134053300,        1,   51053300,   51053300
 15867,     5,   83000000,  192668094,        1,  109668094,  109668094
 15867,     6,   83000000,  246892014,        1,  163892014,  163892014
 15867,     7,   83000000,  301049184,        1,  218049184,  218049184
 15867,     8,   83000000,  359643171,        1,  276643171,  276643171
 15867,     9,   83000000,  414309616,        1,  331309616,  331309616
 15867,    10,   83000000,  468564738,        1,  385564738,  385564738
 15867,    11,   83000000,  524830698,        1,  441830698,  441830698
 15867,    12,   83000000,  581823231,        1,  498823231,  498823231
 15867,    13,   83000000,  638259275,        1,  555259275,  555259275
 15867,    14,   83000000,  692565709,        1,  609565709,  609565709
 15867,    15,   83000000,  751258559,        1,  668258559,  668258559
 15867,    16,   83000000,  805517784,        1,  722517784,  722517784
 15867,    17,   83000000,  859681128,        1,  776681128,  776681128
 15867,    18,   83000000,  916978017,        1,  833978017,  833978017
 15867,    19,   83000000,  972504598,        1,  889504598,  889504598
 15867,    20,   83000000, 1030843658,        1,  947843658,  947843658
 15867,    21,   83000000, 1085202980,        1, 1002202980, 1002202980
 15867,    22,   83000000, 1139830080,        1, 1056830080, 1056830080
 15867,    23,   83000000, 1196364558,        1, 1113364558, 1113364558
 15867,    24,   83000000, 1250745132,        1, 1167745132, 1167745132
 15867,    25,   83000000, 1307034053,        1, 1224034053, 1224034053
 15867,    26,   83000000, 1363781659,        1, 1280781659, 1280781659
 15867,    27,   83000000, 1420160692,        1, 1337160692, 1337160692
 15867,    28,   83000000, 1476476203,        1, 1393476203, 1393476203
 15867,    29,   83000000, 1530784656,        1, 1447784656, 1447784656
 15867,    30,   83000000, 1589515563,        1, 1506515563, 1506515563
 15867,    31,   83000000, 1645810700,        1, 1562810700, 1562810700
 15867,    32,   83000000, 1700445924,        1, 1617445924, 1617445924
 15867,    33,   83000000, 1755045721,        1, 1672045721, 1672045721
 15867,    34,   83000000, 1811695675,        1, 1728695675, 1728695675
 15867,    35,   83000000, 1870115895,        1, 1787115895, 1787115895
 15867,    36,   83000000, 1922479586,        1, 1839479586, 1839479586
 15867,    37,   83000000, 1982181346,        1, 1899181346, 1899181346
 15867,    38,   83000000, 2035404395,        1, 1952404395, 1952404395
 15867,    39,   83000000, 2089711826,        1, 2006711826, 2006711826
 15867,    40,   83000000, 2148369665,        1, 2065369665, 2065369665
 15867,    41,   83000000, 2204551240,        1, 2121551240, 2121551240
 15867,    42,   83000000, 2256779222,        1, 2173779222, 2173779222
 15867,    43,   83000000, 2313035248,        1, 2230035248, 2230035248
 15867,    44,   83000000, 2369739602,        1, 2286739602, 2286739602
 15867,    45,   83000000, 2426236540,        1, 2343236540, 2343236540
 15867,    46,   83000000, 2480751393,        1, 2397751393, 2397751393
 15867,    47,   83000000, 2537134522,        1, 2454134522, 2454134522
 15867,    48,   83000000, 2594119965,        1, 2511119965, 2511119965
 15867,    49,   83000000, 2650647130,        1, 2567647130, 2567647130
 15867,    50,   83000000, 2706966739,        1, 2623966739, 2623966739
 15867,    51,   83000000, 2761571526,        1, 2678571526, 2678571526
# task NAME=myapp PID=15870 COST=74149000 PERIOD=97000000 CPU=0
 15870,     2,   97000000,       7057,        0,  -96992943,          0
 15870,     3,   97000000,     127823,        0,  -96872177,          0
 15870,     4,   97000000,  139151182,        1,   42151182,   42151182
 15870,     5,   97000000,  182427429,        1,   85427429,   85427429
 15870,     6,   97000000,  227598677,        1,  130598677,  130598677
 15870,     7,   97000000,  268892010,        1,  171892010,  171892010
 15870,     8,   97000000,  312664357,        1,  215664357,  215664357
 15870,     9,   97000000,  357882263,        1,  260882263,  260882263
 15870,    10,   97000000,  403195036,        1,  306195036,  306195036
 15870,    11,   97000000,  446648054,        1,  349648054,  349648054
 15870,    12,   97000000,  489829550,        1,  392829550,  392829550
 15870,    13,   97000000,  532974340,        1,  435974340,  435974340
 15870,    14,   97000000,  576629322,        1,  479629322,  479629322
 15870,    15,   97000000,  619978184,        1,  522978184,  522978184
 15870,    16,   97000000,  663543984,        1,  566543984,  566543984
 15870,    17,   97000000,  707090132,        1,  610090132,  610090132
 15870,    18,   97000000,  750728200,        1,  653728200,  653728200
 15870,    19,   97000000,  796494709,        1,  699494709,  699494709
 15870,    20,   97000000,  841741639,        1,  744741639,  744741639
 15870,    21,   97000000,  883017188,        1,  786017188,  786017188
 15870,    22,   97000000,  926628110,        1,  829628110,  829628110
 15870,    23,   97000000,  972275968,        1,  875275968,  875275968
 15870,    24,   97000000, 1017535338,        1,  920535338,  920535338
 15870,    25,   97000000, 1059195576,        1,  962195576,  962195576
 15870,    26,   97000000, 1102659322,        1, 1005659322, 1005659322
 15870,    27,   97000000, 1148083616,        1, 1051083616, 1051083616
 15870,    28,   97000000, 1191697108,        1, 1094697108, 1094697108
 15870,    29,   97000000, 1235251525,        1, 1138251525, 1138251525
 15870,    30,   97000000, 1278509222,        1, 1181509222, 1181509222
 15870,    31,   97000000, 1321799470,        1, 1224799470, 1224799470
 15870,    32,   97000000, 1367081165,        1, 1270081165, 1270081165
 15870,    33,   97000000, 1410904164,        1, 1313904164, 1313904164
 15870,    34,   97000000, 1454245070,        1, 1357245070, 1357245070
 15870,    35,   97000000, 1497763887,        1, 1400763887, 1400763887
 15870,    36,   97000000, 1543317510,        1, 1446317510, 1446317510
 15870,    37,   97000000, 1586834179,        1, 1489834179, 1489834179
 15870,    38,   97000000, 1630132241,        1, 1533132241, 1533132241
 15870,    39,   97000000, 1673541625,        1, 1576541625, 1576541625
 15870,    40,   97000000, 1719223157,        1, 1622223157, 1622223157
 15870,    41,   97000000, 1763425708,        1, 1666425708, 1666425708
 15870,    42,   97000000, 1806128746,        1, 1709128746, 1709128746
 15870,    43,   97000000, 1849727413,        1, 1752727413, 1752727413
 15870,    44,   97000000, 1895469402,        1, 1798469402, 1798469402
 15870,    45,   97000000, 1938766620,        1, 1841766620, 1841766620
 15870,    46,   97000000, 1982228261,        1, 1885228261, 1885228261
 15870,    47,   97000000, 2028055033,        1, 1931055033, 1931055033
 15870,    48,   97000000, 2071622898,        1, 1974622898, 1974622898
 15870,    49,   97000000, 2116557002,        1, 2019557002, 2019557002
 15870,    50,   97000000, 2160123363,        1, 2063123363, 2063123363
 15870,    51,   97000000, 2204168544,        1, 2107168544, 2107168544
 15870,    52,   97000000, 2249883044,        1, 2152883044, 2152883044
 15870,    53,   97000000, 2291522964,        1, 2194522964, 2194522964
 15870,    54,   97000000, 2334785428,        1, 2237785428, 2237785428
 15870,    55,   97000000, 2380326862,        1, 2283326862, 2283326862
 15870,    56,   97000000, 2423987815,        1, 2326987815, 2326987815
 15870,    57,   97000000, 2468958285,        1, 2371958285, 2371958285
 15870,    58,   97000000, 2510284457,        1, 2413284457, 2413284457
 15870,    59,   97000000, 2555825834,        1, 2458825834, 2458825834
 15870,    60,   97000000, 2599074298,        1, 2502074298, 2502074298
 15870,    61,   97000000, 2643110464,        1, 2546110464, 2546110464
 15870,    62,   97000000, 2686374068,        1, 2589374068, 2589374068
 15870,    63,   97000000, 2731855067,        1, 2634855067, 2634855067
 15870,    64,   97000000, 2775219952,        1, 2678219952, 2678219952
 15870,    65,   97000000, 2819111666,        1, 2722111666, 2722111666
# task NAME=myapp PID=15874 COST=33682000 PERIOD=45000000 CPU=0
 15874,     2,   45000000,       5646,        0,  -44994354,          0
 15874,     3,   45000000,     164153,        0,  -44835847,          0
 15874,     4,   45000000,   62864277,        1,   17864277,   17864277
 15874,     5,   45000000,   81945708,        1,   36945708,   36945708
 15874,     6,   45000000,  101446131,        1,   56446131,   56446131
 15874,     7,   45000000,  122126115,        1,   77126115,   77126115
 15874,     8,   45000000,  139349171,        1,   94349171,   94349171
 15874,     9,   45000000,  158297817,        1,  113297817,  113297817
 15874,    10,   45000000,  177220469,        1,  132220469,  132220469
 15874,    11,   45000000,  196131010,        1,  151131010,  151131010
 15874,    12,   45000000,  215041632,        1,  170041632,  170041632
 15874,    13,   45000000,  234100778,        1,  189100778,  189100778
 15874,    14,   45000000,  253378825,        1,  208378825,  208378825
 15874,    15,   45000000,  272297664,        1,  227297664,  227297664
 15874,    16,   45000000,  291554149,        1,  246554149,  246554149
 15874,    17,   45000000,  310537271,        1,  265537271,  265537271
 15874,    18,   45000000,  329458482,        1,  284458482,  284458482
 15874,    19,   45000000,  350649410,        1,  305649410,  305649410
 15874,    20,   45000000,  367533913,        1,  322533913,  322533913
 15874,    21,   45000000,  386727523,        1,  341727523,  341727523
 15874,    22,   45000000,  405794981,        1,  360794981,  360794981
 15874,    23,   45000000,  425023623,        1,  380023623,  380023623
 15874,    24,   45000000,  445877489,        1,  400877489,  400877489
 15874,    25,   45000000,  462844094,        1,  417844094,  417844094
 15874,    26,   45000000,  482275900,        1,  437275900,  437275900
 15874,    27,   45000000,  500776355,        1,  455776355,  455776355
 15874,    28,   45000000,  519843210,        1,  474843210,  474843210
 15874,    29,   45000000,  540765345,        1,  495765345,  495765345
 15874,    30,   45000000,  557791624,        1,  512791624,  512791624
 15874,    31,   45000000,  579126769,        1,  534126769,  534126769
 15874,    32,   45000000,  595995206,        1,  550995206,  550995206
 15874,    33,   45000000,  614886867,        1,  569886867,  569886867
 15874,    34,   45000000,  633856641,        1,  588856641,  588856641
 15874,    35,   45000000,  654734747,        1,  609734747,  609734747
 15874,    36,   45000000,  671632081,        1,  626632081,  626632081
 15874,    37,   45000000,  690962500,        1,  645962500,  645962500
 15874,    38,   45000000,  710040504,        1,  665040504,  665040504
 15874,    39,   45000000,  728988418,        1,  683988418,  683988418
 15874,    40,   45000000,  747971736,        1,  702971736,  702971736
 15874,    41,   45000000,  766884485,        1,  721884485,  721884485
 15874,    42,   45000000,  787851545,        1,  742851545,  742851545
 15874,    43,   45000000,  804750230,        1,  759750230,  759750230
 15874,    44,   45000000,  823735707,        1,  778735707,  778735707
 15874,    45,   45000000,  842923774,        1,  797923774,  797923774
 15874,    46,   45000000,  861874381,        1,  816874381,  816874381
 15874,    47,   45000000,  883017844,        1,  838017844,  838017844
 15874,    48,   45000000,  899939121,        1,  854939121,  854939121
 15874,    49,   45000000,  921253568,        1,  876253568,  876253568
 15874,    50,   45000000,  940234547,        1,  895234547,  895234547
 15874,    51,   45000000,  957237191,        1,  912237191,  912237191
 15874,    52,   45000000,  976226983,        1,  931226983,  931226983
 15874,    53,   45000000,  995377984,        1,  950377984,  950377984
 15874,    54,   45000000, 1014323502,        1,  969323502,  969323502
 15874,    55,   45000000, 1035607223,        1,  990607223,  990607223
 15874,    56,   45000000, 1052531090,        1, 1007531090, 1007531090
 15874,    57,   45000000, 1071522886,        1, 1026522886, 1026522886
 15874,    58,   45000000, 1090390004,        1, 1045390004, 1045390004
 15874,    59,   45000000, 1109429163,        1, 1064429163, 1064429163
 15874,    60,   45000000, 1130324214,        1, 1085324214, 1085324214
 15874,    61,   45000000, 1149179885,        1, 1104179885, 1104179885
 15874,    62,   45000000, 1166419493,        1, 1121419493, 1121419493
 15874,    63,   45000000, 1185437255,        1, 1140437255, 1140437255
 15874,    64,   45000000, 1204397637,        1, 1159397637, 1159397637
 15874,    65,   45000000, 1225294221,        1, 1180294221, 1180294221
 15874,    66,   45000000, 1242201964,        1, 1197201964, 1197201964
 15874,    67,   45000000, 1261144133,        1, 1216144133, 1216144133
 15874,    68,   45000000, 1280456665,        1, 1235456665, 1235456665
# task NAME=myapp PID=15879 COST=16533999 PERIOD=31000000 CPU=0
 15879,     2,   31000000,       6109,        0,  -30993891,          0
 15879,     3,   31000000,     749921,        0,  -30250079,          0
 15879,     4,   31000000,   26530977,        0,   -4469023,          0
 15879,     5,   31000000,   27497000,        0,   -3503000,          0
 15879,     6,   31000000,   28501256,        0,   -2498744,          0
 15879,     7,   31000000,   29491188,        0,   -1508812,          0
 15879,     8,   31000000,   30632831,        0,    -367169,          0
 15879,     9,   31000000,   29320300,        0,   -1679700,          0
 15879,    10,   31000000,   28475958,        0,   -2524042,          0
 15879,    11,   31000000,   29482764,        0,   -1517236,          0
 15879,    12,   31000000,   29627945,        0,   -1372055,          0
 15879,    13,   31000000,   29405557,        0,   -1594443,          0
 15879,    14,   31000000,   28538871,        0,   -2461129,          0
 15879,    15,   31000000,   29481275,        0,   -1518725,          0
 15879,    16,   31000000,   31470282,        1,     470282,     470282
 15879,    17,   31000000,   30671699,        0,    -328301,          0
 15879,    18,   31000000,   28499125,        0,   -2500875,          0
 15879,    19,   31000000,   29425542,        0,   -1574458,          0
 15879,    20,   31000000,   29475713,        0,   -1524287,          0
 15879,    21,   31000000,   29654065,        0,   -1345935,          0
 15879,    22,   31000000,   28515905,        0,   -2484095,          0
 15879,    23,   31000000,   29530981,        0,   -1469019,          0
 15879,    24,   31000000,   31283873,        1,     283873,     283873
 15879,    25,   31000000,   30448266,        0,    -551734,          0
 15879,    26,   31000000,   28464330,        0,   -2535670,          0
 15879,    27,   31000000,   31485009,        1,     485009,     485009
 15879,    28,   31000000,   30167982,        0,    -832018,          0
 15879,    29,   31000000,   30806729,        0,    -193271,          0
 15879,    30,   31000000,   33486879,        1,    2486879,    2486879
 15879,    31,   31000000,   32213201,        1,    1213201,    1213201
 15879,    32,   31000000,   33788037,        1,    2788037,    2788037
 15879,    33,   31000000,   33774767,        1,    2774767,    2774767
 15879,    34,   31000000,   34435700,        1,    3435700,    3435700
 15879,    35,   31000000,   35139280,        1,    4139280,    4139280
 15879,    36,   31000000,   33856169,        1,    2856169,    2856169
 15879,    37,   31000000,   34524625,        1,    3524625,    3524625
 15879,    38,   31000000,   35203841,        1,    4203841,    4203841
 15879,    39,   31000000,   35895131,        1,    4895131,    4895131
 15879,    40,   31000000,   34547868,        1,    3547868,    3547868
 15879,    41,   31000000,   35545771,        1,    4545771,    4545771
 15879,    42,   31000000,   38270856,        1,    7270856,    7270856
 15879,    43,   31000000,   39003475,        1,    8003475,    8003475
 15879,    44,   31000000,   37737447,        1,    6737447,    6737447
 15879,    45,   31000000,   38781975,        1,    7781975,    7781975
 15879,    46,   31000000,   39481074,        1,    8481074,    8481074
 15879,    47,   31000000,   40159772,        1,    9159772,    9159772
 15879,    48,   31000000,   40892036,        1,    9892036,    9892036
 15879,    49,   31000000,   43834144,        1,   12834144,   12834144
 15879,    50,   31000000,   42483389,        1,   11483389,   11483389
 15879,    51,   31000000,   41180527,        1,   10180527,   10180527
 15879,    52,   31000000,   43825035,        1,   12825035,   12825035
 15879,    53,   31000000,   42800697,        1,   11800697,   11800697
 15879,    54,   31000000,   43576153,        1,   12576153,   12576153
 15879,    55,   31000000,   46235023,        1,   15235023,   15235023
 15879,    56,   31000000,   45216998,        1,   14216998,   14216998
 15879,    57,   31000000,   44230913,        1,   13230913,   13230913
 15879,    58,   31000000,   45946383,        1,   14946383,   14946383
 15879,    59,   31000000,   46882603,        1,   15882603,   15882603
 15879,    60,   31000000,   45628322,        1,   14628322,   14628322
 15879,    61,   31000000,   48555070,        1,   17555070,   17555070
 15879,    62,   31000000,   49258684,        1,   18258684,   18258684
 15879,    63,   31000000,   47957059,        1,   16957059,   16957059
 15879,    64,   31000000,   46611025,        1,   15611025,   15611025
 15879,    65,   31000000,   47314643,        1,   16314643,   16314643
 15879,    66,   31000000,   47966500,        1,   16966500,   16966500
 15879,    67,   31000000,   48653264,        1,   17653264,   17653264
 15879,    68,   31000000,   49287643,        1,   18287643,   18287643
 15879,    69,   31000000,   52049643,        1,   21049643,   21049643
 15879,    70,   31000000,   48658646,        1,   17658646,   17658646
 15879,    71,   31000000,   51322881,        1,   20322881,   20322881
 15879,    72,   31000000,   50013397,        1,   19013397,   19013397
 15879,    73,   31000000,   50975281,        1,   19975281,   19975281
 15879,    74,   31000000,   51694273,        1,   20694273,   20694273
 15879,    75,   31000000,   52433060,        1,   21433060,   21433060
 15879,    76,   31000000,   53119728,        1,   22119728,   22119728
 15879,    77,   31000000,   54123377,        1,   23123377,   23123377
 15879,    78,   31000000,   52764981,        1,   21764981,   21764981
 15879,    79,   31000000,   55456400,        1,   24456400,   24456400
 15879,    80,   31000000,   54121522,        1,   23121522,   23121522
 15879,    81,   31000000,   56758768,        1,   25758768,   25758768
 15879,    82,   31000000,   55465892,        1,   24465892,   24465892
 15879,    83,   31000000,   56161601,        1,   25161601,   25161601
 15879,    84,   31000000,   59454497,        1,   28454497,   28454497
 15879,    85,   31000000,   55697232,        1,   24697232,   24697232
 15879,    86,   31000000,   58383823,        1,   27383823,   27383823
 15879,    87,   31000000,   57050545,        1,   26050545,   26050545
 15879,    88,   31000000,   59250938,        1,   28250938,   28250938
 15879,    89,   31000000,   58338391,        1,   27338391,   27338391
 15879,    90,   31000000,   60998331,        1,   29998331,   29998331
 15879,    91,   31000000,   59668208,        1,   28668208,   28668208
 15879,    92,   31000000,   58685908,        1,   27685908,   27685908
 15879,    93,   31000000,   59378132,        1,   28378132,   28378132
 15879,    94,   31000000,   60947603,        1,   29947603,   29947603
 15879,    95,   31000000,   62751279,        1,   31751279,   31751279
 15879,    96,   31000000,   61453207,        1,   30453207,   30453207
 15879,    97,   31000000,   64103987,        1,   33103987,   33103987
 15879,    98,   31000000,   60751768,        1,   29751768,   29751768
 15879,    99,   31000000,   61430705,        1,   30430705,   30430705
 15879,   100,   31000000,   62417694,        1,   31417694,   31417694
 15879,   101,   31000000,   62747909,        1,   31747909,   31747909
 15879,   102,   31000000,   65468389,        1,   34468389,   34468389
 15879,   103,   31000000,   64149736,        1,   33149736,   33149736
 15879,   104,   31000000,   64884920,        1,   33884920,   33884920
 15879,   105,   31000000,   63526815,        1,   32526815,   32526815
 15879,   106,   31000000,   64205175,        1,   33205175,   33205175
 15879,   107,   31000000,   64922963,        1,   33922963,   33922963
 15879,   108,   31000000,   65613469,        1,   34613469,   34613469
 15879,   109,   31000000,   66279478,        1,   35279478,   35279478
 15879,   110,   31000000,   67014649,        1,   36014649,   36014649
 15879,   111,   31000000,   65707032,        1,   34707032,   34707032
 15879,   112,   31000000,   66437018,        1,   35437018,   35437018
 15879,   113,   31000000,   67118908,        1,   36118908,   36118908
 15879,   114,   31000000,   67900142,        1,   36900142,   36900142
 15879,   115,   31000000,   68584090,        1,   37584090,   37584090
 15879,   116,   31000000,   69241979,        1,   38241979,   38241979
 15879,   117,   31000000,   69967549,        1,   38967549,   38967549
 15879,   118,   31000000,   68660026,        1,   37660026,   37660026
 15879,   119,   31000000,   69328633,        1,   38328633,   38328633
 15879,   120,   31000000,   69970065,        1,   38970065,   38970065
 15879,   121,   31000000,   72633220,        1,   41633220,   41633220
 15879,   122,   31000000,   73292475,        1,   42292475,   42292475
 15879,   123,   31000000,   71932752,        1,   40932752,   40932752
 15879,   124,   31000000,   72892685,        1,   41892685,   41892685
 15879,   125,   31000000,   71569305,        1,   40569305,   40569305
 15879,   126,   31000000,   75275705,        1,   44275705,   44275705
 15879,   127,   31000000,   72945292,        1,   41945292,   41945292
 15879,   128,   31000000,   75915437,        1,   44915437,   44915437
 15879,   129,   31000000,   74596832,        1,   43596832,   43596832
 15879,   130,   31000000,   75291330,        1,   44291330,   44291330
 15879,   131,   31000000,   75932203,        1,   44932203,   44932203
 15879,   132,   31000000,   74635023,        1,   43635023,   43635023
 15879,   133,   31000000,   75319976,        1,   44319976,   44319976
 15879,   134,   31000000,   76017752,        1,   45017752,   45017752
 15879,   135,   31000000,   77896446,        1,   46896446,   46896446
 15879,   136,   31000000,   79570129,        1,   48570129,   48570129
 15879,   137,   31000000,   80272726,        1,   49272726,   49272726
 15879,   138,   31000000,   78955707,        1,   47955707,   47955707
 15879,   139,   31000000,   79690270,        1,   48690270,   48690270
 15879,   140,   31000000,   80644371,        1,   49644371,   49644371
 15879,   141,   31000000,   79287834,        1,   48287834,   48287834
 15879,   142,   31000000,   81980606,        1,   50980606,   50980606
 15879,   143,   31000000,   80662711,        1,   49662711,   49662711
 15879,   144,   31000000,   83597257,        1,   52597257,   52597257
 15879,   145,   31000000,   82294793,        1,   51294793,   51294793
 15879,   146,   31000000,   83014783,        1,   52014783,   52014783
 15879,   147,   31000000,   81653214,        1,   50653214,   50653214
 15879,   148,   31000000,   82349940,        1,   51349940,   51349940
 15879,   149,   31000000,   84916103,        1,   53916103,   53916103
 15879,   150,   31000000,   83689855,        1,   52689855,   52689855
 15879,   151,   31000000,   84481404,        1,   53481404,   53481404
 15879,   152,   31000000,   87105683,        1,   56105683,   56105683
 15879,   153,   31000000,   83804065,        1,   52804065,   52804065
 15879,   154,   31000000,   86414612,        1,   55414612,   55414612
 15879,   155,   31000000,   85153253,        1,   54153253,   54153253
 15879,   156,   31000000,   86131846,        1,   55131846,   55131846
 15879,   157,   31000000,   88765101,        1,   57765101,   57765101
 15879,   158,   31000000,   87424986,        1,   56424986,   56424986
 15879,   159,   31000000,   88096384,        1,   57096384,   57096384
 15879,   160,   31000000,   86714099,        1,   55714099,   55714099
 15879,   161,   31000000,   89426105,        1,   58426105,   58426105
 15879,   162,   31000000,   88056717,        1,   57056717,   57056717
 15879,   163,   31000000,   88735352,        1,   57735352,   57735352
 15879,   164,   31000000,   89373949,        1,   58373949,   58373949
 15879,   165,   31000000,   90068788,        1,   59068788,   59068788
 15879,   166,   31000000,   88777388,        1,   57777388,   57777388
 15879,   167,   31000000,   91469135,        1,   60469135,   60469135
 15879,   168,   31000000,   90152042,        1,   59152042,   59152042
 15879,   169,   31000000,   90839820,        1,   59839820,   59839820
 15879,   170,   31000000,   91652998,        1,   60652998,   60652998
 15879,   171,   31000000,   94193346,        1,   63193346,   63193346
 15879,   172,   31000000,   92899257,        1,   61899257,   61899257
 15879,   173,   31000000,   91556914,        1,   60556914,   60556914
 15879,   174,   31000000,   92230516,        1,   61230516,   61230516
 15879,   175,   31000000,   92955535,        1,   61955535,   61955535
 15879,   176,   31000000,   95749215,        1,   64749215,   64749215
 15879,   177,   31000000,   94312696,        1,   63312696,   63312696
 15879,   178,   31000000,   94974676,        1,   63974676,   63974676
 15879,   179,   31000000,   93633939,        1,   62633939,   62633939
 15879,   180,   31000000,   94428453,        1,   63428453,   63428453
 15879,   181,   31000000,   95070027,        1,   64070027,   64070027
 15879,   182,   31000000,   95785763,        1,   64785763,   64785763
 15879,   183,   31000000,   96612165,        1,   65612165,   65612165
 15879,   184,   31000000,   97211345,        1,   66211345,   66211345
 15879,   185,   31000000,   98083489,        1,   67083489,   67083489
 15879,   186,   31000000,   96956840,        1,   65956840,   65956840
 15879,   187,   31000000,   97271385,        1,   66271385,   66271385
 15879,   188,   31000000,   98223818,        1,   67223818,   67223818
 15879,   189,   31000000,   98897657,        1,   67897657,   67897657
 15879,   190,   31000000,   99621866,        1,   68621866,   68621866
 15879,   191,   31000000,  102250634,        1,   71250634,   71250634
 15879,   192,   31000000,  101241642,        1,   70241642,   70241642
 15879,   193,   31000000,  101956948,        1,   70956948,   70956948
 15879,   194,   31000000,  100631050,        1,   69631050,   69631050
 15879,   195,   31000000,  101341794,        1,   70341794,   70341794
 15879,   196,   31000000,  101980317,        1,   70980317,   70980317
 15879,   197,   31000000,  102642641,        1,   71642641,   71642641
 15879,   198,   31000000,  103350325,        1,   72350325,   72350325
 15879,   199,   31000000,  104125737,        1,   73125737,   73125737
 15879,   200,   31000000,  105075253,        1,   74075253,   74075253
 15879,   201,   31000000,  105849639,        1,   74849639,   74849639
 15879,   202,   31000000,  106528572,        1,   75528572,   75528572
 15879,   203,   31000000,  105216599,        1,   74216599,   74216599
 15879,   204,   31000000,  106160520,        1,   75160520,   75160520
 15879,   205,   31000000,  106866970,        1,   75866970,   75866970
 15879,   206,   31000000,  107576069,        1,   76576069,   76576069
 15879,   207,   31000000,  110281924,        1,   79281924,   79281924
 15879,   208,   31000000,  109931519,        1,   78931519,   78931519
 15879,   209,   31000000,  107644493,        1,   76644493,   76644493
 15879,   210,   31000000,  108313950,        1,   77313950,   77313950
 15879,   211,   31000000,  110523736,        1,   79523736,   79523736
 15879,   212,   31000000,  109654918,        1,   78654918,   78654918
 15879,   213,   31000000,  110330112,        1,   79330112,   79330112
 15879,   214,   31000000,  111065959,        1,   80065959,   80065959
 15879,   215,   31000000,  109728647,        1,   78728647,   78728647
 15879,   216,   31000000,  110976258,        1,   79976258,   79976258
 15879,   217,   31000000,  111421672,        1,   80421672,   80421672
 15879,   218,   31000000,  112069042,        1,   81069042,   81069042
 15879,   219,   31000000,  114744625,        1,   83744625,   83744625
 15879,   220,   31000000,  113480512,        1,   82480512,   82480512
 15879,   221,   31000000,  114206491,        1,   83206491,   83206491
 15879,   222,   31000000,  114958126,        1,   83958126,   83958126
 15879,   223,   31000000,  115152713,        1,   84152713,   84152713
 15879,   224,   31000000,  114331532,        1,   83331532,   83331532
 15879,   225,   31000000,  114998272,        1,   83998272,   83998272
 15879,   226,   31000000,  115732849,        1,   84732849,   84732849
 15879,   227,   31000000,  116429715,        1,   85429715,   85429715
 15879,   228,   31000000,  119119674,        1,   88119674,   88119674
 15879,   229,   31000000,  117768486,        1,   86768486,   86768486
 15879,   230,   31000000,  118472023,        1,   87472023,   87472023
 15879,   231,   31000000,  117153761,        1,   86153761,   86153761
 15879,   232,   31000000,  118100781,        1,   87100781,   87100781
 15879,   233,   31000000,  118761870,        1,   87761870,   87761870
 15879,   234,   31000000,  121504687,        1,   90504687,   90504687
 15879,   235,   31000000,  122133782,        1,   91133782,   91133782
 15879,   236,   31000000,  120808954,        1,   89808954,   89808954
 15879,   237,   31000000,  119507355,        1,   88507355,   88507355
 15879,   238,   31000000,  120213122,        1,   89213122,   89213122
 15879,   239,   31000000,  120838053,        1,   89838053,   89838053
 15879,   240,   31000000,  121516463,        1,   90516463,   90516463
 15879,   241,   31000000,  122212202,        1,   91212202,   91212202
 15879,   242,   31000000,  122920958,        1,   91920958,   91920958
 15879,   243,   31000000,  121606774,        1,   90606774,   90606774
 15879,   244,   31000000,  122367070,        1,   91367070,   91367070
 15879,   245,   31000000,  123016070,        1,   92016070,   92016070
 15879,   246,   31000000,  123719157,        1,   92719157,   92719157
 15879,   247,   31000000,  124426543,        1,   93426543,   93426543
 15879,   248,   31000000,  125858993,        1,   94858993,   94858993
 15879,   249,   31000000,  125769759,        1,   94769759,   94769759
 15879,   250,   31000000,  126407969,        1,   95407969,   95407969
 15879,   251,   31000000,  127457037,        1,   96457037,   96457037
 15879,   252,   31000000,  125960909,        1,   94960909,   94960909
 15879,   253,   31000000,  126634603,        1,   95634603,   95634603
 15879,   254,   31000000,  127279453,        1,   96279453,   96279453
 15879,   255,   31000000,  128051125,        1,   97051125,   97051125
 15879,   256,   31000000,  128718142,        1,   97718142,   97718142
 15879,   257,   31000000,  127380548,        1,   96380548,   96380548
 15879,   258,   31000000,  128062263,        1,   97062263,   97062263
 15879,   259,   31000000,  128715662,        1,   97715662,   97715662
 15879,   260,   31000000,  129588484,        1,   98588484,   98588484
 15879,   261,   31000000,  130120217,        1,   99120217,   99120217
 15879,   262,   31000000,  128737526,        1,   97737526,   97737526
 15879,   263,   31000000,  129459906,        1,   98459906,   98459906
 15879,   264,   31000000,  130434081,        1,   99434081,   99434081
 15879,   265,   31000000,  131151918,        1,  100151918,  100151918
 15879,   266,   31000000,  131852932,        1,  100852932,  100852932
 15879,   267,   31000000,  132565307,        1,  101565307,  101565307
 15879,   268,   31000000,  133540628,        1,  102540628,  102540628
 15879,   269,   31000000,  134182718,        1,  103182718,  103182718
 15879,   270,   31000000,  134845210,        1,  103845210,  103845210
 15879,   271,   31000000,  133968160,        1,  102968160,  102968160
 15879,   272,   31000000,  136117974,        1,  105117974,  105117974
 15879,   273,   31000000,  134797496,        1,  103797496,  103797496
 15879,   274,   31000000,  135591601,        1,  104591601,  104591601
 15879,   275,   31000000,  138317464,        1,  107317464,  107317464
 15879,   276,   31000000,  136967083,        1,  105967083,  105967083
 15879,   277,   31000000,  135588760,        1,  104588760,  104588760
 15879,   278,   31000000,  138278543,        1,  107278543,  107278543
 15879,   279,   31000000,  138928684,        1,  107928684,  107928684
 15879,   280,   31000000,  139596134,        1,  108596134,  108596134
 15879,   281,   31000000,  138307336,        1,  107307336,  107307336
 15879,   282,   31000000,  138996865,        1,  107996865,  107996865
 15879,   283,   31000000,  140005205,        1,  109005205,  109005205
 15879,   284,   31000000,  138701806,        1,  107701806,  107701806
 15879,   285,   31000000,  141396510,        1,  110396510,  110396510
 15879,   286,   31000000,  140086245,        1,  109086245,  109086245
 15879,   287,   31000000,  142775729,        1,  111775729,  111775729
 15879,   288,   31000000,  143436068,        1,  112436068,  112436068
 15879,   289,   31000000,  142117971,        1,  111117971,  111117971
 15879,   290,   31000000,  142858979,        1,  111858979,  111858979
 15879,   291,   31000000,  146140979,        1,  115140979,  115140979
 15879,   292,   31000000,  142758948,        1,  111758948,  111758948
 15879,   293,   31000000,  143462864,        1,  112462864,  112462864
 15879,   294,   31000000,  144111563,        1,  113111563,  113111563
 15879,   295,   31000000,  146788845,        1,  115788845,  115788845
 15879,   296,   31000000,  145474548,        1,  114474548,  114474548
 15879,   297,   31000000,  146146755,        1,  115146755,  115146755
 15879,   298,   31000000,  144826314,        1,  113826314,  113826314
 15879,   299,   31000000,  147451704,        1,  116451704,  116451704
 15879,   300,   31000000,  146127587,        1,  115127587,  115127587
 15879,   301,   31000000,  146843222,        1,  115843222,  115843222
 15879,   302,   31000000,  149537473,        1,  118537473,  118537473
 15879,   303,   31000000,  150466118,        1,  119466118,  119466118
 15879,   304,   31000000,  149117373,        1,  118117373,  118117373
 15879,   305,   31000000,  149776287,        1,  118776287,  118776287
 15879,   306,   31000000,  148528917,        1,  117528917,  117528917
 15879,   307,   31000000,  149265032,        1,  118265032,  118265032
 15879,   308,   31000000,  151908673,        1,  120908673,  120908673
 15879,   309,   31000000,  150575000,        1,  119575000,  119575000
 15879,   310,   31000000,  153278827,        1,  122278827,  122278827
 15879,   311,   31000000,  153934879,        1,  122934879,  122934879
 15879,   312,   31000000,  150587911,        1,  119587911,  119587911
 15879,   313,   31000000,  151248648,        1,  120248648,  120248648
 15879,   314,   31000000,  153893787,        1,  122893787,  122893787
 15879,   315,   31000000,  152850073,        1,  121850073,  121850073
 15879,   316,   31000000,  153573524,        1,  122573524,  122573524
 15879,   317,   31000000,  154292943,        1,  123292943,  123292943
 15879,   318,   31000000,  155015696,        1,  124015696,  124015696
 15879,   319,   31000000,  155701965,        1,  124701965,  124701965
 15879,   320,   31000000,  154322634,        1,  123322634,  123322634
 15879,   321,   31000000,  157053209,        1,  126053209,  126053209
 15879,   322,   31000000,  155720896,        1,  124720896,  124720896
 15879,   323,   31000000,  156458633,        1,  125458633,  125458633
 15879,   324,   31000000,  157148979,        1,  126148979,  126148979
 15879,   325,   31000000,  157826543,        1,  126826543,  126826543
 15879,   326,   31000000,  156457223,        1,  125457223,  125457223
# task NAME=myapp PID=15882 COST=9553000 PERIOD=11000000 CPU=0
 15882,     2,   11000000,       8513,        0,  -10991487,          0
 15882,     3,   11000000,     110445,        0,  -10889555,          0
 15882,     4,   11000000,   13885649,        1,    2885649,    2885649
 15882,     5,   11000000,   22025692,        1,   11025692,   11025692
 15882,     6,   11000000,   30545481,        1,   19545481,   19545481
 15882,     7,   11000000,   36165392,        1,   25165392,   25165392
 15882,     8,   11000000,   42251246,        1,   31251246,   31251246
 15882,     9,   11000000,   50375439,        1,   39375439,   39375439
 15882,    10,   11000000,   56429750,        1,   45429750,   45429750
 15882,    11,   11000000,   64547498,        1,   53547498,   53547498
 15882,    12,   11000000,   70591406,        1,   59591406,   59591406
 15882,    13,   11000000,   78686294,        1,   67686294,   67686294
 15882,    14,   11000000,   87044735,        1,   76044735,   76044735
 15882,    15,   11000000,   93122296,        1,   82122296,   82122296
 15882,    16,   11000000,  101260646,        1,   90260646,   90260646
 15882,    17,   11000000,  107351761,        1,   96351761,   96351761
 15882,    18,   11000000,  115409971,        1,  104409971,  104409971
 15882,    19,   11000000,  121457536,        1,  110457536,  110457536
 15882,    20,   11000000,  129544224,        1,  118544224,  118544224
 15882,    21,   11000000,  139894917,        1,  128894917,  128894917
 15882,    22,   11000000,  143951883,        1,  132951883,  132951883
 15882,    23,   11000000,  151978257,        1,  140978257,  140978257
 15882,    24,   11000000,  158028128,        1,  147028128,  147028128
 15882,    25,   11000000,  166143267,        1,  155143267,  155143267
 15882,    26,   11000000,  172157620,        1,  161157620,  161157620
 15882,    27,   11000000,  180225731,        1,  169225731,  169225731
 15882,    28,   11000000,  186292159,        1,  175292159,  175292159
 15882,    29,   11000000,  194359792,        1,  183359792,  183359792
 15882,    30,   11000000,  200390587,        1,  189390587,  189390587
 15882,    31,   11000000,  208472514,        1,  197472514,  197472514
 15882,    32,   11000000,  214961894,        1,  203961894,  203961894
 15882,    33,   11000000,  224599928,        1,  213599928,  213599928
 15882,    34,   11000000,  232929411,        1,  221929411,  221929411
 15882,    35,   11000000,  236979741,        1,  225979741,  225979741
 15882,    36,   11000000,  245089395,        1,  234089395,  234089395
 15882,    37,   11000000,  251150705,        1,  240150705,  240150705
 15882,    38,   11000000,  259296628,        1,  248296628,  248296628
 15882,    39,   11000000,  265361362,        1,  254361362,  254361362
 15882,    40,   11000000,  275426244,        1,  264426244,  264426244
 15882,    41,   11000000,  279735727,        1,  268735727,  268735727
 15882,    42,   11000000,  287873234,        1,  276873234,  276873234
 15882,    43,   11000000,  295993750,        1,  284993750,  284993750
 15882,    44,   11000000,  302036133,        1,  291036133,  291036133
 15882,    45,   11000000,  310100257,        1,  299100257,  299100257
 15882,    46,   11000000,  316999658,        1,  305999658,  305999658
 15882,    47,   11000000,  324216525,        1,  313216525,  313216525
 15882,    48,   11000000,  330545814,        1,  319545814,  319545814
 15882,    49,   11000000,  339082637,        1,  328082637,  328082637
 15882,    50,   11000000,  344694246,        1,  333694246,  333694246
 15882,    51,   11000000,  352806443,        1,  341806443,  341806443
 15882,    52,   11000000,  360866062,        1,  349866062,  349866062
# task NAME=myapp PID=15886 COST=22499000 PERIOD=26000000 CPU=0
 15886,     2,   26000000,       6073,        0,  -25993927,          0
 15886,     3,   26000000,     101350,        0,  -25898650,          0
 15886,     4,   26000000,   41293109,        1,   15293109,   15293109
 15886,     5,   26000000,   57010370,        1,   31010370,   31010370
 15886,     6,   26000000,   74474855,        1,   48474855,   48474855
 15886,     7,   26000000,   92096055,        1,   66096055,   66096055
 15886,     8,   26000000,  107490502,        1,   81490502,   81490502
 15886,     9,   26000000,  124925769,        1,   98925769,   98925769
 15886,    10,   26000000,  142529028,        1,  116529028,  116529028
 15886,    11,   26000000,  159884214,        1,  133884214,  133884214
 15886,    12,   26000000,  175236210,        1,  149236210,  149236210
 15886,    13,   26000000,  192568859,        1,  166568859,  166568859
 15886,    14,   26000000,  211941979,        1,  185941979,  185941979
 15886,    15,   26000000,  225788731,        1,  199788731,  199788731
 15886,    16,   26000000,  243010951,        1,  217010951,  217010951
 15886,    17,   26000000,  260395918,        1,  234395918,  234395918
 15886,    18,   26000000,  275791706,        1,  249791706,  249791706
 15886,    19,   26000000,  293462165,        1,  267462165,  267462165
 15886,    20,   26000000,  310896697,        1,  284896697,  284896697
 15886,    21,   26000000,  328315767,        1,  302315767,  302315767
 15886,    22,   26000000,  343659742,        1,  317659742,  317659742
 15886,    23,   26000000,  361022767,        1,  335022767,  335022767
 15886,    24,   26000000,  378390703,        1,  352390703,  352390703
 15886,    25,   26000000,  393759411,        1,  367759411,  367759411
 15886,    26,   26000000,  411099882,        1,  385099882,  385099882
 15886,    27,   26000000,  430502633,        1,  404502633,  404502633
 15886,    28,   26000000,  446086989,        1,  420086989,  420086989
 15886,    29,   26000000,  461388746,        1,  435388746,  435388746
 15886,    30,   26000000,  478793811,        1,  452793811,  452793811
 15886,    31,   26000000,  496487908,        1,  470487908,  470487908
 15886,    32,   26000000,  513849028,        1,  487849028,  487849028
 15886,    33,   26000000,  529220753,        1,  503220753,  503220753
 15886,    34,   26000000,  546885819,        1,  520885819,  520885819
 15886,    35,   26000000,  564202847,        1,  538202847,  538202847
 15886,    36,   26000000,  579627650,        1,  553627650,  553627650
 15886,    37,   26000000,  596982433,        1,  570982433,  570982433
 15886,    38,   26000000,  614415179,        1,  588415179,  588415179
 15886,    39,   26000000,  632042536,        1,  606042536,  606042536
 15886,    40,   26000000,  647387150,        1,  621387150,  621387150
 15886,    41,   26000000,  664875846,        1,  638875846,  638875846
 15886,    42,   26000000,  682666199,        1,  656666199,  656666199
 15886,    43,   26000000,  697592093,        1,  671592093,  671592093
 15886,    44,   26000000,  714963038,        1,  688963038,  688963038
 15886,    45,   26000000,  734418317,        1,  708418317,  708418317
 15886,    46,   26000000,  749736894,        1,  723736894,  723736894
 15886,    47,   26000000,  767015169,        1,  741015169,  741015169
 15886,    48,   26000000,  782339568,        1,  756339568,  756339568
 15886,    49,   26000000,  797859604,        1,  771859604,  771859604
 15886,    50,   26000000,  815069346,        1,  789069346,  789069346
 15886,    51,   26000000,  832465820,        1,  806465820,  806465820
 15886,    52,   26000000,  850088712,        1,  824088712,  824088712
# task NAME=myapp PID=15891 COST=7126000 PERIOD=51000000 CPU=0
 15891,     2,   51000000,      11810,        0,  -50988190,          0
 15891,     3,   51000000,     151593,        0,  -50848407,          0
 15891,     4,   51000000,   11588167,        0,  -39411833,          0
 15891,     5,   51000000,   10542221,        0,  -40457779,          0
 15891,     6,   51000000,   12007533,        0,  -38992467,          0
 15891,     7,   51000000,   12569771,        0,  -38430229,          0
 15891,     8,   51000000,   11484887,        0,  -39515113,          0
 15891,     9,   51000000,   10539236,        0,  -40460764,          0
 15891,    10,   51000000,   13549673,        0,  -37450327,          0
 15891,    11,   51000000,   12565878,        0,  -38434122,          0
 15891,    12,   51000000,   11511113,        0,  -39488887,          0
 15891,    13,   51000000,   11612404,        0,  -39387596,          0
 15891,    14,   51000000,   11559843,        0,  -39440157,          0
 15891,    15,   51000000,   12578012,        0,  -38421988,          0
 15891,    16,   51000000,    9931624,        0,  -41068376,          0
 15891,    17,   51000000,   10637313,        0,  -40362687,          0
 15891,    18,   51000000,   14006075,        0,  -36993925,          0
 15891,    19,   51000000,   12591921,        0,  -38408079,          0
 15891,    20,   51000000,   11604605,        0,  -39395395,          0
 15891,    21,   51000000,   11228654,        0,  -39771346,          0
 15891,    22,   51000000,   13593326,        0,  -37406674,          0
 15891,    23,   51000000,   12619258,        0,  -38380742,          0
 15891,    24,   51000000,   11532997,        0,  -39467003,          0
 15891,    25,   51000000,   12540892,        0,  -38459108,          0
 15891,    26,   51000000,   13606568,        0,  -37393432,          0
 15891,    27,   51000000,   12640456,        0,  -38359544,          0
 15891,    28,   51000000,   11525894,        0,  -39474106,          0
 15891,    29,   51000000,   12529886,        0,  -38470114,          0
 15891,    30,   51000000,   11596414,        0,  -39403586,          0
 15891,    31,   51000000,   12618105,        0,  -38381895,          0
 15891,    32,   51000000,    9924629,        0,  -41075371,          0
 15891,    33,   51000000,   10602747,        0,  -40397253,          0
 15891,    34,   51000000,   13599589,        0,  -37400411,          0
 15891,    35,   51000000,   14600778,        0,  -36399222,          0
 15891,    36,   51000000,   10280451,        0,  -40719549,          0
 15891,    37,   51000000,   12508110,        0,  -38491890,          0
 15891,    38,   51000000,   11623786,        0,  -39376214,          0
 15891,    39,   51000000,   12592425,        0,  -38407575,          0
 15891,    40,   51000000,    9524223,        0,  -41475777,          0
 15891,    41,   51000000,   10546821,        0,  -40453179,          0
 15891,    42,   51000000,   13905383,        0,  -37094617,          0
 15891,    43,   51000000,   12569292,        0,  -38430708,          0
 15891,    44,   51000000,   11556456,        0,  -39443544,          0
 15891,    45,   51000000,   10558729,        0,  -40441271,          0
 15891,    46,   51000000,   11861212,        0,  -39138788,          0
 15891,    47,   51000000,   14603630,        0,  -36396370,          0
 15891,    48,   51000000,   11526027,        0,  -39473973,          0
 15891,    49,   51000000,   12557099,        0,  -38442901,          0
 15891,    50,   51000000,   11605781,        0,  -39394219,          0
 15891,    51,   51000000,   12594029,        0,  -38405971,          0
 15891,    52,   51000000,    9737981,        0,  -41262019,          0
 15891,    53,   51000000,   12669296,        0,  -38330704,          0
 15891,    54,   51000000,   14194121,        0,  -36805879,          0
 15891,    55,   51000000,   12647147,        0,  -38352853,          0
 15891,    56,   51000000,   11592704,        0,  -39407296,          0
 15891,    57,   51000000,   10628126,        0,  -40371874,          0
 15891,    58,   51000000,   12065658,        0,  -38934342,          0
 15891,    59,   51000000,   12579421,        0,  -38420579,          0
 15891,    60,   51000000,   11541049,        0,  -39458951,          0
 15891,    61,   51000000,   10845453,        0,  -40154547,          0
 15891,    62,   51000000,   11637015,        0,  -39362985,          0
 15891,    63,   51000000,   14865600,        0,  -36134400,          0
 15891,    64,   51000000,    9566023,        0,  -41433977,          0
 15891,    65,   51000000,   10722302,        0,  -40277698,          0
 15891,    66,   51000000,   13617543,        0,  -37382457,          0
 15891,    67,   51000000,   14581515,        0,  -36418485,          0
 15891,    68,   51000000,    9638222,        0,  -41361778,          0
 15891,    69,   51000000,   10575784,        0,  -40424216,          0
 15891,    70,   51000000,   11581688,        0,  -39418312,          0
 15891,    71,   51000000,   12608089,        0,  -38391911,          0
 15891,    72,   51000000,   11590954,        0,  -39409046,          0
 15891,    73,   51000000,   10593756,        0,  -40406244,          0
 15891,    74,   51000000,   11629345,        0,  -39370655,          0
 15891,    75,   51000000,   12692994,        0,  -38307006,          0
 15891,    76,   51000000,   11516062,        0,  -39483938,          0
 15891,    77,   51000000,   11375438,        0,  -39624562,          0
 15891,    78,   51000000,   13607861,        0,  -37392139,          0
 15891,    79,   51000000,   14592185,        0,  -36407815,          0
 15891,    80,   51000000,   11592841,        0,  -39407159,          0
 15891,    81,   51000000,   12585465,        0,  -38414535,          0
 15891,    82,   51000000,   13571951,        0,  -37428049,          0
 15891,    83,   51000000,   12591798,        0,  -38408202,          0
 15891,    84,   51000000,   11534821,        0,  -39465179,          0
 15891,    85,   51000000,   12523007,        0,  -38476993,          0
 15891,    86,   51000000,   11639004,        0,  -39360996,          0
 15891,    87,   51000000,   12604370,        0,  -38395630,          0
 15891,    88,   51000000,    9617806,        0,  -41382194,          0
 15891,    89,   51000000,   10570325,        0,  -40429675,          0
 15891,    90,   51000000,   13884945,        0,  -37115055,          0
 15891,    91,   51000000,   12613309,        0,  -38386691,          0
 15891,    92,   51000000,    9545013,        0,  -41454987,          0
 15891,    93,   51000000,   12567236,        0,  -38432764,          0
 15891,    94,   51000000,   11595934,        0,  -39404066,          0
 15891,    95,   51000000,   14589878,        0,  -36410122,          0
 15891,    96,   51000000,   11513883,        0,  -39486117,          0
 15891,    97,   51000000,   10521879,        0,  -40478121,          0
 15891,    98,   51000000,   11603699,        0,  -39396301,          0
 15891,    99,   51000000,   14617428,        0,  -36382572,          0
 15891,   100,   51000000,   11529376,        0,  -39470624,          0
 15891,   101,   51000000,   12536866,        0,  -38463134,          0
 15891,   102,   51000000,   14009108,        0,  -36990892,          0
 15891,   103,   51000000,   14599212,        0,  -36400788,          0
 15891,   104,   51000000,   11485264,        0,  -39514736,          0
 15891,   105,   51000000,   12539368,        0,  -38460632,          0
 15891,   106,   51000000,   11616558,        0,  -39383442,          0
 15891,   107,   51000000,   14618751,        0,  -36381249,          0
 15891,   108,   51000000,    9579335,        0,  -41420665,          0
 15891,   109,   51000000,   10556641,        0,  -40443359,          0
 15891,   110,   51000000,   11593677,        0,  -39406323,          0
 15891,   111,   51000000,   12621271,        0,  -38378729,          0
 15891,   112,   51000000,    9814993,        0,  -41185007,          0
 15891,   113,   51000000,   12532241,        0,  -38467759,          0
 15891,   114,   51000000,   11586470,        0,  -39413530,          0
 15891,   115,   51000000,   12588990,        0,  -38411010,          0
 15891,   116,   51000000,    9966034,        0,  -41033966,          0
 15891,   117,   51000000,   12759128,        0,  -38240872,          0
 15891,   118,   51000000,   11577264,        0,  -39422736,          0
 15891,   119,   51000000,   14616968,        0,  -36383032,          0
 15891,   120,   51000000,    9586311,        0,  -41413689,          0
 15891,   121,   51000000,   12542194,        0,  -38457806,          0
 15891,   122,   51000000,   14132774,        0,  -36867226,          0
 15891,   123,   51000000,   15160239,        0,  -35839761,          0
 15891,   124,   51000000,    9563050,        0,  -41436950,          0
 15891,   125,   51000000,   11333150,        0,  -39666850,          0
 15891,   126,   51000000,   11592961,        0,  -39407039,          0
 15891,   127,   51000000,   14548714,        0,  -36451286,          0
 15891,   128,   51000000,    9628614,        0,  -41371386,          0
 15891,   129,   51000000,   12581829,        0,  -38418171,          0
 15891,   130,   51000000,   13558810,        0,  -37441190,          0
 15891,   131,   51000000,   12629590,        0,  -38370410,          0
 15891,   132,   51000000,   10585754,        0,  -40414246,          0
 15891,   133,   51000000,   12539736,        0,  -38460264,          0
 15891,   134,   51000000,   13630103,        0,  -37369897,          0
 15891,   135,   51000000,   14617800,        0,  -36382200,          0
 15891,   136,   51000000,    9610621,        0,  -41389379,          0
 15891,   137,   51000000,   10668392,        0,  -40331608,          0
 15891,   138,   51000000,   11632930,        0,  -39367070,          0
 15891,   139,   51000000,   12881831,        0,  -38118169,          0
 15891,   140,   51000000,   10095206,        0,  -40904794,          0
 15891,   141,   51000000,   10616799,        0,  -40383201,          0
 15891,   142,   51000000,   13586776,        0,  -37413224,          0
 15891,   143,   51000000,   14614400,        0,  -36385600,          0
 15891,   144,   51000000,   10103502,        0,  -40896498,          0
 15891,   145,   51000000,   10620310,        0,  -40379690,          0
 15891,   146,   51000000,   13585693,        0,  -37414307,          0
 15891,   147,   51000000,   14628505,        0,  -36371495,          0
 15891,   148,   51000000,   11601268,        0,  -39398732,          0
 15891,   149,   51000000,   12566975,        0,  -38433025,          0
 15891,   150,   51000000,   13616888,        0,  -37383112,          0
 15891,   151,   51000000,   12627797,        0,  -38372203,          0
 15891,   152,   51000000,   11540005,        0,  -39459995,          0
 15891,   153,   51000000,   12547044,        0,  -38452956,          0
 15891,   154,   51000000,   11600855,        0,  -39399145,          0
 15891,   155,   51000000,   14632813,        0,  -36367187,          0
 15891,   156,   51000000,   12065214,        0,  -38934786,          0
 15891,   157,   51000000,   12536556,        0,  -38463444,          0
 15891,   158,   51000000,   13199898,        0,  -37800102,          0
 15891,   159,   51000000,   12618657,        0,  -38381343,          0
 15891,   160,   51000000,    9967915,        0,  -41032085,          0
 15891,   161,   51000000,   11777836,        0,  -39222164,          0
 15891,   162,   51000000,   13591441,        0,  -37408559,          0
 15891,   163,   51000000,   12599087,        0,  -38400913,          0
 15891,   164,   51000000,    9546999,        0,  -41453001,          0
 15891,   165,   51000000,   12532154,        0,  -38467846,          0
 15891,   166,   51000000,   13843554,        0,  -37156446,          0
 15891,   167,   51000000,   12574047,        0,  -38425953,          0
 15891,   168,   51000000,   11524909,        0,  -39475091,          0
 15891,   169,   51000000,   12521745,        0,  -38478255,          0
 15891,   170,   51000000,   11590398,        0,  -39409602,          0
 15891,   171,   51000000,   14575306,        0,  -36424694,          0
 15891,   172,   51000000,   11532529,        0,  -39467471,          0
 15891,   173,   51000000,   12537533,        0,  -38462467,          0
 15891,   174,   51000000,   11607904,        0,  -39392096,          0
 15891,   175,   51000000,   12587009,        0,  -38412991,          0
 15891,   176,   51000000,    9945206,        0,  -41054794,          0
 15891,   177,   51000000,   12549857,        0,  -38450143,          0
 15891,   178,   51000000,   13518689,        0,  -37481311,          0
 15891,   179,   51000000,   12605168,        0,  -38394832,          0
 15891,   180,   51000000,    9750614,        0,  -41249386,          0
 15891,   181,   51000000,   12529382,        0,  -38470618,          0
 15891,   182,   51000000,   13611878,        0,  -37388122,          0
 15891,   183,   51000000,   14627952,        0,  -36372048,          0
 15891,   184,   51000000,   11599547,        0,  -39400453,          0
 15891,   185,   51000000,   10618480,        0,  -40381520,          0
 15891,   186,   51000000,   13890536,        0,  -37109464,          0
 15891,   187,   51000000,   12599964,        0,  -38400036,          0
 15891,   188,   51000000,   11857574,        0,  -39142426,          0
 15891,   189,   51000000,   10551715,        0,  -40448285,          0
 15891,   190,   51000000,   13288534,        0,  -37711466,          0
 15891,   191,   51000000,   14605084,        0,  -36394916,          0
 15891,   192,   51000000,   11601259,        0,  -39398741,          0
 15891,   193,   51000000,   12806212,        0,  -38193788,          0
 15891,   194,   51000000,   11578084,        0,  -39421916,          0
 15891,   195,   51000000,   12625804,        0,  -38374196,          0
 15891,   196,   51000000,   11050443,        0,  -39949557,          0
 15891,   197,   51000000,   10811563,        0,  -40188437,          0
 15891,   198,   51000000,   11599624,        0,  -39400376,          0
 15891,   199,   51000000,   14614762,        0,  -36385238,          0
 15891,   200,   51000000,    9558394,        0,  -41441606,          0
