# Task,   Job,     Period,   Response, DL Miss?,   Lateness,  Tardiness
# task NAME=myapp PID=3090 COST=17141000 PERIOD=22000000 CPU=0
  3090,     2,   22000000,      13733,        0,  -21986267,          0
  3090,     3,   22000000,     262817,        0,  -21737183,          0
  3090,     4,   22000000,   16963677,        0,   -5036323,          0
  3090,     5,   22000000,   17259190,        0,   -4740810,          0
  3090,     6,   22000000,   21510813,        0,    -489187,          0
  3090,     7,   22000000,   38258156,        1,   16258156,   16258156
  3090,     8,   22000000,   56209609,        1,   34209609,   34209609
  3090,     9,   22000000,   53493683,        1,   31493683,   31493683
  3090,    10,   22000000,   72920357,        1,   50920357,   50920357
  3090,    11,   22000000,   67863934,        1,   45863934,   45863934
  3090,    12,   22000000,   81884968,        1,   59884968,   59884968
  3090,    13,   22000000,   96258592,        1,   74258592,   74258592
  3090,    14,   22000000,  115916873,        1,   93916873,   93916873
  3090,    15,   22000000,  160555867,        1,  138555867,  138555867
  3090,    16,   22000000,  258440990,        1,  236440990,  236440990
  3090,    17,   22000000,  282420725,        1,  260420725,  260420725
  3090,    18,   22000000,  296089241,        1,  274089241,  274089241
  3090,    19,   22000000,  291044710,        1,  269044710,  269044710
  3090,    20,   22000000,  285982338,        1,  263982338,  263982338
  3090,    21,   22000000,  280926069,        1,  258926069,  258926069
  3090,    22,   22000000,  276151970,        1,  254151970,  254151970
  3090,    23,   22000000,  271087263,        1,  249087263,  249087263
  3090,    24,   22000000,  266025901,        1,  244025901,  244025901
  3090,    25,   22000000,  260959790,        1,  238959790,  238959790
  3090,    26,   22000000,  255956741,        1,  233956741,  233956741
  3090,    27,   22000000,  250932611,        1,  228932611,  228932611
  3090,    28,   22000000,  245888294,        1,  223888294,  223888294
  3090,    29,   22000000,  241124302,        1,  219124302,  219124302
  3090,    30,   22000000,  236049847,        1,  214049847,  214049847
  3090,    31,   22000000,  230976480,        1,  208976480,  208976480
  3090,    32,   22000000,  225934872,        1,  203934872,  203934872
  3090,    33,   22000000,  279876732,        1,  257876732,  257876732
  3090,    34,   22000000,  274860397,        1,  252860397,  252860397
  3090,    35,   22000000,  269824124,        1,  247824124,  247824124
  3090,    36,   22000000,  264776662,        1,  242776662,  242776662
  3090,    37,   22000000,  259714360,        1,  237714360,  237714360
  3090,    38,   22000000,  254650126,        1,  232650126,  232650126
  3090,    39,   22000000,  249584598,        1,  227584598,  227584598
  3090,    40,   22000000,  244836319,        1,  222836319,  222836319
  3090,    41,   22000000,  323920732,        1,  301920732,  301920732
  3090,    42,   22000000,  331880343,        1,  309880343,  309880343
  3090,    43,   22000000,  406935622,        1,  384935622,  384935622
  3090,    44,   22000000,  518399166,        1,  496399166,  496399166
  3090,    45,   22000000,  513626014,        1,  491626014,  491626014
  3090,    46,   22000000,  508574023,        1,  486574023,  486574023
  3090,    47,   22000000,  503530338,        1,  481530338,  481530338
  3090,    48,   22000000,  498474511,        1,  476474511,  476474511
  3090,    49,   22000000,  493411001,        1,  471411001,  471411001
  3090,    50,   22000000,  488377416,        1,  466377416,  466377416
  3090,    51,   22000000,  484309408,        1,  462309408,  462309408
  3090,    52,   22000000,  479534754,        1,  457534754,  457534754
  3090,    53,   22000000,  474470369,        1,  452470369,  452470369
  3090,    54,   22000000,  469399351,        1,  447399351,  447399351
  3090,    55,   22000000,  474140587,        1,  452140587,  452140587
  3090,    56,   22000000,  469075246,        1,  447075246,  447075246
  3090,    57,   22000000,  464017507,        1,  442017507,  442017507
  3090,    58,   22000000,  472255000,        1,  450255000,  450255000
  3090,    59,   22000000,  496416386,        1,  474416386,  474416386
  3090,    60,   22000000,  528992348,        1,  506992348,  506992348
  3090,    61,   22000000,  577419273,        1,  555419273,  555419273
  3090,    62,   22000000,  572667311,        1,  550667311,  550667311
  3090,    63,   22000000,  567884042,        1,  545884042,  545884042
# task NAME=myapp PID=3094 COST=62456000 PERIOD=80000000 CPU=0
  3094,     2,   80000000,      13893,        0,  -79986107,          0
  3094,     3,   80000000,     248018,        0,  -79751982,          0
  3094,     4,   80000000,  136615516,        1,   56615516,   56615516
  3094,     5,   80000000,  128368128,        1,   48368128,   48368128
  3094,     6,   80000000,  120725336,        1,   40725336,   40725336
  3094,     7,   80000000,  102465119,        1,   22465119,   22465119
  3094,     8,   80000000,  115927791,        1,   35927791,   35927791
  3094,     9,   80000000,  176863088,        1,   96863088,   96863088
  3094,    10,   80000000,  391053720,        1,  311053720,  311053720
  3094,    11,   80000000,  516685226,        1,  436685226,  436685226
  3094,    12,   80000000,  498736868,        1,  418736868,  418736868
  3094,    13,   80000000,  480466625,        1,  400466625,  400466625
  3094,    14,   80000000,  462476815,        1,  382476815,  382476815
  3094,    15,   80000000,  499743962,        1,  419743962,  419743962
  3094,    16,   80000000,  510153983,        1,  430153983,  430153983
  3094,    17,   80000000,  553998734,        1,  473998734,  473998734
  3094,    18,   80000000,  535993120,        1,  455993120,  455993120
  3094,    19,   80000000,  533132275,        1,  453132275,  453132275
  3094,    20,   80000000,  514866690,        1,  434866690,  434866690
  3094,    21,   80000000,  572039261,        1,  492039261,  492039261
  3094,    22,   80000000,  553986887,        1,  473986887,  473986887
  3094,    23,   80000000,  535729695,        1,  455729695,  455729695
  3094,    24,   80000000,  517767209,        1,  437767209,  437767209
  3094,    25,   80000000,  636195928,        1,  556195928,  556195928
  3094,    26,   80000000,  629262468,        1,  549262468,  549262468
  3094,    27,   80000000,  645200393,        1,  565200393,  565200393
  3094,    28,   80000000,  649259665,        1,  569259665,  569259665
  3094,    29,   80000000,  695973000,        1,  615973000,  615973000
  3094,    30,   80000000,  678001204,        1,  598001204,  598001204
  3094,    31,   80000000,  708521707,        1,  628521707,  628521707
  3094,    32,   80000000,  706152333,        1,  626152333,  626152333
  3094,    33,   80000000,  784618746,        1,  704618746,  704618746
  3094,    34,   80000000,  766364366,        1,  686364366,  686364366
  3094,    35,   80000000,  748798177,        1,  668798177,  668798177
  3094,    36,   80000000,  730632563,        1,  650632563,  650632563
  3094,    37,   80000000,  712633752,        1,  632633752,  632633752
  3094,    38,   80000000,  696169776,        1,  616169776,  616169776
  3094,    39,   80000000,  734409166,        1,  654409166,  654409166
  3094,    40,   80000000,  716146829,        1,  636146829,  636146829
  3094,    41,   80000000,  698129628,        1,  618129628,  618129628
  3094,    42,   80000000,  679907654,        1,  599907654,  599907654
  3094,    43,   80000000,  788273822,        1,  708273822,  708273822
  3094,    44,   80000000,  794260312,        1,  714260312,  714260312
  3094,    45,   80000000,  785794901,        1,  705794901,  705794901
  3094,    46,   80000000,  906771635,        1,  826771635,  826771635
  3094,    47,   80000000, 1004889368,        1,  924889368,  924889368
  3094,    48,   80000000,  986929757,        1,  906929757,  906929757
  3094,    49,   80000000, 1104857802,        1, 1024857802, 1024857802
  3094,    50,   80000000, 1413037000,        1, 1333037000, 1333037000
  3094,    51,   80000000, 1425950007,        1, 1345950007, 1345950007
  3094,    52,   80000000, 1418053706,        1, 1338053706, 1338053706
  3094,    53,   80000000, 1645485082,        1, 1565485082, 1565485082
  3094,    54,   80000000, 1765943211,        1, 1685943211, 1685943211
  3094,    55,   80000000, 1808134331,        1, 1728134331, 1728134331
  3094,    56,   80000000, 1811944228,        1, 1731944228, 1731944228
  3094,    57,   80000000, 1912137725,        1, 1832137725, 1832137725
  3094,    58,   80000000, 1970058954,        1, 1890058954, 1890058954
  3094,    59,   80000000, 1952051360,        1, 1872051360, 1872051360
  3094,    60,   80000000, 2047382495,        1, 1967382495, 1967382495
  3094,    61,   80000000, 2029119912,        1, 1949119912, 1949119912
  3094,    62,   80000000, 2011096437,        1, 1931096437, 1931096437
  3094,    63,   80000000, 1992822443,        1, 1912822443, 1912822443
  3094,    64,   80000000, 1996272310,        1, 1916272310, 1916272310
  3094,    65,   80000000, 2027521824,        1, 1947521824, 1947521824
  3094,    66,   80000000, 2143189098,        1, 2063189098, 2063189098
  3094,    67,   80000000, 2242209082,        1, 2162209082, 2162209082
  3094,    68,   80000000, 2295368121,        1, 2215368121, 2215368121
  3094,    69,   80000000, 2278167729,        1, 2198167729, 2198167729
  3094,    70,   80000000, 2276833487,        1, 2196833487, 2196833487
  3094,    71,   80000000, 2326443198,        1, 2246443198, 2246443198
  3094,    72,   80000000, 2308485005,        1, 2228485005, 2228485005
# task NAME=myapp PID=3097 COST=17894000 PERIOD=24000000 CPU=0
  3097,     2,   24000000,      13727,        0,  -23986273,          0
  3097,     3,   24000000,     219882,        0,  -23780118,          0
  3097,     4,   24000000,   18038760,        0,   -5961240,          0
  3097,     5,   24000000,   19410516,        0,   -4589484,          0
  3097,     6,   24000000,   17746766,        0,   -6253234,          0
  3097,     7,   24000000,   77382959,        1,   53382959,   53382959
  3097,     8,   24000000,   84376117,        1,   60376117,   60376117
  3097,     9,   24000000,  111102635,        1,   87102635,   87102635
  3097,    10,   24000000,  113916482,        1,   89916482,   89916482
  3097,    11,   24000000,  131638898,        1,  107638898,  107638898
  3097,    12,   24000000,  154994136,        1,  130994136,  130994136
  3097,    13,   24000000,  161768406,        1,  137768406,  137768406
  3097,    14,   24000000,  171089802,        1,  147089802,  147089802
  3097,    15,   24000000,  195894593,        1,  171894593,  171894593
  3097,    16,   24000000,  202622156,        1,  178622156,  178622156
  3097,    17,   24000000,  237350002,        1,  213350002,  213350002
  3097,    18,   24000000,  257120709,        1,  233120709,  233120709
  3097,    19,   24000000,  250820804,        1,  226820804,  226820804
  3097,    20,   24000000,  244521631,        1,  220521631,  220521631
  3097,    21,   24000000,  238213566,        1,  214213566,  214213566
  3097,    22,   24000000,  232185938,        1,  208185938,  208185938
  3097,    23,   24000000,  225865568,        1,  201865568,  201865568
  3097,    24,   24000000,  219552160,        1,  195552160,  195552160
  3097,    25,   24000000,  213241535,        1,  189241535,  189241535
  3097,    26,   24000000,  206921161,        1,  182921161,  182921161
  3097,    27,   24000000,  200608444,        1,  176608444,  176608444
  3097,    28,   24000000,  194295263,        1,  170295263,  170295263
  3097,    29,   24000000,  218572309,        1,  194572309,  194572309
  3097,    30,   24000000,  212286981,        1,  188286981,  188286981
  3097,    31,   24000000,  270083776,        1,  246083776,  246083776
  3097,    32,   24000000,  263789463,        1,  239789463,  239789463
  3097,    33,   24000000,  257507112,        1,  233507112,  233507112
  3097,    34,   24000000,  251199294,        1,  227199294,  227199294
  3097,    35,   24000000,  244882863,        1,  220882863,  220882863
  3097,    36,   24000000,  238573123,        1,  214573123,  214573123
  3097,    37,   24000000,  232258717,        1,  208258717,  208258717
  3097,    38,   24000000,  226265282,        1,  202265282,  202265282
  3097,    39,   24000000,  219940993,        1,  195940993,  195940993
  3097,    40,   24000000,  213612202,        1,  189612202,  189612202
  3097,    41,   24000000,  207285547,        1,  183285547,  183285547
  3097,    42,   24000000,  219023947,        1,  195023947,  195023947
  3097,    43,   24000000,  212718389,        1,  188718389,  188718389
  3097,    44,   24000000,  206696021,        1,  182696021,  182696021
  3097,    45,   24000000,  200393616,        1,  176393616,  176393616
  3097,    46,   24000000,  194083757,        1,  170083757,  170083757
  3097,    47,   24000000,  187763567,        1,  163763567,  163763567
  3097,    48,   24000000,  181451621,        1,  157451621,  157451621
  3097,    49,   24000000,  175339576,        1,  151339576,  151339576
  3097,    50,   24000000,  169614557,        1,  145614557,  145614557
  3097,    51,   24000000,  164145670,        1,  140145670,  140145670
  3097,    52,   24000000,  158420775,        1,  134420775,  134420775
  3097,    53,   24000000,  152655124,        1,  128655124,  128655124
  3097,    54,   24000000,  146864265,        1,  122864265,  122864265
  3097,    55,   24000000,  141167218,        1,  117167218,  117167218
  3097,    56,   24000000,  140414983,        1,  116414983,  116414983
  3097,    57,   24000000,  148140064,        1,  124140064,  124140064
  3097,    58,   24000000,  228124192,        1,  204124192,  204124192
  3097,    59,   24000000,  235103685,        1,  211103685,  211103685
  3097,    60,   24000000,  254792022,        1,  230792022,  230792022
  3097,    61,   24000000,  261492499,        1,  237492499,  237492499
  3097,    62,   24000000,  368417602,        1,  344417602,  344417602
  3097,    63,   24000000,  402951539,        1,  378951539,  378951539
  3097,    64,   24000000,  396654699,        1,  372654699,  372654699
  3097,    65,   24000000,  390352856,        1,  366352856,  366352856
  3097,    66,   24000000,  384036431,        1,  360036431,  360036431
  3097,    67,   24000000,  377695427,        1,  353695427,  353695427
  3097,    68,   24000000,  371641580,        1,  347641580,  347641580
  3097,    69,   24000000,  365315420,        1,  341315420,  341315420
  3097,    70,   24000000,  363676548,        1,  339676548,  339676548
  3097,    71,   24000000,  357383985,        1,  333383985,  333383985
  3097,    72,   24000000,  351083753,        1,  327083753,  327083753
  3097,    73,   24000000,  359386635,        1,  335386635,  335386635
  3097,    74,   24000000,  412553789,        1,  388553789,  388553789
  3097,    75,   24000000,  406256839,        1,  382256839,  382256839
  3097,    76,   24000000,  399954841,        1,  375954841,  375954841
  3097,    77,   24000000,  393649623,        1,  369649623,  369649623
  3097,    78,   24000000,  387623807,        1,  363623807,  363623807
  3097,    79,   24000000,  381303962,        1,  357303962,  357303962
  3097,    80,   24000000,  388252655,        1,  364252655,  364252655
  3097,    81,   24000000,  381959821,        1,  357959821,  357959821
  3097,    82,   24000000,  375672875,        1,  351672875,  351672875
  3097,    83,   24000000,  369380183,        1,  345380183,  345380183
  3097,    84,   24000000,  363369951,        1,  339369951,  339369951
  3097,    85,   24000000,  357053548,        1,  333053548,  333053548
  3097,    86,   24000000,  350725758,        1,  326725758,  326725758
  3097,    87,   24000000,  390724640,        1,  366724640,  366724640
  3097,    88,   24000000,  384779884,        1,  360779884,  360779884
  3097,    89,   24000000,  379046191,        1,  355046191,  355046191
  3097,    90,   24000000,  373069023,        1,  349069023,  349069023
  3097,    91,   24000000,  397724573,        1,  373724573,  373724573
  3097,    92,   24000000,  391447563,        1,  367447563,  367447563
  3097,    93,   24000000,  458495342,        1,  434495342,  434495342
  3097,    94,   24000000,  630114525,        1,  606114525,  606114525
  3097,    95,   24000000,  700671566,        1,  676671566,  676671566
  3097,    96,   24000000,  694371877,        1,  670371877,  670371877
  3097,    97,   24000000,  688350903,        1,  664350903,  664350903
  3097,    98,   24000000,  682035779,        1,  658035779,  658035779
  3097,    99,   24000000,  675707414,        1,  651707414,  651707414
  3097,   100,   24000000,  669391059,        1,  645391059,  645391059
  3097,   101,   24000000,  663076096,        1,  639076096,  639076096
  3097,   102,   24000000,  656758535,        1,  632758535,  632758535
  3097,   103,   24000000,  650465468,        1,  626465468,  626465468
  3097,   104,   24000000,  644453554,        1,  620453554,  620453554
  3097,   105,   24000000,  638146449,        1,  614146449,  614146449
  3097,   106,   24000000,  631821516,        1,  607821516,  607821516
  3097,   107,   24000000,  625502868,        1,  601502868,  601502868
  3097,   108,   24000000,  671077039,        1,  647077039,  647077039
  3097,   109,   24000000,  672501102,        1,  648501102,  648501102
  3097,   110,   24000000,  666196011,        1,  642196011,  642196011
  3097,   111,   24000000,  659885408,        1,  635885408,  635885408
  3097,   112,   24000000,  653581365,        1,  629581365,  629581365
  3097,   113,   24000000,  647264441,        1,  623264441,  623264441
# task NAME=myapp PID=3102 COST=46800000 PERIOD=85000000 CPU=0
  3102,     2,   85000000,       3312,        0,  -84996688,          0
  3102,     3,   85000000,     251594,        0,  -84748406,          0
  3102,     4,   85000000,  100587490,        1,   15587490,   15587490
  3102,     5,   85000000,  121641031,        1,   36641031,   36641031
  3102,     6,   85000000,  129104090,        1,   44104090,   44104090
  3102,     7,   85000000,  154913048,        1,   69913048,   69913048
  3102,     8,   85000000,  188566592,        1,  103566592,  103566592
  3102,     9,   85000000,  213565439,        1,  128565439,  128565439
  3102,    10,   85000000,  276500046,        1,  191500046,  191500046
  3102,    11,   85000000,  237775871,        1,  152775871,  152775871
  3102,    12,   85000000,  199383399,        1,  114383399,  114383399
  3102,    13,   85000000,  309098929,        1,  224098929,  224098929
  3102,    14,   85000000,  270699760,        1,  185699760,  185699760
  3102,    15,   85000000,  231987373,        1,  146987373,  146987373
  3102,    16,   85000000,  193268826,        1,  108268826,  108268826
  3102,    17,   85000000,  154832370,        1,   69832370,   69832370
  3102,    18,   85000000,  189497698,        1,  104497698,  104497698
  3102,    19,   85000000,  255957902,        1,  170957902,  170957902
  3102,    20,   85000000,  217258581,        1,  132258581,  132258581
  3102,    21,   85000000,  178825319,        1,   93825319,   93825319
  3102,    22,   85000000,  140094881,        1,   55094881,   55094881
  3102,    23,   85000000,  101367106,        1,   16367106,   16367106
  3102,    24,   85000000,   86186253,        1,    1186253,    1186253
  3102,    25,   85000000,  152792088,        1,   67792088,   67792088
  3102,    26,   85000000,  188565653,        1,  103565653,  103565653
  3102,    27,   85000000,  150163298,        1,   65163298,   65163298
  3102,    28,   85000000,  135237204,        1,   50237204,   50237204
  3102,    29,   85000000,   96860536,        1,   11860536,   11860536
  3102,    30,   85000000,  318757152,        1,  233757152,  233757152
  3102,    31,   85000000,  281773445,        1,  196773445,  196773445
  3102,    32,   85000000,  260219399,        1,  175219399,  175219399
  3102,    33,   85000000,  221512303,        1,  136512303,  136512303
  3102,    34,   85000000,  183099110,        1,   98099110,   98099110
  3102,    35,   85000000,  144358728,        1,   59358728,   59358728
  3102,    36,   85000000,  105618691,        1,   20618691,   20618691
  3102,    37,   85000000,   67212380,        0,  -17787620,          0
  3102,    38,   85000000,   91410107,        1,    6410107,    6410107
  3102,    39,   85000000,  148818104,        1,   63818104,   63818104
  3102,    40,   85000000,  329188194,        1,  244188194,  244188194
  3102,    41,   85000000,  290468985,        1,  205468985,  205468985
  3102,    42,   85000000,  252018303,        1,  167018303,  167018303
  3102,    43,   85000000,  213316478,        1,  128316478,  128316478
  3102,    44,   85000000,  174635076,        1,   89635076,   89635076
  3102,    45,   85000000,  425942541,        1,  340942541,  340942541
  3102,    46,   85000000,  403893802,        1,  318893802,  318893802
  3102,    47,   85000000,  365183043,        1,  280183043,  280183043
  3102,    48,   85000000,  326474249,        1,  241474249,  241474249
  3102,    49,   85000000,  288034238,        1,  203034238,  203034238
  3102,    50,   85000000,  249293621,        1,  164293621,  164293621
  3102,    51,   85000000,  210545725,        1,  125545725,  125545725
  3102,    52,   85000000,  172113123,        1,   87113123,   87113123
  3102,    53,   85000000,  172060507,        1,   87060507,   87060507
  3102,    54,   85000000,  133614849,        1,   48614849,   48614849
  3102,    55,   85000000,  112403026,        1,   27403026,   27403026
  3102,    56,   85000000,   74560262,        0,  -10439738,          0
  3102,    57,   85000000,  166174793,        1,   81174793,   81174793
  3102,    58,   85000000,  127951886,        1,   42951886,   42951886
  3102,    59,   85000000,   89534506,        1,    4534506,    4534506
  3102,    60,   85000000,   50823332,        0,  -34176668,          0
  3102,    61,   85000000,  142721873,        1,   57721873,   57721873
  3102,    62,   85000000,  164024276,        1,   79024276,   79024276
  3102,    63,   85000000,  267832662,        1,  182832662,  182832662
  3102,    64,   85000000,  229162268,        1,  144162268,  144162268
  3102,    65,   85000000,  209079056,        1,  124079056,  124079056
  3102,    66,   85000000,  233891072,        1,  148891072,  148891072
  3102,    67,   85000000,  195154287,        1,  110154287,  110154287
  3102,    68,   85000000,  156683569,        1,   71683569,   71683569
  3102,    69,   85000000,  170475018,        1,   85475018,   85475018
  3102,    70,   85000000,  202288032,        1,  117288032,  117288032
  3102,    71,   85000000,  173361100,        1,   88361100,   88361100
  3102,    72,   85000000,  134760346,        1,   49760346,   49760346
  3102,    73,   85000000,  101297110,        1,   16297110,   16297110
  3102,    74,   85000000,  129336906,        1,   44336906,   44336906
  3102,    75,   85000000,  111925246,        1,   26925246,   26925246
  3102,    76,   85000000,  117405089,        1,   32405089,   32405089
  3102,    77,   85000000,  203565970,        1,  118565970,  118565970
  3102,    78,   85000000,  241669533,        1,  156669533,  156669533
  3102,    79,   85000000,  269934642,        1,  184934642,  184934642
  3102,    80,   85000000,  397568756,        1,  312568756,  312568756
  3102,    81,   85000000,  358861676,        1,  273861676,  273861676
  3102,    82,   85000000,  320130961,        1,  235130961,  235130961
  3102,    83,   85000000,  281644666,        1,  196644666,  196644666
  3102,    84,   85000000,  242943306,        1,  157943306,  157943306
  3102,    85,   85000000,  204194705,        1,  119194705,  119194705
  3102,    86,   85000000,  173192409,        1,   88192409,   88192409
  3102,    87,   85000000,  134681138,        1,   49681138,   49681138
  3102,    88,   85000000,   96239390,        1,   11239390,   11239390
  3102,    89,   85000000,   57518188,        0,  -27481812,          0
  3102,    90,   85000000,  109822138,        1,   24822138,   24822138
  3102,    91,   85000000,   76609178,        0,   -8390822,          0
  3102,    92,   85000000,   92186368,        1,    7186368,    7186368
  3102,    93,   85000000,   75474414,        0,   -9525586,          0
  3102,    94,   85000000,   69992763,        0,  -15007237,          0
  3102,    95,   85000000,  349589257,        1,  264589257,  264589257
  3102,    96,   85000000,  311179501,        1,  226179501,  226179501
  3102,    97,   85000000,  272427905,        1,  187427905,  187427905
  3102,    98,   85000000,  272376589,        1,  187376589,  187376589
  3102,    99,   85000000,  233624794,        1,  148624794,  148624794
  3102,   100,   85000000,  311978362,        1,  226978362,  226978362
  3102,   101,   85000000,  333972327,        1,  248972327,  248972327
  3102,   102,   85000000,  334287463,        1,  249287463,  249287463
  3102,   103,   85000000,  388512819,        1,  303512819,  303512819
  3102,   104,   85000000,  426227014,        1,  341227014,  341227014
  3102,   105,   85000000,  387786601,        1,  302786601,  302786601
  3102,   106,   85000000,  349016995,        1,  264016995,  264016995
  3102,   107,   85000000,  327453637,        1,  242453637,  242453637
  3102,   108,   85000000,  289034673,        1,  204034673,  204034673
  3102,   109,   85000000,  315617805,        1,  230617805,  230617805
  3102,   110,   85000000,  276894559,        1,  191894559,  191894559
  3102,   111,   85000000,  238133076,        1,  153133076,  153133076
  3102,   112,   85000000,  199639975,        1,  114639975,  114639975
  3102,   113,   85000000,  160908811,        1,   75908811,   75908811
  3102,   114,   85000000,  122488595,        1,   37488595,   37488595
  3102,   115,   85000000,  119175857,        1,   34175857,   34175857
  3102,   116,   85000000,  145014469,        1,   60014469,   60014469
  3102,   117,   85000000,  106344891,        1,   21344891,   21344891
  3102,   118,   85000000,   67856848,        0,  -17143152,          0
  3102,   119,   85000000,  170924019,        1,   85924019,   85924019
  3102,   120,   85000000,  132449513,        1,   47449513,   47449513
  3102,   121,   85000000,   93688230,        1,    8688230,    8688230
# task NAME=myapp PID=3106 COST=32895000 PERIOD=64000000 CPU=0
  3106,     2,   64000000,      22233,        0,  -63977767,          0
  3106,     3,   64000000,     228940,        0,  -63771060,          0
  3106,     4,   64000000,   32654332,        0,  -31345668,          0
  3106,     5,   64000000,   40391877,        0,  -23608123,          0
  3106,     6,   64000000,   49549085,        0,  -14450915,          0
  3106,     7,   64000000,   66202083,        1,    2202083,    2202083
  3106,     8,   64000000,   59024680,        0,   -4975320,          0
  3106,     9,   64000000,  128073209,        1,   64073209,   64073209
  3106,    10,   64000000,   96592010,        1,   32592010,   32592010
  3106,    11,   64000000,   65388160,        1,    1388160,    1388160
  3106,    12,   64000000,   33869135,        0,  -30130865,          0
  3106,    13,   64000000,   61579708,        0,   -2420292,          0
  3106,    14,   64000000,   81204163,        1,   17204163,   17204163
  3106,    15,   64000000,  107944803,        1,   43944803,   43944803
  3106,    16,   64000000,   76452613,        1,   12452613,   12452613
  3106,    17,   64000000,   67987618,        1,    3987618,    3987618
  3106,    18,   64000000,  189051669,        1,  125051669,  125051669
  3106,    19,   64000000,  287140196,        1,  223140196,  223140196
  3106,    20,   64000000,  377718033,        1,  313718033,  313718033
  3106,    21,   64000000,  346243150,        1,  282243150,  282243150
  3106,    22,   64000000,  314737240,        1,  250737240,  250737240
  3106,    23,   64000000,  334974640,        1,  270974640,  270974640
  3106,    24,   64000000,  369561071,        1,  305561071,  305561071
  3106,    25,   64000000,  443715431,        1,  379715431,  379715431
  3106,    26,   64000000,  412238743,        1,  348238743,  348238743
  3106,    27,   64000000,  560040452,        1,  496040452,  496040452
  3106,    28,   64000000,  528572108,        1,  464572108,  464572108
  3106,    29,   64000000,  497111519,        1,  433111519,  433111519
  3106,    30,   64000000,  525668832,        1,  461668832,  461668832
  3106,    31,   64000000,  494218768,        1,  430218768,  430218768
  3106,    32,   64000000,  556643684,        1,  492643684,  492643684
  3106,    33,   64000000,  525421788,        1,  461421788,  461421788
  3106,    34,   64000000,  493984559,        1,  429984559,  429984559
  3106,    35,   64000000,  486136537,        1,  422136537,  422136537
  3106,    36,   64000000,  455516508,        1,  391516508,  391516508
  3106,    37,   64000000,  424560793,        1,  360560793,  360560793
  3106,    38,   64000000,  398689127,        1,  334689127,  334689127
  3106,    39,   64000000,  367196000,        1,  303196000,  303196000
  3106,    40,   64000000,  566873289,        1,  502873289,  502873289
  3106,    41,   64000000,  618558983,        1,  554558983,  554558983
  3106,    42,   64000000,  587420143,        1,  523420143,  523420143
  3106,    43,   64000000,  610524616,        1,  546524616,  546524616
  3106,    44,   64000000,  675365536,        1,  611365536,  611365536
  3106,    45,   64000000,  676606948,        1,  612606948,  612606948
  3106,    46,   64000000,  645128592,        1,  581128592,  581128592
  3106,    47,   64000000,  661084881,        1,  597084881,  597084881
  3106,    48,   64000000,  629589063,        1,  565589063,  565589063
  3106,    49,   64000000,  625408796,        1,  561408796,  561408796
  3106,    50,   64000000,  752543800,        1,  688543800,  688543800
  3106,    51,   64000000,  768100519,        1,  704100519,  704100519
  3106,    52,   64000000,  737138550,        1,  673138550,  673138550
  3106,    53,   64000000,  706217043,        1,  642217043,  642217043
  3106,    54,   64000000,  675575603,        1,  611575603,  611575603
  3106,    55,   64000000,  644651006,        1,  580651006,  580651006
  3106,    56,   64000000,  627869514,        1,  563869514,  563869514
  3106,    57,   64000000,  803727029,        1,  739727029,  739727029
  3106,    58,   64000000,  829238046,        1,  765238046,  765238046
  3106,    59,   64000000,  798298014,        1,  734298014,  734298014
  3106,    60,   64000000,  767414203,        1,  703414203,  703414203
  3106,    61,   64000000,  736226885,        1,  672226885,  672226885
  3106,    62,   64000000,  704974732,        1,  640974732,  640974732
  3106,    63,   64000000,  677880755,        1,  613880755,  613880755
  3106,    64,   64000000,  646412475,        1,  582412475,  582412475
  3106,    65,   64000000,  729588043,        1,  665588043,  665588043
  3106,    66,   64000000,  770280927,        1,  706280927,  706280927
  3106,    67,   64000000,  739059268,        1,  675059268,  675059268
  3106,    68,   64000000,  707538345,        1,  643538345,  643538345
  3106,    69,   64000000,  676021812,        1,  612021812,  612021812
  3106,    70,   64000000,  644803202,        1,  580803202,  580803202
  3106,    71,   64000000,  613316057,        1,  549316057,  549316057
  3106,    72,   64000000,  581802154,        1,  517802154,  517802154
  3106,    73,   64000000,  550302701,        1,  486302701,  486302701
  3106,    74,   64000000,  519077682,        1,  455077682,  455077682
  3106,    75,   64000000,  571367539,        1,  507367539,  507367539
  3106,    76,   64000000,  539895576,        1,  475895576,  475895576
  3106,    77,   64000000,  632446912,        1,  568446912,  568446912
  3106,    78,   64000000,  698215032,        1,  634215032,  634215032
  3106,    79,   64000000,  666741367,        1,  602741367,  602741367
  3106,    80,   64000000,  635548107,        1,  571548107,  571548107
  3106,    81,   64000000,  604103043,        1,  540103043,  540103043
  3106,    82,   64000000,  572632387,        1,  508632387,  508632387
  3106,    83,   64000000,  541152955,        1,  477152955,  477152955
  3106,    84,   64000000,  512623594,        1,  448623594,  448623594
  3106,    85,   64000000,  481146128,        1,  417146128,  417146128
  3106,    86,   64000000,  455063253,        1,  391063253,  391063253
  3106,    87,   64000000,  423630381,        1,  359630381,  359630381
  3106,    88,   64000000,  444179268,        1,  380179268,  380179268
  3106,    89,   64000000,  412723619,        1,  348723619,  348723619
  3106,    90,   64000000,  435143249,        1,  371143249,  371143249
  3106,    91,   64000000,  403684236,        1,  339684236,  339684236
  3106,    92,   64000000,  472309213,        1,  408309213,  408309213
  3106,    93,   64000000,  488381390,        1,  424381390,  424381390
  3106,    94,   64000000,  595355998,        1,  531355998,  531355998
  3106,    95,   64000000,  623657852,        1,  559657852,  559657852
  3106,    96,   64000000,  592174644,        1,  528174644,  528174644
  3106,    97,   64000000,  560937785,        1,  496937785,  496937785
  3106,    98,   64000000,  533210234,        1,  469210234,  469210234
  3106,    99,   64000000,  757253277,        1,  693253277,  693253277
  3106,   100,   64000000,  749301792,        1,  685301792,  685301792
  3106,   101,   64000000,  717831692,        1,  653831692,  653831692
  3106,   102,   64000000,  686364282,        1,  622364282,  622364282
  3106,   103,   64000000,  703238283,        1,  639238283,  639238283
  3106,   104,   64000000,  716065283,        1,  652065283,  652065283
  3106,   105,   64000000,  684566235,        1,  620566235,  620566235
  3106,   106,   64000000,  653053842,        1,  589053842,  589053842
  3106,   107,   64000000,  621549012,        1,  557549012,  557549012
  3106,   108,   64000000,  590347381,        1,  526347381,  526347381
  3106,   109,   64000000,  558857975,        1,  494857975,  494857975
  3106,   110,   64000000,  527643509,        1,  463643509,  463643509
  3106,   111,   64000000,  497156230,        1,  433156230,  433156230
  3106,   112,   64000000,  469772225,        1,  405772225,  405772225
  3106,   113,   64000000,  438339254,        1,  374339254,  374339254
  3106,   114,   64000000,  477763608,        1,  413763608,  413763608
  3106,   115,   64000000,  480270693,        1,  416270693,  416270693
  3106,   116,   64000000,  530760578,        1,  466760578,  466760578
  3106,   117,   64000000,  499302754,        1,  435302754,  435302754
  3106,   118,   64000000,  468122009,        1,  404122009,  404122009
  3106,   119,   64000000,  436639485,        1,  372639485,  372639485
  3106,   120,   64000000,  405143134,        1,  341143134,  341143134
  3106,   121,   64000000,  373643190,        1,  309643190,  309643190
  3106,   122,   64000000,  342431612,        1,  278431612,  278431612
  3106,   123,   64000000,  314919867,        1,  250919867,  250919867
  3106,   124,   64000000,  283427397,        1,  219427397,  219427397
  3106,   125,   64000000,  267533521,        1,  203533521,  203533521
  3106,   126,   64000000,  236050409,        1,  172050409,  172050409
  3106,   127,   64000000,  237597488,        1,  173597488,  173597488
  3106,   128,   64000000,  206407608,        1,  142407608,  142407608
  3106,   129,   64000000,  254996638,        1,  190996638,  190996638
  3106,   130,   64000000,  226910888,        1,  162910888,  162910888
  3106,   131,   64000000,  196431742,        1,  132431742,  132431742
  3106,   132,   64000000,  165970162,        1,  101970162,  101970162
  3106,   133,   64000000,  135220309,        1,   71220309,   71220309
  3106,   134,   64000000,  139446656,        1,   75446656,   75446656
  3106,   135,   64000000,  149651404,        1,   85651404,   85651404
  3106,   136,   64000000,  168851225,        1,  104851225,  104851225
  3106,   137,   64000000,  204253653,        1,  140253653,  140253653
  3106,   138,   64000000,  209358227,        1,  145358227,  145358227
  3106,   139,   64000000,  182086818,        1,  118086818,  118086818
  3106,   140,   64000000,  150617626,        1,   86617626,   86617626
  3106,   141,   64000000,  124131035,        1,   60131035,   60131035
  3106,   142,   64000000,   92618276,        1,   28618276,   28618276
  3106,   143,   64000000,   69696620,        1,    5696620,    5696620
  3106,   144,   64000000,   96408351,        1,   32408351,   32408351
  3106,   145,   64000000,   66717625,        1,    2717625,    2717625
  3106,   146,   64000000,   35571912,        0,  -28428088,          0
  3106,   147,   64000000,  251544962,        1,  187544962,  187544962
  3106,   148,   64000000,  246153120,        1,  182153120,  182153120
  3106,   149,   64000000,  296366586,        1,  232366586,  232366586
  3106,   150,   64000000,  274062392,        1,  210062392,  210062392
  3106,   151,   64000000,  242573874,        1,  178573874,  178573874
  3106,   152,   64000000,  211086753,        1,  147086753,  147086753
  3106,   153,   64000000,  179609173,        1,  115609173,  115609173
  3106,   154,   64000000,  148414581,        1,   84414581,   84414581
  3106,   155,   64000000,  150588323,        1,   86588323,   86588323
  3106,   156,   64000000,  119118086,        1,   55118086,   55118086
  3106,   157,   64000000,   87907955,        1,   23907955,   23907955
  3106,   158,   64000000,   58127264,        0,   -5872736,          0
  3106,   159,   64000000,   45504742,        0,  -18495258,          0
  3106,   160,   64000000,   78105221,        1,   14105221,   14105221
# task NAME=myapp PID=3109 COST=45650000 PERIOD=55000000 CPU=0
  3109,     2,   55000000,      14599,        0,  -54985401,          0
  3109,     3,   55000000,     223272,        0,  -54776728,          0
  3109,     4,   55000000,   57938113,        1,    2938113,    2938113
  3109,     5,   55000000,   48097939,        0,   -6902061,          0
  3109,     6,   55000000,   46354223,        0,   -8645777,          0
  3109,     7,   55000000,   79795650,        1,   24795650,   24795650
  3109,     8,   55000000,   70218946,        1,   15218946,   15218946
  3109,     9,   55000000,   60363427,        1,    5363427,    5363427
  3109,    10,   55000000,   50747851,        0,   -4252149,          0
  3109,    11,   55000000,   73558292,        1,   18558292,   18558292
  3109,    12,   55000000,   63943151,        1,    8943151,    8943151
  3109,    13,   55000000,   84472983,        1,   29472983,   29472983
  3109,    14,   55000000,  124041946,        1,   69041946,   69041946
  3109,    15,   55000000,  199363997,        1,  144363997,  144363997
  3109,    16,   55000000,  189478438,        1,  134478438,  134478438
  3109,    17,   55000000,  179864907,        1,  124864907,  124864907
  3109,    18,   55000000,  170033428,        1,  115033428,  115033428
  3109,    19,   55000000,  160136818,        1,  105136818,  105136818
  3109,    20,   55000000,  150701915,        1,   95701915,   95701915
  3109,    21,   55000000,  141686087,        1,   86686087,   86686087
  3109,    22,   55000000,  158389259,        1,  103389259,  103389259
  3109,    23,   55000000,  364439259,        1,  309439259,  309439259
  3109,    24,   55000000,  455135849,        1,  400135849,  400135849
  3109,    25,   55000000,  569035313,        1,  514035313,  514035313
  3109,    26,   55000000,  574121793,        1,  519121793,  519121793
  3109,    27,   55000000,  564268382,        1,  509268382,  509268382
  3109,    28,   55000000,  630044219,        1,  575044219,  575044219
  3109,    29,   55000000,  810876216,        1,  755876216,  755876216
  3109,    30,   55000000,  801057091,        1,  746057091,  746057091
  3109,    31,   55000000,  986146686,        1,  931146686,  931146686
  3109,    32,   55000000,  976527287,        1,  921527287,  921527287
  3109,    33,   55000000,  966598155,        1,  911598155,  911598155
  3109,    34,   55000000,  956718302,        1,  901718302,  901718302
  3109,    35,   55000000,  947094585,        1,  892094585,  892094585
  3109,    36,   55000000,  937198874,        1,  882198874,  882198874
  3109,    37,   55000000,  927338152,        1,  872338152,  872338152
  3109,    38,   55000000,  917720929,        1,  862720929,  862720929
  3109,    39,   55000000,  907802332,        1,  852802332,  852802332
  3109,    40,   55000000,  898210038,        1,  843210038,  843210038
  3109,    41,   55000000,  960439348,        1,  905439348,  905439348
  3109,    42,   55000000,  950856621,        1,  895856621,  895856621
  3109,    43,   55000000,  970575425,        1,  915575425,  915575425
  3109,    44,   55000000,  966972798,        1,  911972798,  911972798
  3109,    45,   55000000, 1028248344,        1,  973248344,  973248344
  3109,    46,   55000000, 1173665553,        1, 1118665553, 1118665553
  3109,    47,   55000000, 1164045769,        1, 1109045769, 1109045769
  3109,    48,   55000000, 1154188100,        1, 1099188100, 1099188100
  3109,    49,   55000000, 1144326757,        1, 1089326757, 1089326757
  3109,    50,   55000000, 1134717448,        1, 1079717448, 1079717448
  3109,    51,   55000000, 1124805223,        1, 1069805223, 1069805223
  3109,    52,   55000000, 1115191550,        1, 1060191550, 1060191550
  3109,    53,   55000000, 1105321191,        1, 1050321191, 1050321191
  3109,    54,   55000000, 1095428137,        1, 1040428137, 1040428137
  3109,    55,   55000000, 1085794654,        1, 1030794654, 1030794654
  3109,    56,   55000000, 1076514209,        1, 1021514209, 1021514209
  3109,    57,   55000000, 1135223737,        1, 1080223737, 1080223737
  3109,    58,   55000000, 1134475370,        1, 1079475370, 1079475370
  3109,    59,   55000000, 1125638171,        1, 1070638171, 1070638171
  3109,    60,   55000000, 1363837926,        1, 1308837926, 1308837926
  3109,    61,   55000000, 1353987275,        1, 1298987275, 1298987275
  3109,    62,   55000000, 1344419616,        1, 1289419616, 1289419616
  3109,    63,   55000000, 1334517120,        1, 1279517120, 1279517120
  3109,    64,   55000000, 1324883517,        1, 1269883517, 1269883517
  3109,    65,   55000000, 1314967168,        1, 1259967168, 1259967168
  3109,    74,   55000000, 1528223826,        1, 1473223826, 1473223826
  3109,    75,   55000000, 1518321350,        1, 1463321350, 1463321350
  3109,    76,   55000000, 1671121345,        1, 1616121345, 1616121345
