# Task,   Job,     Period,   Response, DL Miss?,   Lateness,  Tardiness
# task NAME=myapp PID=4340 COST=48991000 PERIOD=78000000 CPU=0
  4340,     2,   78000000,      14288,        0,  -77985712,          0
  4340,     3,   78000000,      56791,        0,  -77943209,          0
  4340,     4,   78000000,   48823200,        0,  -29176800,          0
  4340,     5,   78000000,   48529599,        0,  -29470401,          0
  4340,     6,   78000000,   48534639,        0,  -29465361,          0
  4340,     7,   78000000,   51303387,        0,  -26696613,          0
  4340,     8,   78000000,   48560294,        0,  -29439706,          0
  4340,     9,   78000000,   48726074,        0,  -29273926,          0
  4340,    10,   78000000,   48819416,        0,  -29180584,          0
  4340,    11,   78000000,   48541263,        0,  -29458737,          0
  4340,    12,   78000000,   48874628,        0,  -29125372,          0
  4340,    13,   78000000,   48939257,        0,  -29060743,          0
  4340,    14,   78000000,   48562041,        0,  -29437959,          0
  4340,    15,   78000000,   52105403,        0,  -25894597,          0
  4340,    16,   78000000,   48553707,        0,  -29446293,          0
  4340,    17,   78000000,   48594836,        0,  -29405164,          0
  4340,    18,   78000000,   48835901,        0,  -29164099,          0
  4340,    19,   78000000,   48565991,        0,  -29434009,          0
  4340,    20,   78000000,   48906074,        0,  -29093926,          0
  4340,    21,   78000000,   49245781,        0,  -28754219,          0
  4340,    22,   78000000,   48536971,        0,  -29463029,          0
  4340,    23,   78000000,   48844542,        0,  -29155458,          0
  4340,    24,   78000000,   48567165,        0,  -29432835,          0
  4340,    25,   78000000,   48548752,        0,  -29451248,          0
  4340,    26,   78000000,   48901410,        0,  -29098590,          0
  4340,    27,   78000000,   48544767,        0,  -29455233,          0
  4340,    28,   78000000,   48825240,        0,  -29174760,          0
  4340,    29,   78000000,   49442724,        0,  -28557276,          0
  4340,    30,   78000000,   48653460,        0,  -29346540,          0
  4340,    31,   78000000,   48841762,        0,  -29158238,          0
  4340,    32,   78000000,   48554450,        0,  -29445550,          0
  4340,    33,   78000000,   48601926,        0,  -29398074,          0
  4340,    34,   78000000,   48833250,        0,  -29166750,          0
  4340,    35,   78000000,   48516589,        0,  -29483411,          0
  4340,    36,   78000000,   48799998,        0,  -29200002,          0
  4340,    37,   78000000,   48543765,        0,  -29456235,          0
  4340,    38,   78000000,   48562839,        0,  -29437161,          0
  4340,    39,   78000000,   48834996,        0,  -29165004,          0
  4340,    40,   78000000,   48528331,        0,  -29471669,          0
  4340,    41,   78000000,   48547398,        0,  -29452602,          0
  4340,    42,   78000000,   48828351,        0,  -29171649,          0
  4340,    43,   78000000,   48539253,        0,  -29460747,          0
  4340,    44,   78000000,   48826097,        0,  -29173903,          0
  4340,    45,   78000000,   48541740,        0,  -29458260,          0
  4340,    46,   78000000,   48535412,        0,  -29464588,          0
  4340,    47,   78000000,   48867574,        0,  -29132426,          0
  4340,    48,   78000000,   48779475,        0,  -29220525,          0
  4340,    49,   78000000,   53179333,        0,  -24820667,          0
  4340,    50,   78000000,   48848860,        0,  -29151140,          0
  4340,    51,   78000000,   48560735,        0,  -29439265,          0
  4340,    52,   78000000,   48871414,        0,  -29128586,          0
  4340,    53,   78000000,   48532156,        0,  -29467844,          0
  4340,    54,   78000000,   48556005,        0,  -29443995,          0
  4340,    55,   78000000,   51914049,        0,  -26085951,          0
  4340,    56,   78000000,   48537974,        0,  -29462026,          0
  4340,    57,   78000000,   48542543,        0,  -29457457,          0
  4340,    58,   78000000,   54222542,        0,  -23777458,          0
  4340,    59,   78000000,   48541376,        0,  -29458624,          0
  4340,    60,   78000000,   48828709,        0,  -29171291,          0
  4340,    61,   78000000,   48537073,        0,  -29462927,          0
  4340,    62,   78000000,   49683587,        0,  -28316413,          0
  4340,    63,   78000000,   48856232,        0,  -29143768,          0
  4340,    64,   78000000,   48561176,        0,  -29438824,          0
  4340,    65,   78000000,   48541321,        0,  -29458679,          0
  4340,    66,   78000000,   48825727,        0,  -29174273,          0
  4340,    67,   78000000,   48745999,        0,  -29254001,          0
  4340,    68,   78000000,   54167781,        0,  -23832219,          0
  4340,    69,   78000000,   48592546,        0,  -29407454,          0
  4340,    70,   78000000,   48848947,        0,  -29151053,          0
  4340,    71,   78000000,   48824383,        0,  -29175617,          0
  4340,    72,   78000000,   48547526,        0,  -29452474,          0
  4340,    73,   78000000,   48666944,        0,  -29333056,          0
  4340,    74,   78000000,   48828143,        0,  -29171857,          0
  4340,    75,   78000000,   67862914,        0,  -10137086,          0
  4340,    76,   78000000,   48842312,        0,  -29157688,          0
  4340,    77,   78000000,   48614024,        0,  -29385976,          0
  4340,    78,   78000000,   48551065,        0,  -29448935,          0
  4340,    79,   78000000,   49201178,        0,  -28798822,          0
  4340,    80,   78000000,   48526563,        0,  -29473437,          0
  4340,    81,   78000000,   48538149,        0,  -29461851,          0
  4340,    82,   78000000,   48875114,        0,  -29124886,          0
  4340,    83,   78000000,   48627453,        0,  -29372547,          0
  4340,    84,   78000000,   48893945,        0,  -29106055,          0
  4340,    85,   78000000,   48665416,        0,  -29334584,          0
  4340,    86,   78000000,   48630689,        0,  -29369311,          0
  4340,    87,   78000000,   48903142,        0,  -29096858,          0
  4340,    88,   78000000,   49708689,        0,  -28291311,          0
  4340,    89,   78000000,   48602781,        0,  -29397219,          0
  4340,    90,   78000000,   48917362,        0,  -29082638,          0
  4340,    91,   78000000,   48607827,        0,  -29392173,          0
  4340,    92,   78000000,   48882962,        0,  -29117038,          0
  4340,    93,   78000000,   48595387,        0,  -29404613,          0
  4340,    94,   78000000,   48612257,        0,  -29387743,          0
  4340,    95,   78000000,   48886302,        0,  -29113698,          0
  4340,    96,   78000000,   48596038,        0,  -29403962,          0
  4340,    97,   78000000,   48878898,        0,  -29121102,          0
  4340,    98,   78000000,   48881994,        0,  -29118006,          0
  4340,    99,   78000000,   48595025,        0,  -29404975,          0
  4340,   100,   78000000,   48905133,        0,  -29094867,          0
  4340,   101,   78000000,   48594151,        0,  -29405849,          0
  4340,   102,   78000000,   48649781,        0,  -29350219,          0
  4340,   103,   78000000,   49374495,        0,  -28625505,          0
  4340,   104,   78000000,   48581604,        0,  -29418396,          0
  4340,   105,   78000000,   48877732,        0,  -29122268,          0
  4340,   106,   78000000,   48948055,        0,  -29051945,          0
  4340,   107,   78000000,   48601238,        0,  -29398762,          0
  4340,   108,   78000000,   48870168,        0,  -29129832,          0
  4340,   109,   78000000,   48544984,        0,  -29455016,          0
  4340,   110,   78000000,   48592100,        0,  -29407900,          0
  4340,   111,   78000000,   48868136,        0,  -29131864,          0
  4340,   112,   78000000,   48578691,        0,  -29421309,          0
  4340,   113,   78000000,   48898233,        0,  -29101767,          0
  4340,   114,   78000000,   48580414,        0,  -29419586,          0
  4340,   115,   78000000,   48583580,        0,  -29416420,          0
  4340,   116,   78000000,   48860790,        0,  -29139210,          0
  4340,   117,   78000000,   48584263,        0,  -29415737,          0
  4340,   118,   78000000,   48618708,        0,  -29381292,          0
  4340,   119,   78000000,   48856110,        0,  -29143890,          0
  4340,   120,   78000000,   48579965,        0,  -29420035,          0
  4340,   121,   78000000,   48856495,        0,  -29143505,          0
  4340,   122,   78000000,   48575478,        0,  -29424522,          0
  4340,   123,   78000000,   48599881,        0,  -29400119,          0
  4340,   124,   78000000,   48841461,        0,  -29158539,          0
  4340,   125,   78000000,   48577866,        0,  -29422134,          0
  4340,   126,   78000000,   48574708,        0,  -29425292,          0
  4340,   127,   78000000,   48893166,        0,  -29106834,          0
  4340,   128,   78000000,   48616784,        0,  -29383216,          0
  4340,   129,   78000000,   49037338,        0,  -28962662,          0
  4340,   130,   78000000,   48956213,        0,  -29043787,          0
  4340,   131,   78000000,   48578957,        0,  -29421043,          0
  4340,   132,   78000000,   48873730,        0,  -29126270,          0
# task NAME=myapp PID=4343 COST=29380000 PERIOD=79000000 CPU=0
  4343,     2,   79000000,      24696,        0,  -78975304,          0
  4343,     3,   79000000,      63276,        0,  -78936724,          0
  4343,     4,   79000000,   29470530,        0,  -49529470,          0
  4343,     5,   79000000,   29169888,        0,  -49830112,          0
  4343,     6,   79000000,   29240719,        0,  -49759281,          0
  4343,     7,   79000000,   38473087,        0,  -40526913,          0
  4343,     8,   79000000,   29219867,        0,  -49780133,          0
  4343,     9,   79000000,   29150761,        0,  -49849239,          0
  4343,    10,   79000000,   29747282,        0,  -49252718,          0
  4343,    11,   79000000,   29166305,        0,  -49833695,          0
  4343,    12,   79000000,   29187026,        0,  -49812974,          0
  4343,    13,   79000000,   29163903,        0,  -49836097,          0
  4343,    14,   79000000,   29146970,        0,  -49853030,          0
  4343,    15,   79000000,   29483516,        0,  -49516484,          0
  4343,    16,   79000000,   29147503,        0,  -49852497,          0
  4343,    17,   79000000,   29888095,        0,  -49111905,          0
  4343,    18,   79000000,   29433048,        0,  -49566952,          0
  4343,    19,   79000000,   36074174,        0,  -42925826,          0
  4343,    20,   79000000,   31521666,        0,  -47478334,          0
  4343,    21,   79000000,   46441280,        0,  -32558720,          0
  4343,    22,   79000000,   29318300,        0,  -49681700,          0
  4343,    23,   79000000,   37454407,        0,  -41545593,          0
  4343,    24,   79000000,   29278383,        0,  -49721617,          0
  4343,    25,   79000000,   37820500,        0,  -41179500,          0
  4343,    26,   79000000,   33355298,        0,  -45644702,          0
  4343,    27,   79000000,   40528794,        0,  -38471206,          0
  4343,    28,   79000000,   33243217,        0,  -45756783,          0
  4343,    29,   79000000,   29428746,        0,  -49571254,          0
  4343,    30,   79000000,   29435005,        0,  -49564995,          0
  4343,    31,   79000000,   29398034,        0,  -49601966,          0
  4343,    32,   79000000,   29186497,        0,  -49813503,          0
  4343,    33,   79000000,   29152770,        0,  -49847230,          0
  4343,    34,   79000000,   29404994,        0,  -49595006,          0
  4343,    35,   79000000,   29182753,        0,  -49817247,          0
  4343,    36,   79000000,   29351401,        0,  -49648599,          0
  4343,    37,   79000000,   29430933,        0,  -49569067,          0
  4343,    38,   79000000,   30859002,        0,  -48140998,          0
  4343,    39,   79000000,   29150656,        0,  -49849344,          0
  4343,    40,   79000000,   30680921,        0,  -48319079,          0
  4343,    41,   79000000,   29154386,        0,  -49845614,          0
  4343,    42,   79000000,   29493108,        0,  -49506892,          0
  4343,    43,   79000000,   29192852,        0,  -49807148,          0
  4343,    44,   79000000,   41978960,        0,  -37021040,          0
  4343,    45,   79000000,   29528127,        0,  -49471873,          0
  4343,    46,   79000000,   29187218,        0,  -49812782,          0
  4343,    47,   79000000,   29153285,        0,  -49846715,          0
  4343,    48,   79000000,   29453972,        0,  -49546028,          0
  4343,    49,   79000000,   29230790,        0,  -49769210,          0
  4343,    50,   79000000,   29159420,        0,  -49840580,          0
  4343,    51,   79000000,   29176316,        0,  -49823684,          0
  4343,    52,   79000000,   29147480,        0,  -49852520,          0
  4343,    53,   79000000,   29966378,        0,  -49033622,          0
  4343,    54,   79000000,   29155366,        0,  -49844634,          0
  4343,    55,   79000000,   30056094,        0,  -48943906,          0
  4343,    56,   79000000,   34709569,        0,  -44290431,          0
  4343,    57,   79000000,   29143662,        0,  -49856338,          0
  4343,    58,   79000000,   29153362,        0,  -49846638,          0
  4343,    59,   79000000,   29774661,        0,  -49225339,          0
  4343,    60,   79000000,   29177834,        0,  -49822166,          0
  4343,    61,   79000000,   29433037,        0,  -49566963,          0
  4343,    62,   79000000,   29151284,        0,  -49848716,          0
  4343,    63,   79000000,   32581351,        0,  -46418649,          0
  4343,    64,   79000000,   29440514,        0,  -49559486,          0
  4343,    65,   79000000,   29167903,        0,  -49832097,          0
  4343,    66,   79000000,   31427800,        0,  -47572200,          0
  4343,    67,   79000000,   29439786,        0,  -49560214,          0
  4343,    68,   79000000,   29156891,        0,  -49843109,          0
  4343,    69,   79000000,   29460460,        0,  -49539540,          0
  4343,    70,   79000000,   29186277,        0,  -49813723,          0
  4343,    71,   79000000,   29159075,        0,  -49840925,          0
  4343,    72,   79000000,   29449716,        0,  -49550284,          0
  4343,    73,   79000000,   29246353,        0,  -49753647,          0
  4343,    74,   79000000,   29193546,        0,  -49806454,          0
  4343,    75,   79000000,   29429379,        0,  -49570621,          0
  4343,    76,   79000000,   29154169,        0,  -49845831,          0
  4343,    77,   79000000,   29162539,        0,  -49837461,          0
  4343,    78,   79000000,   29454908,        0,  -49545092,          0
  4343,    79,   79000000,   29185684,        0,  -49814316,          0
  4343,    80,   79000000,   29181922,        0,  -49818078,          0
  4343,    81,   79000000,   39055014,        0,  -39944986,          0
  4343,    82,   79000000,   31719959,        0,  -47280041,          0
  4343,    83,   79000000,   29451922,        0,  -49548078,          0
  4343,    84,   79000000,   29138954,        0,  -49861046,          0
  4343,    85,   79000000,   29186580,        0,  -49813420,          0
  4343,    86,   79000000,   29415952,        0,  -49584048,          0
  4343,    87,   79000000,   29290868,        0,  -49709132,          0
  4343,    88,   79000000,   29136308,        0,  -49863692,          0
  4343,    89,   79000000,   29142636,        0,  -49857364,          0
  4343,    90,   79000000,   32898543,        0,  -46101457,          0
  4343,    91,   79000000,   39093818,        0,  -39906182,          0
  4343,    92,   79000000,   30455670,        0,  -48544330,          0
  4343,    93,   79000000,   29139750,        0,  -49860250,          0
  4343,    94,   79000000,   29453113,        0,  -49546887,          0
  4343,    95,   79000000,   32399064,        0,  -46600936,          0
  4343,    96,   79000000,   29181739,        0,  -49818261,          0
  4343,    97,   79000000,   29215376,        0,  -49784624,          0
  4343,    98,   79000000,   29191001,        0,  -49808999,          0
  4343,    99,   79000000,   30380380,        0,  -48619620,          0
  4343,   100,   79000000,   30810535,        0,  -48189465,          0
  4343,   101,   79000000,   29144625,        0,  -49855375,          0
  4343,   102,   79000000,   29766184,        0,  -49233816,          0
  4343,   103,   79000000,   29227910,        0,  -49772090,          0
  4343,   104,   79000000,   32143541,        0,  -46856459,          0
  4343,   105,   79000000,   29413698,        0,  -49586302,          0
  4343,   106,   79000000,   29590169,        0,  -49409831,          0
  4343,   107,   79000000,   29131838,        0,  -49868162,          0
  4343,   108,   79000000,   29136698,        0,  -49863302,          0
  4343,   109,   79000000,   30660694,        0,  -48339306,          0
  4343,   110,   79000000,   29420638,        0,  -49579362,          0
  4343,   111,   79000000,   29113539,        0,  -49886461,          0
  4343,   112,   79000000,   29127559,        0,  -49872441,          0
  4343,   113,   79000000,   29420303,        0,  -49579697,          0
  4343,   114,   79000000,   29227208,        0,  -49772792,          0
  4343,   115,   79000000,   29233036,        0,  -49766964,          0
  4343,   116,   79000000,   29186799,        0,  -49813201,          0
  4343,   117,   79000000,   29145715,        0,  -49854285,          0
  4343,   118,   79000000,   29172460,        0,  -49827540,          0
  4343,   119,   79000000,   29128750,        0,  -49871250,          0
  4343,   120,   79000000,   34810366,        0,  -44189634,          0
  4343,   121,   79000000,   31156547,        0,  -47843453,          0
  4343,   122,   79000000,   29140238,        0,  -49859762,          0
  4343,   123,   79000000,   31865106,        0,  -47134894,          0
  4343,   124,   79000000,   29496605,        0,  -49503395,          0
  4343,   125,   79000000,   31124553,        0,  -47875447,          0
  4343,   126,   79000000,   29134228,        0,  -49865772,          0
  4343,   127,   79000000,   29151614,        0,  -49848386,          0
  4343,   128,   79000000,   29132163,        0,  -49867837,          0
  4343,   129,   79000000,   29431611,        0,  -49568389,          0
  4343,   130,   79000000,   29148074,        0,  -49851926,          0
