# Task,   Job,     Period,   Response, DL Miss?,   Lateness,  Tardiness
# task NAME=myapp PID=24923 COST=48070000 PERIOD=88000000 CPU=0
 24923,     2,   88000000,      21989,        0,  -87978011,          0
 24923,     3,   88000000,      62903,        0,  -87937097,          0
 24923,     4,   88000000,   47805612,        0,  -40194388,          0
 24923,     5,   88000000,   50592147,        0,  -37407853,          0
 24923,     6,   88000000,   47575301,        0,  -40424699,          0
 24923,     7,   88000000,   47810497,        0,  -40189503,          0
 24923,     8,   88000000,   47524402,        0,  -40475598,          0
 24923,     9,   88000000,   47661647,        0,  -40338353,          0
 24923,    10,   88000000,   47897218,        0,  -40102782,          0
 24923,    11,   88000000,   47826800,        0,  -40173200,          0
 24923,    12,   88000000,   50087602,        0,  -37912398,          0
 24923,    13,   88000000,   47538147,        0,  -40461853,          0
 24923,    14,   88000000,   53903454,        0,  -34096546,          0
 24923,    15,   88000000,   47579286,        0,  -40420714,          0
 24923,    16,   88000000,   54870806,        0,  -33129194,          0
 24923,    17,   88000000,   47809343,        0,  -40190657,          0
 24923,    18,   88000000,   47536116,        0,  -40463884,          0
 24923,    19,   88000000,   47611638,        0,  -40388362,          0
 24923,    20,   88000000,   47512555,        0,  -40487445,          0
 24923,    21,   88000000,   47798204,        0,  -40201796,          0
 24923,    22,   88000000,   47600892,        0,  -40399108,          0
 24923,    23,   88000000,   47538648,        0,  -40461352,          0
 24923,    24,   88000000,   48460654,        0,  -39539346,          0
 24923,    25,   88000000,   47568566,        0,  -40431434,          0
 24923,    26,   88000000,   47503000,        0,  -40497000,          0
 24923,    27,   88000000,   47804218,        0,  -40195782,          0
 24923,    28,   88000000,   48082658,        0,  -39917342,          0
 24923,    29,   88000000,   47556347,        0,  -40443653,          0
 24923,    30,   88000000,   49560466,        0,  -38439534,          0
 24923,    31,   88000000,   48082935,        0,  -39917065,          0
 24923,    32,   88000000,   47535345,        0,  -40464655,          0
 24923,    33,   88000000,   47555354,        0,  -40444646,          0
 24923,    34,   88000000,   47838179,        0,  -40161821,          0
 24923,    35,   88000000,   47524900,        0,  -40475100,          0
 24923,    36,   88000000,   47519998,        0,  -40480002,          0
 24923,    37,   88000000,   47844147,        0,  -40155853,          0
 24923,    38,   88000000,   47845303,        0,  -40154697,          0
 24923,    39,   88000000,   48234783,        0,  -39765217,          0
 24923,    40,   88000000,   47759719,        0,  -40240281,          0
 24923,    41,   88000000,   47838607,        0,  -40161393,          0
 24923,    42,   88000000,   47530971,        0,  -40469029,          0
 24923,    43,   88000000,   47586875,        0,  -40413125,          0
 24923,    44,   88000000,   47844074,        0,  -40155926,          0
 24923,    45,   88000000,   47604407,        0,  -40395593,          0
 24923,    46,   88000000,   47533566,        0,  -40466434,          0
 24923,    47,   88000000,   48429675,        0,  -39570325,          0
 24923,    48,   88000000,   47845834,        0,  -40154166,          0
 24923,    49,   88000000,   47655030,        0,  -40344970,          0
 24923,    50,   88000000,   48676900,        0,  -39323100,          0
 24923,    51,   88000000,   47885021,        0,  -40114979,          0
 24923,    52,   88000000,   47569358,        0,  -40430642,          0
 24923,    53,   88000000,   47550892,        0,  -40449108,          0
 24923,    54,   88000000,   47855497,        0,  -40144503,          0
 24923,    55,   88000000,   47840976,        0,  -40159024,          0
 24923,    56,   88000000,   47530489,        0,  -40469511,          0
 24923,    57,   88000000,   48394832,        0,  -39605168,          0
 24923,    58,   88000000,   48490444,        0,  -39509556,          0
 24923,    59,   88000000,   47532474,        0,  -40467526,          0
 24923,    60,   88000000,   47535781,        0,  -40464219,          0
 24923,    61,   88000000,   47796368,        0,  -40203632,          0
 24923,    62,   88000000,   47599949,        0,  -40400051,          0
 24923,    63,   88000000,   47566693,        0,  -40433307,          0
 24923,    64,   88000000,   47847684,        0,  -40152316,          0
 24923,    65,   88000000,   48712967,        0,  -39287033,          0
 24923,    66,   88000000,   47649116,        0,  -40350884,          0
 24923,    67,   88000000,   47553389,        0,  -40446611,          0
 24923,    68,   88000000,   47810966,        0,  -40189034,          0
 24923,    69,   88000000,   47511998,        0,  -40488002,          0
 24923,    70,   88000000,   50871986,        0,  -37128014,          0
 24923,    71,   88000000,   47800487,        0,  -40199513,          0
 24923,    72,   88000000,   49616376,        0,  -38383624,          0
 24923,    73,   88000000,   47524852,        0,  -40475148,          0
 24923,    74,   88000000,   47522539,        0,  -40477461,          0
 24923,    75,   88000000,   48846182,        0,  -39153818,          0
 24923,    76,   88000000,   47500661,        0,  -40499339,          0
 24923,    77,   88000000,   47551204,        0,  -40448796,          0
 24923,    78,   88000000,   50232260,        0,  -37767740,          0
 24923,    79,   88000000,   47687170,        0,  -40312830,          0
 24923,    80,   88000000,   47816156,        0,  -40183844,          0
 24923,    81,   88000000,   47821819,        0,  -40178181,          0
 24923,    82,   88000000,   47837071,        0,  -40162929,          0
 24923,    83,   88000000,   47515327,        0,  -40484673,          0
 24923,    84,   88000000,   48393501,        0,  -39606499,          0
 24923,    85,   88000000,   47829209,        0,  -40170791,          0
 24923,    86,   88000000,   47954516,        0,  -40045484,          0
 24923,    87,   88000000,   47540133,        0,  -40459867,          0
 24923,    88,   88000000,   47895588,        0,  -40104412,          0
 24923,    89,   88000000,   47542338,        0,  -40457662,          0
 24923,    90,   88000000,   47574992,        0,  -40425008,          0
 24923,    91,   88000000,   47859511,        0,  -40140489,          0
 24923,    92,   88000000,   47825998,        0,  -40174002,          0
 24923,    93,   88000000,   47597775,        0,  -40402225,          0
 24923,    94,   88000000,   47570686,        0,  -40429314,          0
 24923,    95,   88000000,   47872081,        0,  -40127919,          0
 24923,    96,   88000000,   47549687,        0,  -40450313,          0
 24923,    97,   88000000,   47543673,        0,  -40456327,          0
 24923,    98,   88000000,   49317705,        0,  -38682295,          0
 24923,    99,   88000000,   47840169,        0,  -40159831,          0
 24923,   100,   88000000,   47556903,        0,  -40443097,          0
 24923,   101,   88000000,   51296553,        0,  -36703447,          0
 24923,   102,   88000000,   48511826,        0,  -39488174,          0
 24923,   103,   88000000,   48899004,        0,  -39100996,          0
 24923,   104,   88000000,   47587923,        0,  -40412077,          0
 24923,   105,   88000000,   48495030,        0,  -39504970,          0
 24923,   106,   88000000,   47533471,        0,  -40466529,          0
 24923,   107,   88000000,   47624266,        0,  -40375734,          0
 24923,   108,   88000000,   47818839,        0,  -40181161,          0
 24923,   109,   88000000,   48180552,        0,  -39819448,          0
 24923,   110,   88000000,   52376222,        0,  -35623778,          0
 24923,   111,   88000000,   47546066,        0,  -40453934,          0
 24923,   112,   88000000,   47809651,        0,  -40190349,          0
 24923,   113,   88000000,   47568865,        0,  -40431135,          0
 24923,   114,   88000000,   49329871,        0,  -38670129,          0
 24923,   115,   88000000,   48147457,        0,  -39852543,          0
 24923,   116,   88000000,   47521166,        0,  -40478834,          0
 24923,   117,   88000000,   47520979,        0,  -40479021,          0
# task NAME=myapp PID=24927 COST=7713000 PERIOD=17000000 CPU=0
 24927,     2,   17000000,       6628,        0,  -16993372,          0
 24927,     3,   17000000,      60415,        0,  -16939585,          0
 24927,     4,   17000000,    7652525,        0,   -9347475,          0
 24927,     5,   17000000,    8139018,        0,   -8860982,          0
 24927,     6,   17000000,    7676877,        0,   -9323123,          0
 24927,     7,   17000000,    7671801,        0,   -9328199,          0
 24927,     8,   17000000,    7659775,        0,   -9340225,          0
 24927,     9,   17000000,   10474916,        0,   -6525084,          0
 24927,    10,   17000000,   15484870,        0,   -1515130,          0
 24927,    11,   17000000,    7786781,        0,   -9213219,          0
 24927,    12,   17000000,    7651469,        0,   -9348531,          0
 24927,    13,   17000000,    7654595,        0,   -9345405,          0
 24927,    14,   17000000,    7650080,        0,   -9349920,          0
 24927,    15,   17000000,    7674547,        0,   -9325453,          0
 24927,    16,   17000000,   10909271,        0,   -6090729,          0
 24927,    17,   17000000,    7943012,        0,   -9056988,          0
 24927,    18,   17000000,    7673118,        0,   -9326882,          0
 24927,    19,   17000000,    7654746,        0,   -9345254,          0
 24927,    20,   17000000,   21824309,        1,    4824309,    4824309
 24927,    21,   17000000,   12451591,        0,   -4548409,          0
 24927,    22,   17000000,    7659045,        0,   -9340955,          0
 24927,    23,   17000000,    7680344,        0,   -9319656,          0
 24927,    24,   17000000,   10678805,        0,   -6321195,          0
 24927,    25,   17000000,    7722043,        0,   -9277957,          0
 24927,    26,   17000000,    8172522,        0,   -8827478,          0
 24927,    27,   17000000,    7659560,        0,   -9340440,          0
 24927,    28,   17000000,    7721540,        0,   -9278460,          0
 24927,    29,   17000000,    7662851,        0,   -9337149,          0
 24927,    30,   17000000,    7649442,        0,   -9350558,          0
 24927,    31,   17000000,    8689413,        0,   -8310587,          0
 24927,    32,   17000000,   11977784,        0,   -5022216,          0
 24927,    33,   17000000,    7654223,        0,   -9345777,          0
 24927,    34,   17000000,    8582667,        0,   -8417333,          0
 24927,    35,   17000000,    7653006,        0,   -9346994,          0
 24927,    36,   17000000,    8132794,        0,   -8867206,          0
 24927,    37,   17000000,    8087847,        0,   -8912153,          0
 24927,    38,   17000000,    7717462,        0,   -9282538,          0
 24927,    39,   17000000,    8049048,        0,   -8950952,          0
 24927,    40,   17000000,    7666576,        0,   -9333424,          0
 24927,    41,   17000000,    7657263,        0,   -9342737,          0
 24927,    42,   17000000,   11562391,        0,   -5437609,          0
 24927,    43,   17000000,    7650285,        0,   -9349715,          0
 24927,    44,   17000000,    7953519,        0,   -9046481,          0
 24927,    45,   17000000,    7657513,        0,   -9342487,          0
 24927,    46,   17000000,    7652581,        0,   -9347419,          0
 24927,    47,   17000000,   10928180,        0,   -6071820,          0
 24927,    48,   17000000,    7754552,        0,   -9245448,          0
 24927,    49,   17000000,    7657741,        0,   -9342259,          0
 24927,    50,   17000000,    7684632,        0,   -9315368,          0
 24927,    51,   17000000,   12580019,        0,   -4419981,          0
 24927,    52,   17000000,    7655860,        0,   -9344140,          0
 24927,    53,   17000000,    7657817,        0,   -9342183,          0
 24927,    54,   17000000,    7939509,        0,   -9060491,          0
 24927,    55,   17000000,    7671098,        0,   -9328902,          0
 24927,    56,   17000000,   13172867,        0,   -3827133,          0
 24927,    57,   17000000,    9912978,        0,   -7087022,          0
 24927,    58,   17000000,    7687813,        0,   -9312187,          0
 24927,    59,   17000000,    9177491,        0,   -7822509,          0
 24927,    60,   17000000,   10947842,        0,   -6052158,          0
 24927,    61,   17000000,    9298818,        0,   -7701182,          0
 24927,    62,   17000000,    7661520,        0,   -9338480,          0
 24927,    63,   17000000,    7690899,        0,   -9309101,          0
 24927,    64,   17000000,    7651449,        0,   -9348551,          0
 24927,    65,   17000000,    9069554,        0,   -7930446,          0
 24927,    66,   17000000,    7715467,        0,   -9284533,          0
 24927,    67,   17000000,    7650533,        0,   -9349467,          0
 24927,    68,   17000000,    9776055,        0,   -7223945,          0
 24927,    69,   17000000,    7651279,        0,   -9348721,          0
 24927,    70,   17000000,    9438455,        0,   -7561545,          0
 24927,    71,   17000000,    7783778,        0,   -9216222,          0
 24927,    72,   17000000,    7657171,        0,   -9342829,          0
 24927,    73,   17000000,    7704738,        0,   -9295262,          0
 24927,    74,   17000000,    7693977,        0,   -9306023,          0
 24927,    75,   17000000,    9582559,        0,   -7417441,          0
 24927,    76,   17000000,    8022457,        0,   -8977543,          0
 24927,    77,   17000000,    7651932,        0,   -9348068,          0
 24927,    78,   17000000,    7656775,        0,   -9343225,          0
 24927,    79,   17000000,    7851475,        0,   -9148525,          0
 24927,    80,   17000000,    7746698,        0,   -9253302,          0
 24927,    81,   17000000,    7675080,        0,   -9324920,          0
 24927,    82,   17000000,    7652177,        0,   -9347823,          0
 24927,    83,   17000000,    7682548,        0,   -9317452,          0
 24927,    84,   17000000,    7684268,        0,   -9315732,          0
 24927,    85,   17000000,    7650997,        0,   -9349003,          0
 24927,    86,   17000000,    7711478,        0,   -9288522,          0
 24927,    87,   17000000,   11854764,        0,   -5145236,          0
 24927,    88,   17000000,    7733813,        0,   -9266187,          0
 24927,    89,   17000000,    7663573,        0,   -9336427,          0
 24927,    90,   17000000,    7657269,        0,   -9342731,          0
 24927,    91,   17000000,    7670276,        0,   -9329724,          0
 24927,    92,   17000000,    7651969,        0,   -9348031,          0
 24927,    93,   17000000,    8201166,        0,   -8798834,          0
 24927,    94,   17000000,    7869408,        0,   -9130592,          0
 24927,    95,   17000000,    7652978,        0,   -9347022,          0
 24927,    96,   17000000,    7666354,        0,   -9333646,          0
 24927,    97,   17000000,    7708653,        0,   -9291347,          0
 24927,    98,   17000000,    7939744,        0,   -9060256,          0
 24927,    99,   17000000,    7679921,        0,   -9320079,          0
 24927,   100,   17000000,    7695436,        0,   -9304564,          0
 24927,   101,   17000000,    7677988,        0,   -9322012,          0
 24927,   102,   17000000,   22185028,        1,    5185028,    5185028
 24927,   103,   17000000,   12807244,        0,   -4192756,          0
 24927,   104,   17000000,    7676688,        0,   -9323312,          0
 24927,   105,   17000000,    7701313,        0,   -9298687,          0
 24927,   106,   17000000,   11326357,        0,   -5673643,          0
 24927,   107,   17000000,    7660263,        0,   -9339737,          0
 24927,   108,   17000000,   17610428,        1,     610428,     610428
 24927,   109,   17000000,    8237133,        0,   -8762867,          0
 24927,   110,   17000000,    7659926,        0,   -9340074,          0
 24927,   111,   17000000,    7691047,        0,   -9308953,          0
 24927,   112,   17000000,    7655409,        0,   -9344591,          0
 24927,   113,   17000000,    7657545,        0,   -9342455,          0
 24927,   114,   17000000,    9992998,        0,   -7007002,          0
 24927,   115,   17000000,    7743468,        0,   -9256532,          0
 24927,   116,   17000000,    7674803,        0,   -9325197,          0
 24927,   117,   17000000,    7674550,        0,   -9325450,          0
 24927,   118,   17000000,   14567661,        0,   -2432339,          0
 24927,   119,   17000000,    8350084,        0,   -8649916,          0
 24927,   120,   17000000,    9272975,        0,   -7727025,          0
 24927,   121,   17000000,    7651812,        0,   -9348188,          0
 24927,   122,   17000000,    7655685,        0,   -9344315,          0
 24927,   123,   17000000,    9286354,        0,   -7713646,          0
 24927,   124,   17000000,    7825575,        0,   -9174425,          0
 24927,   125,   17000000,    9552659,        0,   -7447341,          0
 24927,   126,   17000000,    7659461,        0,   -9340539,          0
 24927,   127,   17000000,    7683096,        0,   -9316904,          0
 24927,   128,   17000000,    7693034,        0,   -9306966,          0
 24927,   129,   17000000,    7731213,        0,   -9268787,          0
 24927,   130,   17000000,    7684667,        0,   -9315333,          0
 24927,   131,   17000000,   10554818,        0,   -6445182,          0
 24927,   132,   17000000,    7731904,        0,   -9268096,          0
 24927,   133,   17000000,    7651839,        0,   -9348161,          0
 24927,   134,   17000000,    8390300,        0,   -8609700,          0
 24927,   135,   17000000,    8034505,        0,   -8965495,          0
 24927,   136,   17000000,    7655417,        0,   -9344583,          0
 24927,   137,   17000000,    9411677,        0,   -7588323,          0
 24927,   138,   17000000,    7697958,        0,   -9302042,          0
 24927,   139,   17000000,   14849974,        0,   -2150026,          0
 24927,   140,   17000000,    7717835,        0,   -9282165,          0
 24927,   141,   17000000,    7675676,        0,   -9324324,          0
 24927,   142,   17000000,    7942282,        0,   -9057718,          0
 24927,   143,   17000000,   16046335,        0,    -953665,          0
 24927,   144,   17000000,   10162889,        0,   -6837111,          0
 24927,   145,   17000000,    7704404,        0,   -9295596,          0
 24927,   146,   17000000,    7666657,        0,   -9333343,          0
 24927,   147,   17000000,    7676832,        0,   -9323168,          0
 24927,   148,   17000000,    7743437,        0,   -9256563,          0
 24927,   149,   17000000,    7663493,        0,   -9336507,          0
 24927,   150,   17000000,    7808728,        0,   -9191272,          0
 24927,   151,   17000000,    7753437,        0,   -9246563,          0
 24927,   152,   17000000,    7654059,        0,   -9345941,          0
 24927,   153,   17000000,    7711778,        0,   -9288222,          0
 24927,   154,   17000000,   13516634,        0,   -3483366,          0
 24927,   155,   17000000,    7665133,        0,   -9334867,          0
 24927,   156,   17000000,    7751342,        0,   -9248658,          0
 24927,   157,   17000000,    7934202,        0,   -9065798,          0
 24927,   158,   17000000,    7676888,        0,   -9323112,          0
 24927,   159,   17000000,    7658950,        0,   -9341050,          0
 24927,   160,   17000000,    7649980,        0,   -9350020,          0
 24927,   161,   17000000,    7693185,        0,   -9306815,          0
 24927,   162,   17000000,    7664646,        0,   -9335354,          0
 24927,   163,   17000000,    7762507,        0,   -9237493,          0
 24927,   164,   17000000,    7944598,        0,   -9055402,          0
 24927,   165,   17000000,    7685780,        0,   -9314220,          0
 24927,   166,   17000000,    7683664,        0,   -9316336,          0
 24927,   167,   17000000,    7656066,        0,   -9343934,          0
 24927,   168,   17000000,    8748047,        0,   -8251953,          0
 24927,   169,   17000000,    7744529,        0,   -9255471,          0
 24927,   170,   17000000,    7733578,        0,   -9266422,          0
 24927,   171,   17000000,   12821242,        0,   -4178758,          0
 24927,   172,   17000000,   13674028,        0,   -3325972,          0
 24927,   173,   17000000,    7668913,        0,   -9331087,          0
 24927,   174,   17000000,    7676180,        0,   -9323820,          0
 24927,   175,   17000000,    7720373,        0,   -9279627,          0
 24927,   176,   17000000,    7652624,        0,   -9347376,          0
 24927,   177,   17000000,    7672343,        0,   -9327657,          0
 24927,   178,   17000000,    7670296,        0,   -9329704,          0
 24927,   179,   17000000,    7948118,        0,   -9051882,          0
 24927,   180,   17000000,    9096091,        0,   -7903909,          0
 24927,   181,   17000000,    8716234,        0,   -8283766,          0
 24927,   182,   17000000,    8745376,        0,   -8254624,          0
 24927,   183,   17000000,    7652627,        0,   -9347373,          0
 24927,   184,   17000000,    9413496,        0,   -7586504,          0
 24927,   185,   17000000,    7653056,        0,   -9346944,          0
 24927,   186,   17000000,   15364416,        0,   -1635584,          0
 24927,   187,   17000000,    8483322,        0,   -8516678,          0
 24927,   188,   17000000,    7653729,        0,   -9346271,          0
 24927,   189,   17000000,    9942168,        0,   -7057832,          0
 24927,   190,   17000000,    7681776,        0,   -9318224,          0
 24927,   191,   17000000,    9943265,        0,   -7056735,          0
 24927,   192,   17000000,    9561003,        0,   -7438997,          0
 24927,   193,   17000000,    7679807,        0,   -9320193,          0
 24927,   194,   17000000,    7851714,        0,   -9148286,          0
 24927,   195,   17000000,    7652371,        0,   -9347629,          0
 24927,   196,   17000000,    7662067,        0,   -9337933,          0
 24927,   197,   17000000,    7693097,        0,   -9306903,          0
 24927,   198,   17000000,    7655032,        0,   -9344968,          0
 24927,   199,   17000000,    7658156,        0,   -9341844,          0
 24927,   200,   17000000,    7680576,        0,   -9319424,          0
 24927,   201,   17000000,   10175366,        0,   -6824634,          0
 24927,   202,   17000000,    7653063,        0,   -9346937,          0
 24927,   203,   17000000,    8076674,        0,   -8923326,          0
 24927,   204,   17000000,    7751301,        0,   -9248699,          0
 24927,   205,   17000000,    7680834,        0,   -9319166,          0
 24927,   206,   17000000,    7674229,        0,   -9325771,          0
 24927,   207,   17000000,    8096769,        0,   -8903231,          0
 24927,   208,   17000000,   11242793,        0,   -5757207,          0
 24927,   209,   17000000,    7704669,        0,   -9295331,          0
 24927,   210,   17000000,    8770900,        0,   -8229100,          0
 24927,   211,   17000000,   12037714,        0,   -4962286,          0
 24927,   212,   17000000,   11554885,        0,   -5445115,          0
 24927,   213,   17000000,    7726253,        0,   -9273747,          0
 24927,   214,   17000000,    7671686,        0,   -9328314,          0
 24927,   215,   17000000,    7677380,        0,   -9322620,          0
 24927,   216,   17000000,    8047841,        0,   -8952159,          0
 24927,   217,   17000000,   12666864,        0,   -4333136,          0
 24927,   218,   17000000,    7660485,        0,   -9339515,          0
 24927,   219,   17000000,    7687177,        0,   -9312823,          0
 24927,   220,   17000000,    8503780,        0,   -8496220,          0
 24927,   221,   17000000,    7687159,        0,   -9312841,          0
 24927,   222,   17000000,    7656871,        0,   -9343129,          0
 24927,   223,   17000000,    8976108,        0,   -8023892,          0
 24927,   224,   17000000,    7760167,        0,   -9239833,          0
 24927,   225,   17000000,    7679090,        0,   -9320910,          0
 24927,   226,   17000000,   12702823,        0,   -4297177,          0
 24927,   227,   17000000,    7650784,        0,   -9349216,          0
 24927,   228,   17000000,    7681601,        0,   -9318399,          0
 24927,   229,   17000000,    7652013,        0,   -9347987,          0
 24927,   230,   17000000,    7832645,        0,   -9167355,          0
 24927,   231,   17000000,    7681116,        0,   -9318884,          0
 24927,   232,   17000000,   10738276,        0,   -6261724,          0
 24927,   233,   17000000,    7651469,        0,   -9348531,          0
 24927,   234,   17000000,    7674877,        0,   -9325123,          0
 24927,   235,   17000000,    7647939,        0,   -9352061,          0
 24927,   236,   17000000,    7661746,        0,   -9338254,          0
 24927,   237,   17000000,    8212213,        0,   -8787787,          0
 24927,   238,   17000000,    9378602,        0,   -7621398,          0
 24927,   239,   17000000,    7754485,        0,   -9245515,          0
 24927,   240,   17000000,    7658823,        0,   -9341177,          0
 24927,   241,   17000000,    7750468,        0,   -9249532,          0
 24927,   242,   17000000,   10709463,        0,   -6290537,          0
 24927,   243,   17000000,    7722694,        0,   -9277306,          0
 24927,   244,   17000000,    7676990,        0,   -9323010,          0
 24927,   245,   17000000,    7935826,        0,   -9064174,          0
 24927,   246,   17000000,    7654901,        0,   -9345099,          0
 24927,   247,   17000000,    7706419,        0,   -9293581,          0
 24927,   248,   17000000,    8991415,        0,   -8008585,          0
 24927,   249,   17000000,    9374965,        0,   -7625035,          0
 24927,   250,   17000000,    7655923,        0,   -9344077,          0
 24927,   251,   17000000,    7649355,        0,   -9350645,          0
 24927,   252,   17000000,    7682287,        0,   -9317713,          0
 24927,   253,   17000000,    7673679,        0,   -9326321,          0
 24927,   254,   17000000,   10577553,        0,   -6422447,          0
 24927,   255,   17000000,    7653315,        0,   -9346685,          0
 24927,   256,   17000000,    7669207,        0,   -9330793,          0
 24927,   257,   17000000,    7681154,        0,   -9318846,          0
 24927,   258,   17000000,    8418736,        0,   -8581264,          0
 24927,   259,   17000000,    7697541,        0,   -9302459,          0
 24927,   260,   17000000,    7936420,        0,   -9063580,          0
 24927,   261,   17000000,    7690733,        0,   -9309267,          0
 24927,   262,   17000000,    7885609,        0,   -9114391,          0
 24927,   263,   17000000,    8834293,        0,   -8165707,          0
 24927,   264,   17000000,    7653333,        0,   -9346667,          0
 24927,   265,   17000000,    7659127,        0,   -9340873,          0
 24927,   266,   17000000,    7654788,        0,   -9345212,          0
 24927,   267,   17000000,    7984204,        0,   -9015796,          0
 24927,   268,   17000000,    7654803,        0,   -9345197,          0
 24927,   269,   17000000,    7681768,        0,   -9318232,          0
 24927,   270,   17000000,    7734370,        0,   -9265630,          0
 24927,   271,   17000000,    7736655,        0,   -9263345,          0
 24927,   272,   17000000,    7747833,        0,   -9252167,          0
 24927,   273,   17000000,    7718607,        0,   -9281393,          0
 24927,   274,   17000000,    7665514,        0,   -9334486,          0
 24927,   275,   17000000,   10205689,        0,   -6794311,          0
 24927,   276,   17000000,    7658666,        0,   -9341334,          0
 24927,   277,   17000000,   13994346,        0,   -3005654,          0
 24927,   278,   17000000,    7685999,        0,   -9314001,          0
 24927,   279,   17000000,    7686101,        0,   -9313899,          0
 24927,   280,   17000000,    8342184,        0,   -8657816,          0
 24927,   281,   17000000,   11131803,        0,   -5868197,          0
 24927,   282,   17000000,    8245258,        0,   -8754742,          0
 24927,   283,   17000000,    7874050,        0,   -9125950,          0
 24927,   284,   17000000,    7831777,        0,   -9168223,          0
 24927,   285,   17000000,    7665742,        0,   -9334258,          0
 24927,   286,   17000000,    7664827,        0,   -9335173,          0
 24927,   287,   17000000,    7658573,        0,   -9341427,          0
 24927,   288,   17000000,    7658166,        0,   -9341834,          0
 24927,   289,   17000000,    7957265,        0,   -9042735,          0
 24927,   290,   17000000,    7677407,        0,   -9322593,          0
 24927,   291,   17000000,    7674049,        0,   -9325951,          0
 24927,   292,   17000000,    7659847,        0,   -9340153,          0
 24927,   293,   17000000,    7684878,        0,   -9315122,          0
 24927,   294,   17000000,    7679715,        0,   -9320285,          0
 24927,   295,   17000000,    8754648,        0,   -8245352,          0
 24927,   296,   17000000,    7711482,        0,   -9288518,          0
 24927,   297,   17000000,    8084311,        0,   -8915689,          0
 24927,   298,   17000000,    7792466,        0,   -9207534,          0
 24927,   299,   17000000,    7684543,        0,   -9315457,          0
 24927,   300,   17000000,    9851738,        0,   -7148262,          0
 24927,   301,   17000000,    7671457,        0,   -9328543,          0
 24927,   302,   17000000,    7814244,        0,   -9185756,          0
 24927,   303,   17000000,    7730035,        0,   -9269965,          0
 24927,   304,   17000000,   11272618,        0,   -5727382,          0
 24927,   305,   17000000,    8667399,        0,   -8332601,          0
 24927,   306,   17000000,    7678536,        0,   -9321464,          0
 24927,   307,   17000000,    7658852,        0,   -9341148,          0
 24927,   308,   17000000,    7732203,        0,   -9267797,          0
 24927,   309,   17000000,    8956035,        0,   -8043965,          0
 24927,   310,   17000000,    7790730,        0,   -9209270,          0
 24927,   311,   17000000,    7671217,        0,   -9328783,          0
 24927,   312,   17000000,    9517970,        0,   -7482030,          0
 24927,   313,   17000000,    7730461,        0,   -9269539,          0
 24927,   314,   17000000,    7701549,        0,   -9298451,          0
 24927,   315,   17000000,    7666067,        0,   -9333933,          0
 24927,   316,   17000000,    7674465,        0,   -9325535,          0
 24927,   317,   17000000,    7699587,        0,   -9300413,          0
 24927,   318,   17000000,    7704709,        0,   -9295291,          0
 24927,   319,   17000000,    7667974,        0,   -9332026,          0
 24927,   320,   17000000,    7670468,        0,   -9329532,          0
 24927,   321,   17000000,    7658008,        0,   -9341992,          0
 24927,   322,   17000000,    7746926,        0,   -9253074,          0
 24927,   323,   17000000,    7662841,        0,   -9337159,          0
 24927,   324,   17000000,    7700173,        0,   -9299827,          0
 24927,   325,   17000000,    7731298,        0,   -9268702,          0
 24927,   326,   17000000,    7982710,        0,   -9017290,          0
 24927,   327,   17000000,   11981617,        0,   -5018383,          0
 24927,   328,   17000000,    7665541,        0,   -9334459,          0
 24927,   329,   17000000,    7664369,        0,   -9335631,          0
 24927,   330,   17000000,    7659064,        0,   -9340936,          0
 24927,   331,   17000000,    7677341,        0,   -9322659,          0
 24927,   332,   17000000,    9030973,        0,   -7969027,          0
 24927,   333,   17000000,    8206483,        0,   -8793517,          0
 24927,   334,   17000000,    7678631,        0,   -9321369,          0
 24927,   335,   17000000,    7679310,        0,   -9320690,          0
 24927,   336,   17000000,   12599151,        0,   -4400849,          0
 24927,   337,   17000000,    7661646,        0,   -9338354,          0
 24927,   338,   17000000,    7667288,        0,   -9332712,          0
 24927,   339,   17000000,    7656391,        0,   -9343609,          0
 24927,   340,   17000000,    7718264,        0,   -9281736,          0
 24927,   341,   17000000,    8514143,        0,   -8485857,          0
 24927,   342,   17000000,    7692516,        0,   -9307484,          0
 24927,   343,   17000000,    7706727,        0,   -9293273,          0
 24927,   344,   17000000,    7791636,        0,   -9208364,          0
 24927,   345,   17000000,    7688062,        0,   -9311938,          0
 24927,   346,   17000000,    7835158,        0,   -9164842,          0
 24927,   347,   17000000,    7722784,        0,   -9277216,          0
 24927,   348,   17000000,    8035393,        0,   -8964607,          0
 24927,   349,   17000000,    7741379,        0,   -9258621,          0
 24927,   350,   17000000,   11538126,        0,   -5461874,          0
 24927,   351,   17000000,    7666021,        0,   -9333979,          0
 24927,   352,   17000000,    7660915,        0,   -9339085,          0
 24927,   353,   17000000,    8706942,        0,   -8293058,          0
 24927,   354,   17000000,    8440933,        0,   -8559067,          0
 24927,   355,   17000000,    7685307,        0,   -9314693,          0
 24927,   356,   17000000,    7662547,        0,   -9337453,          0
 24927,   357,   17000000,    9391433,        0,   -7608567,          0
 24927,   358,   17000000,    7657263,        0,   -9342737,          0
 24927,   359,   17000000,   12042345,        0,   -4957655,          0
 24927,   360,   17000000,    7667677,        0,   -9332323,          0
 24927,   361,   17000000,    7682645,        0,   -9317355,          0
 24927,   362,   17000000,   13277230,        0,   -3722770,          0
 24927,   363,   17000000,    7668173,        0,   -9331827,          0
 24927,   364,   17000000,    7772063,        0,   -9227937,          0
 24927,   365,   17000000,    7895476,        0,   -9104524,          0
 24927,   366,   17000000,   11916766,        0,   -5083234,          0
 24927,   367,   17000000,    7682669,        0,   -9317331,          0
 24927,   368,   17000000,    7675116,        0,   -9324884,          0
 24927,   369,   17000000,    7669120,        0,   -9330880,          0
 24927,   370,   17000000,    7979628,        0,   -9020372,          0
 24927,   371,   17000000,    7673684,        0,   -9326316,          0
 24927,   372,   17000000,    7798232,        0,   -9201768,          0
 24927,   373,   17000000,    9356961,        0,   -7643039,          0
 24927,   374,   17000000,    9145190,        0,   -7854810,          0
 24927,   375,   17000000,    7678328,        0,   -9321672,          0
 24927,   376,   17000000,   11639722,        0,   -5360278,          0
 24927,   377,   17000000,    7672642,        0,   -9327358,          0
 24927,   378,   17000000,   10201501,        0,   -6798499,          0
 24927,   379,   17000000,    7697223,        0,   -9302777,          0
 24927,   380,   17000000,    7656452,        0,   -9343548,          0
 24927,   381,   17000000,    7726648,        0,   -9273352,          0
 24927,   382,   17000000,    8448609,        0,   -8551391,          0
 24927,   383,   17000000,    9991692,        0,   -7008308,          0
 24927,   384,   17000000,    7651485,        0,   -9348515,          0
 24927,   385,   17000000,    7944046,        0,   -9055954,          0
 24927,   386,   17000000,   13088606,        0,   -3911394,          0
 24927,   387,   17000000,    7654396,        0,   -9345604,          0
 24927,   388,   17000000,    9056682,        0,   -7943318,          0
 24927,   389,   17000000,    7664114,        0,   -9335886,          0
 24927,   390,   17000000,    7653801,        0,   -9346199,          0
 24927,   391,   17000000,   11885651,        0,   -5114349,          0
 24927,   392,   17000000,    8125142,        0,   -8874858,          0
 24927,   393,   17000000,    7655924,        0,   -9344076,          0
 24927,   394,   17000000,    9391643,        0,   -7608357,          0
 24927,   395,   17000000,    7684751,        0,   -9315249,          0
 24927,   396,   17000000,   12361200,        0,   -4638800,          0
 24927,   397,   17000000,    8093350,        0,   -8906650,          0
 24927,   398,   17000000,    7661717,        0,   -9338283,          0
 24927,   399,   17000000,    7697247,        0,   -9302753,          0
 24927,   400,   17000000,    7660303,        0,   -9339697,          0
 24927,   401,   17000000,    9951634,        0,   -7048366,          0
 24927,   402,   17000000,    7695649,        0,   -9304351,          0
 24927,   403,   17000000,    7659356,        0,   -9340644,          0
 24927,   404,   17000000,    7746190,        0,   -9253810,          0
 24927,   405,   17000000,    7658291,        0,   -9341709,          0
 24927,   406,   17000000,    7733850,        0,   -9266150,          0
 24927,   407,   17000000,    8164824,        0,   -8835176,          0
 24927,   408,   17000000,   10004642,        0,   -6995358,          0
 24927,   409,   17000000,    7652341,        0,   -9347659,          0
 24927,   410,   17000000,    9233928,        0,   -7766072,          0
 24927,   411,   17000000,   10381186,        0,   -6618814,          0
 24927,   412,   17000000,    7657296,        0,   -9342704,          0
 24927,   413,   17000000,    7665504,        0,   -9334496,          0
 24927,   414,   17000000,    8049257,        0,   -8950743,          0
 24927,   415,   17000000,    7655711,        0,   -9344289,          0
 24927,   416,   17000000,    7655484,        0,   -9344516,          0
 24927,   417,   17000000,    8581326,        0,   -8418674,          0
 24927,   418,   17000000,    7654364,        0,   -9345636,          0
 24927,   419,   17000000,    9565466,        0,   -7434534,          0
 24927,   420,   17000000,    7652399,        0,   -9347601,          0
 24927,   421,   17000000,    7653371,        0,   -9346629,          0
 24927,   422,   17000000,    7719034,        0,   -9280966,          0
 24927,   423,   17000000,    7684704,        0,   -9315296,          0
 24927,   424,   17000000,    7708269,        0,   -9291731,          0
 24927,   425,   17000000,    9986264,        0,   -7013736,          0
 24927,   426,   17000000,    7856189,        0,   -9143811,          0
 24927,   427,   17000000,    7730947,        0,   -9269053,          0
 24927,   428,   17000000,    7723830,        0,   -9276170,          0
 24927,   429,   17000000,   14352487,        0,   -2647513,          0
 24927,   430,   17000000,    7668398,        0,   -9331602,          0
 24927,   431,   17000000,    7675369,        0,   -9324631,          0
 24927,   432,   17000000,    8192637,        0,   -8807363,          0
 24927,   433,   17000000,    7747937,        0,   -9252063,          0
 24927,   434,   17000000,   10637549,        0,   -6362451,          0
 24927,   435,   17000000,    7651459,        0,   -9348541,          0
 24927,   436,   17000000,    9254166,        0,   -7745834,          0
 24927,   437,   17000000,    7647939,        0,   -9352061,          0
 24927,   438,   17000000,    8911934,        0,   -8088066,          0
 24927,   439,   17000000,    7654560,        0,   -9345440,          0
 24927,   440,   17000000,   10912777,        0,   -6087223,          0
 24927,   441,   17000000,    7669703,        0,   -9330297,          0
 24927,   442,   17000000,    7689168,        0,   -9310832,          0
 24927,   443,   17000000,    7794919,        0,   -9205081,          0
 24927,   444,   17000000,    7815583,        0,   -9184417,          0
 24927,   445,   17000000,    7664327,        0,   -9335673,          0
 24927,   446,   17000000,    7691092,        0,   -9308908,          0
 24927,   447,   17000000,    7685980,        0,   -9314020,          0
 24927,   448,   17000000,   12470256,        0,   -4529744,          0
 24927,   449,   17000000,    7818593,        0,   -9181407,          0
 24927,   450,   17000000,    7665395,        0,   -9334605,          0
 24927,   451,   17000000,    7946750,        0,   -9053250,          0
 24927,   452,   17000000,    7679927,        0,   -9320073,          0
 24927,   453,   17000000,    8667326,        0,   -8332674,          0
 24927,   454,   17000000,    7663159,        0,   -9336841,          0
 24927,   455,   17000000,    7652384,        0,   -9347616,          0
 24927,   456,   17000000,    7653774,        0,   -9346226,          0
 24927,   457,   17000000,   15425581,        0,   -1574419,          0
 24927,   458,   17000000,   10351276,        0,   -6648724,          0
 24927,   459,   17000000,    7656250,        0,   -9343750,          0
 24927,   460,   17000000,    7682672,        0,   -9317328,          0
 24927,   461,   17000000,    8523968,        0,   -8476032,          0
 24927,   462,   17000000,    7688077,        0,   -9311923,          0
 24927,   463,   17000000,    7706505,        0,   -9293495,          0
 24927,   464,   17000000,    7650204,        0,   -9349796,          0
 24927,   465,   17000000,    7656760,        0,   -9343240,          0
 24927,   466,   17000000,    7664500,        0,   -9335500,          0
 24927,   467,   17000000,    7904107,        0,   -9095893,          0
 24927,   468,   17000000,    7662694,        0,   -9337306,          0
 24927,   469,   17000000,    7929622,        0,   -9070378,          0
 24927,   470,   17000000,    7654697,        0,   -9345303,          0
 24927,   471,   17000000,   10076433,        0,   -6923567,          0
 24927,   472,   17000000,    7741380,        0,   -9258620,          0
 24927,   473,   17000000,    7945742,        0,   -9054258,          0
 24927,   474,   17000000,    8286246,        0,   -8713754,          0
 24927,   475,   17000000,    7683503,        0,   -9316497,          0
 24927,   476,   17000000,    9293917,        0,   -7706083,          0
 24927,   477,   17000000,    7648655,        0,   -9351345,          0
 24927,   478,   17000000,    7681575,        0,   -9318425,          0
 24927,   479,   17000000,    7704173,        0,   -9295827,          0
 24927,   480,   17000000,   10020227,        0,   -6979773,          0
 24927,   481,   17000000,    7649359,        0,   -9350641,          0
 24927,   482,   17000000,    7657459,        0,   -9342541,          0
 24927,   483,   17000000,    7654195,        0,   -9345805,          0
 24927,   484,   17000000,    7653267,        0,   -9346733,          0
 24927,   485,   17000000,    7768036,        0,   -9231964,          0
 24927,   486,   17000000,    8461840,        0,   -8538160,          0
 24927,   487,   17000000,    7674348,        0,   -9325652,          0
 24927,   488,   17000000,    7663966,        0,   -9336034,          0
 24927,   489,   17000000,    7664757,        0,   -9335243,          0
 24927,   490,   17000000,    7688359,        0,   -9311641,          0
 24927,   491,   17000000,    7652091,        0,   -9347909,          0
 24927,   492,   17000000,   12838167,        0,   -4161833,          0
 24927,   493,   17000000,    8268339,        0,   -8731661,          0
 24927,   494,   17000000,    7761360,        0,   -9238640,          0
 24927,   495,   17000000,   10944688,        0,   -6055312,          0
 24927,   496,   17000000,    7772190,        0,   -9227810,          0
 24927,   497,   17000000,    7655624,        0,   -9344376,          0
 24927,   498,   17000000,    7676108,        0,   -9323892,          0
 24927,   499,   17000000,    7657491,        0,   -9342509,          0
 24927,   500,   17000000,    7663214,        0,   -9336786,          0
 24927,   501,   17000000,    7673024,        0,   -9326976,          0
 24927,   502,   17000000,    7656488,        0,   -9343512,          0
 24927,   503,   17000000,    7656957,        0,   -9343043,          0
 24927,   504,   17000000,   12169720,        0,   -4830280,          0
 24927,   505,   17000000,    8181484,        0,   -8818516,          0
 24927,   506,   17000000,    7653930,        0,   -9346070,          0
 24927,   507,   17000000,    7652192,        0,   -9347808,          0
 24927,   508,   17000000,    7655992,        0,   -9344008,          0
 24927,   509,   17000000,    7652526,        0,   -9347474,          0
 24927,   510,   17000000,    8227461,        0,   -8772539,          0
 24927,   511,   17000000,    8175599,        0,   -8824401,          0
 24927,   512,   17000000,    7656125,        0,   -9343875,          0
 24927,   513,   17000000,    7651077,        0,   -9348923,          0
 24927,   514,   17000000,    9571090,        0,   -7428910,          0
 24927,   515,   17000000,   15583076,        0,   -1416924,          0
 24927,   516,   17000000,    7969738,        0,   -9030262,          0
 24927,   517,   17000000,    7939605,        0,   -9060395,          0
 24927,   518,   17000000,    7686820,        0,   -9313180,          0
 24927,   519,   17000000,    7695567,        0,   -9304433,          0
 24927,   520,   17000000,    7681187,        0,   -9318813,          0
 24927,   521,   17000000,    7652792,        0,   -9347208,          0
 24927,   522,   17000000,   18883243,        1,    1883243,    1883243
 24927,   523,   17000000,    9511898,        0,   -7488102,          0
 24927,   524,   17000000,    7652446,        0,   -9347554,          0
 24927,   525,   17000000,    7657227,        0,   -9342773,          0
 24927,   526,   17000000,    7677491,        0,   -9322509,          0
 24927,   527,   17000000,    7653358,        0,   -9346642,          0
 24927,   528,   17000000,   24342869,        1,    7342869,    7342869
 24927,   529,   17000000,   14960476,        0,   -2039524,          0
 24927,   530,   17000000,    7690511,        0,   -9309489,          0
 24927,   531,   17000000,    8068126,        0,   -8931874,          0
 24927,   532,   17000000,    8020078,        0,   -8979922,          0
 24927,   533,   17000000,   10029414,        0,   -6970586,          0
 24927,   534,   17000000,   13962855,        0,   -3037145,          0
 24927,   535,   17000000,    7722981,        0,   -9277019,          0
 24927,   536,   17000000,    7689370,        0,   -9310630,          0
 24927,   537,   17000000,    7656029,        0,   -9343971,          0
 24927,   538,   17000000,   17593434,        1,     593434,     593434
 24927,   539,   17000000,    8506128,        0,   -8493872,          0
 24927,   540,   17000000,    7663149,        0,   -9336851,          0
 24927,   541,   17000000,    7705524,        0,   -9294476,          0
 24927,   542,   17000000,    7676026,        0,   -9323974,          0
 24927,   543,   17000000,    7730441,        0,   -9269559,          0
 24927,   544,   17000000,    7754535,        0,   -9245465,          0
 24927,   545,   17000000,    7658889,        0,   -9341111,          0
 24927,   546,   17000000,    7679938,        0,   -9320062,          0
 24927,   547,   17000000,    8736004,        0,   -8263996,          0
 24927,   548,   17000000,    7659549,        0,   -9340451,          0
 24927,   549,   17000000,    7658151,        0,   -9341849,          0
 24927,   550,   17000000,    7693323,        0,   -9306677,          0
 24927,   551,   17000000,    7697058,        0,   -9302942,          0
 24927,   552,   17000000,    7652167,        0,   -9347833,          0
 24927,   553,   17000000,    9762595,        0,   -7237405,          0
 24927,   554,   17000000,    7942749,        0,   -9057251,          0
 24927,   555,   17000000,   10581664,        0,   -6418336,          0
 24927,   556,   17000000,    7695733,        0,   -9304267,          0
 24927,   557,   17000000,    8955682,        0,   -8044318,          0
 24927,   558,   17000000,    7664421,        0,   -9335579,          0
 24927,   559,   17000000,    7658577,        0,   -9341423,          0
 24927,   560,   17000000,    7660754,        0,   -9339246,          0
 24927,   561,   17000000,    7678292,        0,   -9321708,          0
 24927,   562,   17000000,   11027164,        0,   -5972836,          0
 24927,   563,   17000000,    7692770,        0,   -9307230,          0
 24927,   564,   17000000,   13615500,        0,   -3384500,          0
 24927,   565,   17000000,    7662969,        0,   -9337031,          0
 24927,   566,   17000000,    7655512,        0,   -9344488,          0
 24927,   567,   17000000,    7693357,        0,   -9306643,          0
 24927,   568,   17000000,    7948603,        0,   -9051397,          0
 24927,   569,   17000000,    9633092,        0,   -7366908,          0
 24927,   570,   17000000,   13034936,        0,   -3965064,          0
 24927,   571,   17000000,    7653591,        0,   -9346409,          0
 24927,   572,   17000000,    7666285,        0,   -9333715,          0
 24927,   573,   17000000,    8296146,        0,   -8703854,          0
 24927,   574,   17000000,    9533080,        0,   -7466920,          0
 24927,   575,   17000000,    7657072,        0,   -9342928,          0
 24927,   576,   17000000,    7959682,        0,   -9040318,          0
 24927,   577,   17000000,    7662335,        0,   -9337665,          0
 24927,   578,   17000000,    7655807,        0,   -9344193,          0
 24927,   579,   17000000,    7683405,        0,   -9316595,          0
 24927,   580,   17000000,    7694025,        0,   -9305975,          0
 24927,   581,   17000000,    7736772,        0,   -9263228,          0
 24927,   582,   17000000,    7660448,        0,   -9339552,          0
 24927,   583,   17000000,    7698717,        0,   -9301283,          0
 24927,   584,   17000000,   12149299,        0,   -4850701,          0
 24927,   585,   17000000,    7687292,        0,   -9312708,          0
 24927,   586,   17000000,    7733432,        0,   -9266568,          0
 24927,   587,   17000000,    7867879,        0,   -9132121,          0
 24927,   588,   17000000,    7658905,        0,   -9341095,          0
 24927,   589,   17000000,    7658778,        0,   -9341222,          0
 24927,   590,   17000000,    7649455,        0,   -9350545,          0
 24927,   591,   17000000,    7720392,        0,   -9279608,          0
 24927,   592,   17000000,    7669186,        0,   -9330814,          0
