# Task,   Job,     Period,   Response, DL Miss?,   Lateness,  Tardiness
# task NAME=myapp PID=14299 COST=28567000 PERIOD=49000000 CPU=0
 14299,     2,   49000000,      12981,        0,  -48987019,          0
 14299,     3,   49000000,     223852,        0,  -48776148,          0
 14299,     4,   49000000,   51017943,        1,    2017943,    2017943
 14299,     5,   49000000,   57044516,        1,    8044516,    8044516
 14299,     6,   49000000,   64026760,        1,   15026760,   15026760
 14299,     7,   49000000,   67235993,        1,   18235993,   18235993
 14299,     8,   49000000,   73395695,        1,   24395695,   24395695
 14299,     9,   49000000,   79436405,        1,   30436405,   30436405
 14299,    10,   49000000,   81536297,        1,   32536297,   32536297
 14299,    11,   49000000,   89137291,        1,   40137291,   40137291
 14299,    12,   49000000,   91931824,        1,   42931824,   42931824
 14299,    13,   49000000,   97822817,        1,   48822817,   48822817
 14299,    14,   49000000,  103897926,        1,   54897926,   54897926
 14299,    15,   49000000,  108109618,        1,   59109618,   59109618
 14299,    16,   49000000,  114286153,        1,   65286153,   65286153
 14299,    17,   49000000,  118425729,        1,   69425729,   69425729
 14299,    18,   49000000,  124503219,        1,   75503219,   75503219
 14299,    19,   49000000,  129475292,        1,   80475292,   80475292
 14299,    20,   49000000,  134673413,        1,   85673413,   85673413
 14299,    21,   49000000,  138777617,        1,   89777617,   89777617
 14299,    22,   49000000,  144834831,        1,   95834831,   95834831
 14299,    23,   49000000,  150905160,        1,  101905160,  101905160
 14299,    24,   49000000,  154951452,        1,  105951452,  105951452
 14299,    25,   49000000,  163080236,        1,  114080236,  114080236
 14299,    26,   49000000,  167458689,        1,  118458689,  118458689
 14299,    27,   49000000,  171207705,        1,  122207705,  122207705
 14299,    28,   49000000,  175555870,        1,  126555870,  126555870
 14299,    29,   49000000,  181422038,        1,  132422038,  132422038
 14299,    30,   49000000,  187501499,        1,  138501499,  138501499
 14299,    31,   49000000,  193520552,        1,  144520552,  144520552
 14299,    32,   49000000,  197554879,        1,  148554879,  148554879
 14299,    33,   49000000,  203661156,        1,  154661156,  154661156
 14299,    34,   49000000,  209966566,        1,  160966566,  160966566
 14299,    35,   49000000,  212886469,        1,  163886469,  163886469
 14299,    36,   49000000,  220052672,        1,  171052672,  171052672
 14299,    37,   49000000,  224074548,        1,  175074548,  175074548
 14299,    38,   49000000,  229361630,        1,  180361630,  180361630
 14299,    39,   49000000,  232315729,        1,  183315729,  183315729
 14299,    40,   49000000,  238452310,        1,  189452310,  189452310
 14299,    41,   49000000,  242562842,        1,  193562842,  193562842
 14299,    42,   49000000,  248725617,        1,  199725617,  199725617
 14299,    43,   49000000,  254744674,        1,  205744674,  205744674
 14299,    44,   49000000,  260849044,        1,  211849044,  211849044
 14299,    45,   49000000,  267385030,        1,  218385030,  218385030
 14299,    46,   49000000,  269362288,        1,  220362288,  220362288
 14299,    47,   49000000,  275619485,        1,  226619485,  226619485
 14299,    48,   49000000,  279703719,        1,  230703719,  230703719
 14299,    49,   49000000,  287818030,        1,  238818030,  238818030
 14299,    50,   49000000,  291845193,        1,  242845193,  242845193
 14299,    51,   49000000,  298156930,        1,  249156930,  249156930
 14299,    52,   49000000,  302174648,        1,  253174648,  253174648
 14299,    53,   49000000,  306321978,        1,  257321978,  257321978
 14299,    54,   49000000,  314436306,        1,  265436306,  265436306
 14299,    55,   49000000,  316481210,        1,  267481210,  267481210
 14299,    56,   49000000,  324613024,        1,  275613024,  275613024
 14299,    57,   49000000,  326683732,        1,  277683732,  277683732
 14299,    58,   49000000,  332993187,        1,  283993187,  283993187
 14299,    59,   49000000,  340901898,        1,  291901898,  291901898
 14299,    60,   49000000,  344947536,        1,  295947536,  295947536
 14299,    61,   49000000,  351095726,        1,  302095726,  302095726
 14299,    62,   49000000,  353222490,        1,  304222490,  304222490
 14299,    63,   49000000,  361238129,        1,  312238129,  312238129
 14299,    64,   49000000,  363336855,        1,  314336855,  314336855
 14299,    65,   49000000,  371836903,        1,  322836903,  322836903
 14299,    66,   49000000,  373635090,        1,  324635090,  324635090
 14299,    67,   49000000,  379707267,        1,  330707267,  330707267
 14299,    68,   49000000,  385829061,        1,  336829061,  336829061
 14299,    69,   49000000,  391990787,        1,  342990787,  342990787
 14299,    70,   49000000,  396061720,        1,  347061720,  347061720
 14299,    71,   49000000,  402090320,        1,  353090320,  353090320
 14299,    72,   49000000,  406747607,        1,  357747607,  357747607
 14299,    73,   49000000,  410349475,        1,  361349475,  361349475
 14299,    74,   49000000,  416490749,        1,  367490749,  367490749
 14299,    75,   49000000,  422845799,        1,  373845799,  373845799
 14299,    76,   49000000,  428992790,        1,  379992790,  379992790
 14299,    77,   49000000,  433025556,        1,  384025556,  384025556
 14299,    78,   49000000,  439100923,        1,  390100923,  390100923
 14299,    79,   49000000,  445283906,        1,  396283906,  396283906
 14299,    80,   49000000,  447358491,        1,  398358491,  398358491
 14299,    81,   49000000,  455709184,        1,  406709184,  406709184
 14299,    82,   49000000,  457490811,        1,  408490811,  408490811
 14299,    83,   49000000,  463542091,        1,  414542091,  414542091
 14299,    84,   49000000,  469871522,        1,  420871522,  420871522
 14299,    85,   49000000,  475958045,        1,  426958045,  426958045
 14299,    86,   49000000,  480051654,        1,  431051654,  431051654
 14299,    87,   49000000,  484165775,        1,  435165775,  435165775
 14299,    88,   49000000,  490244452,        1,  441244452,  441244452
 14299,    89,   49000000,  494353777,        1,  445353777,  445353777
 14299,    90,   49000000,  502532554,        1,  453532554,  453532554
 14299,    91,   49000000,  506555057,        1,  457555057,  457555057
 14299,    92,   49000000,  510584154,        1,  461584154,  461584154
 14299,    93,   49000000,  516986715,        1,  467986715,  467986715
 14299,    94,   49000000,  523116682,        1,  474116682,  474116682
 14299,    95,   49000000,  529473247,        1,  480473247,  480473247
 14299,    96,   49000000,  531546984,        1,  482546984,  482546984
 14299,    97,   49000000,  537721757,        1,  488721757,  488721757
 14299,    98,   49000000,  543906366,        1,  494906366,  494906366
 14299,    99,   49000000,  548196732,        1,  499196732,  499196732
 14299,   100,   49000000,  554207477,        1,  505207477,  505207477
 14299,   101,   49000000,  558078242,        1,  509078242,  509078242
 14299,   102,   49000000,  566266762,        1,  517266762,  517266762
 14299,   103,   49000000,  569685164,        1,  520685164,  520685164
 14299,   104,   49000000,  574489279,        1,  525489279,  525489279
 14299,   105,   49000000,  578637102,        1,  529637102,  529637102
 14299,   106,   49000000,  584693253,        1,  535693253,  535693253
 14299,   107,   49000000,  590737067,        1,  541737067,  541737067
 14299,   108,   49000000,  596724429,        1,  547724429,  547724429
 14299,   109,   49000000,  599584472,        1,  550584472,  550584472
 14299,   110,   49000000,  606884507,        1,  557884507,  557884507
 14299,   111,   49000000,  613234874,        1,  564234874,  564234874
 14299,   112,   49000000,  615314812,        1,  566314812,  566314812
 14299,   113,   49000000,  621400946,        1,  572400946,  572400946
 14299,   114,   49000000,  625472536,        1,  576472536,  576472536
 14299,   115,   49000000,  633544327,        1,  584544327,  584544327
 14299,   116,   49000000,  639951338,        1,  590951338,  590951338
 14299,   117,   49000000,  642061221,        1,  593061221,  593061221
 14299,   118,   49000000,  648256162,        1,  599256162,  599256162
 14299,   119,   49000000,  652301985,        1,  603301985,  603301985
 14299,   120,   49000000,  658370923,        1,  609370923,  609370923
 14299,   121,   49000000,  664918125,        1,  615918125,  615918125
 14299,   122,   49000000,  668757501,        1,  619757501,  619757501
 14299,   123,   49000000,  675334260,        1,  626334260,  626334260
 14299,   124,   49000000,  680977683,        1,  631977683,  631977683
 14299,   125,   49000000,  685317009,        1,  636317009,  636317009
 14299,   126,   49000000,  691173264,        1,  642173264,  642173264
 14299,   127,   49000000,  697525674,        1,  648525674,  648525674
 14299,   128,   49000000,  701879807,        1,  652879807,  652879807
 14299,   129,   49000000,  707922683,        1,  658922683,  658922683
 14299,   130,   49000000,  712319311,        1,  663319311,  663319311
 14299,   131,   49000000,  716449515,        1,  667449515,  667449515
 14299,   132,   49000000,  722537965,        1,  673537965,  673537965
 14299,   133,   49000000,  728606081,        1,  679606081,  679606081
 14299,   134,   49000000,  732886675,        1,  683886675,  683886675
 14299,   135,   49000000,  738885017,        1,  689885017,  689885017
 14299,   136,   49000000,  744998890,        1,  695998890,  695998890
 14299,   137,   49000000,  751170035,        1,  702170035,  702170035
 14299,   138,   49000000,  753558008,        1,  704558008,  704558008
 14299,   139,   49000000,  761175981,        1,  712175981,  712175981
 14299,   140,   49000000,  763839912,        1,  714839912,  714839912
 14299,   141,   49000000,  770950934,        1,  721950934,  721950934
 14299,   142,   49000000,  773451024,        1,  724451024,  724451024
 14299,   143,   49000000,  779511095,        1,  730511095,  730511095
 14299,   144,   49000000,  785392547,        1,  736392547,  736392547
 14299,   145,   49000000,  791390614,        1,  742390614,  742390614
 14299,   146,   49000000,  793476618,        1,  744476618,  744476618
 14299,   147,   49000000,  799597985,        1,  750597985,  750597985
 14299,   148,   49000000,  808511295,        1,  759511295,  759511295
 14299,   149,   49000000,  810015208,        1,  761015208,  761015208
 14299,   150,   49000000,  816106182,        1,  767106182,  767106182
 14299,   151,   49000000,  822246911,        1,  773246911,  773246911
 14299,   152,   49000000,  826295199,        1,  777295199,  777295199
 14299,   153,   49000000,  830388371,        1,  781388371,  781388371
 14299,   154,   49000000,  838423530,        1,  789423530,  789423530
 14299,   155,   49000000,  840489262,        1,  791489262,  791489262
 14299,   156,   49000000,  848600513,        1,  799600513,  799600513
 14299,   157,   49000000,  850617643,        1,  801617643,  801617643
 14299,   158,   49000000,  856642418,        1,  807642418,  807642418
 14299,   159,   49000000,  860775214,        1,  811775214,  811775214
 14299,   160,   49000000,  866947351,        1,  817947351,  817947351
 14299,   161,   49000000,  874930593,        1,  825930593,  825930593
 14299,   162,   49000000,  877371017,        1,  828371017,  828371017
 14299,   163,   49000000,  883522166,        1,  834522166,  834522166
 14299,   164,   49000000,  891954762,        1,  842954762,  842954762
 14299,   165,   49000000,  896045325,        1,  847045325,  847045325
 14299,   166,   49000000,  900064312,        1,  851064312,  851064312
 14299,   167,   49000000,  906195081,        1,  857195081,  857195081
 14299,   168,   49000000,  910261298,        1,  861261298,  861261298
 14299,   169,   49000000,  914413891,        1,  865413891,  865413891
 14299,   170,   49000000,  921116386,        1,  872116386,  872116386
 14299,   171,   49000000,  924611919,        1,  875611919,  875611919
 14299,   172,   49000000,  930717023,        1,  881717023,  881717023
 14299,   173,   49000000,  938843433,        1,  889843433,  889843433
 14299,   174,   49000000,  940850660,        1,  891850660,  891850660
 14299,   175,   49000000,  948946546,        1,  899946546,  899946546
 14299,   176,   49000000,  953632883,        1,  904632883,  904632883
 14299,   177,   49000000,  957641898,        1,  908641898,  908641898
 14299,   178,   49000000,  961451769,        1,  912451769,  912451769
 14299,   179,   49000000,  967485330,        1,  918485330,  918485330
 14299,   180,   49000000,  973586390,        1,  924586390,  924586390
 14299,   181,   49000000,  978067800,        1,  929067800,  929067800
 14299,   182,   49000000,  986211910,        1,  937211910,  937211910
 14299,   183,   49000000,  990233644,        1,  941233644,  941233644
 14299,   184,   49000000,  996265530,        1,  947265530,  947265530
 14299,   185,   49000000,  998618117,        1,  949618117,  949618117
 14299,   186,   49000000, 1006730452,        1,  957730452,  957730452
 14299,   187,   49000000, 1011179830,        1,  962179830,  962179830
 14299,   188,   49000000, 1015247840,        1,  966247840,  966247840
 14299,   189,   49000000, 1021366197,        1,  972366197,  972366197
 14299,   190,   49000000, 1025517031,        1,  976517031,  976517031
 14299,   191,   49000000, 1033694369,        1,  984694369,  984694369
 14299,   192,   49000000, 1038125144,        1,  989125144,  989125144
 14299,   193,   49000000, 1042172948,        1,  993172948,  993172948
 14299,   194,   49000000, 1048584904,        1,  999584904,  999584904
 14299,   195,   49000000, 1052616921,        1, 1003616921, 1003616921
 14299,   196,   49000000, 1058686957,        1, 1009686957, 1009686957
 14299,   197,   49000000, 1062730117,        1, 1013730117, 1013730117
 14299,   198,   49000000, 1068849806,        1, 1019849806, 1019849806
 14299,   199,   49000000, 1075212042,        1, 1026212042, 1026212042
 14299,   200,   49000000, 1079225302,        1, 1030225302, 1030225302
 14299,   201,   49000000, 1085567561,        1, 1036567561, 1036567561
# task NAME=myapp PID=14302 COST=60359000 PERIOD=84000000 CPU=0
 14302,     2,   84000000,       9709,        0,  -83990291,          0
 14302,     3,   84000000,     190134,        0,  -83809866,          0
 14302,     4,   84000000,  112045298,        1,   28045298,   28045298
 14302,     5,   84000000,  143342085,        1,   59342085,   59342085
 14302,     6,   84000000,  172555440,        1,   88555440,   88555440
 14302,     7,   84000000,  203743711,        1,  119743711,  119743711
 14302,     8,   84000000,  234920443,        1,  150920443,  150920443
 14302,     9,   84000000,  265918724,        1,  181918724,  181918724
 14302,    10,   84000000,  297715924,        1,  213715924,  213715924
 14302,    11,   84000000,  326848387,        1,  242848387,  242848387
 14302,    12,   84000000,  358188106,        1,  274188106,  274188106
 14302,    13,   84000000,  387147077,        1,  303147077,  303147077
 14302,    14,   84000000,  416291632,        1,  332291632,  332291632
 14302,    15,   84000000,  447473989,        1,  363473989,  363473989
 14302,    16,   84000000,  476545431,        1,  392545431,  392545431
 14302,    17,   84000000,  507683503,        1,  423683503,  423683503
 14302,    18,   84000000,  541020822,        1,  457020822,  457020822
 14302,    19,   84000000,  568235948,        1,  484235948,  484235948
 14302,    20,   84000000,  599638969,        1,  515638969,  515638969
 14302,    21,   84000000,  628571908,        1,  544571908,  544571908
 14302,    22,   84000000,  659807985,        1,  575807985,  575807985
 14302,    23,   84000000,  692187055,        1,  608187055,  608187055
 14302,    24,   84000000,  722426332,        1,  638426332,  638426332
 14302,    25,   84000000,  751162950,        1,  667162950,  667162950
 14302,    26,   84000000,  782443910,        1,  698443910,  698443910
 14302,    27,   84000000,  814011863,        1,  730011863,  730011863
 14302,    28,   84000000,  845114984,        1,  761114984,  761114984
 14302,    29,   84000000,  872293985,        1,  788293985,  788293985
 14302,    30,   84000000,  903404556,        1,  819404556,  819404556
 14302,    31,   84000000,  932858368,        1,  848858368,  848858368
 14302,    32,   84000000,  964117849,        1,  880117849,  880117849
 14302,    33,   84000000,  995289643,        1,  911289643,  911289643
 14302,    34,   84000000, 1024462600,        1,  940462600,  940462600
 14302,    35,   84000000, 1055833860,        1,  971833860,  971833860
 14302,    36,   84000000, 1087364028,        1, 1003364028, 1003364028
 14302,    37,   84000000, 1116582250,        1, 1032582250, 1032582250
 14302,    38,   84000000, 1151106640,        1, 1067106640, 1067106640
 14302,    39,   84000000, 1176787584,        1, 1092787584, 1092787584
 14302,    40,   84000000, 1208080001,        1, 1124080001, 1124080001
 14302,    41,   84000000, 1241236353,        1, 1157236353, 1157236353
 14302,    42,   84000000, 1270432775,        1, 1186432775, 1186432775
 14302,    43,   84000000, 1299711576,        1, 1215711576, 1215711576
 14302,    44,   84000000, 1333026990,        1, 1249026990, 1249026990
 14302,    45,   84000000, 1362120146,        1, 1278120146, 1278120146
 14302,    46,   84000000, 1391193618,        1, 1307193618, 1307193618
 14302,    47,   84000000, 1422678027,        1, 1338678027, 1338678027
 14302,    48,   84000000, 1453269631,        1, 1369269631, 1369269631
 14302,    49,   84000000, 1480510347,        1, 1396510347, 1396510347
 14302,    50,   84000000, 1514143838,        1, 1430143838, 1430143838
 14302,    51,   84000000, 1545600078,        1, 1461600078, 1461600078
 14302,    52,   84000000, 1572758274,        1, 1488758274, 1488758274
 14302,    53,   84000000, 1604300205,        1, 1520300205, 1520300205
 14302,    54,   84000000, 1637513933,        1, 1553513933, 1553513933
 14302,    55,   84000000, 1668904970,        1, 1584904970, 1584904970
 14302,    56,   84000000, 1696017942,        1, 1612017942, 1612017942
 14302,    57,   84000000, 1729240874,        1, 1645240874, 1645240874
 14302,    58,   84000000, 1758386626,        1, 1674386626, 1674386626
 14302,    59,   84000000, 1788294654,        1, 1704294654, 1704294654
 14302,    60,   84000000, 1820918716,        1, 1736918716, 1736918716
 14302,    61,   84000000, 1848760800,        1, 1764760800, 1764760800
 14302,    62,   84000000, 1879334985,        1, 1795334985, 1795334985
 14302,    63,   84000000, 1913279252,        1, 1829279252, 1829279252
 14302,    64,   84000000, 1940268579,        1, 1856268579, 1856268579
 14302,    65,   84000000, 1971591951,        1, 1887591951, 1887591951
 14302,    66,   84000000, 2001066126,        1, 1917066126, 1917066126
 14302,    67,   84000000, 2031931321,        1, 1947931321, 1947931321
 14302,    68,   84000000, 2063093583,        1, 1979093583, 1979093583
 14302,    69,   84000000, 2092295765,        1, 2008295765, 2008295765
 14302,    70,   84000000, 2123359211,        1, 2039359211, 2039359211
 14302,    71,   84000000, 2156991674,        1, 2072991674, 2072991674
 14302,    72,   84000000, 2186278724,        1, 2102278724, 2102278724
 14302,    73,   84000000, 2215200224,        1, 2131200224, 2131200224
 14302,    74,   84000000, 2244730093,        1, 2160730093, 2160730093
 14302,    75,   84000000, 2278216556,        1, 2194216556, 2194216556
# task NAME=myapp PID=14306 COST=43148000 PERIOD=56000000 CPU=0
 14306,     2,   56000000,       7963,        0,  -55992037,          0
 14306,     3,   56000000,     136539,        0,  -55863461,          0
 14306,     4,   56000000,   79963093,        1,   23963093,   23963093
 14306,     5,   56000000,  109076715,        1,   53076715,   53076715
 14306,     6,   56000000,  131608218,        1,   75608218,   75608218
 14306,     7,   56000000,  156511901,        1,  100511901,  100511901
 14306,     8,   56000000,  183420810,        1,  127420810,  127420810
 14306,     9,   56000000,  208451537,        1,  152451537,  152451537
 14306,    10,   56000000,  237331642,        1,  181331642,  181331642
 14306,    11,   56000000,  262275839,        1,  206275839,  206275839
 14306,    12,   56000000,  287257497,        1,  231257497,  231257497
 14306,    13,   56000000,  312105971,        1,  256105971,  256105971
 14306,    14,   56000000,  338973191,        1,  282973191,  282973191
 14306,    15,   56000000,  364140768,        1,  308140768,  308140768
 14306,    16,   56000000,  388699836,        1,  332699836,  332699836
 14306,    17,   56000000,  415596871,        1,  359596871,  359596871
 14306,    18,   56000000,  440989041,        1,  384989041,  384989041
 14306,    19,   56000000,  467372634,        1,  411372634,  411372634
 14306,    20,   56000000,  492263862,        1,  436263862,  436263862
 14306,    21,   56000000,  519286057,        1,  463286057,  463286057
 14306,    22,   56000000,  544162649,        1,  488162649,  488162649
 14306,    23,   56000000,  571351496,        1,  515351496,  515351496
 14306,    24,   56000000,  598095863,        1,  542095863,  542095863
 14306,    25,   56000000,  623196748,        1,  567196748,  567196748
 14306,    26,   56000000,  650051598,        1,  594051598,  594051598
 14306,    27,   56000000,  674955407,        1,  618955407,  618955407
 14306,    28,   56000000,  702254343,        1,  646254343,  646254343
 14306,    29,   56000000,  726612568,        1,  670612568,  670612568
 14306,    30,   56000000,  753472520,        1,  697472520,  697472520
 14306,    31,   56000000,  778338365,        1,  722338365,  722338365
 14306,    32,   56000000,  803321020,        1,  747321020,  747321020
 14306,    33,   56000000,  830099922,        1,  774099922,  774099922
 14306,    34,   56000000,  856910829,        1,  800910829,  800910829
 14306,    35,   56000000,  879660470,        1,  823660470,  823660470
 14306,    36,   56000000,  904729945,        1,  848729945,  848729945
 14306,    37,   56000000,  931628727,        1,  875628727,  875628727
 14306,    38,   56000000,  958474334,        1,  902474334,  902474334
 14306,    39,   56000000,  983356536,        1,  927356536,  927356536
 14306,    40,   56000000, 1010160350,        1,  954160350,  954160350
 14306,    41,   56000000, 1037101877,        1,  981101877,  981101877
 14306,    42,   56000000, 1059961574,        1, 1003961574, 1003961574
 14306,    43,   56000000, 1088830588,        1, 1032830588, 1032830588
 14306,    44,   56000000, 1111810362,        1, 1055810362, 1055810362
 14306,    45,   56000000, 1136660071,        1, 1080660071, 1080660071
 14306,    46,   56000000, 1164265843,        1, 1108265843, 1108265843
 14306,    47,   56000000, 1188785225,        1, 1132785225, 1132785225
 14306,    48,   56000000, 1215486262,        1, 1159486262, 1159486262
 14306,    49,   56000000, 1240680293,        1, 1184680293, 1184680293
 14306,    50,   56000000, 1268674119,        1, 1212674119, 1212674119
 14306,    51,   56000000, 1292501282,        1, 1236501282, 1236501282
 14306,    52,   56000000, 1319376536,        1, 1263376536, 1263376536
 14306,    53,   56000000, 1344236657,        1, 1288236657, 1288236657
 14306,    54,   56000000, 1373068732,        1, 1317068732, 1317068732
 14306,    55,   56000000, 1397837308,        1, 1341837308, 1341837308
 14306,    56,   56000000, 1420681899,        1, 1364681899, 1364681899
 14306,    57,   56000000, 1447501735,        1, 1391501735, 1391501735
 14306,    58,   56000000, 1472348248,        1, 1416348248, 1416348248
 14306,    59,   56000000, 1501507312,        1, 1445507312, 1445507312
 14306,    60,   56000000, 1526116092,        1, 1470116092, 1470116092
 14306,    61,   56000000, 1551341327,        1, 1495341327, 1495341327
 14306,    62,   56000000, 1576178073,        1, 1520178073, 1520178073
 14306,    63,   56000000, 1605370320,        1, 1549370320, 1549370320
 14306,    64,   56000000, 1628277500,        1, 1572277500, 1572277500
# task NAME=myapp PID=14311 COST=14552000 PERIOD=25000000 CPU=0
 14311,     2,   25000000,       7241,        0,  -24992759,          0
 14311,     3,   25000000,     140268,        0,  -24859732,          0
 14311,     4,   25000000,   23716234,        0,   -1283766,          0
 14311,     5,   25000000,   26629827,        1,    1629827,    1629827
 14311,     6,   25000000,   31529875,        1,    6529875,    6529875
 14311,     7,   25000000,   32332968,        1,    7332968,    7332968
 14311,     8,   25000000,   35063175,        1,   10063175,   10063175
 14311,     9,   25000000,   37875388,        1,   12875388,   12875388
 14311,    10,   25000000,   40616112,        1,   15616112,   15616112
 14311,    11,   25000000,   45348695,        1,   20348695,   20348695
 14311,    12,   25000000,   48184505,        1,   23184505,   23184505
 14311,    13,   25000000,   49017622,        1,   24017622,   24017622
 14311,    14,   25000000,   51874737,        1,   26874737,   26874737
 14311,    15,   25000000,   54631042,        1,   29631042,   29631042
 14311,    16,   25000000,   57340965,        1,   32340965,   32340965
 14311,    17,   25000000,   58655125,        1,   33655125,   33655125
 14311,    18,   25000000,   63291834,        1,   38291834,   38291834
 14311,    19,   25000000,   65658812,        1,   40658812,   40658812
 14311,    20,   25000000,   66452929,        1,   41452929,   41452929
 14311,    21,   25000000,   69311557,        1,   44311557,   44311557
 14311,    22,   25000000,   74444765,        1,   49444765,   49444765
 14311,    23,   25000000,   76932845,        1,   51932845,   51932845
 14311,    24,   25000000,   75660419,        1,   50660419,   50660419
 14311,    25,   25000000,   80498393,        1,   55498393,   55498393
 14311,    26,   25000000,   83548939,        1,   58548939,   58548939
 14311,    27,   25000000,   84126401,        1,   59126401,   59126401
 14311,    28,   25000000,   88944245,        1,   63944245,   63944245
 14311,    29,   25000000,   89770321,        1,   64770321,   64770321
 14311,    30,   25000000,   92618435,        1,   67618435,   67618435
 14311,    31,   25000000,   97462370,        1,   72462370,   72462370
 14311,    32,   25000000,   98252451,        1,   73252451,   73252451
 14311,    33,   25000000,  102996016,        1,   77996016,   77996016
 14311,    34,   25000000,  101781456,        1,   76781456,   76781456
 14311,    35,   25000000,  106564027,        1,   81564027,   81564027
 14311,    36,   25000000,  107316928,        1,   82316928,   82316928
 14311,    37,   25000000,  110159801,        1,   85159801,   85159801
 14311,    38,   25000000,  113014937,        1,   88014937,   88014937
 14311,    39,   25000000,  115802666,        1,   90802666,   90802666
 14311,    40,   25000000,  118638139,        1,   93638139,   93638139
 14311,    41,   25000000,  123382093,        1,   98382093,   98382093
 14311,    42,   25000000,  124151615,        1,   99151615,   99151615
 14311,    43,   25000000,  128917020,        1,  103917020,  103917020
 14311,    44,   25000000,  127984909,        1,  102984909,  102984909
 14311,    45,   25000000,  130424245,        1,  105424245,  105424245
 14311,    46,   25000000,  133106494,        1,  108106494,  108106494
 14311,    47,   25000000,  137939738,        1,  112939738,  112939738
 14311,    48,   25000000,  138741429,        1,  113741429,  113741429
 14311,    49,   25000000,  141774704,        1,  116774704,  116774704
 14311,    50,   25000000,  144277208,        1,  119277208,  119277208
 14311,    51,   25000000,  149026568,        1,  124026568,  124026568
 14311,    52,   25000000,  149770670,        1,  124770670,  124770670
 14311,    53,   25000000,  150819390,        1,  125819390,  125819390
 14311,    54,   25000000,  155385387,        1,  130385387,  130385387
 14311,    55,   25000000,  158119579,        1,  133119579,  133119579
 14311,    56,   25000000,  158896126,        1,  133896126,  133896126
 14311,    57,   25000000,  163751701,        1,  138751701,  138751701
 14311,    58,   25000000,  164892856,        1,  139892856,  139892856
 14311,    59,   25000000,  169301720,        1,  144301720,  144301720
 14311,    60,   25000000,  172130521,        1,  147130521,  147130521
 14311,    61,   25000000,  174848838,        1,  149848838,  149848838
 14311,    62,   25000000,  173629805,        1,  148629805,  148629805
 14311,    63,   25000000,  178397784,        1,  153397784,  153397784
 14311,    64,   25000000,  179229979,        1,  154229979,  154229979
 14311,    65,   25000000,  184026590,        1,  159026590,  159026590
 14311,    66,   25000000,  184762950,        1,  159762950,  159762950
 14311,    67,   25000000,  187559097,        1,  162559097,  162559097
 14311,    68,   25000000,  190328101,        1,  165328101,  165328101
 14311,    69,   25000000,  195119749,        1,  170119749,  170119749
 14311,    70,   25000000,  197916485,        1,  172916485,  172916485
 14311,    71,   25000000,  196640491,        1,  171640491,  171640491
 14311,    72,   25000000,  199816750,        1,  174816750,  174816750
 14311,    73,   25000000,  202347878,        1,  177347878,  177347878
 14311,    74,   25000000,  206317329,        1,  181317329,  181317329
 14311,    75,   25000000,  207755314,        1,  182755314,  182755314
 14311,    76,   25000000,  210524958,        1,  185524958,  185524958
 14311,    77,   25000000,  213347737,        1,  188347737,  188347737
 14311,    78,   25000000,  216127630,        1,  191127630,  191127630
 14311,    79,   25000000,  218916468,        1,  193916468,  193916468
 14311,    80,   25000000,  219723927,        1,  194723927,  194723927
 14311,    81,   25000000,  222899600,        1,  197899600,  197899600
 14311,    82,   25000000,  225310755,        1,  200310755,  200310755
 14311,    83,   25000000,  230108533,        1,  205108533,  205108533
 14311,    84,   25000000,  232870391,        1,  207870391,  207870391
 14311,    85,   25000000,  235686460,        1,  210686460,  210686460
 14311,    86,   25000000,  236467764,        1,  211467764,  211467764
 14311,    87,   25000000,  241226643,        1,  216226643,  216226643
 14311,    88,   25000000,  242015644,        1,  217015644,  217015644
 14311,    89,   25000000,  244769152,        1,  219769152,  219769152
 14311,    90,   25000000,  245607230,        1,  220607230,  220607230
 14311,    91,   25000000,  248425993,        1,  223425993,  223425993
 14311,    92,   25000000,  251175319,        1,  226175319,  226175319
 14311,    93,   25000000,  253967468,        1,  228967468,  228967468
 14311,    94,   25000000,  256975827,        1,  231975827,  231975827
 14311,    95,   25000000,  259511749,        1,  234511749,  234511749
 14311,    96,   25000000,  262308825,        1,  237308825,  237308825
 14311,    97,   25000000,  265074321,        1,  240074321,  240074321
 14311,    98,   25000000,  267860582,        1,  242860582,  242860582
 14311,    99,   25000000,  268695094,        1,  243695094,  243695094
 14311,   100,   25000000,  273575031,        1,  248575031,  248575031
 14311,   101,   25000000,  276373601,        1,  251373601,  251373601
 14311,   102,   25000000,  277266745,        1,  252266745,  252266745
 14311,   103,   25000000,  281929215,        1,  256929215,  256929215
 14311,   104,   25000000,  282682449,        1,  257682449,  257682449
 14311,   105,   25000000,  285463793,        1,  260463793,  260463793
 14311,   106,   25000000,  288239003,        1,  263239003,  263239003
 14311,   107,   25000000,  291054986,        1,  266054986,  266054986
 14311,   108,   25000000,  293885409,        1,  268885409,  268885409
 14311,   109,   25000000,  297028304,        1,  272028304,  272028304
 14311,   110,   25000000,  299396256,        1,  274396256,  274396256
 14311,   111,   25000000,  302204138,        1,  277204138,  277204138
 14311,   112,   25000000,  305232273,        1,  280232273,  280232273
 14311,   113,   25000000,  305735061,        1,  280735061,  280735061
 14311,   114,   25000000,  310543452,        1,  285543452,  285543452
 14311,   115,   25000000,  313322130,        1,  288322130,  288322130
 14311,   116,   25000000,  314116568,        1,  289116568,  289116568
 14311,   117,   25000000,  316919209,        1,  291919209,  291919209
 14311,   118,   25000000,  319734729,        1,  294734729,  294734729
 14311,   119,   25000000,  321765744,        1,  296765744,  296765744
 14311,   120,   25000000,  323344099,        1,  298344099,  298344099
 14311,   121,   25000000,  328357075,        1,  303357075,  303357075
 14311,   122,   25000000,  331015919,        1,  306015919,  306015919
 14311,   123,   25000000,  331740454,        1,  306740454,  306740454
 14311,   124,   25000000,  335855670,        1,  310855670,  310855670
 14311,   125,   25000000,  339141629,        1,  314141629,  314141629
 14311,   126,   25000000,  340196949,        1,  315196949,  315196949
 14311,   127,   25000000,  342716175,        1,  317716175,  317716175
 14311,   128,   25000000,  345458268,        1,  320458268,  320458268
 14311,   129,   25000000,  348177603,        1,  323177603,  323177603
 14311,   130,   25000000,  348978291,        1,  323978291,  323978291
 14311,   131,   25000000,  351826396,        1,  326826396,  326826396
 14311,   132,   25000000,  356612570,        1,  331612570,  331612570
 14311,   133,   25000000,  359302181,        1,  334302181,  334302181
 14311,   134,   25000000,  360101871,        1,  335101871,  335101871
 14311,   135,   25000000,  365147074,        1,  340147074,  340147074
 14311,   136,   25000000,  363621445,        1,  338621445,  338621445
 14311,   137,   25000000,  368510678,        1,  343510678,  343510678
 14311,   138,   25000000,  371311487,        1,  346311487,  346311487
 14311,   139,   25000000,  372084815,        1,  347084815,  347084815
 14311,   140,   25000000,  376816038,        1,  351816038,  351816038
 14311,   141,   25000000,  379559619,        1,  354559619,  354559619
 14311,   142,   25000000,  382315427,        1,  357315427,  357315427
 14311,   143,   25000000,  383136032,        1,  358136032,  358136032
 14311,   144,   25000000,  385918684,        1,  360918684,  360918684
 14311,   145,   25000000,  386688479,        1,  361688479,  361688479
 14311,   146,   25000000,  391491423,        1,  366491423,  366491423
 14311,   147,   25000000,  392260015,        1,  367260015,  367260015
 14311,   148,   25000000,  395047263,        1,  370047263,  370047263
 14311,   149,   25000000,  397858180,        1,  372858180,  372858180
 14311,   150,   25000000,  400704581,        1,  375704581,  375704581
 14311,   151,   25000000,  403482918,        1,  378482918,  378482918
 14311,   152,   25000000,  408242243,        1,  383242243,  383242243
 14311,   153,   25000000,  409986264,        1,  384986264,  384986264
 14311,   154,   25000000,  409735082,        1,  384735082,  384735082
 14311,   155,   25000000,  412535670,        1,  387535670,  387535670
 14311,   156,   25000000,  415404644,        1,  390404644,  390404644
 14311,   157,   25000000,  418226112,        1,  393226112,  393226112
 14311,   158,   25000000,  421025917,        1,  396025917,  396025917
 14311,   159,   25000000,  423832848,        1,  398832848,  398832848
 14311,   160,   25000000,  426594592,        1,  401594592,  401594592
 14311,   161,   25000000,  430975358,        1,  405975358,  405975358
 14311,   162,   25000000,  432437643,        1,  407437643,  407437643
 14311,   163,   25000000,  434933732,        1,  409933732,  409933732
 14311,   164,   25000000,  435737930,        1,  410737930,  410737930
 14311,   165,   25000000,  440551469,        1,  415551469,  415551469
 14311,   166,   25000000,  441331984,        1,  416331984,  416331984
 14311,   167,   25000000,  444107741,        1,  419107741,  419107741
 14311,   168,   25000000,  446990518,        1,  421990518,  421990518
 14311,   169,   25000000,  449753720,        1,  424753720,  424753720
 14311,   170,   25000000,  452542761,        1,  427542761,  427542761
 14311,   171,   25000000,  457342880,        1,  432342880,  432342880
 14311,   172,   25000000,  460132700,        1,  435132700,  435132700
 14311,   173,   25000000,  460971617,        1,  435971617,  435971617
 14311,   174,   25000000,  463836596,        1,  438836596,  438836596
 14311,   175,   25000000,  464651232,        1,  439651232,  439651232
 14311,   176,   25000000,  469802976,        1,  444802976,  444802976
 14311,   177,   25000000,  470163673,        1,  445163673,  445163673
 14311,   178,   25000000,  474929158,        1,  449929158,  449929158
 14311,   179,   25000000,  475670100,        1,  450670100,  450670100
 14311,   180,   25000000,  478736983,        1,  453736983,  453736983
 14311,   181,   25000000,  481554424,        1,  456554424,  456554424
 14311,   182,   25000000,  484367459,        1,  459367459,  459367459
 14311,   183,   25000000,  487110473,        1,  462110473,  462110473
 14311,   184,   25000000,  491868105,        1,  466868105,  466868105
 14311,   185,   25000000,  494927580,        1,  469927580,  469927580
 14311,   186,   25000000,  493651328,        1,  468651328,  468651328
 14311,   187,   25000000,  496453915,        1,  471453915,  471453915
 14311,   188,   25000000,  499268143,        1,  474268143,  474268143
 14311,   189,   25000000,  502391903,        1,  477391903,  477391903
 14311,   190,   25000000,  504806132,        1,  479806132,  479806132
 14311,   191,   25000000,  507563255,        1,  482563255,  482563255
 14311,   192,   25000000,  510344380,        1,  485344380,  485344380
 14311,   193,   25000000,  513163956,        1,  488163956,  488163956
 14311,   194,   25000000,  516764400,        1,  491764400,  491764400
 14311,   195,   25000000,  520955414,        1,  495955414,  495955414
 14311,   196,   25000000,  519790424,        1,  494790424,  494790424
 14311,   197,   25000000,  524593306,        1,  499593306,  499593306
 14311,   198,   25000000,  525677795,        1,  500677795,  500677795
 14311,   199,   25000000,  528485217,        1,  503485217,  503485217
 14311,   200,   25000000,  533280102,        1,  508280102,  508280102
 14311,   201,   25000000,  534131597,        1,  509131597,  509131597
 14311,   202,   25000000,  536866653,        1,  511866653,  511866653
 14311,   203,   25000000,  539687403,        1,  514687403,  514687403
 14311,   204,   25000000,  542449602,        1,  517449602,  517449602
 14311,   205,   25000000,  545226077,        1,  520226077,  520226077
 14311,   206,   25000000,  548010980,        1,  523010980,  523010980
 14311,   207,   25000000,  550830710,        1,  525830710,  525830710
 14311,   208,   25000000,  553613680,        1,  528613680,  528613680
# task NAME=myapp PID=14314 COST=59668000 PERIOD=73000000 CPU=0
 14314,     2,   73000000,      10685,        0,  -72989315,          0
 14314,     3,   73000000,     197754,        0,  -72802246,          0
 14314,     4,   73000000,  110339134,        1,   37339134,   37339134
 14314,     5,   73000000,  151482401,        1,   78482401,   78482401
 14314,     6,   73000000,  189588930,        1,  116588930,  116588930
 14314,     7,   73000000,  231271379,        1,  158271379,  158271379
 14314,     8,   73000000,  272725973,        1,  199725973,  199725973
 14314,     9,   73000000,  312334823,        1,  239334823,  239334823
 14314,    10,   73000000,  354214487,        1,  281214487,  281214487
 14314,    11,   73000000,  393749468,        1,  320749468,  320749468
 14314,    12,   73000000,  433174704,        1,  360174704,  360174704
 14314,    13,   73000000,  470668251,        1,  397668251,  397668251
 14314,    14,   73000000,  516240811,        1,  443240811,  443240811
 14314,    15,   73000000,  555707502,        1,  482707502,  482707502
 14314,    16,   73000000,  597260510,        1,  524260510,  524260510
 14314,    17,   73000000,  636642339,        1,  563642339,  563642339
 14314,    18,   73000000,  676245753,        1,  603245753,  603245753
 14314,    19,   73000000,  715775864,        1,  642775864,  642775864
 14314,    20,   73000000,  757229434,        1,  684229434,  684229434
 14314,    21,   73000000,  794724845,        1,  721724845,  721724845
 14314,    22,   73000000,  838230260,        1,  765230260,  765230260
 14314,    23,   73000000,  877687063,        1,  804687063,  804687063
 14314,    24,   73000000,  915258625,        1,  842258625,  842258625
 14314,    25,   73000000,  955106109,        1,  882106109,  882106109
 14314,    26,   73000000,  996191283,        1,  923191283,  923191283
 14314,    27,   73000000, 1035655314,        1,  962655314,  962655314
 14314,    28,   73000000, 1075407455,        1, 1002407455, 1002407455
 14314,    29,   73000000, 1114752331,        1, 1041752331, 1041752331
 14314,    30,   73000000, 1156327060,        1, 1083327060, 1083327060
 14314,    31,   73000000, 1195977588,        1, 1122977588, 1122977588
 14314,    32,   73000000, 1237415987,        1, 1164415987, 1164415987
 14314,    33,   73000000, 1276894787,        1, 1203894787, 1203894787
 14314,    34,   73000000, 1316476026,        1, 1243476026, 1243476026
 14314,    35,   73000000, 1355994638,        1, 1282994638, 1282994638
 14314,    36,   73000000, 1395750643,        1, 1322750643, 1322750643
 14314,    37,   73000000, 1439263082,        1, 1366263082, 1366263082
 14314,    38,   73000000, 1476812429,        1, 1403812429, 1403812429
 14314,    39,   73000000, 1516298915,        1, 1443298915, 1443298915
 14314,    40,   73000000, 1557833389,        1, 1484833389, 1484833389
 14314,    41,   73000000, 1597473983,        1, 1524473983, 1524473983
 14314,    42,   73000000, 1636891722,        1, 1563891722, 1563891722
 14314,    43,   73000000, 1676405242,        1, 1603405242, 1603405242
 14314,    44,   73000000, 1718070995,        1, 1645070995, 1645070995
 14314,    45,   73000000, 1757934515,        1, 1684934515, 1684934515
 14314,    46,   73000000, 1797771987,        1, 1724771987, 1724771987
 14314,    47,   73000000, 1839017931,        1, 1766017931, 1766017931
 14314,    48,   73000000, 1878513246,        1, 1805513246, 1805513246
 14314,    49,   73000000, 1920009421,        1, 1847009421, 1847009421
 14314,    50,   73000000, 1959563972,        1, 1886563972, 1886563972
 14314,    51,   73000000, 1999156207,        1, 1926156207, 1926156207
 14314,    52,   73000000, 2040521160,        1, 1967521160, 1967521160
 14314,    53,   73000000, 2080035073,        1, 2007035073, 2007035073
 14314,    54,   73000000, 2119538619,        1, 2046538619, 2046538619
 14314,    55,   73000000, 2159013965,        1, 2086013965, 2086013965
 14314,    56,   73000000, 2200078254,        1, 2127078254, 2127078254
 14314,    57,   73000000, 2238275863,        1, 2165275863, 2165275863
# task NAME=myapp PID=14318 COST=60050000 PERIOD=93000000 CPU=0
 14318,     2,   93000000,      10244,        0,  -92989756,          0
 14318,     3,   93000000,     166686,        0,  -92833314,          0
 14318,     4,   93000000,  110689992,        1,   17689992,   17689992
 14318,     5,   93000000,  130662895,        1,   37662895,   37662895
 14318,     6,   93000000,  152554692,        1,   59554692,   59554692
 14318,     7,   93000000,  174683198,        1,   81683198,   81683198
 14318,     8,   93000000,  194518737,        1,  101518737,  101518737
 14318,     9,   93000000,  214352936,        1,  121352936,  121352936
 14318,    10,   93000000,  236236539,        1,  143236539,  143236539
 14318,    11,   93000000,  258270718,        1,  165270718,  165270718
 14318,    12,   93000000,  278610534,        1,  185610534,  185610534
 14318,    13,   93000000,  299940758,        1,  206940758,  206940758
 14318,    14,   93000000,  317742070,        1,  224742070,  224742070
 14318,    15,   93000000,  341600871,        1,  248600871,  248600871
 14318,    16,   93000000,  359464455,        1,  266464455,  266464455
 14318,    17,   93000000,  381332305,        1,  288332305,  288332305
 14318,    18,   93000000,  401324223,        1,  308324223,  308324223
 14318,    19,   93000000,  423699535,        1,  330699535,  330699535
 14318,    20,   93000000,  443123364,        1,  350123364,  350123364
 14318,    21,   93000000,  465037731,        1,  372037731,  372037731
 14318,    22,   93000000,  484989085,        1,  391989085,  391989085
 14318,    23,   93000000,  506814691,        1,  413814691,  413814691
 14318,    24,   93000000,  528787081,        1,  435787081,  435787081
 14318,    25,   93000000,  546642034,        1,  453642034,  453642034
 14318,    26,   93000000,  570743492,        1,  477743492,  477743492
 14318,    27,   93000000,  590606506,        1,  497606506,  497606506
 14318,    28,   93000000,  610495570,        1,  517495570,  517495570
 14318,    29,   93000000,  630328957,        1,  537328957,  537328957
 14318,    30,   93000000,  652275720,        1,  559275720,  559275720
 14318,    31,   93000000,  674392459,        1,  581392459,  581392459
 14318,    32,   93000000,  694010674,        1,  601010674,  601010674
 14318,    33,   93000000,  713920927,        1,  620920927,  620920927
 14318,    34,   93000000,  735896569,        1,  642896569,  642896569
 14318,    35,   93000000,  755893314,        1,  662893314,  662893314
 14318,    36,   93000000,  778030243,        1,  685030243,  685030243
 14318,    37,   93000000,  799857978,        1,  706857978,  706857978
 14318,    38,   93000000,  819680147,        1,  726680147,  726680147
 14318,    39,   93000000,  841523834,        1,  748523834,  748523834
 14318,    40,   93000000,  859307470,        1,  766307470,  766307470
 14318,    41,   93000000,  883264630,        1,  790264630,  790264630
 14318,    42,   93000000,  901358713,        1,  808358713,  808358713
 14318,    43,   93000000,  922884729,        1,  829884729,  829884729
 14318,    44,   93000000,  942882469,        1,  849882469,  849882469
 14318,    45,   93000000,  962668362,        1,  869668362,  869668362
 14318,    46,   93000000,  984601267,        1,  891601267,  891601267
 14318,    47,   93000000, 1004485484,        1,  911485484,  911485484
 14318,    48,   93000000, 1026374496,        1,  933374496,  933374496
 14318,    49,   93000000, 1048287373,        1,  955287373,  955287373
 14318,    50,   93000000, 1068961290,        1,  975961290,  975961290
 14318,    51,   93000000, 1093147408,        1, 1000147408, 1000147408
 14318,    52,   93000000, 1113172690,        1, 1020172690, 1020172690
 14318,    53,   93000000, 1135072087,        1, 1042072087, 1042072087
 14318,    54,   93000000, 1152980830,        1, 1059980830, 1059980830
 14318,    55,   93000000, 1175132741,        1, 1082132741, 1082132741
 14318,    56,   93000000, 1194966841,        1, 1101966841, 1101966841
 14318,    57,   93000000, 1217206743,        1, 1124206743, 1124206743
 14318,    58,   93000000, 1237335884,        1, 1144335884, 1144335884
 14318,    59,   93000000, 1261456715,        1, 1168456715, 1168456715
 14318,    60,   93000000, 1279360444,        1, 1186360444, 1186360444
 14318,    61,   93000000, 1301201778,        1, 1208201778, 1208201778
 14318,    62,   93000000, 1321359457,        1, 1228359457, 1228359457
 14318,    63,   93000000, 1345231521,        1, 1252231521, 1252231521
 14318,    64,   93000000, 1365062553,        1, 1272062553, 1272062553
 14318,    65,   93000000, 1384861774,        1, 1291861774, 1291861774
 14318,    66,   93000000, 1406688945,        1, 1313688945, 1313688945
 14318,    67,   93000000, 1425751324,        1, 1332751324, 1332751324
 14318,    68,   93000000, 1448458227,        1, 1355458227, 1355458227
 14318,    69,   93000000, 1468252532,        1, 1375252532, 1375252532
 14318,    70,   93000000, 1488198476,        1, 1395198476, 1395198476
 14318,    71,   93000000, 1508117553,        1, 1415117553, 1415117553
 14318,    72,   93000000, 1529905491,        1, 1436905491, 1436905491
 14318,    73,   93000000, 1551796741,        1, 1458796741, 1458796741
 14318,    74,   93000000, 1569634385,        1, 1476634385, 1476634385
 14318,    75,   93000000, 1591799953,        1, 1498799953, 1498799953
 14318,    76,   93000000, 1614047483,        1, 1521047483, 1521047483
 14318,    77,   93000000, 1633886161,        1, 1540886161, 1540886161
 14318,    78,   93000000, 1655873820,        1, 1562873820, 1562873820
 14318,    79,   93000000, 1677761960,        1, 1584761960, 1584761960
 14318,    80,   93000000, 1695670398,        1, 1602670398, 1602670398
 14318,    81,   93000000, 1717815250,        1, 1624815250, 1624815250
 14318,    82,   93000000, 1739968891,        1, 1646968891, 1646968891
 14318,    83,   93000000, 1759924057,        1, 1666924057, 1666924057
 14318,    84,   93000000, 1782107444,        1, 1689107444, 1689107444
 14318,    85,   93000000, 1801961863,        1, 1708961863, 1708961863
 14318,    86,   93000000, 1823983662,        1, 1730983662, 1730983662
 14318,    87,   93000000, 1844104429,        1, 1751104429, 1751104429
 14318,    88,   93000000, 1866141419,        1, 1773141419, 1773141419
 14318,    89,   93000000, 1887934579,        1, 1794934579, 1794934579
 14318,    90,   93000000, 1908311036,        1, 1815311036, 1815311036
 14318,    91,   93000000, 1928452612,        1, 1835452612, 1835452612
 14318,    92,   93000000, 1952302179,        1, 1859302179, 1859302179
 14318,    93,   93000000, 1972128049,        1, 1879128049, 1879128049
 14318,    94,   93000000, 1992174551,        1, 1899174551, 1899174551
 14318,    95,   93000000, 2012355064,        1, 1919355064, 1919355064
 14318,    96,   93000000, 2034328834,        1, 1941328834, 1941328834
 14318,    97,   93000000, 2054413503,        1, 1961413503, 1961413503
 14318,    98,   93000000, 2076595842,        1, 1983595842, 1983595842
 14318,    99,   93000000, 2098774651,        1, 2005774651, 2005774651
 14318,   100,   93000000, 2118754012,        1, 2025754012, 2025754012
 14318,   101,   93000000, 2138642317,        1, 2045642317, 2045642317
 14318,   102,   93000000, 2161015770,        1, 2068015770, 2068015770
 14318,   103,   93000000, 2183330420,        1, 2090330420, 2090330420
 14318,   104,   93000000, 2203514549,        1, 2110514549, 2110514549
 14318,   105,   93000000, 2227665002,        1, 2134665002, 2134665002
 14318,   106,   93000000, 2245646350,        1, 2152646350, 2152646350
 14318,   107,   93000000, 2268026008,        1, 2175026008, 2175026008
# task NAME=myapp PID=14322 COST=43698000 PERIOD=64000000 CPU=0
 14322,     2,   64000000,      13288,        0,  -63986712,          0
 14322,     3,   64000000,     214372,        0,  -63785628,          0
 14322,     4,   64000000,   81002350,        1,   17002350,   17002350
 14322,     5,   64000000,  101820967,        1,   37820967,   37820967
 14322,     6,   64000000,  119275976,        1,   55275976,   55275976
 14322,     7,   64000000,  138566879,        1,   74566879,   74566879
 14322,     8,   64000000,  156011103,        1,   92011103,   92011103
 14322,     9,   64000000,  175811517,        1,  111811517,  111811517
 14322,    10,   64000000,  196876278,        1,  132876278,  132876278
 14322,    11,   64000000,  212282673,        1,  148282673,  148282673
 14322,    12,   64000000,  232834797,        1,  168834797,  168834797
 14322,    13,   64000000,  251195217,        1,  187195217,  187195217
 14322,    14,   64000000,  270560749,        1,  206560749,  206560749
 14322,    15,   64000000,  287916433,        1,  223916433,  223916433
 14322,    16,   64000000,  307366973,        1,  243366973,  243366973
 14322,    17,   64000000,  326851083,        1,  262851083,  262851083
 14322,    18,   64000000,  346291393,        1,  282291393,  282291393
 14322,    19,   64000000,  363579199,        1,  299579199,  299579199
 14322,    20,   64000000,  385047091,        1,  321047091,  321047091
 14322,    21,   64000000,  402445684,        1,  338445684,  338445684
 14322,    22,   64000000,  419862360,        1,  355862360,  355862360
 14322,    23,   64000000,  439347032,        1,  375347032,  375347032
 14322,    24,   64000000,  458579646,        1,  394579646,  394579646
 14322,    25,   64000000,  477874380,        1,  413874380,  413874380
 14322,    26,   64000000,  495299102,        1,  431299102,  431299102
 14322,    27,   64000000,  514766937,        1,  450766937,  450766937
 14322,    28,   64000000,  532119725,        1,  468119725,  468119725
 14322,    29,   64000000,  553579249,        1,  489579249,  489579249
 14322,    30,   64000000,  572997393,        1,  508997393,  508997393
 14322,    31,   64000000,  588344850,        1,  524344850,  524344850
 14322,    32,   64000000,  609877261,        1,  545877261,  545877261
 14322,    33,   64000000,  627115682,        1,  563115682,  563115682
 14322,    34,   64000000,  648461435,        1,  584461435,  584461435
 14322,    35,   64000000,  668016370,        1,  604016370,  604016370
 14322,    36,   64000000,  687666304,        1,  623666304,  623666304
 14322,    37,   64000000,  706838397,        1,  642838397,  642838397
 14322,    38,   64000000,  724295842,        1,  660295842,  660295842
 14322,    39,   64000000,  743704523,        1,  679704523,  679704523
 14322,    40,   64000000,  763172527,        1,  699172527,  699172527
 14322,    41,   64000000,  780536802,        1,  716536802,  716536802
 14322,    42,   64000000,  801894514,        1,  737894514,  737894514
 14322,    43,   64000000,  819347709,        1,  755347709,  755347709
 14322,    44,   64000000,  836808955,        1,  772808955,  772808955
 14322,    45,   64000000,  858129444,        1,  794129444,  794129444
 14322,    46,   64000000,  875588259,        1,  811588259,  811588259
 14322,    47,   64000000,  895020528,        1,  831020528,  831020528
 14322,    48,   64000000,  914458625,        1,  850458625,  850458625
 14322,    49,   64000000,  931853487,        1,  867853487,  867853487
 14322,    50,   64000000,  951225525,        1,  887225525,  887225525
 14322,    51,   64000000,  970681599,        1,  906681599,  906681599
 14322,    52,   64000000,  990017448,        1,  926017448,  926017448
 14322,    53,   64000000, 1007353673,        1,  943353673,  943353673
 14322,    54,   64000000, 1027072295,        1,  963072295,  963072295
 14322,    55,   64000000, 1044539186,        1,  980539186,  980539186
 14322,    56,   64000000, 1065909354,        1, 1001909354, 1001909354
 14322,    57,   64000000, 1083276241,        1, 1019276241, 1019276241
 14322,    58,   64000000, 1100743854,        1, 1036743854, 1036743854
 14322,    59,   64000000, 1121015980,        1, 1057015980, 1057015980
 14322,    60,   64000000, 1139786026,        1, 1075786026, 1075786026
 14322,    61,   64000000, 1159065073,        1, 1095065073, 1095065073
 14322,    62,   64000000, 1176436630,        1, 1112436630, 1112436630
 14322,    63,   64000000, 1195835305,        1, 1131835305, 1131835305
 14322,    64,   64000000, 1217633642,        1, 1153633642, 1153633642
 14322,    65,   64000000, 1234888728,        1, 1170888728, 1170888728
 14322,    66,   64000000, 1252377220,        1, 1188377220, 1188377220
 14322,    67,   64000000, 1271806282,        1, 1207806282, 1207806282
 14322,    68,   64000000, 1291464542,        1, 1227464542, 1227464542
 14322,    69,   64000000, 1311060444,        1, 1247060444, 1247060444
 14322,    70,   64000000, 1328477683,        1, 1264477683, 1264477683
 14322,    71,   64000000, 1348401576,        1, 1284401576, 1284401576
 14322,    72,   64000000, 1367712875,        1, 1303712875, 1303712875
 14322,    73,   64000000, 1387170497,        1, 1323170497, 1323170497
 14322,    74,   64000000, 1404476562,        1, 1340476562, 1340476562
 14322,    75,   64000000, 1423801386,        1, 1359801386, 1359801386
 14322,    76,   64000000, 1445114985,        1, 1381114985, 1381114985
 14322,    77,   64000000, 1462892552,        1, 1398892552, 1398892552
 14322,    78,   64000000, 1482290291,        1, 1418290291, 1418290291
 14322,    79,   64000000, 1499721217,        1, 1435721217, 1435721217
 14322,    80,   64000000, 1519053833,        1, 1455053833, 1455053833
 14322,    81,   64000000, 1538496012,        1, 1474496012, 1474496012
 14322,    82,   64000000, 1555892163,        1, 1491892163, 1491892163
 14322,    83,   64000000, 1575336434,        1, 1511336434, 1511336434
 14322,    84,   64000000, 1593485933,        1, 1529485933, 1529485933
 14322,    85,   64000000, 1612203703,        1, 1548203703, 1548203703
 14322,    86,   64000000, 1632869290,        1, 1568869290, 1568869290
 14322,    87,   64000000, 1651372941,        1, 1587372941, 1587372941
