# Task,   Job,     Period,   Response, DL Miss?,   Lateness,  Tardiness
# task NAME=myapp PID=15610 COST=57895000 PERIOD=91000000 CPU=0
 15610,     2,   91000000,       5659,        0,  -90994341,          0
 15610,     3,   91000000,     791339,        0,  -90208661,          0
 15610,     4,   91000000,  105838766,        1,   14838766,   14838766
 15610,     5,   91000000,  123809274,        1,   32809274,   32809274
 15610,     6,   91000000,  143581639,        1,   52581639,   52581639
 15610,     7,   91000000,  161772553,        1,   70772553,   70772553
 15610,     8,   91000000,  181541878,        1,   90541878,   90541878
 15610,     9,   91000000,  201592573,        1,  110592573,  110592573
 15610,    10,   91000000,  219744408,        1,  128744408,  128744408
 15610,    11,   91000000,  237342131,        1,  146342131,  146342131
 15610,    12,   91000000,  259251652,        1,  168251652,  168251652
 15610,    13,   91000000,  275257171,        1,  184257171,  184257171
 15610,    14,   91000000,  295354531,        1,  204354531,  204354531
 15610,    15,   91000000,  314945449,        1,  223945449,  223945449
 15610,    16,   91000000,  333004381,        1,  242004381,  242004381
 15610,    17,   91000000,  351121575,        1,  260121575,  260121575
 15610,    18,   91000000,  371301517,        1,  280301517,  280301517
 15610,    19,   91000000,  390640656,        1,  299640656,  299640656
 15610,    20,   91000000,  408558763,        1,  317558763,  317558763
 15610,    21,   91000000,  426626823,        1,  335626823,  335626823
 15610,    22,   91000000,  446666976,        1,  355666976,  355666976
 15610,    23,   91000000,  466453303,        1,  375453303,  375453303
 15610,    24,   91000000,  482411630,        1,  391411630,  391411630
 15610,    25,   91000000,  502531150,        1,  411531150,  411531150
 15610,    26,   91000000,  520429578,        1,  429429578,  429429578
 15610,    27,   91000000,  540541366,        1,  449541366,  449541366
 15610,    28,   91000000,  560424478,        1,  469424478,  469424478
 15610,    29,   91000000,  578455307,        1,  487455307,  487455307
 15610,    30,   91000000,  596218280,        1,  505218280,  505218280
 15610,    31,   91000000,  615968382,        1,  524968382,  524968382
 15610,    32,   91000000,  634245867,        1,  543245867,  543245867
 15610,    33,   91000000,  653843223,        1,  562843223,  562843223
 15610,    34,   91000000,  671684481,        1,  580684481,  580684481
 15610,    35,   91000000,  689773767,        1,  598773767,  598773767
 15610,    36,   91000000,  712309787,        1,  621309787,  621309787
 15610,    37,   91000000,  729720156,        1,  638720156,  638720156
 15610,    38,   91000000,  747454409,        1,  656454409,  656454409
 15610,    39,   91000000,  765411779,        1,  674411779,  674411779
 15610,    40,   91000000,  785318622,        1,  694318622,  694318622
 15610,    41,   91000000,  805198683,        1,  714198683,  714198683
 15610,    42,   91000000,  822946889,        1,  731946889,  731946889
 15610,    43,   91000000,  841063957,        1,  750063957,  750063957
 15610,    44,   91000000,  860912519,        1,  769912519,  769912519
 15610,    45,   91000000,  879097536,        1,  788097536,  788097536
 15610,    46,   91000000,  899178054,        1,  808178054,  808178054
 15610,    47,   91000000,  917282770,        1,  826282770,  826282770
 15610,    48,   91000000,  937146124,        1,  846146124,  846146124
 15610,    49,   91000000,  955171005,        1,  864171005,  864171005
 15610,    50,   91000000,  975714929,        1,  884714929,  884714929
 15610,    51,   91000000,  993176769,        1,  902176769,  902176769
 15610,    52,   91000000, 1012948075,        1,  921948075,  921948075
 15610,    53,   91000000, 1032979071,        1,  941979071,  941979071
 15610,    54,   91000000, 1052261648,        1,  961261648,  961261648
 15610,    55,   91000000, 1068991625,        1,  977991625,  977991625
 15610,    56,   91000000, 1089817072,        1,  998817072,  998817072
 15610,    57,   91000000, 1106930635,        1, 1015930635, 1015930635
 15610,    58,   91000000, 1126716412,        1, 1035716412, 1035716412
 15610,    59,   91000000, 1144576960,        1, 1053576960, 1053576960
 15610,    60,   91000000, 1164611955,        1, 1073611955, 1073611955
 15610,    61,   91000000, 1182762794,        1, 1091762794, 1091762794
 15610,    62,   91000000, 1202851128,        1, 1111851128, 1111851128
 15610,    63,   91000000, 1221050114,        1, 1130050114, 1130050114
 15610,    64,   91000000, 1243574007,        1, 1152574007, 1152574007
 15610,    65,   91000000, 1258935145,        1, 1167935145, 1167935145
 15610,    66,   91000000, 1280838979,        1, 1189838979, 1189838979
 15610,    67,   91000000, 1296819913,        1, 1205819913, 1205819913
 15610,    68,   91000000, 1316970337,        1, 1225970337, 1225970337
 15610,    69,   91000000, 1334717410,        1, 1243717410, 1243717410
 15610,    70,   91000000, 1354703848,        1, 1263703848, 1263703848
 15610,    71,   91000000, 1372708464,        1, 1281708464, 1281708464
 15610,    72,   91000000, 1394119874,        1, 1303119874, 1303119874
 15610,    73,   91000000, 1410667922,        1, 1319667922, 1319667922
 15610,    74,   91000000, 1428561728,        1, 1337561728, 1337561728
 15610,    75,   91000000, 1450201829,        1, 1359201829, 1359201829
 15610,    76,   91000000, 1468116915,        1, 1377116915, 1377116915
 15610,    77,   91000000, 1488759817,        1, 1397759817, 1397759817
 15610,    78,   91000000, 1504412878,        1, 1413412878, 1413412878
 15610,    79,   91000000, 1526354524,        1, 1435354524, 1435354524
 15610,    80,   91000000, 1544451285,        1, 1453451285, 1453451285
 15610,    81,   91000000, 1564211841,        1, 1473211841, 1473211841
 15610,    82,   91000000, 1582258892,        1, 1491258892, 1491258892
 15610,    83,   91000000, 1600024770,        1, 1509024770, 1509024770
 15610,    84,   91000000, 1619768463,        1, 1528768463, 1528768463
 15610,    85,   91000000, 1635545366,        1, 1544545366, 1544545366
 15610,    86,   91000000, 1655395138,        1, 1564395138, 1564395138
 15610,    87,   91000000, 1673242032,        1, 1582242032, 1582242032
 15610,    88,   91000000, 1693195629,        1, 1602195629, 1602195629
 15610,    89,   91000000, 1711028246,        1, 1620028246, 1620028246
 15610,    90,   91000000, 1731094222,        1, 1640094222, 1640094222
 15610,    91,   91000000, 1749189820,        1, 1658189820, 1658189820
 15610,    92,   91000000, 1769072681,        1, 1678072681, 1678072681
 15610,    93,   91000000, 1788838715,        1, 1697838715, 1697838715
 15610,    94,   91000000, 1804975931,        1, 1713975931, 1713975931
 15610,    95,   91000000, 1826809045,        1, 1735809045, 1735809045
 15610,    96,   91000000, 1842716976,        1, 1751716976, 1751716976
 15610,    97,   91000000, 1862760774,        1, 1771760774, 1771760774
 15610,    98,   91000000, 1882970176,        1, 1791970176, 1791970176
 15610,    99,   91000000, 1901130302,        1, 1810130302, 1810130302
 15610,   100,   91000000, 1921240724,        1, 1830240724, 1830240724
 15610,   101,   91000000, 1939127838,        1, 1848127838, 1848127838
 15610,   102,   91000000, 1959179220,        1, 1868179220, 1868179220
 15610,   103,   91000000, 1977422839,        1, 1886422839, 1886422839
 15610,   104,   91000000, 1997858819,        1, 1906858819, 1906858819
 15610,   105,   91000000, 2019982873,        1, 1928982873, 1928982873
 15610,   106,   91000000, 2036123008,        1, 1945123008, 1945123008
 15610,   107,   91000000, 2058122313,        1, 1967122313, 1967122313
 15610,   108,   91000000, 2074462986,        1, 1983462986, 1983462986
 15610,   109,   91000000, 2094416492,        1, 2003416492, 2003416492
 15610,   110,   91000000, 2112518079,        1, 2021518079, 2021518079
 15610,   111,   91000000, 2132890751,        1, 2041890751, 2041890751
 15610,   112,   91000000, 2152830646,        1, 2061830646, 2061830646
 15610,   113,   91000000, 2172990987,        1, 2081990987, 2081990987
# task NAME=myapp PID=15613 COST=25903000 PERIOD=37000000 CPU=0
 15613,     2,   37000000,       5409,        0,  -36994591,          0
 15613,     3,   37000000,     778737,        0,  -36221263,          0
 15613,     4,   37000000,   47382149,        1,   10382149,   10382149
 15613,     5,   37000000,   59203152,        1,   22203152,   22203152
 15613,     6,   37000000,   70725561,        1,   33725561,   33725561
 15613,     7,   37000000,   84312550,        1,   47312550,   47312550
 15613,     8,   37000000,   97923349,        1,   60923349,   60923349
 15613,     9,   37000000,  109458296,        1,   72458296,   72458296
 15613,    10,   37000000,  122811425,        1,   85811425,   85811425
 15613,    11,   37000000,  132455000,        1,   95455000,   95455000
 15613,    12,   37000000,  144228472,        1,  107228472,  107228472
 15613,    13,   37000000,  157932214,        1,  120932214,  120932214
 15613,    14,   37000000,  169373334,        1,  132373334,  132373334
 15613,    15,   37000000,  180885507,        1,  143885507,  143885507
 15613,    16,   37000000,  192376590,        1,  155376590,  155376590
 15613,    17,   37000000,  205891054,        1,  168891054,  168891054
 15613,    18,   37000000,  219516500,        1,  182516500,  182516500
 15613,    19,   37000000,  231012114,        1,  194012114,  194012114
 15613,    20,   37000000,  240506352,        1,  203506352,  203506352
 15613,    21,   37000000,  254056395,        1,  217056395,  217056395
 15613,    22,   37000000,  265684146,        1,  228684146,  228684146
 15613,    23,   37000000,  277204296,        1,  240204296,  240204296
 15613,    24,   37000000,  290739317,        1,  253739317,  253739317
 15613,    25,   37000000,  302297156,        1,  265297156,  265297156
 15613,    26,   37000000,  314078314,        1,  277078314,  277078314
 15613,    27,   37000000,  327567994,        1,  290567994,  290567994
 15613,    28,   37000000,  341118744,        1,  304118744,  304118744
 15613,    29,   37000000,  350634077,        1,  313634077,  313634077
 15613,    30,   37000000,  362184551,        1,  325184551,  325184551
 15613,    31,   37000000,  375725111,        1,  338725111,  338725111
 15613,    32,   37000000,  387291461,        1,  350291461,  350291461
 15613,    33,   37000000,  399168837,        1,  362168837,  362168837
 15613,    34,   37000000,  410743826,        1,  373743826,  373743826
 15613,    35,   37000000,  424336217,        1,  387336217,  387336217
 15613,    36,   37000000,  437816476,        1,  400816476,  400816476
 15613,    37,   37000000,  449345451,        1,  412345451,  412345451
 15613,    38,   37000000,  461171043,        1,  424171043,  424171043
 15613,    39,   37000000,  474655875,        1,  437655875,  437655875
 15613,    40,   37000000,  484203674,        1,  447203674,  447203674
 15613,    41,   37000000,  495754659,        1,  458754659,  458754659
 15613,    42,   37000000,  509311023,        1,  472311023,  472311023
 15613,    43,   37000000,  521094135,        1,  484094135,  484094135
 15613,    44,   37000000,  532741902,        1,  495741902,  495741902
 15613,    45,   37000000,  546259967,        1,  509259967,  509259967
 15613,    46,   37000000,  557814575,        1,  520814575,  520814575
 15613,    47,   37000000,  569314507,        1,  532314507,  532314507
 15613,    48,   37000000,  580796470,        1,  543796470,  543796470
 15613,    49,   37000000,  596354546,        1,  559354546,  559354546
 15613,    50,   37000000,  605836720,        1,  568836720,  568836720
 15613,    51,   37000000,  619509175,        1,  582509175,  582509175
 15613,    52,   37000000,  631045143,        1,  594045143,  594045143
 15613,    53,   37000000,  642658284,        1,  605658284,  605658284
 15613,    54,   37000000,  654170896,        1,  617170896,  617170896
 15613,    55,   37000000,  665676729,        1,  628676729,  628676729
 15613,    56,   37000000,  679217228,        1,  642217228,  642217228
 15613,    57,   37000000,  692690502,        1,  655690502,  655690502
 15613,    58,   37000000,  702256850,        1,  665256850,  665256850
 15613,    59,   37000000,  715846210,        1,  678846210,  678846210
 15613,    60,   37000000,  729413472,        1,  692413472,  692413472
 15613,    61,   37000000,  738957883,        1,  701957883,  701957883
 15613,    62,   37000000,  752621582,        1,  715621582,  715621582
 15613,    63,   37000000,  766133364,        1,  729133364,  729133364
 15613,    64,   37000000,  775953701,        1,  738953701,  738953701
 15613,    65,   37000000,  787521137,        1,  750521137,  750521137
 15613,    66,   37000000,  801278096,        1,  764278096,  764278096
 15613,    67,   37000000,  812865638,        1,  775865638,  775865638
 15613,    68,   37000000,  824463370,        1,  787463370,  787463370
 15613,    69,   37000000,  838429329,        1,  801429329,  801429329
 15613,    70,   37000000,  850058829,        1,  813058829,  813058829
 15613,    71,   37000000,  861217841,        1,  824217841,  824217841
 15613,    72,   37000000,  874725751,        1,  837725751,  837725751
 15613,    73,   37000000,  888226569,        1,  851226569,  851226569
 15613,    74,   37000000,  897708761,        1,  860708761,  860708761
 15613,    75,   37000000,  909257146,        1,  872257146,  872257146
 15613,    76,   37000000,  922835376,        1,  885835376,  885835376
 15613,    77,   37000000,  936383951,        1,  899383951,  899383951
 15613,    78,   37000000,  945828339,        1,  908828339,  908828339
 15613,    79,   37000000,  957632217,        1,  920632217,  920632217
 15613,    80,   37000000,  971191905,        1,  934191905,  934191905
 15613,    81,   37000000,  984635042,        1,  947635042,  947635042
# task NAME=myapp PID=15617 COST=12452000 PERIOD=14000000 CPU=0
 15617,     2,   14000000,       9762,        0,  -13990238,          0
 15617,     3,   14000000,     733243,        0,  -13266757,          0
 15617,     4,   14000000,   19670442,        1,    5670442,    5670442
 15617,     5,   14000000,   29573472,        1,   15573472,   15573472
 15617,     6,   14000000,   39436614,        1,   25436614,   25436614
 15617,     7,   14000000,   49264830,        1,   35264830,   35264830
 15617,     8,   14000000,   59387444,        1,   45387444,   45387444
 15617,     9,   14000000,   69222770,        1,   55222770,   55222770
 15617,    10,   14000000,   79039190,        1,   65039190,   65039190
 15617,    11,   14000000,   88876662,        1,   74876662,   74876662
 15617,    12,   14000000,  100715549,        1,   86715549,   86715549
 15617,    13,   14000000,  110822303,        1,   96822303,   96822303
 15617,    14,   14000000,  118653606,        1,  104653606,  104653606
 15617,    15,   14000000,  128486643,        1,  114486643,  114486643
 15617,    16,   14000000,  140296335,        1,  126296335,  126296335
 15617,    17,   14000000,  150089303,        1,  136089303,  136089303
 15617,    18,   14000000,  157803125,        1,  143803125,  143803125
 15617,    19,   14000000,  167562325,        1,  153562325,  153562325
 15617,    20,   14000000,  176170785,        1,  162170785,  162170785
 15617,    21,   14000000,  185132121,        1,  171132121,  171132121
 15617,    22,   14000000,  196886664,        1,  182886664,  182886664
 15617,    23,   14000000,  206407102,        1,  192407102,  192407102
 15617,    24,   14000000,  214837463,        1,  200837463,  200837463
 15617,    25,   14000000,  224635601,        1,  210635601,  210635601
 15617,    26,   14000000,  234404829,        1,  220404829,  220404829
 15617,    27,   14000000,  244188409,        1,  230188409,  230188409
 15617,    28,   14000000,  253966942,        1,  239966942,  239966942
 15617,    29,   14000000,  264039024,        1,  250039024,  250039024
 15617,    30,   14000000,  275838281,        1,  261838281,  261838281
 15617,    31,   14000000,  283667621,        1,  269667621,  269667621
 15617,    32,   14000000,  291437913,        1,  277437913,  277437913
 15617,    33,   14000000,  301288763,        1,  287288763,  287288763
 15617,    34,   14000000,  311127147,        1,  297127147,  297127147
 15617,    35,   14000000,  321019553,        1,  307019553,  307019553
 15617,    36,   14000000,  331425352,        1,  317425352,  317425352
 15617,    37,   14000000,  340607314,        1,  326607314,  326607314
 15617,    38,   14000000,  350393925,        1,  336393925,  336393925
 15617,    39,   14000000,  360298476,        1,  346298476,  346298476
 15617,    40,   14000000,  372462075,        1,  358462075,  358462075
 15617,    41,   14000000,  381856031,        1,  367856031,  367856031
 15617,    42,   14000000,  389766624,        1,  375766624,  375766624
 15617,    43,   14000000,  397718004,        1,  383718004,  383718004
 15617,    44,   14000000,  407617780,        1,  393617780,  393617780
 15617,    45,   14000000,  417714524,        1,  403714524,  403714524
 15617,    46,   14000000,  429503827,        1,  415503827,  415503827
 15617,    47,   14000000,  437322148,        1,  423322148,  423322148
 15617,    48,   14000000,  447133967,        1,  433133967,  433133967
 15617,    49,   14000000,  456980598,        1,  442980598,  442980598
 15617,    50,   14000000,  467086650,        1,  453086650,  453086650
# task NAME=myapp PID=15621 COST=45378000 PERIOD=64000000 CPU=0
 15621,     2,   64000000,       9304,        0,  -63990696,          0
 15621,     3,   64000000,     759895,        0,  -63240105,          0
 15621,     4,   64000000,   85119134,        1,   21119134,   21119134
 15621,     5,   64000000,  110183551,        1,   46183551,   46183551
 15621,     6,   64000000,  129287183,        1,   65287183,   65287183
 15621,     7,   64000000,  152422595,        1,   88422595,   88422595
 15621,     8,   64000000,  173418154,        1,  109418154,  109418154
 15621,     9,   64000000,  196630363,        1,  132630363,  132630363
 15621,    10,   64000000,  219868212,        1,  155868212,  155868212
 15621,    11,   64000000,  240854708,        1,  176854708,  176854708
 15621,    12,   64000000,  263868210,        1,  199868210,  199868210
 15621,    13,   64000000,  284939645,        1,  220939645,  220939645
 15621,    14,   64000000,  308328715,        1,  244328715,  244328715
 15621,    15,   64000000,  329363809,        1,  265363809,  265363809
 15621,    16,   64000000,  352384456,        1,  288384456,  288384456
 15621,    17,   64000000,  373359617,        1,  309359617,  309359617
 15621,    18,   64000000,  396467589,        1,  332467589,  332467589
 15621,    19,   64000000,  417488742,        1,  353488742,  353488742
 15621,    20,   64000000,  440437829,        1,  376437829,  376437829
 15621,    21,   64000000,  463431036,        1,  399431036,  399431036
 15621,    22,   64000000,  484659944,        1,  420659944,  420659944
 15621,    23,   64000000,  507547934,        1,  443547934,  443547934
 15621,    24,   64000000,  528771579,        1,  464771579,  464771579
 15621,    25,   64000000,  549780051,        1,  485780051,  485780051
 15621,    26,   64000000,  575001265,        1,  511001265,  511001265
 15621,    27,   64000000,  596160948,        1,  532160948,  532160948
 15621,    28,   64000000,  617095982,        1,  553095982,  553095982
 15621,    29,   64000000,  641612611,        1,  577612611,  577612611
 15621,    30,   64000000,  661254661,        1,  597254661,  597254661
 15621,    31,   64000000,  686226538,        1,  622226538,  622226538
 15621,    32,   64000000,  705172371,        1,  641172371,  641172371
 15621,    33,   64000000,  730422838,        1,  666422838,  666422838
 15621,    34,   64000000,  749116340,        1,  685116340,  685116340
 15621,    35,   64000000,  772897518,        1,  708897518,  708897518
 15621,    36,   64000000,  793186942,        1,  729186942,  729186942
 15621,    37,   64000000,  816692665,        1,  752692665,  752692665
 15621,    38,   64000000,  837079488,        1,  773079488,  773079488
 15621,    39,   64000000,  862301794,        1,  798301794,  798301794
 15621,    40,   64000000,  881339397,        1,  817339397,  817339397
 15621,    41,   64000000,  904297029,        1,  840297029,  840297029
 15621,    42,   64000000,  925376087,        1,  861376087,  861376087
 15621,    43,   64000000,  950334173,        1,  886334173,  886334173
 15621,    44,   64000000,  969237183,        1,  905237183,  905237183
 15621,    45,   64000000,  992236208,        1,  928236208,  928236208
 15621,    46,   64000000, 1015242297,        1,  951242297,  951242297
 15621,    47,   64000000, 1036281117,        1,  972281117,  972281117
 15621,    48,   64000000, 1057176997,        1,  993176997,  993176997
 15621,    49,   64000000, 1080400661,        1, 1016400661, 1016400661
 15621,    50,   64000000, 1103717706,        1, 1039717706, 1039717706
 15621,    51,   64000000, 1126338301,        1, 1062338301, 1062338301
 15621,    52,   64000000, 1145273146,        1, 1081273146, 1081273146
 15621,    53,   64000000, 1170297055,        1, 1106297055, 1106297055
 15621,    54,   64000000, 1191566627,        1, 1127566627, 1127566627
 15621,    55,   64000000, 1214505538,        1, 1150505538, 1150505538
 15621,    56,   64000000, 1235840482,        1, 1171840482, 1171840482
 15621,    57,   64000000, 1258761239,        1, 1194761239, 1194761239
 15621,    58,   64000000, 1279981874,        1, 1215981874, 1215981874
 15621,    59,   64000000, 1300953687,        1, 1236953687, 1236953687
 15621,    60,   64000000, 1323906974,        1, 1259906974, 1259906974
 15621,    61,   64000000, 1345121479,        1, 1281121479, 1281121479
 15621,    62,   64000000, 1368470970,        1, 1304470970, 1304470970
 15621,    63,   64000000, 1389473780,        1, 1325473780, 1325473780
 15621,    64,   64000000, 1414413431,        1, 1350413431, 1350413431
 15621,    65,   64000000, 1435631768,        1, 1371631768, 1371631768
 15621,    66,   64000000, 1456686590,        1, 1392686590, 1392686590
 15621,    67,   64000000, 1480024693,        1, 1416024693, 1416024693
 15621,    68,   64000000, 1500984985,        1, 1436984985, 1436984985
 15621,    69,   64000000, 1523968321,        1, 1459968321, 1459968321
 15621,    70,   64000000, 1546881605,        1, 1482881605, 1482881605
 15621,    71,   64000000, 1567882183,        1, 1503882183, 1503882183
 15621,    72,   64000000, 1589094231,        1, 1525094231, 1525094231
 15621,    73,   64000000, 1612058673,        1, 1548058673, 1548058673
 15621,    74,   64000000, 1633417034,        1, 1569417034, 1569417034
 15621,    75,   64000000, 1656626041,        1, 1592626041, 1592626041
 15621,    76,   64000000, 1677591551,        1, 1613591551, 1613591551
 15621,    77,   64000000, 1700684861,        1, 1636684861, 1636684861
 15621,    78,   64000000, 1721550916,        1, 1657550916, 1657550916
# task NAME=myapp PID=15624 COST=12334000 PERIOD=22000000 CPU=0
 15624,     2,   22000000,      10565,        0,  -21989435,          0
 15624,     3,   22000000,     823608,        0,  -21176392,          0
 15624,     4,   22000000,   19559132,        0,   -2440868,          0
 15624,     5,   22000000,   21570017,        0,    -429983,          0
 15624,     6,   22000000,   23205579,        1,    1205579,    1205579
 15624,     7,   22000000,   24164524,        1,    2164524,    2164524
 15624,     8,   22000000,   26873719,        1,    4873719,    4873719
 15624,     9,   22000000,   27853142,        1,    5853142,    5853142
 15624,    10,   22000000,   28527466,        1,    6527466,    6527466
 15624,    11,   22000000,   31205497,        1,    9205497,    9205497
 15624,    12,   22000000,   30893201,        1,    8893201,    8893201
 15624,    13,   22000000,   32609882,        1,   10609882,   10609882
 15624,    14,   22000000,   34388400,        1,   12388400,   12388400
 15624,    15,   22000000,   36128202,        1,   14128202,   14128202
 15624,    16,   22000000,   35783593,        1,   13783593,   13783593
 15624,    17,   22000000,   37441103,        1,   15441103,   15441103
 15624,    18,   22000000,   39140415,        1,   17140415,   17140415
 15624,    19,   22000000,   40850704,        1,   18850704,   18850704
 15624,    20,   22000000,   42542927,        1,   20542927,   20542927
 15624,    21,   22000000,   44228606,        1,   22228606,   22228606
 15624,    22,   22000000,   45911852,        1,   23911852,   23911852
 15624,    23,   22000000,   47692422,        1,   25692422,   25692422
 15624,    24,   22000000,   47267059,        1,   25267059,   25267059
 15624,    25,   22000000,   48945896,        1,   26945896,   26945896
 15624,    26,   22000000,   52614930,        1,   30614930,   30614930
 15624,    27,   22000000,   54249011,        1,   32249011,   32249011
 15624,    28,   22000000,   55892904,        1,   33892904,   33892904
 15624,    29,   22000000,   55569488,        1,   33569488,   33569488
 15624,    30,   22000000,   57220617,        1,   35220617,   35220617
 15624,    31,   22000000,   58902628,        1,   36902628,   36902628
 15624,    32,   22000000,   58560733,        1,   36560733,   36560733
 15624,    33,   22000000,   61037310,        1,   39037310,   39037310
 15624,    34,   22000000,   63050202,        1,   41050202,   41050202
 15624,    35,   22000000,   63921376,        1,   41921376,   41921376
 15624,    36,   22000000,   64257489,        1,   42257489,   42257489
 15624,    37,   22000000,   67263978,        1,   45263978,   45263978
 15624,    38,   22000000,   66910653,        1,   44910653,   44910653
 15624,    39,   22000000,   70559885,        1,   48559885,   48559885
 15624,    40,   22000000,   71765243,        1,   49765243,   49765243
 15624,    41,   22000000,   74141383,        1,   52141383,   52141383
 15624,    42,   22000000,   73861193,        1,   51861193,   51861193
 15624,    43,   22000000,   73578768,        1,   51578768,   51578768
 15624,    44,   22000000,   75266223,        1,   53266223,   53266223
 15624,    45,   22000000,   79237924,        1,   57237924,   57237924
 15624,    46,   22000000,   80345116,        1,   58345116,   58345116
 15624,    47,   22000000,   80851680,        1,   58851680,   58851680
 15624,    48,   22000000,   84254208,        1,   62254208,   62254208
 15624,    49,   22000000,   85910297,        1,   63910297,   63910297
 15624,    50,   22000000,   83588106,        1,   61588106,   61588106
 15624,    51,   22000000,   87248697,        1,   65248697,   65248697
 15624,    52,   22000000,   88934376,        1,   66934376,   66934376
 15624,    53,   22000000,   90654760,        1,   68654760,   68654760
 15624,    54,   22000000,   92285888,        1,   70285888,   70285888
 15624,    55,   22000000,   92009595,        1,   70009595,   70009595
 15624,    56,   22000000,   91746366,        1,   69746366,   69746366
 15624,    57,   22000000,   93482601,        1,   71482601,   71482601
 15624,    58,   22000000,   95215143,        1,   73215143,   73215143
 15624,    59,   22000000,   96921662,        1,   74921662,   74921662
 15624,    60,   22000000,   98691044,        1,   76691044,   76691044
 15624,    61,   22000000,  100368694,        1,   78368694,   78368694
 15624,    62,   22000000,  102013202,        1,   80013202,   80013202
 15624,    63,   22000000,  101680214,        1,   79680214,   79680214
 15624,    64,   22000000,  105336161,        1,   83336161,   83336161
 15624,    65,   22000000,  105067775,        1,   83067775,   83067775
 15624,    66,   22000000,  106730476,        1,   84730476,   84730476
 15624,    67,   22000000,  108706150,        1,   86706150,   86706150
 15624,    68,   22000000,  110411783,        1,   88411783,   88411783
 15624,    69,   22000000,  112174030,        1,   90174030,   90174030
 15624,    70,   22000000,  113873556,        1,   91873556,   91873556
 15624,    71,   22000000,  113515647,        1,   91515647,   91515647
 15624,    72,   22000000,  117510978,        1,   95510978,   95510978
 15624,    73,   22000000,  119190866,        1,   97190866,   97190866
 15624,    74,   22000000,  120950817,        1,   98950817,   98950817
 15624,    75,   22000000,  120579688,        1,   98579688,   98579688
 15624,    76,   22000000,  124264362,        1,  102264362,  102264362
 15624,    77,   22000000,  126225668,        1,  104225668,  104225668
 15624,    78,   22000000,  127880081,        1,  105880081,  105880081
 15624,    79,   22000000,  127525473,        1,  105525473,  105525473
 15624,    80,   22000000,  129221132,        1,  107221132,  107221132
 15624,    81,   22000000,  128892012,        1,  106892012,  106892012
 15624,    82,   22000000,  131820903,        1,  109820903,  109820903
 15624,    83,   22000000,  134212571,        1,  112212571,  112212571
 15624,    84,   22000000,  133890360,        1,  111890360,  111890360
 15624,    85,   22000000,  134815285,        1,  112815285,  112815285
 15624,    86,   22000000,  135201023,        1,  113201023,  113201023
 15624,    87,   22000000,  138892695,        1,  116892695,  116892695
 15624,    88,   22000000,  140537996,        1,  118537996,  118537996
 15624,    89,   22000000,  140221975,        1,  118221975,  118221975
 15624,    90,   22000000,  141893575,        1,  119893575,  119893575
 15624,    91,   22000000,  141555063,        1,  119555063,  119555063
 15624,    92,   22000000,  143279598,        1,  121279598,  121279598
 15624,    93,   22000000,  147285584,        1,  125285584,  125285584
 15624,    94,   22000000,  148938884,        1,  126938884,  126938884
 15624,    95,   22000000,  150596762,        1,  128596762,  128596762
 15624,    96,   22000000,  152304046,        1,  130304046,  130304046
 15624,    97,   22000000,  151958126,        1,  129958126,  129958126
 15624,    98,   22000000,  152782830,        1,  130782830,  130782830
 15624,    99,   22000000,  154436793,        1,  132436793,  132436793
 15624,   100,   22000000,  155315116,        1,  133315116,  133315116
 15624,   101,   22000000,  156983138,        1,  134983138,  134983138
 15624,   102,   22000000,  158651917,        1,  136651917,  136651917
 15624,   103,   22000000,  160391772,        1,  138391772,  138391772
 15624,   104,   22000000,  162201326,        1,  140201326,  140201326
 15624,   105,   22000000,  163950817,        1,  141950817,  141950817
 15624,   106,   22000000,  163633457,        1,  141633457,  141633457
 15624,   107,   22000000,  165317668,        1,  143317668,  143317668
 15624,   108,   22000000,  167021677,        1,  145021677,  145021677
 15624,   109,   22000000,  170980122,        1,  148980122,  148980122
 15624,   110,   22000000,  170631213,        1,  148631213,  148631213
 15624,   111,   22000000,  172281839,        1,  150281839,  150281839
 15624,   112,   22000000,  173998773,        1,  151998773,  151998773
 15624,   113,   22000000,  173687054,        1,  151687054,  151687054
 15624,   114,   22000000,  175353710,        1,  153353710,  153353710
 15624,   115,   22000000,  177378814,        1,  155378814,  155378814
 15624,   116,   22000000,  181080356,        1,  159080356,  159080356
 15624,   117,   22000000,  180754346,        1,  158754346,  158754346
 15624,   118,   22000000,  182427275,        1,  160427275,  160427275
 15624,   119,   22000000,  184084222,        1,  162084222,  162084222
 15624,   120,   22000000,  186056580,        1,  164056580,  164056580
 15624,   121,   22000000,  187690979,        1,  165690979,  165690979
 15624,   122,   22000000,  189376370,        1,  167376370,  167376370
 15624,   123,   22000000,  188996650,        1,  166996650,  166996650
 15624,   124,   22000000,  190708691,        1,  168708691,  168708691
 15624,   125,   22000000,  192410280,        1,  170410280,  170410280
 15624,   126,   22000000,  194115654,        1,  172115654,  172115654
 15624,   127,   22000000,  196503394,        1,  174503394,  174503394
 15624,   128,   22000000,  195590123,        1,  173590123,  173590123
 15624,   129,   22000000,  197293011,        1,  175293011,  175293011
 15624,   130,   22000000,  198964224,        1,  176964224,  176964224
 15624,   131,   22000000,  200955443,        1,  178955443,  178955443
 15624,   132,   22000000,  202623857,        1,  180623857,  180623857
 15624,   133,   22000000,  204357073,        1,  182357073,  182357073
 15624,   134,   22000000,  206070136,        1,  184070136,  184070136
 15624,   135,   22000000,  205735208,        1,  183735208,  183735208
 15624,   136,   22000000,  207714515,        1,  185714515,  185714515
 15624,   137,   22000000,  209391652,        1,  187391652,  187391652
 15624,   138,   22000000,  211129501,        1,  189129501,  189129501
 15624,   139,   22000000,  212848904,        1,  190848904,  190848904
 15624,   140,   22000000,  214594907,        1,  192594907,  192594907
 15624,   141,   22000000,  216405418,        1,  194405418,  194405418
 15624,   142,   22000000,  219968175,        1,  197968175,  197968175
 15624,   143,   22000000,  219624962,        1,  197624962,  197624962
 15624,   144,   22000000,  219278942,        1,  197278942,  197278942
 15624,   145,   22000000,  221045998,        1,  199045998,  199045998
 15624,   146,   22000000,  223231248,        1,  201231248,  201231248
 15624,   147,   22000000,  224426530,        1,  202426530,  202426530
 15624,   148,   22000000,  226123893,        1,  204123893,  204123893
 15624,   149,   22000000,  225762052,        1,  203762052,  203762052
 15624,   150,   22000000,  229843425,        1,  207843425,  207843425
 15624,   151,   22000000,  231087162,        1,  209087162,  209087162
 15624,   152,   22000000,  230749638,        1,  208749638,  208749638
 15624,   153,   22000000,  232427409,        1,  210427409,  210427409
 15624,   154,   22000000,  234126897,        1,  212126897,  212126897
 15624,   155,   22000000,  233784922,        1,  211784922,  211784922
 15624,   156,   22000000,  235478795,        1,  213478795,  213478795
 15624,   157,   22000000,  239470367,        1,  217470367,  217470367
 15624,   158,   22000000,  241186400,        1,  219186400,  219186400
 15624,   159,   22000000,  240949559,        1,  218949559,  218949559
 15624,   160,   22000000,  242457680,        1,  220457680,  220457680
 15624,   161,   22000000,  246133514,        1,  224133514,  224133514
 15624,   162,   22000000,  244234203,        1,  222234203,  222234203
 15624,   163,   22000000,  245689321,        1,  223689321,  223689321
 15624,   164,   22000000,  249482014,        1,  227482014,  227482014
 15624,   165,   22000000,  251081755,        1,  229081755,  229081755
 15624,   166,   22000000,  250745506,        1,  228745506,  228745506
 15624,   167,   22000000,  252414560,        1,  230414560,  230414560
 15624,   168,   22000000,  256103012,        1,  234103012,  234103012
 15624,   169,   22000000,  255730495,        1,  233730495,  233730495
 15624,   170,   22000000,  257445050,        1,  235445050,  235445050
 15624,   171,   22000000,  257121141,        1,  235121141,  235121141
 15624,   172,   22000000,  258739151,        1,  236739151,  236739151
 15624,   173,   22000000,  262375098,        1,  240375098,  240375098
 15624,   174,   22000000,  262089012,        1,  240089012,  240089012
 15624,   175,   22000000,  263929768,        1,  241929768,  241929768
 15624,   176,   22000000,  263789960,        1,  241789960,  241789960
 15624,   177,   22000000,  265025403,        1,  243025403,  243025403
 15624,   178,   22000000,  266688679,        1,  244688679,  244688679
 15624,   179,   22000000,  268660093,        1,  246660093,  246660093
 15624,   180,   22000000,  270398189,        1,  248398189,  248398189
 15624,   181,   22000000,  272110575,        1,  250110575,  250110575
 15624,   182,   22000000,  271774409,        1,  249774409,  249774409
 15624,   183,   22000000,  273456181,        1,  251456181,  251456181
 15624,   184,   22000000,  275259273,        1,  253259273,  253259273
 15624,   185,   22000000,  277181811,        1,  255181811,  255181811
 15624,   186,   22000000,  280191688,        1,  258191688,  258191688
 15624,   187,   22000000,  280179080,        1,  258179080,  258179080
 15624,   188,   22000000,  283839171,        1,  261839171,  261839171
 15624,   189,   22000000,  283768342,        1,  261768342,  261768342
 15624,   190,   22000000,  283464923,        1,  261464923,  261464923
 15624,   191,   22000000,  287193575,        1,  265193575,  265193575
 15624,   192,   22000000,  286847767,        1,  264847767,  264847767
 15624,   193,   22000000,  290459488,        1,  268459488,  268459488
 15624,   194,   22000000,  290216405,        1,  268216405,  268216405
 15624,   195,   22000000,  292223089,        1,  270223089,  270223089
 15624,   196,   22000000,  293896631,        1,  271896631,  271896631
 15624,   197,   22000000,  293588459,        1,  271588459,  271588459
 15624,   198,   22000000,  295273476,        1,  273273476,  273273476
 15624,   199,   22000000,  296920915,        1,  274920915,  274920915
 15624,   200,   22000000,  299014212,        1,  277014212,  277014212
 15624,   201,   22000000,  300628809,        1,  278628809,  278628809
 15624,   202,   22000000,  304009365,        1,  282009365,  282009365
 15624,   203,   22000000,  303966607,        1,  281966607,  281966607
 15624,   204,   22000000,  303650687,        1,  281650687,  281650687
 15624,   205,   22000000,  305360914,        1,  283360914,  283360914
 15624,   206,   22000000,  307042674,        1,  285042674,  285042674
 15624,   207,   22000000,  308736779,        1,  286736779,  286736779
 15624,   208,   22000000,  311576520,        1,  289576520,  289576520
 15624,   209,   22000000,  314188797,        1,  292188797,  292188797
 15624,   210,   22000000,  315879366,        1,  293879366,  293879366
 15624,   211,   22000000,  317836029,        1,  295836029,  295836029
 15624,   212,   22000000,  315502254,        1,  293502254,  293502254
 15624,   213,   22000000,  319159105,        1,  297159105,  297159105
 15624,   214,   22000000,  320887153,        1,  298887153,  298887153
 15624,   215,   22000000,  322590806,        1,  300590806,  300590806
 15624,   216,   22000000,  324493986,        1,  302493986,  302493986
 15624,   217,   22000000,  326601361,        1,  304601361,  304601361
 15624,   218,   22000000,  325854956,        1,  303854956,  303854956
 15624,   219,   22000000,  325502078,        1,  303502078,  303502078
 15624,   220,   22000000,  327236388,        1,  305236388,  305236388
 15624,   221,   22000000,  328880038,        1,  306880038,  306880038
 15624,   222,   22000000,  330539990,        1,  308539990,  308539990
 15624,   223,   22000000,  332235270,        1,  310235270,  310235270
 15624,   224,   22000000,  333891773,        1,  311891773,  311891773
 15624,   225,   22000000,  335499866,        1,  313499866,  313499866
 15624,   226,   22000000,  335180786,        1,  313180786,  313180786
 15624,   227,   22000000,  337122538,        1,  315122538,  315122538
 15624,   228,   22000000,  338821659,        1,  316821659,  316821659
 15624,   229,   22000000,  340524371,        1,  318524371,  318524371
 15624,   230,   22000000,  342239143,        1,  320239143,  320239143
 15624,   231,   22000000,  345954565,        1,  323954565,  323954565
 15624,   232,   22000000,  345606399,        1,  323606399,  323606399
 15624,   233,   22000000,  345294687,        1,  323294687,  323294687
 15624,   234,   22000000,  346996175,        1,  324996175,  324996175
 15624,   235,   22000000,  348726126,        1,  326726126,  326726126
 15624,   236,   22000000,  352426025,        1,  330426025,  330426025
 15624,   237,   22000000,  352379921,        1,  330379921,  330379921
 15624,   238,   22000000,  354150163,        1,  332150163,  332150163
 15624,   239,   22000000,  353736811,        1,  331736811,  331736811
 15624,   240,   22000000,  357442608,        1,  335442608,  335442608
 15624,   241,   22000000,  359079830,        1,  337079830,  337079830
 15624,   242,   22000000,  358725145,        1,  336725145,  336725145
 15624,   243,   22000000,  360701610,        1,  338701610,  338701610
 15624,   244,   22000000,  362419876,        1,  340419876,  340419876
 15624,   245,   22000000,  366129167,        1,  344129167,  344129167
 15624,   246,   22000000,  365813908,        1,  343813908,  343813908
 15624,   247,   22000000,  365957447,        1,  343957447,  343957447
 15624,   248,   22000000,  369426979,        1,  347426979,  347426979
 15624,   249,   22000000,  369138275,        1,  347138275,  347138275
 15624,   250,   22000000,  372849673,        1,  350849673,  350849673
 15624,   251,   22000000,  372533019,        1,  350533019,  350533019
 15624,   252,   22000000,  374275599,        1,  352275599,  352275599
 15624,   253,   22000000,  375961651,        1,  353961651,  353961651
 15624,   254,   22000000,  375621239,        1,  353621239,  353621239
 15624,   255,   22000000,  377282728,        1,  355282728,  355282728
 15624,   256,   22000000,  379032312,        1,  357032312,  357032312
 15624,   257,   22000000,  382662169,        1,  360662169,  360662169
 15624,   258,   22000000,  384346697,        1,  362346697,  362346697
 15624,   259,   22000000,  386269596,        1,  364269596,  364269596
 15624,   260,   22000000,  385999260,        1,  363999260,  363999260
 15624,   261,   22000000,  385658923,        1,  363658923,  363658923
 15624,   262,   22000000,  387324442,        1,  365324442,  365324442
 15624,   263,   22000000,  390538328,        1,  368538328,  368538328
 15624,   264,   22000000,  390693180,        1,  368693180,  368693180
 15624,   265,   22000000,  392345699,        1,  370345699,  370345699
 15624,   266,   22000000,  394032258,        1,  372032258,  372032258
 15624,   267,   22000000,  393713813,        1,  371713813,  371713813
 15624,   268,   22000000,  395400106,        1,  373400106,  373400106
 15624,   269,   22000000,  397162997,        1,  375162997,  375162997
 15624,   270,   22000000,  398888001,        1,  376888001,  376888001
 15624,   271,   22000000,  400542585,        1,  378542585,  378542585
 15624,   272,   22000000,  402248951,        1,  380248951,  380248951
 15624,   273,   22000000,  403926701,        1,  381926701,  381926701
 15624,   274,   22000000,  403593929,        1,  381593929,  381593929
 15624,   275,   22000000,  407557568,        1,  385557568,  385557568
 15624,   276,   22000000,  407229599,        1,  385229599,  385229599
 15624,   277,   22000000,  409377713,        1,  387377713,  387377713
 15624,   278,   22000000,  410635902,        1,  388635902,  388635902
 15624,   279,   22000000,  414296091,        1,  392296091,  392296091
 15624,   280,   22000000,  414214072,        1,  392214072,  392214072
 15624,   281,   22000000,  415904490,        1,  393904490,  393904490
 15624,   282,   22000000,  415565834,        1,  393565834,  393565834
 15624,   283,   22000000,  417291867,        1,  395291867,  395291867
 15624,   284,   22000000,  419059603,        1,  397059603,  397059603
 15624,   285,   22000000,  421036107,        1,  399036107,  399036107
 15624,   286,   22000000,  422690783,        1,  400690783,  400690783
 15624,   287,   22000000,  424390962,        1,  402390962,  402390962
 15624,   288,   22000000,  426058777,        1,  404058777,  404058777
 15624,   289,   22000000,  427745390,        1,  405745390,  405745390
 15624,   290,   22000000,  429390475,        1,  407390475,  407390475
 15624,   291,   22000000,  429045778,        1,  407045778,  407045778
 15624,   292,   22000000,  430751385,        1,  408751385,  408751385
 15624,   293,   22000000,  432467488,        1,  410467488,  410467488
 15624,   294,   22000000,  434167219,        1,  412167219,  412167219
 15624,   295,   22000000,  435880455,        1,  413880455,  413880455
 15624,   296,   22000000,  435557498,        1,  413557498,  413557498
 15624,   297,   22000000,  437246920,        1,  415246920,  415246920
 15624,   298,   22000000,  440940235,        1,  418940235,  418940235
 15624,   299,   22000000,  442650439,        1,  420650439,  420650439
 15624,   300,   22000000,  442377358,        1,  420377358,  420377358
 15624,   301,   22000000,  444361492,        1,  422361492,  422361492
 15624,   302,   22000000,  446100793,        1,  424100793,  424100793
 15624,   303,   22000000,  445773740,        1,  423773740,  423773740
 15624,   304,   22000000,  449483035,        1,  427483035,  427483035
 15624,   305,   22000000,  449159288,        1,  427159288,  427159288
 15624,   306,   22000000,  452879822,        1,  430879822,  430879822
 15624,   307,   22000000,  454801664,        1,  432801664,  432801664
 15624,   308,   22000000,  454468725,        1,  432468725,  432468725
 15624,   309,   22000000,  458571365,        1,  436571365,  436571365
 15624,   310,   22000000,  456972692,        1,  434972692,  434972692
 15624,   311,   22000000,  459431781,        1,  437431781,  437431781
 15624,   312,   22000000,  459133867,        1,  437133867,  437133867
 15624,   313,   22000000,  462855620,        1,  440855620,  440855620
 15624,   314,   22000000,  462538655,        1,  440538655,  440538655
 15624,   315,   22000000,  465255929,        1,  443255929,  443255929
 15624,   316,   22000000,  465914087,        1,  443914087,  443914087
 15624,   317,   22000000,  467865550,        1,  445865550,  445865550
# task NAME=myapp PID=15628 COST=72051000 PERIOD=89000000 CPU=0
 15628,     2,   89000000,       6433,        0,  -88993567,          0
 15628,     3,   89000000,     750304,        0,  -88249696,          0
 15628,     4,   89000000,  135290970,        1,   46290970,   46290970
 15628,     5,   89000000,  182809162,        1,   93809162,   93809162
 15628,     6,   89000000,  230331138,        1,  141331138,  141331138
 15628,     7,   89000000,  277770684,        1,  188770684,  188770684
 15628,     8,   89000000,  327087066,        1,  238087066,  238087066
 15628,     9,   89000000,  374350632,        1,  285350632,  285350632
 15628,    10,   89000000,  421846542,        1,  332846542,  332846542
 15628,    11,   89000000,  469450344,        1,  380450344,  380450344
 15628,    12,   89000000,  519074219,        1,  430074219,  430074219
 15628,    13,   89000000,  566408216,        1,  477408216,  477408216
 15628,    14,   89000000,  613636454,        1,  524636454,  524636454
 15628,    15,   89000000,  661116940,        1,  572116940,  572116940
 15628,    16,   89000000,  708267829,        1,  619267829,  619267829
 15628,    17,   89000000,  760333380,        1,  671333380,  671333380
 15628,    18,   89000000,  807246415,        1,  718246415,  718246415
 15628,    19,   89000000,  852402263,        1,  763402263,  763402263
 15628,    20,   89000000,  899745038,        1,  810745038,  810745038
 15628,    21,   89000000,  947230822,        1,  858230822,  858230822
 15628,    22,   89000000,  996827474,        1,  907827474,  907827474
 15628,    23,   89000000, 1044065980,        1,  955065980,  955065980
 15628,    24,   89000000, 1091419660,        1, 1002419660, 1002419660
 15628,    25,   89000000, 1138881550,        1, 1049881550, 1049881550
 15628,    26,   89000000, 1188081088,        1, 1099081088, 1099081088
 15628,    27,   89000000, 1233391912,        1, 1144391912, 1144391912
 15628,    28,   89000000, 1284879519,        1, 1195879519, 1195879519
 15628,    29,   89000000, 1330338215,        1, 1241338215, 1241338215
 15628,    30,   89000000, 1377821160,        1, 1288821160, 1288821160
 15628,    31,   89000000, 1425042452,        1, 1336042452, 1336042452
 15628,    32,   89000000, 1472666017,        1, 1383666017, 1383666017
 15628,    33,   89000000, 1522386694,        1, 1433386694, 1433386694
 15628,    34,   89000000, 1571352857,        1, 1482352857, 1482352857
 15628,    35,   89000000, 1616936325,        1, 1527936325, 1527936325
 15628,    36,   89000000, 1666232054,        1, 1577232054, 1577232054
 15628,    37,   89000000, 1711717666,        1, 1622717666, 1622717666
 15628,    38,   89000000, 1760932059,        1, 1671932059, 1671932059
 15628,    39,   89000000, 1808263980,        1, 1719263980, 1719263980
 15628,    40,   89000000, 1857720755,        1, 1768720755, 1768720755
 15628,    41,   89000000, 1905187681,        1, 1816187681, 1816187681
 15628,    42,   89000000, 1952525726,        1, 1863525726, 1863525726
 15628,    43,   89000000, 1999843435,        1, 1910843435, 1910843435
 15628,    44,   89000000, 2049331400,        1, 1960331400, 1960331400
 15628,    45,   89000000, 2094481761,        1, 2005481761, 2005481761
 15628,    46,   89000000, 2141775985,        1, 2052775985, 2052775985
 15628,    47,   89000000, 2190160543,        1, 2101160543, 2101160543
 15628,    48,   89000000, 2238991475,        1, 2149991475, 2149991475
 15628,    49,   89000000, 2286164741,        1, 2197164741, 2197164741
 15628,    50,   89000000, 2333593243,        1, 2244593243, 2244593243
 15628,    51,   89000000, 2383070621,        1, 2294070621, 2294070621
 15628,    52,   89000000, 2428302991,        1, 2339302991, 2339302991
 15628,    53,   89000000, 2475293871,        1, 2386293871, 2386293871
 15628,    54,   89000000, 2524872448,        1, 2435872448, 2435872448
 15628,    55,   89000000, 2572332062,        1, 2483332062, 2483332062
 15628,    56,   89000000, 2619590198,        1, 2530590198, 2530590198
 15628,    57,   89000000, 2668893703,        1, 2579893703, 2579893703
 15628,    58,   89000000, 2714510885,        1, 2625510885, 2625510885
# task NAME=myapp PID=15633 COST=30198000 PERIOD=61000000 CPU=0
 15633,     2,   61000000,      14587,        0,  -60985413,          0
 15633,     3,   61000000,     722590,        0,  -60277410,          0
 15633,     4,   61000000,   55649999,        0,   -5350001,          0
 15633,     5,   61000000,   56418323,        0,   -4581677,          0
 15633,     6,   61000000,   53408313,        0,   -7591687,          0
 15633,     7,   61000000,   58887967,        0,   -2112033,          0
 15633,     8,   61000000,   55380513,        0,   -5619487,          0
 15633,     9,   61000000,   54358719,        0,   -6641281,          0
 15633,    10,   61000000,   55381094,        0,   -5618906,          0
 15633,    11,   61000000,   56393031,        0,   -4606969,          0
 15633,    12,   61000000,   57353252,        0,   -3646748,          0
 15633,    13,   61000000,   56324075,        0,   -4675925,          0
 15633,    14,   61000000,   55327880,        0,   -5672120,          0
 15633,    15,   61000000,   56459174,        0,   -4540826,          0
 15633,    16,   61000000,   55360636,        0,   -5639364,          0
 15633,    17,   61000000,   56603868,        0,   -4396132,          0
 15633,    18,   61000000,   53419401,        0,   -7580599,          0
 15633,    19,   61000000,   59067388,        0,   -1932612,          0
 15633,    20,   61000000,   57367993,        0,   -3632007,          0
 15633,    21,   61000000,   54623806,        0,   -6376194,          0
 15633,    22,   61000000,   55431002,        0,   -5568998,          0
 15633,    23,   61000000,   57632978,        0,   -3367022,          0
 15633,    24,   61000000,   55465147,        0,   -5534853,          0
 15633,    25,   61000000,   54444919,        0,   -6555081,          0
 15633,    26,   61000000,   53752085,        0,   -7247915,          0
 15633,    27,   61000000,   58706609,        0,   -2293391,          0
 15633,    28,   61000000,   55399658,        0,   -5600342,          0
 15633,    29,   61000000,   56637860,        0,   -4362140,          0
 15633,    30,   61000000,   53345321,        0,   -7654679,          0
 15633,    31,   61000000,   56429230,        0,   -4570770,          0
 15633,    32,   61000000,   55435641,        0,   -5564359,          0
 15633,    33,   61000000,   54382391,        0,   -6617609,          0
 15633,    34,   61000000,   53410242,        0,   -7589758,          0
 15633,    35,   61000000,   58758865,        0,   -2241135,          0
 15633,    36,   61000000,   55448608,        0,   -5551392,          0
 15633,    37,   61000000,   56652606,        0,   -4347394,          0
 15633,    38,   61000000,   53755330,        0,   -7244670,          0
 15633,    39,   61000000,   56371454,        0,   -4628546,          0
 15633,    40,   61000000,   55387137,        0,   -5612863,          0
 15633,    41,   61000000,   56755545,        0,   -4244455,          0
 15633,    42,   61000000,   55545135,        0,   -5454865,          0
 15633,    43,   61000000,   56756924,        0,   -4243076,          0
 15633,    44,   61000000,   55867270,        0,   -5132730,          0
 15633,    45,   61000000,   54370849,        0,   -6629151,          0
 15633,    46,   61000000,   55409208,        0,   -5590792,          0
 15633,    47,   61000000,   56449660,        0,   -4550340,          0
 15633,    48,   61000000,   56213779,        0,   -4786221,          0
 15633,    49,   61000000,   54412345,        0,   -6587655,          0
 15633,    50,   61000000,   53399890,        0,   -7600110,          0
 15633,    51,   61000000,   58455890,        0,   -2544110,          0
 15633,    52,   61000000,   55425859,        0,   -5574141,          0
 15633,    53,   61000000,   54438758,        0,   -6561242,          0
 15633,    54,   61000000,   53575474,        0,   -7424526,          0
 15633,    55,   61000000,   56375950,        0,   -4624050,          0
 15633,    56,   61000000,   55471738,        0,   -5528262,          0
 15633,    57,   61000000,   54334255,        0,   -6665745,          0
 15633,    58,   61000000,   53685229,        0,   -7314771,          0
 15633,    59,   61000000,   58361245,        0,   -2638755,          0
 15633,    60,   61000000,   57703198,        0,   -3296802,          0
 15633,    61,   61000000,   56335893,        0,   -4664107,          0
 15633,    62,   61000000,   55819945,        0,   -5180055,          0
 15633,    63,   61000000,   56835711,        0,   -4164289,          0
 15633,    64,   61000000,   55690636,        0,   -5309364,          0
 15633,    65,   61000000,   54354724,        0,   -6645276,          0
 15633,    66,   61000000,   55613823,        0,   -5386177,          0
 15633,    67,   61000000,   56379946,        0,   -4620054,          0
 15633,    68,   61000000,   57441287,        0,   -3558713,          0
 15633,    69,   61000000,   54411681,        0,   -6588319,          0
 15633,    70,   61000000,   54686917,        0,   -6313083,          0
 15633,    71,   61000000,   56442324,        0,   -4557676,          0
 15633,    72,   61000000,   55447111,        0,   -5552889,          0
 15633,    73,   61000000,   56418726,        0,   -4581274,          0
 15633,    74,   61000000,   53451431,        0,   -7548569,          0
 15633,    75,   61000000,   56500358,        0,   -4499642,          0
 15633,    76,   61000000,   55532652,        0,   -5467348,          0
 15633,    77,   61000000,   54423852,        0,   -6576148,          0
 15633,    78,   61000000,   53682506,        0,   -7317494,          0
 15633,    79,   61000000,   56657547,        0,   -4342453,          0
 15633,    80,   61000000,   57483800,        0,   -3516200,          0
 15633,    81,   61000000,   54430838,        0,   -6569162,          0
 15633,    82,   61000000,   53738229,        0,   -7261771,          0
 15633,    83,   61000000,   56401374,        0,   -4598626,          0
 15633,    84,   61000000,   57501364,        0,   -3498636,          0
 15633,    85,   61000000,   54399343,        0,   -6600657,          0
 15633,    86,   61000000,   55445633,        0,   -5554367,          0
 15633,    87,   61000000,   58495454,        0,   -2504546,          0
 15633,    88,   61000000,   55410686,        0,   -5589314,          0
 15633,    89,   61000000,   56670055,        0,   -4329945,          0
 15633,    90,   61000000,   53446888,        0,   -7553112,          0
 15633,    91,   61000000,   56682572,        0,   -4317428,          0
 15633,    92,   61000000,   55472255,        0,   -5527745,          0
 15633,    93,   61000000,   54457846,        0,   -6542154,          0
 15633,    94,   61000000,   53395809,        0,   -7604191,          0
 15633,    95,   61000000,   58698169,        0,   -2301831,          0
 15633,    96,   61000000,   57924383,        0,   -3075617,          0
 15633,    97,   61000000,   54726791,        0,   -6273209,          0
 15633,    98,   61000000,   53410269,        0,   -7589731,          0
 15633,    99,   61000000,   56527147,        0,   -4472853,          0
 15633,   100,   61000000,   55433387,        0,   -5566613,          0
 15633,   101,   61000000,   55336906,        0,   -5663094,          0
 15633,   102,   61000000,   55383631,        0,   -5616369,          0
 15633,   103,   61000000,   56406734,        0,   -4593266,          0
 15633,   104,   61000000,   55454644,        0,   -5545356,          0
 15633,   105,   61000000,   54511711,        0,   -6488289,          0
 15633,   106,   61000000,   53352379,        0,   -7647621,          0
 15633,   107,   61000000,   58389050,        0,   -2610950,          0
 15633,   108,   61000000,   55549204,        0,   -5450796,          0
 15633,   109,   61000000,   56621781,        0,   -4378219,          0
 15633,   110,   61000000,   53409450,        0,   -7590550,          0
 15633,   111,   61000000,   56411802,        0,   -4588198,          0
 15633,   112,   61000000,   55475345,        0,   -5524655,          0
 15633,   113,   61000000,   54315755,        0,   -6684245,          0
 15633,   114,   61000000,   53364094,        0,   -7635906,          0
 15633,   115,   61000000,   58421619,        0,   -2578381,          0
 15633,   116,   61000000,   55510480,        0,   -5489520,          0
 15633,   117,   61000000,   56348952,        0,   -4651048,          0
 15633,   118,   61000000,   55812861,        0,   -5187139,          0
 15633,   119,   61000000,   58499508,        0,   -2500492,          0
 15633,   120,   61000000,   56747866,        0,   -4252134,          0
 15633,   121,   61000000,   54397712,        0,   -6602288,          0
 15633,   122,   61000000,   54340153,        0,   -6659847,          0
 15633,   123,   61000000,   58382414,        0,   -2617586,          0
 15633,   124,   61000000,   56297863,        0,   -4702137,          0
 15633,   125,   61000000,   54515432,        0,   -6484568,          0
 15633,   126,   61000000,   55377476,        0,   -5622524,          0
 15633,   127,   61000000,   58455167,        0,   -2544833,          0
 15633,   128,   61000000,   55411687,        0,   -5588313,          0
 15633,   129,   61000000,   54350921,        0,   -6649079,          0
 15633,   130,   61000000,   53513196,        0,   -7486804,          0
 15633,   131,   61000000,   56459160,        0,   -4540840,          0
 15633,   132,   61000000,   55529509,        0,   -5470491,          0
 15633,   133,   61000000,   56265626,        0,   -4734374,          0
 15633,   134,   61000000,   53447458,        0,   -7552542,          0
 15633,   135,   61000000,   56482989,        0,   -4517011,          0
 15633,   136,   61000000,   55406200,        0,   -5593800,          0
 15633,   137,   61000000,   56474204,        0,   -4525796,          0
 15633,   138,   61000000,   53737744,        0,   -7262256,          0
 15633,   139,   61000000,   56573007,        0,   -4426993,          0
 15633,   140,   61000000,   57444437,        0,   -3555563,          0
 15633,   141,   61000000,   54442870,        0,   -6557130,          0
 15633,   142,   61000000,   55718486,        0,   -5281514,          0
 15633,   143,   61000000,   56530847,        0,   -4469153,          0
 15633,   144,   61000000,   55688591,        0,   -5311409,          0
 15633,   145,   61000000,   56357308,        0,   -4642692,          0
 15633,   146,   61000000,   53476475,        0,   -7523525,          0
 15633,   147,   61000000,   56558320,        0,   -4441680,          0
 15633,   148,   61000000,   55440155,        0,   -5559845,          0
 15633,   149,   61000000,   54443500,        0,   -6556500,          0
 15633,   150,   61000000,   53680185,        0,   -7319815,          0
 15633,   151,   61000000,   56390146,        0,   -4609854,          0
 15633,   152,   61000000,   55476892,        0,   -5523108,          0
 15633,   153,   61000000,   54374645,        0,   -6625355,          0
 15633,   154,   61000000,   55422166,        0,   -5577834,          0
 15633,   155,   61000000,   56448911,        0,   -4551089,          0
 15633,   156,   61000000,   57630489,        0,   -3369511,          0
 15633,   157,   61000000,   54396318,        0,   -6603682,          0
 15633,   158,   61000000,   53705679,        0,   -7294321,          0
 15633,   159,   61000000,   56442562,        0,   -4557438,          0
 15633,   160,   61000000,   55678390,        0,   -5321610,          0
 15633,   161,   61000000,   54507565,        0,   -6492435,          0
 15633,   162,   61000000,   53613875,        0,   -7386125,          0
 15633,   163,   61000000,   58475486,        0,   -2524514,          0
 15633,   164,   61000000,   56173679,        0,   -4826321,          0
 15633,   165,   61000000,   56360894,        0,   -4639106,          0
 15633,   166,   61000000,   55848719,        0,   -5151281,          0
 15633,   167,   61000000,   56402613,        0,   -4597387,          0
