# Task,   Job,     Period,   Response, DL Miss?,   Lateness,  Tardiness
# task NAME=myapp PID=8297 COST=28676000 PERIOD=45000000 CPU=0
  8297,     2,   45000000,       8489,        0,  -44991511,          0
  8297,     3,   45000000,      58069,        0,  -44941931,          0
  8297,     4,   45000000,   28105279,        0,  -16894721,          0
  8297,     5,   45000000,   73673045,        1,   28673045,   28673045
  8297,     6,   45000000,   56736508,        1,   11736508,   11736508
  8297,     7,   45000000,   39839542,        0,   -5160458,          0
  8297,     8,   45000000,   88693193,        1,   43693193,   43693193
  8297,     9,   45000000,   71766293,        1,   26766293,   26766293
  8297,    10,   45000000,   54808793,        1,    9808793,    9808793
  8297,    11,   45000000,   38158135,        0,   -6841865,          0
  8297,    12,   45000000,   59097800,        1,   14097800,   14097800
  8297,    13,   45000000,   42170076,        0,   -2829924,          0
  8297,    14,   45000000,   88332379,        1,   43332379,   43332379
  8297,    15,   45000000,   71416229,        1,   26416229,   26416229
  8297,    16,   45000000,   55158065,        1,   10158065,   10158065
  8297,    17,   45000000,   98275844,        1,   53275844,   53275844
  8297,    18,   45000000,   81636331,        1,   36636331,   36636331
  8297,    19,   45000000,   94713275,        1,   49713275,   49713275
  8297,    20,   45000000,   77774409,        1,   32774409,   32774409
  8297,    21,   45000000,   60843482,        1,   15843482,   15843482
  8297,    22,   45000000,   47417734,        1,    2417734,    2417734
  8297,    23,   45000000,   34248300,        0,  -10751700,          0
  8297,    24,   45000000,   57123909,        1,   12123909,   12123909
  8297,    25,   45000000,   44251966,        0,    -748034,          0
  8297,    26,   45000000,   57797679,        1,   12797679,   12797679
  8297,    27,   45000000,   40845802,        0,   -4154198,          0
  8297,    28,   45000000,   58881791,        1,   13881791,   13881791
  8297,    29,   45000000,   41938625,        0,   -3061375,          0
  8297,    30,   45000000,   58388742,        1,   13388742,   13388742
  8297,    31,   45000000,   41467472,        0,   -3532528,          0
  8297,    32,   45000000,   32713026,        0,  -12286974,          0
  8297,    33,   45000000,   47077239,        1,    2077239,    2077239
  8297,    34,   45000000,   30134036,        0,  -14865964,          0
  8297,    35,   45000000,   43849559,        0,   -1150441,          0
  8297,    36,   45000000,   29170599,        0,  -15829401,          0
  8297,    37,   45000000,   28088431,        0,  -16911569,          0
  8297,    38,   45000000,   28865213,        0,  -16134787,          0
  8297,    39,   45000000,   32119541,        0,  -12880459,          0
  8297,    40,   45000000,   28127535,        0,  -16872465,          0
  8297,    41,   45000000,   37067512,        0,   -7932488,          0
  8297,    42,   45000000,   28633535,        0,  -16366465,          0
  8297,    43,   45000000,   35648116,        0,   -9351884,          0
  8297,    44,   45000000,   28118071,        0,  -16881929,          0
  8297,    45,   45000000,   43918532,        0,   -1081468,          0
  8297,    46,   45000000,   28090367,        0,  -16909633,          0
  8297,    47,   45000000,   73949009,        1,   28949009,   28949009
  8297,    48,   45000000,   57012872,        1,   12012872,   12012872
  8297,    49,   45000000,   70382160,        1,   25382160,   25382160
  8297,    50,   45000000,   53459368,        1,    8459368,    8459368
  8297,    51,   45000000,   36506784,        0,   -8493216,          0
  8297,    52,   45000000,   28973691,        0,  -16026309,          0
  8297,    53,   45000000,   43977598,        0,   -1022402,          0
  8297,    54,   45000000,   28071049,        0,  -16928951,          0
  8297,    55,   45000000,   44269262,        0,    -730738,          0
  8297,    56,   45000000,   28106895,        0,  -16893105,          0
  8297,    57,   45000000,   44007259,        0,    -992741,          0
  8297,    58,   45000000,   57100168,        1,   12100168,   12100168
  8297,    59,   45000000,   40286886,        0,   -4713114,          0
  8297,    60,   45000000,   29113599,        0,  -15886401,          0
  8297,    61,   45000000,   45511988,        1,     511988,     511988
  8297,    62,   45000000,   28569255,        0,  -16430745,          0
  8297,    63,   45000000,   44113175,        0,    -886825,          0
  8297,    64,   45000000,   28357305,        0,  -16642695,          0
  8297,    65,   45000000,   31453802,        0,  -13546198,          0
  8297,    66,   45000000,   29048671,        0,  -15951329,          0
  8297,    67,   45000000,   44112485,        0,    -887515,          0
  8297,    68,   45000000,   28132541,        0,  -16867459,          0
  8297,    69,   45000000,   43424794,        0,   -1575206,          0
  8297,    70,   45000000,   28114025,        0,  -16885975,          0
  8297,    71,   45000000,   28134858,        0,  -16865142,          0
  8297,    72,   45000000,   28380107,        0,  -16619893,          0
  8297,    73,   45000000,   28139646,        0,  -16860354,          0
  8297,    74,   45000000,   29093259,        0,  -15906741,          0
  8297,    75,   45000000,   38635135,        0,   -6364865,          0
  8297,    76,   45000000,   28134826,        0,  -16865174,          0
  8297,    77,   45000000,   28093711,        0,  -16906289,          0
  8297,    78,   45000000,   28386545,        0,  -16613455,          0
  8297,    79,   45000000,   28176928,        0,  -16823072,          0
  8297,    80,   45000000,   29214218,        0,  -15785782,          0
  8297,    81,   45000000,   44250550,        0,    -749450,          0
  8297,    82,   45000000,   28117273,        0,  -16882727,          0
  8297,    83,   45000000,   28400146,        0,  -16599854,          0
  8297,    84,   45000000,   29334227,        0,  -15665773,          0
  8297,    85,   45000000,   44308662,        0,    -691338,          0
  8297,    86,   45000000,   28371564,        0,  -16628436,          0
  8297,    87,   45000000,   28095667,        0,  -16904333,          0
  8297,    88,   45000000,   28118400,        0,  -16881600,          0
  8297,    89,   45000000,   28380912,        0,  -16619088,          0
  8297,    90,   45000000,   28102876,        0,  -16897124,          0
  8297,    91,   45000000,   45628649,        1,     628649,     628649
  8297,    92,   45000000,   28705390,        0,  -16294610,          0
  8297,    93,   45000000,   28115850,        0,  -16884150,          0
  8297,    94,   45000000,   29315807,        0,  -15684193,          0
  8297,    95,   45000000,   28125814,        0,  -16874186,          0
  8297,    96,   45000000,   28130835,        0,  -16869165,          0
  8297,    97,   45000000,   44666460,        0,    -333540,          0
  8297,    98,   45000000,   28114651,        0,  -16885349,          0
  8297,    99,   45000000,   28096421,        0,  -16903579,          0
  8297,   100,   45000000,   28375663,        0,  -16624337,          0
  8297,   101,   45000000,   45116374,        1,     116374,     116374
  8297,   102,   45000000,   28185585,        0,  -16814415,          0
  8297,   103,   45000000,   45100961,        1,     100961,     100961
  8297,   104,   45000000,   28175884,        0,  -16824116,          0
  8297,   105,   45000000,   28101785,        0,  -16898215,          0
  8297,   106,   45000000,   28205146,        0,  -16794854,          0
  8297,   107,   45000000,   44389358,        0,    -610642,          0
  8297,   108,   45000000,   28338686,        0,  -16661314,          0
  8297,   109,   45000000,   28122170,        0,  -16877830,          0
  8297,   110,   45000000,   28120423,        0,  -16879577,          0
  8297,   111,   45000000,   28412247,        0,  -16587753,          0
  8297,   112,   45000000,   28163123,        0,  -16836877,          0
  8297,   113,   45000000,   44501875,        0,    -498125,          0
  8297,   114,   45000000,   28357310,        0,  -16642690,          0
  8297,   115,   45000000,   44537430,        0,    -462570,          0
  8297,   116,   45000000,   29511156,        0,  -15488844,          0
  8297,   117,   45000000,   28120199,        0,  -16879801,          0
  8297,   118,   45000000,   28087727,        0,  -16912273,          0
  8297,   119,   45000000,   28133998,        0,  -16866002,          0
  8297,   120,   45000000,   28078892,        0,  -16921108,          0
  8297,   121,   45000000,   44503952,        0,    -496048,          0
  8297,   122,   45000000,   58099845,        1,   13099845,   13099845
  8297,   123,   45000000,   41165007,        0,   -3834993,          0
  8297,   124,   45000000,   31276456,        0,  -13723544,          0
  8297,   125,   45000000,   51133508,        1,    6133508,    6133508
  8297,   126,   45000000,   34194754,        0,  -10805246,          0
  8297,   127,   45000000,   54585370,        1,    9585370,    9585370
  8297,   128,   45000000,   37715414,        0,   -7284586,          0
  8297,   129,   45000000,   31620005,        0,  -13379995,          0
  8297,   130,   45000000,   28117251,        0,  -16882749,          0
  8297,   131,   45000000,   48098280,        1,    3098280,    3098280
  8297,   132,   45000000,   33180214,        0,  -11819786,          0
  8297,   133,   45000000,   44913761,        0,     -86239,          0
  8297,   134,   45000000,   28115650,        0,  -16884350,          0
  8297,   135,   45000000,   35383692,        0,   -9616308,          0
  8297,   136,   45000000,   28384789,        0,  -16615211,          0
  8297,   137,   45000000,   28116221,        0,  -16883779,          0
  8297,   138,   45000000,   28092949,        0,  -16907051,          0
  8297,   139,   45000000,   28408255,        0,  -16591745,          0
  8297,   140,   45000000,   28109811,        0,  -16890189,          0
  8297,   141,   45000000,   28126137,        0,  -16873863,          0
  8297,   142,   45000000,   28124150,        0,  -16875850,          0
  8297,   143,   45000000,   44664642,        0,    -335358,          0
  8297,   144,   45000000,   28109331,        0,  -16890669,          0
  8297,   145,   45000000,   46424056,        1,    1424056,    1424056
  8297,   146,   45000000,   29506806,        0,  -15493194,          0
  8297,   147,   45000000,   28514481,        0,  -16485519,          0
  8297,   148,   45000000,   28102151,        0,  -16897849,          0
  8297,   149,   45000000,   28098239,        0,  -16901761,          0
  8297,   150,   45000000,   28375628,        0,  -16624372,          0
  8297,   151,   45000000,   28111949,        0,  -16888051,          0
  8297,   152,   45000000,   29702025,        0,  -15297975,          0
  8297,   153,   45000000,   28396593,        0,  -16603407,          0
  8297,   154,   45000000,   28098699,        0,  -16901301,          0
  8297,   155,   45000000,   42637437,        0,   -2362563,          0
  8297,   156,   45000000,   28117627,        0,  -16882373,          0
  8297,   157,   45000000,   31398529,        0,  -13601471,          0
  8297,   158,   45000000,   30099472,        0,  -14900528,          0
  8297,   159,   45000000,   28140346,        0,  -16859654,          0
  8297,   160,   45000000,   28107744,        0,  -16892256,          0
  8297,   161,   45000000,   28399564,        0,  -16600436,          0
  8297,   162,   45000000,   28160171,        0,  -16839829,          0
  8297,   163,   45000000,   28162945,        0,  -16837055,          0
  8297,   164,   45000000,   30079237,        0,  -14920763,          0
  8297,   165,   45000000,   44790141,        0,    -209859,          0
  8297,   166,   45000000,   28093228,        0,  -16906772,          0
  8297,   167,   45000000,   47779484,        1,    2779484,    2779484
  8297,   168,   45000000,   30896210,        0,  -14103790,          0
  8297,   169,   45000000,   29733973,        0,  -15266027,          0
  8297,   170,   45000000,   28099576,        0,  -16900424,          0
  8297,   171,   45000000,   31054493,        0,  -13945507,          0
  8297,   172,   45000000,   28358766,        0,  -16641234,          0
  8297,   173,   45000000,   31004227,        0,  -13995773,          0
  8297,   174,   45000000,   28591383,        0,  -16408617,          0
  8297,   175,   45000000,   28379409,        0,  -16620591,          0
  8297,   176,   45000000,   28112217,        0,  -16887783,          0
  8297,   177,   45000000,   28126087,        0,  -16873913,          0
  8297,   178,   45000000,   30170408,        0,  -14829592,          0
  8297,   179,   45000000,   35931993,        0,   -9068007,          0
  8297,   180,   45000000,   28102220,        0,  -16897780,          0
  8297,   181,   45000000,   28108805,        0,  -16891195,          0
  8297,   182,   45000000,   28119166,        0,  -16880834,          0
  8297,   183,   45000000,   28405329,        0,  -16594671,          0
  8297,   184,   45000000,   28121222,        0,  -16878778,          0
  8297,   185,   45000000,   36416399,        0,   -8583601,          0
  8297,   186,   45000000,   28350821,        0,  -16649179,          0
  8297,   187,   45000000,   28155366,        0,  -16844634,          0
  8297,   188,   45000000,   28109104,        0,  -16890896,          0
  8297,   189,   45000000,   28356977,        0,  -16643023,          0
  8297,   190,   45000000,   28079718,        0,  -16920282,          0
  8297,   191,   45000000,   28121715,        0,  -16878285,          0
  8297,   192,   45000000,   28172714,        0,  -16827286,          0
  8297,   193,   45000000,   35112044,        0,   -9887956,          0
  8297,   194,   45000000,   28265124,        0,  -16734876,          0
  8297,   195,   45000000,   28157957,        0,  -16842043,          0
  8297,   196,   45000000,   28152407,        0,  -16847593,          0
  8297,   197,   45000000,   28419187,        0,  -16580813,          0
  8297,   198,   45000000,   28085057,        0,  -16914943,          0
  8297,   199,   45000000,   45060165,        1,      60165,      60165
  8297,   200,   45000000,   28425411,        0,  -16574589,          0
  8297,   201,   45000000,   28102347,        0,  -16897653,          0
  8297,   202,   45000000,   28097685,        0,  -16902315,          0
  8297,   203,   45000000,   28369941,        0,  -16630059,          0
  8297,   204,   45000000,   28128473,        0,  -16871527,          0
  8297,   205,   45000000,   45302024,        1,     302024,     302024
  8297,   206,   45000000,   28348966,        0,  -16651034,          0
  8297,   207,   45000000,   28138924,        0,  -16861076,          0
  8297,   208,   45000000,   28368824,        0,  -16631176,          0
  8297,   209,   45000000,   45134316,        1,     134316,     134316
  8297,   210,   45000000,   28201079,        0,  -16798921,          0
  8297,   211,   45000000,   28394479,        0,  -16605521,          0
  8297,   212,   45000000,   28107230,        0,  -16892770,          0
  8297,   213,   45000000,   31089209,        0,  -13910791,          0
  8297,   214,   45000000,   28385326,        0,  -16614674,          0
  8297,   215,   45000000,   36388721,        0,   -8611279,          0
  8297,   216,   45000000,   28125368,        0,  -16874632,          0
  8297,   217,   45000000,   28191021,        0,  -16808979,          0
  8297,   218,   45000000,   28098348,        0,  -16901652,          0
  8297,   219,   45000000,   45411707,        1,     411707,     411707
  8297,   220,   45000000,   28495461,        0,  -16504539,          0
  8297,   221,   45000000,   28095428,        0,  -16904572,          0
  8297,   222,   45000000,   29888830,        0,  -15111170,          0
  8297,   223,   45000000,   28113859,        0,  -16886141,          0
  8297,   224,   45000000,   28115007,        0,  -16884993,          0
  8297,   225,   45000000,   45254937,        1,     254937,     254937
  8297,   226,   45000000,   28335638,        0,  -16664362,          0
# task NAME=myapp PID=8300 COST=19831000 PERIOD=24000000 CPU=0
  8300,     2,   24000000,       8511,        0,  -23991489,          0
  8300,     3,   24000000,     112264,        0,  -23887736,          0
  8300,     4,   24000000,   19430741,        0,   -4569259,          0
  8300,     5,   24000000,   19453198,        0,   -4546802,          0
  8300,     6,   24000000,   19447829,        0,   -4552171,          0
  8300,     7,   24000000,   23893316,        0,    -106684,          0
  8300,     8,   24000000,   19705199,        0,   -4294801,          0
  8300,     9,   24000000,   19460613,        0,   -4539387,          0
  8300,    10,   24000000,   19704161,        0,   -4295839,          0
  8300,    11,   24000000,   23473727,        0,    -526273,          0
  8300,    12,   24000000,   27520681,        1,    3520681,    3520681
  8300,    13,   24000000,   23216037,        0,    -783963,          0
  8300,    14,   24000000,   41050718,        1,   17050718,   17050718
  8300,    15,   24000000,   36470220,        1,   12470220,   12470220
  8300,    16,   24000000,   31893037,        1,    7893037,    7893037
  8300,    17,   24000000,   57623373,        1,   33623373,   33623373
  8300,    18,   24000000,   53049216,        1,   29049216,   29049216
  8300,    19,   24000000,   48467587,        1,   24467587,   24467587
  8300,    20,   24000000,   73160862,        1,   49160862,   49160862
  8300,    21,   24000000,   68600935,        1,   44600935,   44600935
  8300,    22,   24000000,   64308446,        1,   40308446,   40308446
  8300,    23,   24000000,  119758293,        1,   95758293,   95758293
  8300,    24,   24000000,  115193169,        1,   91193169,   91193169
  8300,    25,   24000000,  110891186,        1,   86891186,   86891186
  8300,    26,   24000000,  106381477,        1,   82381477,   82381477
  8300,    27,   24000000,  131821682,        1,  107821682,  107821682
  8300,    28,   24000000,  127257962,        1,  103257962,  103257962
  8300,    29,   24000000,  125856875,        1,  101856875,  101856875
  8300,    30,   24000000,  125080100,        1,  101080100,  101080100
  8300,    31,   24000000,  120899194,        1,   96899194,   96899194
  8300,    32,   24000000,  154172037,        1,  130172037,  130172037
  8300,    33,   24000000,  149751220,        1,  125751220,  125751220
  8300,    34,   24000000,  175176041,        1,  151176041,  151176041
  8300,    35,   24000000,  170585928,        1,  146585928,  146585928
  8300,    36,   24000000,  166030198,        1,  142030198,  142030198
  8300,    37,   24000000,  191448957,        1,  167448957,  167448957
  8300,    38,   24000000,  186862482,        1,  162862482,  162862482
  8300,    39,   24000000,  182281611,        1,  158281611,  158281611
  8300,    40,   24000000,  177685379,        1,  153685379,  153685379
  8300,    41,   24000000,  203273270,        1,  179273270,  179273270
  8300,    42,   24000000,  198952365,        1,  174952365,  174952365
  8300,    43,   24000000,  194360686,        1,  170360686,  170360686
  8300,    44,   24000000,  192715410,        1,  168715410,  168715410
  8300,    45,   24000000,  191468402,        1,  167468402,  167468402
  8300,    46,   24000000,  227045539,        1,  203045539,  203045539
  8300,    47,   24000000,  222464718,        1,  198464718,  198464718
  8300,    48,   24000000,  217895462,        1,  193895462,  193895462
  8300,    49,   24000000,  243336393,        1,  219336393,  219336393
  8300,    50,   24000000,  238747772,        1,  214747772,  214747772
  8300,    51,   24000000,  234457759,        1,  210457759,  210457759
  8300,    52,   24000000,  237224373,        1,  213224373,  213224373
  8300,    53,   24000000,  262604063,        1,  238604063,  238604063
  8300,    54,   24000000,  258014675,        1,  234014675,  234014675
  8300,    55,   24000000,  253659130,        1,  229659130,  229659130
  8300,    56,   24000000,  309605339,        1,  285605339,  285605339
  8300,    57,   24000000,  305020855,        1,  281020855,  281020855
  8300,    58,   24000000,  300426684,        1,  276426684,  276426684
  8300,    59,   24000000,  296128205,        1,  272128205,  272128205
  8300,    60,   24000000,  291613019,        1,  267613019,  267613019
  8300,    61,   24000000,  347055903,        1,  323055903,  323055903
  8300,    62,   24000000,  342747795,        1,  318747795,  318747795
  8300,    63,   24000000,  338166675,        1,  314166675,  314166675
  8300,    64,   24000000,  333576291,        1,  309576291,  309576291
  8300,    65,   24000000,  356757835,        1,  332757835,  332757835
  8300,    66,   24000000,  352231505,        1,  328231505,  328231505
  8300,    67,   24000000,  347928938,        1,  323928938,  323928938
  8300,    68,   24000000,  343336371,        1,  319336371,  319336371
  8300,    69,   24000000,  339028002,        1,  315028002,  315028002
  8300,    70,   24000000,  394662259,        1,  370662259,  370662259
  8300,    71,   24000000,  390406235,        1,  366406235,  366406235
  8300,    72,   24000000,  385875575,        1,  361875575,  361875575
  8300,    73,   24000000,  381622896,        1,  357622896,  357622896
  8300,    74,   24000000,  414761325,        1,  390761325,  390761325
  8300,    75,   24000000,  410466950,        1,  386466950,  386466950
  8300,    76,   24000000,  405907876,        1,  381907876,  381907876
  8300,    77,   24000000,  404262043,        1,  380262043,  380262043
  8300,    78,   24000000,  399998104,        1,  375998104,  375998104
  8300,    79,   24000000,  432346227,        1,  408346227,  408346227
  8300,    80,   24000000,  427903763,        1,  403903763,  403903763
  8300,    81,   24000000,  423334161,        1,  399334161,  399334161
  8300,    82,   24000000,  438804580,        1,  414804580,  414804580
  8300,    83,   24000000,  445402069,        1,  421402069,  421402069
  8300,    84,   24000000,  441097361,        1,  417097361,  417097361
  8300,    85,   24000000,  496532047,        1,  472532047,  472532047
  8300,    86,   24000000,  491940909,        1,  467940909,  467940909
  8300,    87,   24000000,  487623769,        1,  463623769,  463623769
  8300,    88,   24000000,  483191275,        1,  459191275,  459191275
  8300,    89,   24000000,  478616051,        1,  454616051,  454616051
  8300,    90,   24000000,  474035984,        1,  450035984,  450035984
  8300,    91,   24000000,  498399966,        1,  474399966,  474399966
  8300,    92,   24000000,  507193112,        1,  483193112,  483193112
  8300,    93,   24000000,  502691922,        1,  478691922,  478691922
  8300,    94,   24000000,  498122169,        1,  474122169,  474122169
  8300,    95,   24000000,  523668246,        1,  499668246,  499668246
  8300,    96,   24000000,  548021270,        1,  524021270,  524021270
  8300,    97,   24000000,  543431360,        1,  519431360,  519431360
  8300,    98,   24000000,  538845953,        1,  514845953,  514845953
  8300,    99,   24000000,  564317341,        1,  540317341,  540317341
  8300,   100,   24000000,  560009510,        1,  536009510,  536009510
  8300,   101,   24000000,  561473660,        1,  537473660,  537473660
  8300,   102,   24000000,  557045893,        1,  533045893,  533045893
  8300,   103,   24000000,  552455201,        1,  528455201,  528455201
  8300,   104,   24000000,  607896576,        1,  583896576,  583896576
  8300,   109,   24000000,  645087878,        1,  621087878,  621087878
  8300,   110,   24000000,  640505247,        1,  616505247,  616505247
# task NAME=myapp PID=8304 COST=44337000 PERIOD=58000000 CPU=0
  8304,     2,   58000000,       8027,        0,  -57991973,          0
  8304,     3,   58000000,      89987,        0,  -57910013,          0
  8304,     4,   58000000,   58868639,        1,     868639,     868639
  8304,     5,   58000000,   81819184,        1,   23819184,   23819184
  8304,     6,   58000000,   86533410,        1,   28533410,   28533410
  8304,     7,   58000000,   82882672,        1,   24882672,   24882672
  8304,     8,   58000000,  128922728,        1,   70922728,   70922728
  8304,     9,   58000000,  114296458,        1,   56296458,   56296458
  8304,    10,   58000000,   99967685,        1,   41967685,   41967685
  8304,    11,   58000000,  145410020,        1,   87410020,   87410020
  8304,    12,   58000000,  161097182,        1,  103097182,  103097182
  8304,    13,   58000000,  150341599,        1,   92341599,   92341599
  8304,    14,   58000000,  164449596,        1,  106449596,  106449596
  8304,    15,   58000000,  179174390,        1,  121174390,  121174390
  8304,    16,   58000000,  194843461,        1,  136843461,  136843461
  8304,    17,   58000000,  180221796,        1,  122221796,  122221796
  8304,    18,   58000000,  165873618,        1,  107873618,  107873618
  8304,    19,   58000000,  211546436,        1,  153546436,  153546436
  8304,    20,   58000000,  196913715,        1,  138913715,  138913715
  8304,    21,   58000000,  182286654,        1,  124286654,  124286654
  8304,    22,   58000000,  227635130,        1,  169635130,  169635130
  8304,    23,   58000000,  213015646,        1,  155015646,  155015646
  8304,    24,   58000000,  199073032,        1,  141073032,  141073032
  8304,    25,   58000000,  244930754,        1,  186930754,  186930754
  8304,    26,   58000000,  302601793,        1,  244601793,  244601793
  8304,    27,   58000000,  288064775,        1,  230064775,  230064775
  8304,    28,   58000000,  273417756,        1,  215417756,  215417756
  8304,    29,   58000000,  319368983,        1,  261368983,  261368983
  8304,    30,   58000000,  304751231,        1,  246751231,  246751231
  8304,    31,   58000000,  320170842,        1,  262170842,  262170842
  8304,    32,   58000000,  305525455,        1,  247525455,  247525455
  8304,    33,   58000000,  351220608,        1,  293220608,  293220608
  8304,    34,   58000000,  336871109,        1,  278871109,  278871109
  8304,    35,   58000000,  324885146,        1,  266885146,  266885146
  8304,    36,   58000000,  371670409,        1,  313670409,  313670409
  8304,    37,   58000000,  357049081,        1,  299049081,  299049081
  8304,    38,   58000000,  402581814,        1,  344581814,  344581814
  8304,    39,   58000000,  387943179,        1,  329943179,  329943179
  8304,    40,   58000000,  403345165,        1,  345345165,  345345165
  8304,    41,   58000000,  416821869,        1,  358821869,  358821869
  8304,    42,   58000000,  402563901,        1,  344563901,  344563901
  8304,    43,   58000000,  387932822,        1,  329932822,  329932822
  8304,    44,   58000000,  433371248,        1,  375371248,  375371248
  8304,    45,   58000000,  420971268,        1,  362971268,  362971268
  8304,    46,   58000000,  466396645,        1,  408396645,  408396645
  8304,    47,   58000000,  452057488,        1,  394057488,  394057488
  8304,    48,   58000000,  465692874,        1,  407692874,  407692874
  8304,    49,   58000000,  518877449,        1,  460877449,  460877449
  8304,    50,   58000000,  504280427,        1,  446280427,  446280427
  8304,    51,   58000000,  512738847,        1,  454738847,  454738847
  8304,    52,   58000000,  527450640,        1,  469450640,  469450640
  8304,    53,   58000000,  516666875,        1,  458666875,  458666875
  8304,    54,   58000000,  565342399,        1,  507342399,  507342399
  8304,    55,   58000000,  550750690,        1,  492750690,  492750690
  8304,    56,   58000000,  536163622,        1,  478163622,  478163622
  8304,    57,   58000000,  581584503,        1,  523584503,  523584503
  8304,    58,   58000000,  567234227,        1,  509234227,  509234227
  8304,    59,   58000000,  612636186,        1,  554636186,  554636186
  8304,    60,   58000000,  598293816,        1,  540293816,  540293816
  8304,    61,   58000000,  643663651,        1,  585663651,  585663651
  8304,    62,   58000000,  629030617,        1,  571030617,  571030617
  8304,    63,   58000000,  614390571,        1,  556390571,  556390571
  8304,    64,   58000000,  659793021,        1,  601793021,  601793021
  8304,    65,   58000000,  645175582,        1,  587175582,  587175582
  8304,    66,   58000000,  662421838,        1,  604421838,  604421838
  8304,    67,   58000000,  647814746,        1,  589814746,  589814746
  8304,    68,   58000000,  697153311,        1,  639153311,  639153311
  8304,    69,   58000000,  682805928,        1,  624805928,  624805928
  8304,    70,   58000000,  698496567,        1,  640496567,  640496567
  8304,    71,   58000000,  684767130,        1,  626767130,  626767130
  8304,    72,   58000000,  700904906,        1,  642904906,  642904906
  8304,    73,   58000000,  690102520,        1,  632102520,  632102520
  8304,    74,   58000000,  693217968,        1,  635217968,  635217968
  8304,    75,   58000000,  738922726,        1,  680922726,  680922726
  8304,    76,   58000000,  724316528,        1,  666316528,  666316528
  8304,    77,   58000000,  773203017,        1,  715203017,  715203017
  8304,    78,   58000000,  759719652,        1,  701719652,  701719652
  8304,    79,   58000000,  749349944,        1,  691349944,  691349944
  8304,    80,   58000000,  772248148,        1,  714248148,  714248148
  8304,    81,   58000000,  817983778,        1,  759983778,  759983778
  8304,    82,   58000000,  803652095,        1,  745652095,  745652095
  8304,    83,   58000000,  832112543,        1,  774112543,  774112543
  8304,    84,   58000000,  817764074,        1,  759764074,  759764074
  8304,    85,   58000000,  832225224,        1,  774225224,  774225224
  8304,    86,   58000000,  847990643,        1,  789990643,  789990643
  8304,    87,   58000000,  833412987,        1,  775412987,  775412987
  8304,    88,   58000000,  848493889,        1,  790493889,  790493889
  8304,    89,   58000000,  866732774,        1,  808732774,  808732774
  8304,    90,   58000000,  855449501,        1,  797449501,  797449501
  8304,    91,   58000000,  841014369,        1,  783014369,  783014369
  8304,    92,   58000000,  916546148,        1,  858546148,  858546148
  8304,    93,   58000000,  901914028,        1,  843914028,  843914028
  8304,    94,   58000000,  887570592,        1,  829570592,  829570592
  8304,    95,   58000000,  933286159,        1,  875286159,  875286159
  8304,    96,   58000000,  948714216,        1,  890714216,  890714216
  8304,    97,   58000000,  964604248,        1,  906604248,  906604248
  8304,    98,   58000000,  949972190,        1,  891972190,  891972190
  8304,    99,   58000000,  965483858,        1,  907483858,  907483858
  8304,   100,   58000000,  950834558,        1,  892834558,  892834558
  8304,   101,   58000000,  996305521,        1,  938305521,  938305521
  8304,   102,   58000000, 1009315199,        1,  951315199,  951315199
  8304,   103,   58000000,  994961462,        1,  936961462,  936961462
  8304,   104,   58000000,  980399630,        1,  922399630,  922399630
  8304,   105,   58000000, 1028194318,        1,  970194318,  970194318
  8304,   106,   58000000, 1013572265,        1,  955572265,  955572265
  8304,   107,   58000000,  999248912,        1,  941248912,  941248912
  8304,   108,   58000000, 1044976432,        1,  986976432,  986976432
  8304,   109,   58000000, 1030356467,        1,  972356467,  972356467
  8304,   110,   58000000, 1028400437,        1,  970400437,  970400437
  8304,   111,   58000000, 1076758328,        1, 1018758328, 1018758328
  8304,   112,   58000000, 1062429031,        1, 1004429031, 1004429031
  8304,   113,   58000000, 1078210280,        1, 1020210280, 1020210280
  8304,   114,   58000000, 1104301797,        1, 1046301797, 1046301797
  8304,   115,   58000000, 1089936920,        1, 1031936920, 1031936920
  8304,   116,   58000000, 1079628963,        1, 1021628963, 1021628963
  8304,   117,   58000000, 1081161274,        1, 1023161274, 1023161274
  8304,   118,   58000000, 1126562101,        1, 1068562101, 1068562101
  8304,   119,   58000000, 1111935394,        1, 1053935394, 1053935394
  8304,   120,   58000000, 1157368197,        1, 1099368197, 1099368197
  8304,   121,   58000000, 1142740460,        1, 1084740460, 1084740460
  8304,   122,   58000000, 1188148964,        1, 1130148964, 1130148964
  8304,   123,   58000000, 1177177309,        1, 1119177309, 1119177309
  8304,   124,   58000000, 1173203302,        1, 1115203302, 1115203302
  8304,   125,   58000000, 1204155791,        1, 1146155791, 1146155791
  8304,   126,   58000000, 1189558398,        1, 1131558398, 1131558398
  8304,   127,   58000000, 1201627556,        1, 1143627556, 1143627556
  8304,   128,   58000000, 1247045527,        1, 1189045527, 1189045527
  8304,   129,   58000000, 1232744131,        1, 1174744131, 1174744131
  8304,   130,   58000000, 1233584025,        1, 1175584025, 1175584025
  8304,   131,   58000000, 1282142221,        1, 1224142221, 1224142221
  8304,   132,   58000000, 1267619428,        1, 1209619428, 1209619428
  8304,   133,   58000000, 1253324228,        1, 1195324228, 1195324228
  8304,   134,   58000000, 1299043767,        1, 1241043767, 1241043767
  8304,   135,   58000000, 1284664221,        1, 1226664221, 1226664221
  8304,   136,   58000000, 1300679491,        1, 1242679491, 1242679491
  8304,   137,   58000000, 1286064290,        1, 1228064290, 1228064290
  8304,   138,   58000000, 1331486628,        1, 1273486628, 1273486628
  8304,   139,   58000000, 1346904041,        1, 1288904041, 1288904041
  8304,   140,   58000000, 1362569621,        1, 1304569621, 1304569621
  8304,   141,   58000000, 1358548862,        1, 1300548862, 1300548862
# task NAME=myapp PID=8308 COST=9142000 PERIOD=13000000 CPU=0
  8308,     2,   13000000,       7987,        0,  -12992013,          0
  8308,     3,   13000000,      62818,        0,  -12937182,          0
  8308,     4,   13000000,    8957473,        0,   -4042527,          0
  8308,     5,   13000000,    8972589,        0,   -4027411,          0
  8308,     6,   13000000,    8953530,        0,   -4046470,          0
  8308,     7,   13000000,    8963894,        0,   -4036106,          0
  8308,     8,   13000000,    8992428,        0,   -4007572,          0
  8308,     9,   13000000,    8977459,        0,   -4022541,          0
  8308,    10,   13000000,    9454946,        0,   -3545054,          0
  8308,    11,   13000000,    8988451,        0,   -4011549,          0
  8308,    12,   13000000,    8961533,        0,   -4038467,          0
  8308,    13,   13000000,    8969456,        0,   -4030544,          0
  8308,    14,   13000000,    8971327,        0,   -4028673,          0
  8308,    15,   13000000,    8974727,        0,   -4025273,          0
  8308,    16,   13000000,   27670524,        1,   14670524,   14670524
  8308,    17,   13000000,   23628475,        1,   10628475,   10628475
  8308,    18,   13000000,   19590320,        1,    6590320,    6590320
  8308,    19,   13000000,   15553554,        1,    2553554,    2553554
  8308,    20,   13000000,   11503458,        0,   -1496542,          0
  8308,    21,   13000000,    8983103,        0,   -4016897,          0
  8308,    22,   13000000,   10162789,        0,   -2837211,          0
  8308,    23,   13000000,    8955311,        0,   -4044689,          0
  8308,    24,   13000000,    8954898,        0,   -4045102,          0
  8308,    25,   13000000,    8981756,        0,   -4018244,          0
  8308,    26,   13000000,    8963836,        0,   -4036164,          0
  8308,    27,   13000000,    9040035,        0,   -3959965,          0
  8308,    28,   13000000,    8973098,        0,   -4026902,          0
  8308,    29,   13000000,    8978367,        0,   -4021633,          0
  8308,    30,   13000000,    8962894,        0,   -4037106,          0
  8308,    31,   13000000,    8984758,        0,   -4015242,          0
  8308,    32,   13000000,    9277832,        0,   -3722168,          0
  8308,    33,   13000000,    8979666,        0,   -4020334,          0
  8308,    34,   13000000,   11602585,        0,   -1397415,          0
  8308,    35,   13000000,    8969432,        0,   -4030568,          0
  8308,    36,   13000000,    8973309,        0,   -4026691,          0
  8308,    37,   13000000,    8962981,        0,   -4037019,          0
  8308,    38,   13000000,    8970715,        0,   -4029285,          0
  8308,    39,   13000000,    8999225,        0,   -4000775,          0
  8308,    40,   13000000,   23890609,        1,   10890609,   10890609
  8308,    41,   13000000,   19846349,        1,    6846349,    6846349
  8308,    42,   13000000,   15797923,        1,    2797923,    2797923
  8308,    43,   13000000,   71795256,        1,   58795256,   58795256
  8308,    44,   13000000,   67755122,        1,   54755122,   54755122
  8308,    45,   13000000,   63718139,        1,   50718139,   50718139
  8308,    46,   13000000,   59680044,        1,   46680044,   46680044
  8308,    47,   13000000,   55636989,        1,   42636989,   42636989
  8308,    48,   13000000,   51873461,        1,   38873461,   38873461
  8308,    49,   13000000,   47831689,        1,   34831689,   34831689
  8308,    50,   13000000,   43852271,        1,   30852271,   30852271
  8308,    51,   13000000,   39805517,        1,   26805517,   26805517
  8308,    52,   13000000,   35757825,        1,   22757825,   22757825
  8308,    53,   13000000,   65104148,        1,   52104148,   52104148
  8308,    54,   13000000,   61068165,        1,   48068165,   48068165
  8308,    55,   13000000,   57033701,        1,   44033701,   44033701
  8308,    56,   13000000,   52984134,        1,   39984134,   39984134
  8308,    57,   13000000,   48940195,        1,   35940195,   35940195
  8308,    58,   13000000,   45186034,        1,   32186034,   32186034
  8308,    59,   13000000,   41142291,        1,   28142291,   28142291
  8308,    60,   13000000,   37092243,        1,   24092243,   24092243
  8308,    61,   13000000,   33039253,        1,   20039253,   20039253
  8308,    62,   13000000,   89002238,        1,   76002238,   76002238
  8308,    63,   13000000,   84958148,        1,   71958148,   71958148
  8308,    64,   13000000,   80917938,        1,   67917938,   67917938
  8308,    65,   13000000,   77164931,        1,   64164931,   64164931
  8308,    66,   13000000,   73120553,        1,   60120553,   60120553
  8308,    67,   13000000,   69072257,        1,   56072257,   56072257
  8308,    68,   13000000,   65022416,        1,   52022416,   52022416
  8308,    69,   13000000,   60968173,        1,   47968173,   47968173
  8308,    70,   13000000,   56920719,        1,   43920719,   43920719
  8308,    71,   13000000,   52873127,        1,   39873127,   39873127
  8308,    72,   13000000,   78858874,        1,   65858874,   65858874
  8308,    73,   13000000,   74811767,        1,   61811767,   61811767
  8308,    74,   13000000,   70762988,        1,   57762988,   57762988
  8308,    75,   13000000,   66710960,        1,   53710960,   53710960
  8308,    76,   13000000,   93014096,        1,   80014096,   80014096
  8308,    77,   13000000,   88956464,        1,   75956464,   75956464
  8308,    78,   13000000,   84908361,        1,   71908361,   71908361
  8308,    79,   13000000,   80860117,        1,   67860117,   67860117
  8308,    80,   13000000,   76807528,        1,   63807528,   63807528
  8308,    81,   13000000,   72754663,        1,   59754663,   59754663
  8308,    82,   13000000,   68699233,        1,   55699233,   55699233
  8308,    83,   13000000,   67749466,        1,   54749466,   54749466
  8308,    84,   13000000,   63899302,        1,   50899302,   50899302
  8308,    85,   13000000,   92978269,        1,   79978269,   79978269
  8308,    86,   13000000,   88933989,        1,   75933989,   75933989
  8308,    87,   13000000,   84887648,        1,   71887648,   71887648
  8308,    88,   13000000,   80847338,        1,   67847338,   67847338
  8308,    89,   13000000,   76806344,        1,   63806344,   63806344
  8308,    90,   13000000,   72764449,        1,   59764449,   59764449
  8308,    91,   13000000,   68720237,        1,   55720237,   55720237
  8308,    92,   13000000,   92231328,        1,   79231328,   79231328
  8308,    93,   13000000,   88464067,        1,   75464067,   75464067
  8308,    94,   13000000,   84417820,        1,   71417820,   71417820
  8308,    95,   13000000,   80378208,        1,   67378208,   67378208
  8308,    96,   13000000,   76344541,        1,   63344541,   63344541
  8308,    97,   13000000,   72305600,        1,   59305600,   59305600
  8308,    98,   13000000,   68270000,        1,   55270000,   55270000
  8308,    99,   13000000,   64376579,        1,   51376579,   51376579
  8308,   100,   13000000,   60515317,        1,   47515317,   47515317
  8308,   101,   13000000,   59582555,        1,   46582555,   46582555
  8308,   102,   13000000,   57343199,        1,   44343199,   44343199
  8308,   103,   13000000,   53291079,        1,   40291079,   40291079
  8308,   104,   13000000,   49238040,        1,   36238040,   36238040
  8308,   105,   13000000,  105462469,        1,   92462469,   92462469
  8308,   106,   13000000,  101399085,        1,   88399085,   88399085
  8308,   107,   13000000,   97333844,        1,   84333844,   84333844
  8308,   108,   13000000,   93613613,        1,   80613613,   80613613
  8308,   109,   13000000,   89556715,        1,   76556715,   76556715
  8308,   110,   13000000,   85499474,        1,   72499474,   72499474
  8308,   111,   13000000,   81441099,        1,   68441099,   68441099
  8308,   112,   13000000,   77390983,        1,   64390983,   64390983
  8308,   113,   13000000,   73622303,        1,   60622303,   60622303
  8308,   114,   13000000,   69571960,        1,   56571960,   56571960
  8308,   115,   13000000,  125543049,        1,  112543049,  112543049
  8308,   116,   13000000,  121491780,        1,  108491780,  108491780
  8308,   117,   13000000,  117438427,        1,  104438427,  104438427
  8308,   118,   13000000,  113383862,        1,  100383862,  100383862
  8308,   119,   13000000,  109332533,        1,   96332533,   96332533
  8308,   120,   13000000,  105279641,        1,   92279641,   92279641
  8308,   121,   13000000,  101504498,        1,   88504498,   88504498
  8308,   122,   13000000,   97477138,        1,   84477138,   84477138
  8308,   123,   13000000,   93506388,        1,   80506388,   80506388
  8308,   124,   13000000,   89457694,        1,   76457694,   76457694
  8308,   125,   13000000,   85415829,        1,   72415829,   72415829
  8308,   126,   13000000,   81367939,        1,   68367939,   68367939
  8308,   127,   13000000,   77317640,        1,   64317640,   64317640
  8308,   128,   13000000,  133296559,        1,  120296559,  120296559
  8308,   129,   13000000,  129251295,        1,  116251295,  116251295
  8308,   130,   13000000,  125204573,        1,  112204573,  112204573
  8308,   131,   13000000,  121154421,        1,  108154421,  108154421
  8308,   132,   13000000,  117105765,        1,  104105765,  104105765
  8308,   133,   13000000,  113049817,        1,  100049817,  100049817
  8308,   134,   13000000,  108989696,        1,   95989696,   95989696
  8308,   135,   13000000,  127681357,        1,  114681357,  114681357
  8308,   136,   13000000,  124596577,        1,  111596577,  111596577
  8308,   137,   13000000,  120548674,        1,  107548674,  107548674
  8308,   138,   13000000,  116500495,        1,  103500495,  103500495
  8308,   139,   13000000,  113848218,        1,  100848218,  100848218
  8308,   140,   13000000,  109973026,        1,   96973026,   96973026
  8308,   141,   13000000,  106252170,        1,   93252170,   93252170
  8308,   142,   13000000,  107036471,        1,   94036471,   94036471
  8308,   143,   13000000,  103124833,        1,   90124833,   90124833
  8308,   144,   13000000,   99202996,        1,   86202996,   86202996
  8308,   145,   13000000,  155215213,        1,  142215213,  142215213
  8308,   146,   13000000,  151439191,        1,  138439191,  138439191
  8308,   147,   13000000,  147388099,        1,  134388099,  134388099
  8308,   148,   13000000,  143346299,        1,  130346299,  130346299
  8308,   149,   13000000,  139295602,        1,  126295602,  126295602
  8308,   150,   13000000,  135244993,        1,  122244993,  122244993
  8308,   151,   13000000,  131192846,        1,  118192846,  118192846
  8308,   152,   13000000,  127139079,        1,  114139079,  114139079
  8308,   153,   13000000,  123082422,        1,  110082422,  110082422
  8308,   154,   13000000,  119026897,        1,  106026897,  106026897
  8308,   155,   13000000,  115117174,        1,  102117174,  102117174
  8308,   156,   13000000,  114174287,        1,  101174287,  101174287
  8308,   157,   13000000,  110378559,        1,   97378559,   97378559
  8308,   158,   13000000,  166453819,        1,  153453819,  153453819
  8308,   159,   13000000,  162395947,        1,  149395947,  149395947
  8308,   160,   13000000,  158336162,        1,  145336162,  145336162
  8308,   161,   13000000,  154427216,        1,  141427216,  141427216
  8308,   162,   13000000,  150374067,        1,  137374067,  137374067
  8308,   163,   13000000,  146320655,        1,  133320655,  133320655
  8308,   164,   13000000,  142268282,        1,  129268282,  129268282
  8308,   165,   13000000,  141428016,        1,  128428016,  128428016
  8308,   166,   13000000,  137809271,        1,  124809271,  124809271
  8308,   167,   13000000,  133990686,        1,  120990686,  120990686
  8308,   168,   13000000,  151140153,        1,  138140153,  138140153
  8308,   169,   13000000,  147103311,        1,  134103311,  134103311
  8308,   170,   13000000,  143049554,        1,  130049554,  130049554
  8308,   171,   13000000,  138994054,        1,  125994054,  125994054
  8308,   172,   13000000,  134942522,        1,  121942522,  121942522
  8308,   173,   13000000,  130887519,        1,  117887519,  117887519
  8308,   174,   13000000,  126831467,        1,  113831467,  113831467
  8308,   175,   13000000,  182817001,        1,  169817001,  169817001
  8308,   176,   13000000,  178763295,        1,  165763295,  165763295
  8308,   177,   13000000,  174709693,        1,  161709693,  161709693
  8308,   178,   13000000,  170654870,        1,  157654870,  157654870
  8308,   179,   13000000,  167125973,        1,  154125973,  154125973
  8308,   180,   13000000,  163076645,        1,  150076645,  150076645
  8308,   181,   13000000,  159028165,        1,  146028165,  146028165
  8308,   182,   13000000,  185566815,        1,  172566815,  172566815
  8308,   183,   13000000,  181521803,        1,  168521803,  168521803
  8308,   184,   13000000,  177475360,        1,  164475360,  164475360
  8308,   185,   13000000,  173431164,        1,  160431164,  160431164
  8308,   186,   13000000,  169382588,        1,  156382588,  156382588
  8308,   187,   13000000,  165335251,        1,  152335251,  152335251
  8308,   188,   13000000,  161287369,        1,  148287369,  148287369
  8308,   189,   13000000,  186130842,        1,  173130842,  173130842
  8308,   190,   13000000,  182078577,        1,  169078577,  169078577
  8308,   191,   13000000,  178024017,        1,  165024017,  165024017
  8308,   192,   13000000,  174254551,        1,  161254551,  161254551
  8308,   193,   13000000,  170199814,        1,  157199814,  157199814
  8308,   194,   13000000,  166147962,        1,  153147962,  153147962
  8308,   195,   13000000,  162349612,        1,  149349612,  149349612
  8308,   196,   13000000,  161503958,        1,  148503958,  148503958
  8308,   197,   13000000,  157829482,        1,  144829482,  144829482
  8308,   198,   13000000,  189735848,        1,  176735848,  176735848
  8308,   199,   13000000,  185681188,        1,  172681188,  172681188
  8308,   200,   13000000,  181625260,        1,  168625260,  168625260
  8308,   201,   13000000,  177568438,        1,  164568438,  164568438
  8308,   202,   13000000,  173785773,        1,  160785773,  160785773
  8308,   203,   13000000,  169726736,        1,  156726736,  156726736
  8308,   204,   13000000,  166084228,        1,  153084228,  153084228
  8308,   205,   13000000,  162063358,        1,  149063358,  149063358
  8308,   206,   13000000,  158008166,        1,  145008166,  145008166
  8308,   207,   13000000,  153949592,        1,  140949592,  140949592
  8308,   208,   13000000,  209925421,        1,  196925421,  196925421
  8308,   209,   13000000,  206159578,        1,  193159578,  193159578
  8308,   210,   13000000,  202107413,        1,  189107413,  189107413
  8308,   211,   13000000,  198048759,        1,  185048759,  185048759
  8308,   212,   13000000,  193985240,        1,  180985240,  180985240
  8308,   213,   13000000,  189930793,        1,  176930793,  176930793
  8308,   214,   13000000,  190161184,        1,  177161184,  177161184
  8308,   215,   13000000,  186299721,        1,  173299721,  173299721
  8308,   216,   13000000,  187600744,        1,  174600744,  174600744
  8308,   217,   13000000,  183547691,        1,  170547691,  170547691
  8308,   218,   13000000,  179492122,        1,  166492122,  166492122
  8308,   219,   13000000,  175437534,        1,  162437534,  162437534
  8308,   220,   13000000,  231555249,        1,  218555249,  218555249
  8308,   221,   13000000,  227503473,        1,  214503473,  214503473
  8308,   222,   13000000,  223449678,        1,  210449678,  210449678
  8308,   223,   13000000,  219395559,        1,  206395559,  206395559
  8308,   224,   13000000,  215342630,        1,  202342630,  202342630
  8308,   225,   13000000,  211291224,        1,  198291224,  198291224
  8308,   226,   13000000,  207239087,        1,  194239087,  194239087
  8308,   227,   13000000,  203186567,        1,  190186567,  190186567
  8308,   228,   13000000,  199128573,        1,  186128573,  186128573
  8308,   229,   13000000,  195346818,        1,  182346818,  182346818
  8308,   230,   13000000,  251320312,        1,  238320312,  238320312
  8308,   231,   13000000,  247272678,        1,  234272678,  234272678
  8308,   232,   13000000,  243223129,        1,  230223129,  230223129
  8308,   233,   13000000,  239170082,        1,  226170082,  226170082
  8308,   234,   13000000,  235115688,        1,  222115688,  222115688
  8308,   235,   13000000,  231060601,        1,  218060601,  218060601
  8308,   236,   13000000,  230225697,        1,  217225697,  217225697
  8308,   237,   13000000,  226300098,        1,  213300098,  213300098
  8308,   238,   13000000,  222369096,        1,  209369096,  209369096
  8308,   239,   13000000,  219530630,        1,  206530630,  206530630
  8308,   240,   13000000,  215487627,        1,  202487627,  202487627
  8308,   241,   13000000,  211444560,        1,  198444560,  198444560
  8308,   242,   13000000,  207400759,        1,  194400759,  194400759
  8308,   243,   13000000,  263670777,        1,  250670777,  250670777
  8308,   244,   13000000,  259620504,        1,  246620504,  246620504
  8308,   245,   13000000,  255564444,        1,  242564444,  242564444
  8308,   246,   13000000,  251509928,        1,  238509928,  238509928
  8308,   247,   13000000,  247460546,        1,  234460546,  234460546
  8308,   248,   13000000,  243417226,        1,  230417226,  230417226
  8308,   249,   13000000,  239369185,        1,  226369185,  226369185
  8308,   250,   13000000,  235314471,        1,  222314471,  222314471
  8308,   251,   13000000,  231261608,        1,  218261608,  218261608
  8308,   252,   13000000,  227205266,        1,  214205266,  214205266
  8308,   253,   13000000,  251341197,        1,  238341197,  238341197
  8308,   254,   13000000,  247560665,        1,  234560665,  234560665
  8308,   255,   13000000,  243503895,        1,  230503895,  230503895
  8308,   256,   13000000,  267891191,        1,  254891191,  254891191
  8308,   257,   13000000,  263854138,        1,  250854138,  250854138
  8308,   258,   13000000,  259804151,        1,  246804151,  246804151
  8308,   259,   13000000,  255749680,        1,  242749680,  242749680
  8308,   260,   13000000,  251703757,        1,  238703757,  238703757
  8308,   261,   13000000,  247655551,        1,  234655551,  234655551
  8308,   262,   13000000,  243609226,        1,  230609226,  230609226
  8308,   264,   13000000,  235826079,        1,  222826079,  222826079
  8308,   265,   13000000,  231771170,        1,  218771170,  218771170
  8308,   266,   13000000,  287741889,        1,  274741889,  274741889
  8308,   267,   13000000,  283693814,        1,  270693814,  270693814
  8308,   268,   13000000,  279643834,        1,  266643834,  266643834
  8308,   269,   13000000,  275589037,        1,  262589037,  262589037
  8308,   270,   13000000,  271534844,        1,  258534844,  258534844
  8308,   271,   13000000,  267480724,        1,  254480724,  254480724
  8308,   272,   13000000,  263704829,        1,  250704829,  250704829
  8308,   273,   13000000,  259785304,        1,  246785304,  246785304
  8308,   274,   13000000,  255864488,        1,  242864488,  242864488
  8308,   275,   13000000,  254890642,        1,  241890642,  241890642
  8308,   278,   13000000,  281757253,        1,  268757253,  268757253
  8308,   279,   13000000,  277710479,        1,  264710479,  264710479
  8308,   280,   13000000,  273655245,        1,  260655245,  260655245
  8308,   281,   13000000,  269885118,        1,  256885118,  256885118
  8308,   282,   13000000,  267719922,        1,  254719922,  254719922
  8308,   283,   13000000,  263850282,        1,  250850282,  250850282
  8308,   284,   13000000,  260042836,        1,  247042836,  247042836
  8308,   285,   13000000,  313425343,        1,  300425343,  300425343
  8308,   293,   13000000,  281285909,        1,  268285909,  268285909
  8308,   294,   13000000,  277229199,        1,  264229199,  264229199
  8308,   295,   13000000,  273178796,        1,  260178796,  260178796
  8308,   296,   13000000,  269129593,        1,  256129593,  256129593
  8308,   297,   13000000,  265075985,        1,  252075985,  252075985
# task NAME=myapp PID=8312 COST=34922000 PERIOD=67000000 CPU=0
  8312,     2,   67000000,       8578,        0,  -66991422,          0
  8312,     3,   67000000,      81509,        0,  -66918491,          0
  8312,     4,   67000000,   34221506,        0,  -32778494,          0
  8312,     5,   67000000,   34231432,        0,  -32768568,          0
  8312,     6,   67000000,   34251138,        0,  -32748862,          0
  8312,     7,   67000000,   34195827,        0,  -32804173,          0
  8312,     8,   67000000,   34202953,        0,  -32797047,          0
  8312,     9,   67000000,   34231568,        0,  -32768432,          0
  8312,    10,   67000000,   42498306,        0,  -24501694,          0
  8312,    11,   67000000,   34174259,        0,  -32825741,          0
  8312,    12,   67000000,   34542193,        0,  -32457807,          0
  8312,    13,   67000000,   39843432,        0,  -27156568,          0
  8312,    14,   67000000,   34474849,        0,  -32525151,          0
  8312,    15,   67000000,   34241687,        0,  -32758313,          0
  8312,    16,   67000000,   34511630,        0,  -32488370,          0
  8312,    17,   67000000,   34217110,        0,  -32782890,          0
  8312,    18,   67000000,   34244381,        0,  -32755619,          0
  8312,    19,   67000000,   34186947,        0,  -32813053,          0
  8312,    20,   67000000,   51237864,        0,  -15762136,          0
  8312,    21,   67000000,   34536114,        0,  -32463886,          0
  8312,    22,   67000000,   36935545,        0,  -30064455,          0
  8312,    23,   67000000,   60231985,        0,   -6768015,          0
  8312,    24,   67000000,   34174357,        0,  -32825643,          0
  8312,    25,   67000000,   44417809,        0,  -22582191,          0
  8312,    26,   67000000,   34195928,        0,  -32804072,          0
  8312,    27,   67000000,   34510972,        0,  -32489028,          0
  8312,    28,   67000000,   34229404,        0,  -32770596,          0
  8312,    29,   67000000,   34500161,        0,  -32499839,          0
  8312,    30,   67000000,   34444212,        0,  -32555788,          0
  8312,    31,   67000000,   34500822,        0,  -32499178,          0
  8312,    32,   67000000,   34218170,        0,  -32781830,          0
  8312,    33,   67000000,   34275902,        0,  -32724098,          0
  8312,    34,   67000000,   34216060,        0,  -32783940,          0
  8312,    35,   67000000,   34372672,        0,  -32627328,          0
  8312,    36,   67000000,   34195350,        0,  -32804650,          0
  8312,    37,   67000000,   34331413,        0,  -32668587,          0
  8312,    38,   67000000,   37433112,        0,  -29566888,          0
  8312,    39,   67000000,   34287010,        0,  -32712990,          0
  8312,    40,   67000000,   34507837,        0,  -32492163,          0
  8312,    41,   67000000,   48479885,        0,  -18520115,          0
  8312,    42,   67000000,   34508951,        0,  -32491049,          0
  8312,    43,   67000000,   34193550,        0,  -32806450,          0
  8312,    44,   67000000,   34551853,        0,  -32448147,          0
  8312,    45,   67000000,   34242712,        0,  -32757288,          0
  8312,    46,   67000000,   49149844,        0,  -17850156,          0
  8312,    47,   67000000,   34258846,        0,  -32741154,          0
  8312,    48,   67000000,   34330744,        0,  -32669256,          0
  8312,    49,   67000000,   34223710,        0,  -32776290,          0
  8312,    50,   67000000,   34221393,        0,  -32778607,          0
  8312,    51,   67000000,   34238569,        0,  -32761431,          0
  8312,    52,   67000000,   34236442,        0,  -32763558,          0
  8312,    53,   67000000,   34491189,        0,  -32508811,          0
  8312,    54,   67000000,   34292273,        0,  -32707727,          0
  8312,    55,   67000000,   64261649,        0,   -2738351,          0
  8312,    56,   67000000,   34382589,        0,  -32617411,          0
  8312,    57,   67000000,   39327581,        0,  -27672419,          0
  8312,    58,   67000000,   34237593,        0,  -32762407,          0
  8312,    59,   67000000,   49221251,        0,  -17778749,          0
  8312,    60,   67000000,   35041718,        0,  -31958282,          0
  8312,    61,   67000000,   34309135,        0,  -32690865,          0
  8312,    62,   67000000,   35278878,        0,  -31721122,          0
  8312,    63,   67000000,   34237398,        0,  -32762602,          0
  8312,    64,   67000000,   34218918,        0,  -32781082,          0
  8312,    65,   67000000,   36288314,        0,  -30711686,          0
  8312,    66,   67000000,   59742841,        0,   -7257159,          0
  8312,    67,   67000000,   34217030,        0,  -32782970,          0
  8312,    68,   67000000,   34500012,        0,  -32499988,          0
  8312,    69,   67000000,   38528050,        0,  -28471950,          0
  8312,    70,   67000000,   34489761,        0,  -32510239,          0
  8312,    71,   67000000,   34252234,        0,  -32747766,          0
  8312,    72,   67000000,   34580280,        0,  -32419720,          0
  8312,    73,   67000000,  100559584,        1,   33559584,   33559584
  8312,    74,   67000000,   67745293,        1,     745293,     745293
  8312,    75,   67000000,   34905680,        0,  -32094320,          0
  8312,    76,   67000000,   37513963,        0,  -29486037,          0
  8312,    77,   67000000,   42553856,        0,  -24446144,          0
  8312,    78,   67000000,   35553452,        0,  -31446548,          0
  8312,    79,   67000000,   34270564,        0,  -32729436,          0
  8312,    80,   67000000,   34203166,        0,  -32796834,          0
  8312,    81,   67000000,   34553236,        0,  -32446764,          0
  8312,    82,   67000000,   34281913,        0,  -32718087,          0
  8312,    83,   67000000,   34933226,        0,  -32066774,          0
  8312,    84,   67000000,   49220388,        0,  -17779612,          0
  8312,    85,   67000000,   52209323,        0,  -14790677,          0
  8312,    86,   67000000,   41316816,        0,  -25683184,          0
  8312,    87,   67000000,   63693677,        0,   -3306323,          0
  8312,    88,   67000000,   34339538,        0,  -32660462,          0
  8312,    89,   67000000,   49260726,        0,  -17739274,          0
  8312,    90,   67000000,   43422536,        0,  -23577464,          0
  8312,    91,   67000000,   51164959,        0,  -15835041,          0
  8312,    92,   67000000,   34218192,        0,  -32781808,          0
  8312,    93,   67000000,   35218486,        0,  -31781514,          0
  8312,    94,   67000000,   34504407,        0,  -32495593,          0
  8312,    95,   67000000,   34212701,        0,  -32787299,          0
  8312,    96,   67000000,   36469183,        0,  -30530817,          0
  8312,    97,   67000000,   52779945,        0,  -14220055,          0
  8312,    98,   67000000,   45593034,        0,  -21406966,          0
  8312,    99,   67000000,   38844382,        0,  -28155618,          0
  8312,   100,   67000000,   34476470,        0,  -32523530,          0
  8312,   101,   67000000,   34231199,        0,  -32768801,          0
  8312,   102,   67000000,   34309175,        0,  -32690825,          0
  8312,   103,   67000000,   34227772,        0,  -32772228,          0
  8312,   104,   67000000,   34199083,        0,  -32800917,          0
  8312,   105,   67000000,   57121629,        0,   -9878371,          0
  8312,   106,   67000000,   34216894,        0,  -32783106,          0
  8312,   107,   67000000,   34310402,        0,  -32689598,          0
  8312,   108,   67000000,   38941373,        0,  -28058627,          0
  8312,   109,   67000000,   34529202,        0,  -32470798,          0
  8312,   110,   67000000,   48421599,        0,  -18578401,          0
  8312,   111,   67000000,   34484236,        0,  -32515764,          0
  8312,   112,   67000000,   37916925,        0,  -29083075,          0
  8312,   113,   67000000,   34495520,        0,  -32504480,          0
  8312,   114,   67000000,   34227940,        0,  -32772060,          0
  8312,   115,   67000000,   34249885,        0,  -32750115,          0
  8312,   116,   67000000,   36414432,        0,  -30585568,          0
  8312,   117,   67000000,   49260680,        0,  -17739320,          0
  8312,   118,   67000000,   56362835,        0,  -10637165,          0
  8312,   119,   67000000,   34218910,        0,  -32781090,          0
  8312,   120,   67000000,   57505296,        0,   -9494704,          0
  8312,   121,   67000000,   34266977,        0,  -32733023,          0
  8312,   122,   67000000,   34516303,        0,  -32483697,          0
  8312,   123,   67000000,   34223752,        0,  -32776248,          0
  8312,   124,   67000000,   34499880,        0,  -32500120,          0
  8312,   125,   67000000,   34305215,        0,  -32694785,          0
  8312,   126,   67000000,   34488947,        0,  -32511053,          0
  8312,   127,   67000000,   34232919,        0,  -32767081,          0
  8312,   128,   67000000,   34521759,        0,  -32478241,          0
  8312,   129,   67000000,   38348401,        0,  -28651599,          0
  8312,   130,   67000000,   34262693,        0,  -32737307,          0
  8312,   131,   67000000,   41781883,        0,  -25218117,          0
  8312,   132,   67000000,   48158686,        0,  -18841314,          0
  8312,   133,   67000000,   34232384,        0,  -32767616,          0
  8312,   134,   67000000,   34270180,        0,  -32729820,          0
  8312,   135,   67000000,   34534621,        0,  -32465379,          0
  8312,   136,   67000000,   34194554,        0,  -32805446,          0
  8312,   137,   67000000,   34498869,        0,  -32501131,          0
  8312,   138,   67000000,   94294344,        1,   27294344,   27294344
  8312,   139,   67000000,   61464413,        0,   -5535587,          0
  8312,   140,   67000000,   81223856,        1,   14223856,   14223856
  8312,   141,   67000000,   48410127,        0,  -18589873,          0
  8312,   142,   67000000,   35750036,        0,  -31249964,          0
  8312,   143,   67000000,   37137574,        0,  -29862426,          0
  8312,   144,   67000000,   34231922,        0,  -32768078,          0
  8312,   145,   67000000,   34303915,        0,  -32696085,          0
  8312,   146,   67000000,   34227279,        0,  -32772721,          0
  8312,   147,   67000000,   34326203,        0,  -32673797,          0
  8312,   148,   67000000,   34225426,        0,  -32774574,          0
  8312,   149,   67000000,   34232004,        0,  -32767996,          0
  8312,   150,   67000000,   34528166,        0,  -32471834,          0
  8312,   151,   67000000,   34257584,        0,  -32742416,          0
  8312,   152,   67000000,   34499936,        0,  -32500064,          0
  8312,   153,   67000000,   34197585,        0,  -32802415,          0
# task NAME=myapp PID=8316 COST=55733000 PERIOD=84000000 CPU=0
  8316,     2,   84000000,      10889,        0,  -83989111,          0
  8316,     3,   84000000,     103403,        0,  -83896597,          0
  8316,     4,   84000000,  117833086,        1,   33833086,   33833086
  8316,     5,   84000000,   88780914,        1,    4780914,    4780914
  8316,     6,   84000000,  103476582,        1,   19476582,   19476582
  8316,     7,   84000000,   74711652,        0,   -9288348,          0
  8316,     8,   84000000,  137968956,        1,   53968956,   53968956
  8316,     9,   84000000,  108516502,        1,   24516502,   24516502
  8316,    10,   84000000,  121336993,        1,   37336993,   37336993
  8316,    11,   84000000,   92168928,        1,    8168928,    8168928
  8316,    12,   84000000,   92701425,        1,    8701425,    8701425
  8316,    13,   84000000,   93629028,        1,    9629028,    9629028
  8316,    14,   84000000,   93213145,        1,    9213145,    9213145
  8316,    15,   84000000,  105305332,        1,   21305332,   21305332
  8316,    16,   84000000,  106037653,        1,   22037653,   22037653
  8316,    17,   84000000,  106882204,        1,   22882204,   22882204
  8316,    18,   84000000,  107932181,        1,   23932181,   23932181
  8316,    19,   84000000,   78772916,        0,   -5227084,          0
  8316,    20,   84000000,  101040939,        1,   17040939,   17040939
  8316,    21,   84000000,  131598926,        1,   47598926,   47598926
  8316,    22,   84000000,  115682990,        1,   31682990,   31682990
  8316,    23,   84000000,   96347309,        1,   12347309,   12347309
  8316,    24,   84000000,  127179354,        1,   43179354,   43179354
  8316,    25,   84000000,   97688650,        1,   13688650,   13688650
  8316,    26,   84000000,  128268320,        1,   44268320,   44268320
  8316,    27,   84000000,  129139950,        1,   45139950,   45139950
  8316,    28,   84000000,  120365046,        1,   36365046,   36365046
  8316,    29,   84000000,   91153459,        1,    7153459,    7153459
  8316,    30,   84000000,  119355382,        1,   35355382,   35355382
  8316,    31,   84000000,   92279997,        1,    8279997,    8279997
  8316,    32,   84000000,  135082255,        1,   51082255,   51082255
  8316,    33,   84000000,  105589467,        1,   21589467,   21589467
  8316,    34,   84000000,   96842320,        1,   12842320,   12842320
  8316,    35,   84000000,  132472798,        1,   48472798,   48472798
  8316,    36,   84000000,  102993195,        1,   18993195,   18993195
  8316,    37,   84000000,  133825668,        1,   49825668,   49825668
  8316,    38,   84000000,  104623161,        1,   20623161,   20623161
  8316,    39,   84000000,  135471192,        1,   51471192,   51471192
  8316,    40,   84000000,  136075133,        1,   52075133,   52075133
  8316,    41,   84000000,  141528789,        1,   57528789,   57528789
  8316,    42,   84000000,  142360141,        1,   58360141,   58360141
  8316,    43,   84000000,  124245158,        1,   40245158,   40245158
  8316,    44,   84000000,  125907299,        1,   41907299,   41907299
  8316,    45,   84000000,  162624198,        1,   78624198,   78624198
  8316,    46,   84000000,  133156448,        1,   49156448,   49156448
  8316,    47,   84000000,  164629157,        1,   80629157,   80629157
  8316,    48,   84000000,  166454952,        1,   82454952,   82454952
  8316,    49,   84000000,  151658065,        1,   67658065,   67658065
  8316,    50,   84000000,  153190550,        1,   69190550,   69190550
  8316,    51,   84000000,  123968127,        1,   39968127,   39968127
  8316,    52,   84000000,  154813263,        1,   70813263,   70813263
  8316,    53,   84000000,  156111785,        1,   72111785,   72111785
  8316,    54,   84000000,  153814643,        1,   69814643,   69814643
  8316,    55,   84000000,  158063389,        1,   74063389,   74063389
  8316,    56,   84000000,  128607881,        1,   44607881,   44607881
  8316,    57,   84000000,  159213828,        1,   75213828,   75213828
  8316,    58,   84000000,  129720929,        1,   45720929,   45720929
  8316,    59,   84000000,  160574974,        1,   76574974,   76574974
  8316,    60,   84000000,  131397549,        1,   47397549,   47397549
  8316,    61,   84000000,  161953554,        1,   77953554,   77953554
  8316,    62,   84000000,  137142598,        1,   53142598,   53142598
  8316,    63,   84000000,  167994534,        1,   83994534,   83994534
  8316,    64,   84000000,  138893290,        1,   54893290,   54893290
  8316,    65,   84000000,  169450302,        1,   85450302,   85450302
  8316,    66,   84000000,  141871824,        1,   57871824,   57871824
  8316,    67,   84000000,  142678046,        1,   58678046,   58678046
  8316,    68,   84000000,  170628025,        1,   86628025,   86628025
  8316,    69,   84000000,  141267155,        1,   57267155,   57267155
  8316,    70,   84000000,  151657531,        1,   67657531,   67657531
  8316,    71,   84000000,  143274088,        1,   59274088,   59274088
  8316,    72,   84000000,  125572541,        1,   41572541,   41572541
  8316,    73,   84000000,  156103369,        1,   72103369,   72103369
  8316,    74,   84000000,  153259046,        1,   69259046,   69259046
  8316,    75,   84000000,  184134540,        1,  100134540,  100134540
  8316,    76,   84000000,  154942715,        1,   70942715,   70942715
  8316,    77,   84000000,  159754764,        1,   75754764,   75754764
  8316,    78,   84000000,  172747237,        1,   88747237,   88747237
  8316,    79,   84000000,  171068523,        1,   87068523,   87068523
  8316,    80,   84000000,  141610036,        1,   57610036,   57610036
  8316,    81,   84000000,  172463355,        1,   88463355,   88463355
  8316,    82,   84000000,  146137465,        1,   62137465,   62137465
  8316,    83,   84000000,  152660538,        1,   68660538,   68660538
  8316,    84,   84000000,  153499916,        1,   69499916,   69499916
  8316,    85,   84000000,  184340839,        1,  100340839,  100340839
  8316,    86,   84000000,  166638486,        1,   82638486,   82638486
  8316,    87,   84000000,  171998535,        1,   87998535,   87998535
  8316,    88,   84000000,  142806852,        1,   58806852,   58806852
  8316,    89,   84000000,  173653161,        1,   89653161,   89653161
  8316,    90,   84000000,  176506179,        1,   92506179,   92506179
  8316,    91,   84000000,  147327951,        1,   63327951,   63327951
  8316,    92,   84000000,  118212076,        1,   34212076,   34212076
  8316,    93,   84000000,  151895304,        1,   67895304,   67895304
  8316,    94,   84000000,  152386743,        1,   68386743,   68386743
  8316,    95,   84000000,  179093838,        1,   95093838,   95093838
  8316,    96,   84000000,  166686751,        1,   82686751,   82686751
  8316,    97,   84000000,  140850542,        1,   56850542,   56850542
  8316,    98,   84000000,  177494079,        1,   93494079,   93494079
  8316,    99,   84000000,  148070611,        1,   64070611,   64070611
  8316,   100,   84000000,  178821136,        1,   94821136,   94821136
  8316,   101,   84000000,  149648817,        1,   65648817,   65648817
  8316,   102,   84000000,  180697567,        1,   96697567,   96697567
  8316,   103,   84000000,  151563070,        1,   67563070,   67563070
  8316,   104,   84000000,  182507843,        1,   98507843,   98507843
  8316,   105,   84000000,  181288117,        1,   97288117,   97288117
  8316,   106,   84000000,  182129329,        1,   98129329,   98129329
  8316,   107,   84000000,  152967414,        1,   68967414,   68967414
  8316,   108,   84000000,  183862936,        1,   99862936,   99862936
  8316,   109,   84000000,  154405165,        1,   70405165,   70405165
  8316,   110,   84000000,  185009153,        1,  101009153,  101009153
  8316,   111,   84000000,  185823453,        1,  101823453,  101823453
  8316,   112,   84000000,  186374231,        1,  102374231,  102374231
  8316,   113,   84000000,  159183169,        1,   75183169,   75183169
  8316,   114,   84000000,  190015264,        1,  106015264,  106015264
  8316,   115,   84000000,  163759210,        1,   79759210,   79759210
  8316,   116,   84000000,  172442615,        1,   88442615,   88442615
  8316,   117,   84000000,  168367697,        1,   84367697,   84367697
  8316,   118,   84000000,  199187022,        1,  115187022,  115187022
  8316,   119,   84000000,  169968739,        1,   85968739,   85968739
  8316,   120,   84000000,  170536063,        1,   86536063,   86536063
  8316,   121,   84000000,  193293220,        1,  109293220,  109293220
  8316,   122,   84000000,  164060874,        1,   80060874,   80060874
  8316,   123,   84000000,  171843172,        1,   87843172,   87843172
# task NAME=myapp PID=8321 COST=2943000 PERIOD=35000000 CPU=0
  8321,     2,   35000000,      25725,        0,  -34974275,          0
  8321,     3,   35000000,     127197,        0,  -34872803,          0
  8321,     4,   35000000,    2919511,        0,  -32080489,          0
  8321,     5,   35000000,    2897154,        0,  -32102846,          0
  8321,     6,   35000000,    3481496,        0,  -31518504,          0
  8321,     7,   35000000,    2914438,        0,  -32085562,          0
  8321,     8,   35000000,   23511199,        0,  -11488801,          0
  8321,     9,   35000000,    2914742,        0,  -32085258,          0
  8321,    10,   35000000,    2913960,        0,  -32086040,          0
  8321,    11,   35000000,    2898951,        0,  -32101049,          0
  8321,    12,   35000000,    2901641,        0,  -32098359,          0
  8321,    13,   35000000,    2901304,        0,  -32098696,          0
  8321,    14,   35000000,    4193024,        0,  -30806976,          0
  8321,    15,   35000000,    2910271,        0,  -32089729,          0
  8321,    16,   35000000,    2920561,        0,  -32079439,          0
  8321,    17,   35000000,    5167885,        0,  -29832115,          0
  8321,    18,   35000000,   33606056,        0,   -1393944,          0
  8321,    19,   35000000,    2898539,        0,  -32101461,          0
  8321,    20,   35000000,    2916155,        0,  -32083845,          0
  8321,    21,   35000000,    2908179,        0,  -32091821,          0
  8321,    22,   35000000,    4972279,        0,  -30027721,          0
  8321,    23,   35000000,    8954731,        0,  -26045269,          0
  8321,    24,   35000000,    3587400,        0,  -31412600,          0
  8321,    25,   35000000,    2908800,        0,  -32091200,          0
  8321,    26,   35000000,   23585441,        0,  -11414559,          0
  8321,    27,   35000000,    2905806,        0,  -32094194,          0
  8321,    28,   35000000,   13592231,        0,  -21407769,          0
  8321,    29,   35000000,    2899753,        0,  -32100247,          0
  8321,    30,   35000000,    3615298,        0,  -31384702,          0
  8321,    31,   35000000,    2919950,        0,  -32080050,          0
  8321,    32,   35000000,    2906993,        0,  -32093007,          0
  8321,    33,   35000000,    2914967,        0,  -32085033,          0
  8321,    34,   35000000,   13627242,        0,  -21372758,          0
  8321,    35,   35000000,    2905035,        0,  -32094965,          0
  8321,    36,   35000000,    3619796,        0,  -31380204,          0
  8321,    37,   35000000,    2906263,        0,  -32093737,          0
  8321,    38,   35000000,   18465484,        0,  -16534516,          0
  8321,    39,   35000000,   18657228,        0,  -16342772,          0
  8321,    40,   35000000,    2917368,        0,  -32082632,          0
  8321,    41,   35000000,    2908838,        0,  -32091162,          0
  8321,    42,   35000000,    3655725,        0,  -31344275,          0
  8321,    43,   35000000,    2902524,        0,  -32097476,          0
  8321,    44,   35000000,    9909603,        0,  -25090397,          0
  8321,    45,   35000000,   48679694,        1,   13679694,   13679694
  8321,    46,   35000000,   16561158,        0,  -18438842,          0
  8321,    47,   35000000,    2906752,        0,  -32093248,          0
  8321,    48,   35000000,    3276171,        0,  -31723829,          0
  8321,    49,   35000000,    2939730,        0,  -32060270,          0
  8321,    50,   35000000,    2958656,        0,  -32041344,          0
  8321,    51,   35000000,   16039943,        0,  -18960057,          0
  8321,    52,   35000000,    2897461,        0,  -32102539,          0
  8321,    53,   35000000,    2909004,        0,  -32090996,          0
  8321,    54,   35000000,    2920679,        0,  -32079321,          0
  8321,    55,   35000000,   18564175,        0,  -16435825,          0
  8321,    56,   35000000,   21978169,        0,  -13021831,          0
  8321,    57,   35000000,   18748898,        0,  -16251102,          0
  8321,    58,   35000000,    2909638,        0,  -32090362,          0
  8321,    59,   35000000,    6023581,        0,  -28976419,          0
  8321,    60,   35000000,    2913973,        0,  -32086027,          0
  8321,    61,   35000000,   17194599,        0,  -17805401,          0
  8321,    62,   35000000,    2908632,        0,  -32091368,          0
  8321,    63,   35000000,    2907402,        0,  -32092598,          0
  8321,    64,   35000000,    2919360,        0,  -32080640,          0
  8321,    65,   35000000,    8772603,        0,  -26227397,          0
  8321,    66,   35000000,    2921110,        0,  -32078890,          0
  8321,    67,   35000000,    2902792,        0,  -32097208,          0
  8321,    68,   35000000,    2922416,        0,  -32077584,          0
  8321,    69,   35000000,    5249422,        0,  -29750578,          0
  8321,    70,   35000000,    2924544,        0,  -32075456,          0
  8321,    71,   35000000,    5362502,        0,  -29637498,          0
  8321,    72,   35000000,    2913180,        0,  -32086820,          0
  8321,    73,   35000000,   26962525,        0,   -8037475,          0
  8321,    74,   35000000,   23824093,        0,  -11175907,          0
  8321,    75,   35000000,    2914963,        0,  -32085037,          0
  8321,    76,   35000000,   13822328,        0,  -21177672,          0
  8321,    77,   35000000,    2912625,        0,  -32087375,          0
  8321,    78,   35000000,    2917169,        0,  -32082831,          0
  8321,    79,   35000000,    2920690,        0,  -32079310,          0
  8321,    80,   35000000,   22114566,        0,  -12885434,          0
  8321,    81,   35000000,    2926211,        0,  -32073789,          0
  8321,    82,   35000000,   11310985,        0,  -23689015,          0
  8321,    83,   35000000,    2924720,        0,  -32075280,          0
  8321,    84,   35000000,    2925462,        0,  -32074538,          0
  8321,    85,   35000000,   28880354,        0,   -6119646,          0
  8321,    86,   35000000,    2916965,        0,  -32083035,          0
  8321,    87,   35000000,    2921148,        0,  -32078852,          0
  8321,    88,   35000000,   10189788,        0,  -24810212,          0
  8321,    89,   35000000,    2918477,        0,  -32081523,          0
  8321,    90,   35000000,    2952081,        0,  -32047919,          0
  8321,    91,   35000000,    2923598,        0,  -32076402,          0
  8321,    92,   35000000,    2923580,        0,  -32076420,          0
  8321,    93,   35000000,    2925853,        0,  -32074147,          0
  8321,    94,   35000000,    2925506,        0,  -32074494,          0
  8321,    95,   35000000,    7019028,        0,  -27980972,          0
  8321,    96,   35000000,    3979463,        0,  -31020537,          0
  8321,    97,   35000000,   26225107,        0,   -8774893,          0
  8321,    98,   35000000,    2938547,        0,  -32061453,          0
  8321,    99,   35000000,    2907541,        0,  -32092459,          0
  8321,   100,   35000000,    2915558,        0,  -32084442,          0
  8321,   101,   35000000,    5954169,        0,  -29045831,          0
  8321,   102,   35000000,    2956588,        0,  -32043412,          0
  8321,   103,   35000000,   29073765,        0,   -5926235,          0
  8321,   104,   35000000,   16182948,        0,  -18817052,          0
  8321,   105,   35000000,    2909076,        0,  -32090924,          0
  8321,   106,   35000000,   10974627,        0,  -24025373,          0
  8321,   107,   35000000,   17856137,        0,  -17143863,          0
  8321,   108,   35000000,    2927113,        0,  -32072887,          0
  8321,   109,   35000000,    2918135,        0,  -32081865,          0
  8321,   110,   35000000,   21325766,        0,  -13674234,          0
  8321,   111,   35000000,    2929171,        0,  -32070829,          0
  8321,   112,   35000000,    2926273,        0,  -32073727,          0
  8321,   113,   35000000,    6997938,        0,  -28002062,          0
  8321,   114,   35000000,    2931459,        0,  -32068541,          0
  8321,   115,   35000000,    3255839,        0,  -31744161,          0
  8321,   116,   35000000,   24149368,        0,  -10850632,          0
  8321,   117,   35000000,    2932199,        0,  -32067801,          0
  8321,   118,   35000000,   11632780,        0,  -23367220,          0
  8321,   119,   35000000,    2921846,        0,  -32078154,          0
  8321,   120,   35000000,    2939181,        0,  -32060819,          0
  8321,   121,   35000000,    2925205,        0,  -32074795,          0
  8321,   122,   35000000,    2938276,        0,  -32061724,          0
  8321,   123,   35000000,    2936325,        0,  -32063675,          0
  8321,   124,   35000000,   14180541,        0,  -20819459,          0
  8321,   125,   35000000,    2907259,        0,  -32092741,          0
  8321,   126,   35000000,    2932242,        0,  -32067758,          0
  8321,   127,   35000000,    2918360,        0,  -32081640,          0
  8321,   128,   35000000,    2916385,        0,  -32083615,          0
  8321,   129,   35000000,   19267832,        0,  -15732168,          0
  8321,   130,   35000000,    2914614,        0,  -32085386,          0
  8321,   131,   35000000,    2943120,        0,  -32056880,          0
  8321,   132,   35000000,    4212190,        0,  -30787810,          0
  8321,   133,   35000000,    2926936,        0,  -32073064,          0
  8321,   134,   35000000,    2928472,        0,  -32071528,          0
  8321,   135,   35000000,    2923082,        0,  -32076918,          0
  8321,   136,   35000000,    5494099,        0,  -29505901,          0
  8321,   137,   35000000,    9256029,        0,  -25743971,          0
  8321,   138,   35000000,    2908398,        0,  -32091602,          0
  8321,   139,   35000000,    2924995,        0,  -32075005,          0
  8321,   140,   35000000,    6067188,        0,  -28932812,          0
  8321,   141,   35000000,    2917154,        0,  -32082846,          0
  8321,   142,   35000000,   14259604,        0,  -20740396,          0
  8321,   143,   35000000,    2931836,        0,  -32068164,          0
  8321,   144,   35000000,    2938776,        0,  -32061224,          0
  8321,   145,   35000000,    2906825,        0,  -32093175,          0
  8321,   146,   35000000,   21316499,        0,  -13683501,          0
  8321,   147,   35000000,   19337522,        0,  -15662478,          0
  8321,   148,   35000000,   12478220,        0,  -22521780,          0
  8321,   149,   35000000,    7474774,        0,  -27525226,          0
  8321,   150,   35000000,    2923742,        0,  -32076258,          0
  8321,   151,   35000000,   16151764,        0,  -18848236,          0
  8321,   152,   35000000,    2901977,        0,  -32098023,          0
  8321,   153,   35000000,    2933171,        0,  -32066829,          0
  8321,   154,   35000000,   14974407,        0,  -20025593,          0
  8321,   155,   35000000,   10344248,        0,  -24655752,          0
  8321,   156,   35000000,    2931638,        0,  -32068362,          0
  8321,   157,   35000000,    7931394,        0,  -27068606,          0
  8321,   158,   35000000,   25929225,        0,   -9070775,          0
  8321,   159,   35000000,   19244241,        0,  -15755759,          0
  8321,   160,   35000000,   17920063,        0,  -17079937,          0
  8321,   161,   35000000,   11965955,        0,  -23034045,          0
  8321,   162,   35000000,    7914630,        0,  -27085370,          0
  8321,   163,   35000000,    8901494,        0,  -26098506,          0
  8321,   164,   35000000,    3123459,        0,  -31876541,          0
  8321,   165,   35000000,    2917244,        0,  -32082756,          0
  8321,   166,   35000000,    2924427,        0,  -32075573,          0
  8321,   167,   35000000,    2941156,        0,  -32058844,          0
  8321,   168,   35000000,    4958211,        0,  -30041789,          0
  8321,   169,   35000000,   29919614,        0,   -5080386,          0
  8321,   170,   35000000,    2936337,        0,  -32063663,          0
  8321,   171,   35000000,    2929242,        0,  -32070758,          0
  8321,   172,   35000000,   71938437,        1,   36938437,   36938437
  8321,   173,   35000000,   39825374,        1,    4825374,    4825374
  8321,   174,   35000000,    7710720,        0,  -27289280,          0
  8321,   175,   35000000,    2930433,        0,  -32069567,          0
  8321,   176,   35000000,    2918452,        0,  -32081548,          0
  8321,   177,   35000000,    2922449,        0,  -32077551,          0
  8321,   178,   35000000,    9508355,        0,  -25491645,          0
  8321,   179,   35000000,    2923521,        0,  -32076479,          0
  8321,   180,   35000000,    2933356,        0,  -32066644,          0
  8321,   181,   35000000,    2938749,        0,  -32061251,          0
  8321,   182,   35000000,    5935451,        0,  -29064549,          0
  8321,   183,   35000000,   19482120,        0,  -15517880,          0
  8321,   184,   35000000,    2915853,        0,  -32084147,          0
  8321,   185,   35000000,    5981004,        0,  -29018996,          0
  8321,   186,   35000000,    8543052,        0,  -26456948,          0
  8321,   187,   35000000,    2931196,        0,  -32068804,          0
  8321,   188,   35000000,    2940023,        0,  -32059977,          0
  8321,   189,   35000000,    2923499,        0,  -32076501,          0
  8321,   190,   35000000,    2917206,        0,  -32082794,          0
  8321,   191,   35000000,    9525548,        0,  -25474452,          0
  8321,   192,   35000000,    2915064,        0,  -32084936,          0
  8321,   193,   35000000,    3016031,        0,  -31983969,          0
  8321,   194,   35000000,    2930541,        0,  -32069459,          0
  8321,   195,   35000000,    2923568,        0,  -32076432,          0
  8321,   196,   35000000,   14554489,        0,  -20445511,          0
  8321,   197,   35000000,    2912275,        0,  -32087725,          0
  8321,   198,   35000000,    2921232,        0,  -32078768,          0
  8321,   199,   35000000,    2925700,        0,  -32074300,          0
  8321,   200,   35000000,    2927680,        0,  -32072320,          0
  8321,   201,   35000000,    2925053,        0,  -32074947,          0
  8321,   202,   35000000,    2934447,        0,  -32065553,          0
  8321,   203,   35000000,    5504626,        0,  -29495374,          0
  8321,   204,   35000000,    4600909,        0,  -30399091,          0
  8321,   205,   35000000,    2922740,        0,  -32077260,          0
  8321,   206,   35000000,    2931421,        0,  -32068579,          0
  8321,   207,   35000000,    2905142,        0,  -32094858,          0
  8321,   208,   35000000,   14626059,        0,  -20373941,          0
  8321,   209,   35000000,    2925832,        0,  -32074168,          0
  8321,   210,   35000000,    4618526,        0,  -30381474,          0
  8321,   211,   35000000,   29623354,        0,   -5376646,          0
  8321,   212,   35000000,   24971593,        0,  -10028407,          0
  8321,   213,   35000000,    2919686,        0,  -32080314,          0
  8321,   214,   35000000,   14645160,        0,  -20354840,          0
  8321,   215,   35000000,    9634443,        0,  -25365557,          0
  8321,   216,   35000000,    3930134,        0,  -31069866,          0
  8321,   217,   35000000,    2982903,        0,  -32017097,          0
  8321,   218,   35000000,   16168895,        0,  -18831105,          0
  8321,   219,   35000000,    2925138,        0,  -32074862,          0
  8321,   220,   35000000,    2916571,        0,  -32083429,          0
  8321,   221,   35000000,    2928056,        0,  -32071944,          0
  8321,   222,   35000000,    2927959,        0,  -32072041,          0
  8321,   223,   35000000,   26521357,        0,   -8478643,          0
  8321,   224,   35000000,   54677312,        1,   19677312,   19677312
  8321,   225,   35000000,   22563748,        0,  -12436252,          0
  8321,   226,   35000000,    4929706,        0,  -30070294,          0
  8321,   227,   35000000,   21939830,        0,  -13060170,          0
  8321,   228,   35000000,    2928091,        0,  -32071909,          0
  8321,   229,   35000000,   18942297,        0,  -16057703,          0
  8321,   230,   35000000,    2926147,        0,  -32073853,          0
  8321,   231,   35000000,   16944790,        0,  -18055210,          0
  8321,   232,   35000000,    7999312,        0,  -27000688,          0
  8321,   233,   35000000,    2930791,        0,  -32069209,          0
  8321,   234,   35000000,    2923698,        0,  -32076302,          0
  8321,   235,   35000000,    2926446,        0,  -32073554,          0
  8321,   236,   35000000,    2926646,        0,  -32073354,          0
  8321,   237,   35000000,    2939885,        0,  -32060115,          0
  8321,   238,   35000000,    4342181,        0,  -30657819,          0
  8321,   239,   35000000,    6971220,        0,  -28028780,          0
  8321,   240,   35000000,    2923940,        0,  -32076060,          0
  8321,   241,   35000000,   15947807,        0,  -19052193,          0
  8321,   242,   35000000,    7958815,        0,  -27041185,          0
  8321,   243,   35000000,    2913211,        0,  -32086789,          0
  8321,   244,   35000000,   10990209,        0,  -24009791,          0
  8321,   245,   35000000,    2916093,        0,  -32083907,          0
  8321,   246,   35000000,    2961138,        0,  -32038862,          0
  8321,   247,   35000000,   21137885,        0,  -13862115,          0
  8321,   248,   35000000,   10025439,        0,  -24974561,          0
  8321,   249,   35000000,    5254644,        0,  -29745356,          0
  8321,   250,   35000000,   14801765,        0,  -20198235,          0
  8321,   251,   35000000,    2907990,        0,  -32092010,          0
  8321,   252,   35000000,    2935770,        0,  -32064230,          0
  8321,   253,   35000000,   11356927,        0,  -23643073,          0
  8321,   254,   35000000,    2908614,        0,  -32091386,          0
  8321,   255,   35000000,   19857671,        0,  -15142329,          0
  8321,   256,   35000000,    2923587,        0,  -32076413,          0
  8321,   257,   35000000,    2922927,        0,  -32077073,          0
  8321,   258,   35000000,    4872278,        0,  -30127722,          0
  8321,   259,   35000000,    2925817,        0,  -32074183,          0
  8321,   260,   35000000,    2918728,        0,  -32081272,          0
  8321,   261,   35000000,    2922348,        0,  -32077652,          0
  8321,   262,   35000000,    2915525,        0,  -32084475,          0
  8321,   263,   35000000,    9857656,        0,  -25142344,          0
  8321,   264,   35000000,    2918855,        0,  -32081145,          0
  8321,   265,   35000000,    6447208,        0,  -28552792,          0
  8321,   266,   35000000,    6059709,        0,  -28940291,          0
  8321,   267,   35000000,   16312579,        0,  -18687421,          0
  8321,   268,   35000000,   14945883,        0,  -20054117,          0
  8321,   269,   35000000,    2922086,        0,  -32077914,          0
  8321,   270,   35000000,    2915809,        0,  -32084191,          0
  8321,   271,   35000000,    2932588,        0,  -32067412,          0
  8321,   272,   35000000,    5910875,        0,  -29089125,          0
  8321,   273,   35000000,    2936244,        0,  -32063756,          0
  8321,   274,   35000000,    2922463,        0,  -32077537,          0
  8321,   275,   35000000,    2901613,        0,  -32098387,          0
  8321,   276,   35000000,    4933154,        0,  -30066846,          0
  8321,   277,   35000000,    2924394,        0,  -32075606,          0
  8321,   278,   35000000,    2934470,        0,  -32065530,          0
  8321,   279,   35000000,    2925229,        0,  -32074771,          0
  8321,   280,   35000000,    2929487,        0,  -32070513,          0
  8321,   281,   35000000,   10007347,        0,  -24992653,          0
  8321,   282,   35000000,    2913203,        0,  -32086797,          0
  8321,   283,   35000000,    2929494,        0,  -32070506,          0
  8321,   284,   35000000,    6033602,        0,  -28966398,          0
  8321,   285,   35000000,   17811372,        0,  -17188628,          0
  8321,   286,   35000000,    2927801,        0,  -32072199,          0
  8321,   287,   35000000,    2917201,        0,  -32082799,          0
  8321,   288,   35000000,    2952332,        0,  -32047668,          0
  8321,   289,   35000000,    4961666,        0,  -30038334,          0
