# Task,   Job,     Period,   Response, DL Miss?,   Lateness,  Tardiness
# task NAME=myapp PID=22430 COST=36792000 PERIOD=56000000 CPU=0
 22430,     2,   56000000,       5503,        0,  -55994497,          0
 22430,     3,   56000000,    1970660,        0,  -54029340,          0
 22430,     4,   56000000,   68772623,        1,   12772623,   12772623
 22430,     5,   56000000,   81509721,        1,   25509721,   25509721
 22430,     6,   56000000,   96402191,        1,   40402191,   40402191
 22430,     7,   56000000,  109490934,        1,   53490934,   53490934
 22430,     8,   56000000,  126345168,        1,   70345168,   70345168
 22430,     9,   56000000,  137064354,        1,   81064354,   81064354
 22430,    10,   56000000,  151912137,        1,   95912137,   95912137
 22430,    11,   56000000,  165965744,        1,  109965744,  109965744
 22430,    12,   56000000,  179824831,        1,  123824831,  123824831
 22430,    13,   56000000,  192861320,        1,  136861320,  136861320
 22430,    14,   56000000,  208039678,        1,  152039678,  152039678
 22430,    15,   56000000,  221120442,        1,  165120442,  165120442
 22430,    16,   56000000,  233767094,        1,  177767094,  177767094
 22430,    17,   56000000,  248571187,        1,  192571187,  192571187
 22430,    18,   56000000,  261411485,        1,  205411485,  205411485
 22430,    19,   56000000,  278285829,        1,  222285829,  222285829
 22430,    20,   56000000,  289105195,        1,  233105195,  233105195
 22430,    21,   56000000,  304207159,        1,  248207159,  248207159
 22430,    22,   56000000,  319091019,        1,  263091019,  263091019
 22430,    23,   56000000,  331923918,        1,  275923918,  275923918
 22430,    24,   56000000,  346384467,        1,  290384467,  290384467
 22430,    25,   56000000,  359637931,        1,  303637931,  303637931
 22430,    26,   56000000,  374850327,        1,  318850327,  318850327
 22430,    27,   56000000,  385716253,        1,  329716253,  329716253
 22430,    28,   56000000,  402845592,        1,  346845592,  346845592
 22430,    29,   56000000,  413734877,        1,  357734877,  357734877
 22430,    30,   56000000,  428716437,        1,  372716437,  372716437
 22430,    31,   56000000,  441363042,        1,  385363042,  385363042
 22430,    32,   56000000,  456389781,        1,  400389781,  400389781
 22430,    33,   56000000,  469286562,        1,  413286562,  413286562
 22430,    34,   56000000,  486403147,        1,  430403147,  430403147
 22430,    35,   56000000,  497506138,        1,  441506138,  441506138
 22430,    36,   56000000,  514378751,        1,  458378751,  458378751
 22430,    37,   56000000,  525080653,        1,  469080653,  469080653
 22430,    38,   56000000,  541922353,        1,  485922353,  485922353
 22430,    39,   56000000,  552662193,        1,  496662193,  496662193
 22430,    40,   56000000,  565586082,        1,  509586082,  509586082
 22430,    41,   56000000,  580697623,        1,  524697623,  524697623
 22430,    42,   56000000,  597930604,        1,  541930604,  541930604
 22430,    43,   56000000,  608686418,        1,  552686418,  552686418
 22430,    44,   56000000,  621603547,        1,  565603547,  565603547
 22430,    45,   56000000,  636400373,        1,  580400373,  580400373
 22430,    46,   56000000,  649575639,        1,  593575639,  593575639
 22430,    47,   56000000,  664502946,        1,  608502946,  608502946
 22430,    48,   56000000,  677537057,        1,  621537057,  621537057
 22430,    49,   56000000,  692406547,        1,  636406547,  636406547
 22430,    50,   56000000,  707527905,        1,  651527905,  651527905
 22430,    51,   56000000,  720396401,        1,  664396401,  664396401
 22430,    52,   56000000,  735157347,        1,  679157347,  679157347
 22430,    53,   56000000,  750037867,        1,  694037867,  694037867
 22430,    54,   56000000,  760827820,        1,  704827820,  704827820
 22430,    55,   56000000,  773663008,        1,  717663008,  717663008
 22430,    56,   56000000,  788492854,        1,  732492854,  732492854
 22430,    57,   56000000,  803700263,        1,  747700263,  747700263
 22430,    58,   56000000,  818119008,        1,  762119008,  762119008
 22430,    59,   56000000,  828989692,        1,  772989692,  772989692
 22430,    60,   56000000,  846147862,        1,  790147862,  790147862
 22430,    61,   56000000,  859007148,        1,  803007148,  803007148
 22430,    62,   56000000,  874082561,        1,  818082561,  818082561
 22430,    63,   56000000,  884835017,        1,  828835017,  828835017
 22430,    64,   56000000,  899982696,        1,  843982696,  843982696
 22430,    65,   56000000,  914134685,        1,  858134685,  858134685
 22430,    66,   56000000,  927872095,        1,  871872095,  871872095
 22430,    67,   56000000,  940823071,        1,  884823071,  884823071
 22430,    68,   56000000,  953614728,        1,  897614728,  897614728
 22430,    69,   56000000,  968383390,        1,  912383390,  912383390
 22430,    70,   56000000,  983183659,        1,  927183659,  927183659
 22430,    71,   56000000,  996353733,        1,  940353733,  940353733
 22430,    72,   56000000, 1009167826,        1,  953167826,  953167826
 22430,    73,   56000000, 1023975128,        1,  967975128,  967975128
 22430,    74,   56000000, 1039814432,        1,  983814432,  983814432
 22430,    75,   56000000, 1049570460,        1,  993570460,  993570460
 22430,    76,   56000000, 1064724298,        1, 1008724298, 1008724298
 22430,    77,   56000000, 1077615393,        1, 1021615393, 1021615393
 22430,    78,   56000000, 1093259418,        1, 1037259418, 1037259418
 22430,    79,   56000000, 1107357363,        1, 1051357363, 1051357363
 22430,    80,   56000000, 1120254344,        1, 1064254344, 1064254344
 22430,    81,   56000000, 1133232917,        1, 1077232917, 1077232917
 22430,    82,   56000000, 1148014593,        1, 1092014593, 1092014593
 22430,    83,   56000000, 1160860458,        1, 1104860458, 1104860458
 22430,    84,   56000000, 1175897571,        1, 1119897571, 1119897571
 22430,    85,   56000000, 1189033915,        1, 1133033915, 1133033915
 22430,    86,   56000000, 1205898547,        1, 1149898547, 1149898547
 22430,    87,   56000000, 1216964229,        1, 1160964229, 1160964229
 22430,    88,   56000000, 1229581365,        1, 1173581365, 1173581365
 22430,    89,   56000000, 1245517784,        1, 1189517784, 1189517784
 22430,    90,   56000000, 1257297966,        1, 1201297966, 1201297966
 22430,    91,   56000000, 1272459355,        1, 1216459355, 1216459355
 22430,    92,   56000000, 1285242598,        1, 1229242598, 1229242598
 22430,    93,   56000000, 1300328581,        1, 1244328581, 1244328581
 22430,    94,   56000000, 1313256060,        1, 1257256060, 1257256060
 22430,    95,   56000000, 1328140574,        1, 1272140574, 1272140574
 22430,    96,   56000000, 1341255611,        1, 1285255611, 1285255611
 22430,    97,   56000000, 1356157739,        1, 1300157739, 1300157739
 22430,    98,   56000000, 1371370121,        1, 1315370121, 1315370121
 22430,    99,   56000000, 1386036019,        1, 1330036019, 1330036019
# task NAME=myapp PID=22433 COST=43611000 PERIOD=90000000 CPU=0
 22433,     2,   90000000,       6193,        0,  -89993807,          0
 22433,     3,   90000000,    1984948,        0,  -88015052,          0
 22433,     4,   90000000,   79011394,        0,  -10988606,          0
 22433,     5,   90000000,   81201965,        0,   -8798035,          0
 22433,     6,   90000000,   81104883,        0,   -8895117,          0
 22433,     7,   90000000,   83036538,        0,   -6963462,          0
 22433,     8,   90000000,   79614433,        0,  -10385567,          0
 22433,     9,   90000000,   81155028,        0,   -8844972,          0
 22433,    10,   90000000,   79367471,        0,  -10632529,          0
 22433,    11,   90000000,   81160577,        0,   -8839423,          0
 22433,    12,   90000000,   79056221,        0,  -10943779,          0
 22433,    13,   90000000,   81384345,        0,   -8615655,          0
 22433,    14,   90000000,   80939207,        0,   -9060793,          0
 22433,    15,   90000000,   81212703,        0,   -8787297,          0
 22433,    16,   90000000,   79107128,        0,  -10892872,          0
 22433,    17,   90000000,   81457055,        0,   -8542945,          0
 22433,    18,   90000000,   81072062,        0,   -8927938,          0
 22433,    19,   90000000,   83025576,        0,   -6974424,          0
 22433,    20,   90000000,   79056762,        0,  -10943238,          0
 22433,    21,   90000000,   81158885,        0,   -8841115,          0
 22433,    22,   90000000,   79260857,        0,  -10739143,          0
 22433,    23,   90000000,   81150743,        0,   -8849257,          0
 22433,    24,   90000000,   79315902,        0,  -10684098,          0
 22433,    25,   90000000,   81504943,        0,   -8495057,          0
 22433,    26,   90000000,   81027157,        0,   -8972843,          0
 22433,    27,   90000000,   81108795,        0,   -8891205,          0
 22433,    28,   90000000,   81350755,        0,   -8649245,          0
 22433,    29,   90000000,   83612978,        0,   -6387022,          0
 22433,    30,   90000000,   81077239,        0,   -8922761,          0
 22433,    31,   90000000,   81614487,        0,   -8385513,          0
 22433,    32,   90000000,   79090639,        0,  -10909361,          0
 22433,    33,   90000000,   84313506,        0,   -5686494,          0
 22433,    34,   90000000,   81145298,        0,   -8854702,          0
 22433,    35,   90000000,   81367683,        0,   -8632317,          0
 22433,    36,   90000000,   79119768,        0,  -10880232,          0
 22433,    37,   90000000,   81094474,        0,   -8905526,          0
 22433,    38,   90000000,   81024042,        0,   -8975958,          0
 22433,    39,   90000000,   81095432,        0,   -8904568,          0
 22433,    40,   90000000,   81002892,        0,   -8997108,          0
 22433,    41,   90000000,   83108561,        0,   -6891439,          0
 22433,    42,   90000000,   79007922,        0,  -10992078,          0
 22433,    43,   90000000,   81243429,        0,   -8756571,          0
 22433,    44,   90000000,   79141026,        0,  -10858974,          0
 22433,    45,   90000000,   83163261,        0,   -6836739,          0
 22433,    46,   90000000,   79075328,        0,  -10924672,          0
 22433,    47,   90000000,   81430893,        0,   -8569107,          0
 22433,    48,   90000000,   80968504,        0,   -9031496,          0
 22433,    49,   90000000,   82943080,        0,   -7056920,          0
 22433,    50,   90000000,   80507124,        0,   -9492876,          0
 22433,    51,   90000000,   81172713,        0,   -8827287,          0
 22433,    52,   90000000,   78940399,        0,  -11059601,          0
 22433,    53,   90000000,   81392953,        0,   -8607047,          0
 22433,    54,   90000000,   79633630,        0,  -10366370,          0
 22433,    55,   90000000,   81521704,        0,   -8478296,          0
 22433,    56,   90000000,   81391377,        0,   -8608623,          0
 22433,    57,   90000000,   81136710,        0,   -8863290,          0
 22433,    58,   90000000,   80026107,        0,   -9973893,          0
 22433,    59,   90000000,   81180891,        0,   -8819109,          0
 22433,    60,   90000000,   79406509,        0,  -10593491,          0
 22433,    61,   90000000,   82661764,        0,   -7338236,          0
 22433,    62,   90000000,   79062926,        0,  -10937074,          0
 22433,    63,   90000000,   81160241,        0,   -8839759,          0
 22433,    64,   90000000,   81033347,        0,   -8966653,          0
 22433,    65,   90000000,   81407350,        0,   -8592650,          0
 22433,    66,   90000000,   79131508,        0,  -10868492,          0
 22433,    67,   90000000,   81587003,        0,   -8412997,          0
 22433,    68,   90000000,   79253639,        0,  -10746361,          0
 22433,    69,   90000000,   83212403,        0,   -6787597,          0
 22433,    70,   90000000,   81122082,        0,   -8877918,          0
 22433,    71,   90000000,   81477783,        0,   -8522217,          0
 22433,    72,   90000000,   79366934,        0,  -10633066,          0
 22433,    73,   90000000,   81076151,        0,   -8923849,          0
 22433,    74,   90000000,   81289263,        0,   -8710737,          0
 22433,    75,   90000000,   82204807,        0,   -7795193,          0
 22433,    76,   90000000,   79081520,        0,  -10918480,          0
 22433,    77,   90000000,   81118642,        0,   -8881358,          0
 22433,    78,   90000000,   79470943,        0,  -10529057,          0
 22433,    79,   90000000,   81173751,        0,   -8826249,          0
 22433,    80,   90000000,   81034534,        0,   -8965466,          0
 22433,    81,   90000000,   83488541,        0,   -6511459,          0
 22433,    82,   90000000,   81280238,        0,   -8719762,          0
 22433,    83,   90000000,   81140498,        0,   -8859502,          0
 22433,    84,   90000000,   79112188,        0,  -10887812,          0
 22433,    85,   90000000,   81094592,        0,   -8905408,          0
 22433,    86,   90000000,   79137518,        0,  -10862482,          0
 22433,    87,   90000000,   81168499,        0,   -8831501,          0
 22433,    88,   90000000,   79351073,        0,  -10648927,          0
 22433,    89,   90000000,   83537526,        0,   -6462474,          0
 22433,    90,   90000000,   79140880,        0,  -10859120,          0
 22433,    91,   90000000,   83153079,        0,   -6846921,          0
 22433,    92,   90000000,   79044998,        0,  -10955002,          0
 22433,    93,   90000000,   81109096,        0,   -8890904,          0
 22433,    94,   90000000,   79087208,        0,  -10912792,          0
 22433,    95,   90000000,   81257106,        0,   -8742894,          0
 22433,    96,   90000000,   81107027,        0,   -8892973,          0
 22433,    97,   90000000,   81126530,        0,   -8873470,          0
 22433,    98,   90000000,   79109457,        0,  -10890543,          0
 22433,    99,   90000000,   83291608,        0,   -6708392,          0
 22433,   100,   90000000,   81670101,        0,   -8329899,          0
 22433,   101,   90000000,   81151377,        0,   -8848623,          0
 22433,   102,   90000000,   78954080,        0,  -11045920,          0
 22433,   103,   90000000,   81196927,        0,   -8803073,          0
 22433,   104,   90000000,   79933467,        0,  -10066533,          0
 22433,   105,   90000000,   81062884,        0,   -8937116,          0
 22433,   106,   90000000,   81142411,        0,   -8857589,          0
 22433,   107,   90000000,   81057371,        0,   -8942629,          0
 22433,   108,   90000000,   79094995,        0,  -10905005,          0
 22433,   109,   90000000,   81200327,        0,   -8799673,          0
 22433,   110,   90000000,   79444898,        0,  -10555102,          0
 22433,   111,   90000000,   81447057,        0,   -8552943,          0
 22433,   112,   90000000,   83220413,        0,   -6779587,          0
 22433,   113,   90000000,   81341444,        0,   -8658556,          0
 22433,   114,   90000000,   81321932,        0,   -8678068,          0
 22433,   115,   90000000,   83866018,        0,   -6133982,          0
# task NAME=myapp PID=22437 COST=18165000 PERIOD=52000000 CPU=0
 22437,     2,   52000000,       5884,        0,  -51994116,          0
 22437,     3,   52000000,    1959084,        0,  -50040916,          0
 22437,     4,   52000000,   33110650,        0,  -18889350,          0
 22437,     5,   52000000,   36242273,        0,  -15757727,          0
 22437,     6,   52000000,   35013024,        0,  -16986976,          0
 22437,     7,   52000000,   33072141,        0,  -18927859,          0
 22437,     8,   52000000,   33373387,        0,  -18626613,          0
 22437,     9,   52000000,   33049437,        0,  -18950563,          0
 22437,    10,   52000000,   35027405,        0,  -16972595,          0
 22437,    11,   52000000,   32976826,        0,  -19023174,          0
 22437,    12,   52000000,   35058819,        0,  -16941181,          0
 22437,    13,   52000000,   35225080,        0,  -16774920,          0
 22437,    14,   52000000,   34091950,        0,  -17908050,          0
 22437,    15,   52000000,   33068550,        0,  -18931450,          0
 22437,    16,   52000000,   34199632,        0,  -17800368,          0
 22437,    17,   52000000,   33081363,        0,  -18918637,          0
 22437,    18,   52000000,   33026958,        0,  -18973042,          0
 22437,    19,   52000000,   32997173,        0,  -19002827,          0
 22437,    20,   52000000,   33030458,        0,  -18969542,          0
 22437,    21,   52000000,   33028515,        0,  -18971485,          0
 22437,    22,   52000000,   33310758,        0,  -18689242,          0
 22437,    23,   52000000,   33029624,        0,  -18970376,          0
 22437,    24,   52000000,   35463120,        0,  -16536880,          0
 22437,    25,   52000000,   35158426,        0,  -16841574,          0
 22437,    26,   52000000,   35088361,        0,  -16911639,          0
 22437,    27,   52000000,   33336032,        0,  -18663968,          0
 22437,    28,   52000000,   33096085,        0,  -18903915,          0
 22437,    29,   52000000,   33010310,        0,  -18989690,          0
 22437,    30,   52000000,   33694664,        0,  -18305336,          0
 22437,    31,   52000000,   32967315,        0,  -19032685,          0
 22437,    32,   52000000,   33065661,        0,  -18934339,          0
 22437,    33,   52000000,   33035922,        0,  -18964078,          0
 22437,    34,   52000000,   35000250,        0,  -16999750,          0
 22437,    35,   52000000,   33088676,        0,  -18911324,          0
 22437,    36,   52000000,   34657527,        0,  -17342473,          0
 22437,    37,   52000000,   36344347,        0,  -15655653,          0
 22437,    38,   52000000,   34967957,        0,  -17032043,          0
 22437,    39,   52000000,   34989061,        0,  -17010939,          0
 22437,    40,   52000000,   35326852,        0,  -16673148,          0
 22437,    41,   52000000,   33075304,        0,  -18924696,          0
 22437,    42,   52000000,   34199465,        0,  -17800535,          0
 22437,    43,   52000000,   35065749,        0,  -16934251,          0
 22437,    44,   52000000,   33293879,        0,  -18706121,          0
 22437,    45,   52000000,   32983802,        0,  -19016198,          0
 22437,    46,   52000000,   33001683,        0,  -18998317,          0
 22437,    47,   52000000,   33063388,        0,  -18936612,          0
 22437,    48,   52000000,   35104680,        0,  -16895320,          0
 22437,    49,   52000000,   33857625,        0,  -18142375,          0
 22437,    50,   52000000,   33029309,        0,  -18970691,          0
 22437,    51,   52000000,   34978204,        0,  -17021796,          0
 22437,    52,   52000000,   34968045,        0,  -17031955,          0
 22437,    53,   52000000,   33582738,        0,  -18417262,          0
 22437,    54,   52000000,   34991425,        0,  -17008575,          0
 22437,    55,   52000000,   35143280,        0,  -16856720,          0
 22437,    56,   52000000,   33332806,        0,  -18667194,          0
 22437,    57,   52000000,   33469609,        0,  -18530391,          0
 22437,    58,   52000000,   32982335,        0,  -19017665,          0
 22437,    59,   52000000,   35272204,        0,  -16727796,          0
 22437,    60,   52000000,   33014123,        0,  -18985877,          0
 22437,    61,   52000000,   33025153,        0,  -18974847,          0
 22437,    62,   52000000,   33083893,        0,  -18916107,          0
 22437,    63,   52000000,   33255771,        0,  -18744229,          0
 22437,    64,   52000000,   33061056,        0,  -18938944,          0
 22437,    65,   52000000,   34416483,        0,  -17583517,          0
 22437,    66,   52000000,   35032899,        0,  -16967101,          0
 22437,    67,   52000000,   35687659,        0,  -16312341,          0
 22437,    68,   52000000,   32970493,        0,  -19029507,          0
 22437,    69,   52000000,   33027031,        0,  -18972969,          0
 22437,    70,   52000000,   34985761,        0,  -17014239,          0
 22437,    71,   52000000,   35091649,        0,  -16908351,          0
 22437,    72,   52000000,   33021109,        0,  -18978891,          0
 22437,    73,   52000000,   33303292,        0,  -18696708,          0
 22437,    74,   52000000,   32995396,        0,  -19004604,          0
 22437,    75,   52000000,   35032402,        0,  -16967598,          0
 22437,    76,   52000000,   33097932,        0,  -18902068,          0
 22437,    77,   52000000,   33011875,        0,  -18988125,          0
 22437,    78,   52000000,   33250925,        0,  -18749075,          0
 22437,    79,   52000000,   33043458,        0,  -18956542,          0
 22437,    80,   52000000,   33025357,        0,  -18974643,          0
 22437,    81,   52000000,   33105488,        0,  -18894512,          0
 22437,    82,   52000000,   33012661,        0,  -18987339,          0
 22437,    83,   52000000,   33159364,        0,  -18840636,          0
 22437,    84,   52000000,   33008836,        0,  -18991164,          0
 22437,    85,   52000000,   33337024,        0,  -18662976,          0
 22437,    86,   52000000,   35279421,        0,  -16720579,          0
 22437,    87,   52000000,   33101927,        0,  -18898073,          0
 22437,    88,   52000000,   35233794,        0,  -16766206,          0
 22437,    89,   52000000,   33132726,        0,  -18867274,          0
 22437,    90,   52000000,   33286065,        0,  -18713935,          0
 22437,    91,   52000000,   35329402,        0,  -16670598,          0
 22437,    92,   52000000,   36773914,        0,  -15226086,          0
 22437,    93,   52000000,   33132093,        0,  -18867907,          0
 22437,    94,   52000000,   34084389,        0,  -17915611,          0
 22437,    95,   52000000,   34416358,        0,  -17583642,          0
 22437,    96,   52000000,   33033629,        0,  -18966371,          0
 22437,    97,   52000000,   35077006,        0,  -16922994,          0
 22437,    98,   52000000,   34089524,        0,  -17910476,          0
 22437,    99,   52000000,   35080560,        0,  -16919440,          0
 22437,   100,   52000000,   33010315,        0,  -18989685,          0
 22437,   101,   52000000,   33056254,        0,  -18943746,          0
 22437,   102,   52000000,   35054336,        0,  -16945664,          0
 22437,   103,   52000000,   35496607,        0,  -16503393,          0
 22437,   104,   52000000,   34356067,        0,  -17643933,          0
 22437,   105,   52000000,   33430122,        0,  -18569878,          0
 22437,   106,   52000000,   33041402,        0,  -18958598,          0
 22437,   107,   52000000,   33020745,        0,  -18979255,          0
 22437,   108,   52000000,   33056264,        0,  -18943736,          0
 22437,   109,   52000000,   35036390,        0,  -16963610,          0
 22437,   110,   52000000,   35024516,        0,  -16975484,          0
 22437,   111,   52000000,   33037601,        0,  -18962399,          0
 22437,   112,   52000000,   35052214,        0,  -16947786,          0
 22437,   113,   52000000,   35265340,        0,  -16734660,          0
 22437,   114,   52000000,   35080688,        0,  -16919312,          0
 22437,   115,   52000000,   33006570,        0,  -18993430,          0
 22437,   116,   52000000,   35376613,        0,  -16623387,          0
 22437,   117,   52000000,   33038399,        0,  -18961601,          0
 22437,   118,   52000000,   33030601,        0,  -18969399,          0
 22437,   119,   52000000,   33034670,        0,  -18965330,          0
 22437,   120,   52000000,   33069258,        0,  -18930742,          0
 22437,   121,   52000000,   33322039,        0,  -18677961,          0
 22437,   122,   52000000,   35085972,        0,  -16914028,          0
 22437,   123,   52000000,   34984126,        0,  -17015874,          0
 22437,   124,   52000000,   35035492,        0,  -16964508,          0
 22437,   125,   52000000,   33043760,        0,  -18956240,          0
 22437,   126,   52000000,   33291809,        0,  -18708191,          0
 22437,   127,   52000000,   33064399,        0,  -18935601,          0
 22437,   128,   52000000,   33025841,        0,  -18974159,          0
 22437,   129,   52000000,   33072143,        0,  -18927857,          0
 22437,   130,   52000000,   33043395,        0,  -18956605,          0
 22437,   131,   52000000,   33105296,        0,  -18894704,          0
 22437,   132,   52000000,   35063186,        0,  -16936814,          0
 22437,   133,   52000000,   35482326,        0,  -16517674,          0
 22437,   134,   52000000,   32975401,        0,  -19024599,          0
 22437,   135,   52000000,   35056656,        0,  -16943344,          0
 22437,   136,   52000000,   35035412,        0,  -16964588,          0
 22437,   137,   52000000,   33106653,        0,  -18893347,          0
 22437,   138,   52000000,   33230347,        0,  -18769653,          0
 22437,   139,   52000000,   35049295,        0,  -16950705,          0
 22437,   140,   52000000,   33715079,        0,  -18284921,          0
 22437,   141,   52000000,   33036529,        0,  -18963471,          0
 22437,   142,   52000000,   35062316,        0,  -16937684,          0
 22437,   143,   52000000,   33081950,        0,  -18918050,          0
 22437,   144,   52000000,   33225355,        0,  -18774645,          0
 22437,   145,   52000000,   32990041,        0,  -19009959,          0
 22437,   146,   52000000,   33067682,        0,  -18932318,          0
 22437,   147,   52000000,   35106861,        0,  -16893139,          0
 22437,   148,   52000000,   33050218,        0,  -18949782,          0
 22437,   149,   52000000,   33044551,        0,  -18955449,          0
 22437,   150,   52000000,   33015608,        0,  -18984392,          0
 22437,   151,   52000000,   35066343,        0,  -16933657,          0
 22437,   152,   52000000,   33352541,        0,  -18647459,          0
 22437,   153,   52000000,   35053761,        0,  -16946239,          0
 22437,   154,   52000000,   33046207,        0,  -18953793,          0
 22437,   155,   52000000,   32968254,        0,  -19031746,          0
 22437,   156,   52000000,   33113008,        0,  -18886992,          0
 22437,   157,   52000000,   33269944,        0,  -18730056,          0
 22437,   158,   52000000,   33061493,        0,  -18938507,          0
 22437,   159,   52000000,   33065833,        0,  -18934167,          0
 22437,   160,   52000000,   33028318,        0,  -18971682,          0
 22437,   161,   52000000,   33060449,        0,  -18939551,          0
 22437,   162,   52000000,   33470284,        0,  -18529716,          0
 22437,   163,   52000000,   34992116,        0,  -17007884,          0
 22437,   164,   52000000,   33119651,        0,  -18880349,          0
 22437,   165,   52000000,   33001535,        0,  -18998465,          0
 22437,   166,   52000000,   33042312,        0,  -18957688,          0
 22437,   167,   52000000,   33107234,        0,  -18892766,          0
 22437,   168,   52000000,   33409370,        0,  -18590630,          0
 22437,   169,   52000000,   33282240,        0,  -18717760,          0
 22437,   170,   52000000,   34989227,        0,  -17010773,          0
 22437,   171,   52000000,   33021813,        0,  -18978187,          0
 22437,   172,   52000000,   33103725,        0,  -18896275,          0
 22437,   173,   52000000,   35035044,        0,  -16964956,          0
 22437,   174,   52000000,   33461351,        0,  -18538649,          0
 22437,   175,   52000000,   33341611,        0,  -18658389,          0
 22437,   176,   52000000,   35112288,        0,  -16887712,          0
 22437,   177,   52000000,   34985529,        0,  -17014471,          0
 22437,   178,   52000000,   35098960,        0,  -16901040,          0
 22437,   179,   52000000,   35065551,        0,  -16934449,          0
 22437,   180,   52000000,   33463731,        0,  -18536269,          0
 22437,   181,   52000000,   33072008,        0,  -18927992,          0
 22437,   182,   52000000,   33381263,        0,  -18618737,          0
 22437,   183,   52000000,   35042446,        0,  -16957554,          0
 22437,   184,   52000000,   32988395,        0,  -19011605,          0
 22437,   185,   52000000,   33101005,        0,  -18898995,          0
 22437,   186,   52000000,   33288675,        0,  -18711325,          0
 22437,   187,   52000000,   35032743,        0,  -16967257,          0
 22437,   188,   52000000,   34351312,        0,  -17648688,          0
 22437,   189,   52000000,   35188058,        0,  -16811942,          0
 22437,   190,   52000000,   35398508,        0,  -16601492,          0
 22437,   191,   52000000,   35041688,        0,  -16958312,          0
 22437,   192,   52000000,   34948061,        0,  -17051939,          0
 22437,   193,   52000000,   35040144,        0,  -16959856,          0
 22437,   194,   52000000,   33025415,        0,  -18974585,          0
 22437,   195,   52000000,   33102031,        0,  -18897969,          0
 22437,   196,   52000000,   35001366,        0,  -16998634,          0
# task NAME=myapp PID=22441 COST=77983000 PERIOD=93000000 CPU=0
 22441,     2,   93000000,       6115,        0,  -92993885,          0
 22441,     3,   93000000,    1950672,        0,  -91049328,          0
 22441,     4,   93000000,  148361899,        1,   55361899,   55361899
 22441,     5,   93000000,  201928285,        1,  108928285,  108928285
 22441,     6,   93000000,  254719708,        1,  161719708,  161719708
 22441,     7,   93000000,  311841206,        1,  218841206,  218841206
 22441,     8,   93000000,  366786318,        1,  273786318,  273786318
 22441,     9,   93000000,  419525825,        1,  326525825,  326525825
 22441,    10,   93000000,  474366751,        1,  381366751,  381366751
 22441,    11,   93000000,  529320643,        1,  436320643,  436320643
 22441,    12,   93000000,  584491874,        1,  491491874,  491491874
 22441,    13,   93000000,  639332008,        1,  546332008,  546332008
 22441,    14,   93000000,  694211800,        1,  601211800,  601211800
 22441,    15,   93000000,  749015145,        1,  656015145,  656015145
 22441,    16,   93000000,  806250348,        1,  713250348,  713250348
 22441,    17,   93000000,  859381782,        1,  766381782,  766381782
 22441,    18,   93000000,  916443521,        1,  823443521,  823443521
 22441,    19,   93000000,  969394376,        1,  876394376,  876394376
 22441,    20,   93000000, 1024391562,        1,  931391562,  931391562
 22441,    21,   93000000, 1079632207,        1,  986632207,  986632207
 22441,    22,   93000000, 1137137620,        1, 1044137620, 1044137620
 22441,    23,   93000000, 1192354882,        1, 1099354882, 1099354882
 22441,    24,   93000000, 1247594696,        1, 1154594696, 1154594696
 22441,    25,   93000000, 1302379769,        1, 1209379769, 1209379769
 22441,    26,   93000000, 1359164303,        1, 1266164303, 1266164303
 22441,    27,   93000000, 1412098631,        1, 1319098631, 1319098631
 22441,    28,   93000000, 1469323674,        1, 1376323674, 1376323674
 22441,    29,   93000000, 1519610696,        1, 1426610696, 1426610696
 22441,    30,   93000000, 1574506829,        1, 1481506829, 1481506829
 22441,    31,   93000000, 1629768056,        1, 1536768056, 1536768056
 22441,    32,   93000000, 1684608567,        1, 1591608567, 1591608567
 22441,    33,   93000000, 1741497816,        1, 1648497816, 1648497816
 22441,    34,   93000000, 1794337326,        1, 1701337326, 1701337326
 22441,    35,   93000000, 1851402006,        1, 1758402006, 1758402006
 22441,    36,   93000000, 1904236008,        1, 1811236008, 1811236008
 22441,    37,   93000000, 1959203577,        1, 1866203577, 1866203577
 22441,    38,   93000000, 2014127778,        1, 1921127778, 1921127778
 22441,    39,   93000000, 2068916504,        1, 1975916504, 1975916504
 22441,    40,   93000000, 2125955977,        1, 2032955977, 2032955977
 22441,    41,   93000000, 2178721278,        1, 2085721278, 2085721278
 22441,    42,   93000000, 2234674112,        1, 2141674112, 2141674112
 22441,    43,   93000000, 2290598486,        1, 2197598486, 2197598486
 22441,    44,   93000000, 2345425755,        1, 2252425755, 2252425755
 22441,    45,   93000000, 2398528283,        1, 2305528283, 2305528283
 22441,    46,   93000000, 2453274995,        1, 2360274995, 2360274995
 22441,    47,   93000000, 2508405459,        1, 2415405459, 2415405459
 22441,    48,   93000000, 2563975411,        1, 2470975411, 2470975411
 22441,    49,   93000000, 2620492279,        1, 2527492279, 2527492279
 22441,    50,   93000000, 2673427016,        1, 2580427016, 2580427016
 22441,    51,   93000000, 2729856663,        1, 2636856663, 2636856663
 22441,    52,   93000000, 2785643033,        1, 2692643033, 2692643033
 22441,    53,   93000000, 2838713400,        1, 2745713400, 2745713400
 22441,    54,   93000000, 2893530522,        1, 2800530522, 2800530522
 22441,    55,   93000000, 2951073828,        1, 2858073828, 2858073828
# task NAME=myapp PID=22445 COST=38764000 PERIOD=94000000 CPU=0
 22445,     2,   94000000,       7356,        0,  -93992644,          0
 22445,     3,   94000000,    1954668,        0,  -92045332,          0
 22445,     4,   94000000,   70691422,        0,  -23308578,          0
 22445,     5,   94000000,   74520731,        0,  -19479269,          0
 22445,     6,   94000000,   70461390,        0,  -23538610,          0
 22445,     7,   94000000,   74480287,        0,  -19519713,          0
 22445,     8,   94000000,   70661116,        0,  -23338884,          0
 22445,     9,   94000000,   72593514,        0,  -21406486,          0
 22445,    10,   94000000,   70500667,        0,  -23499333,          0
 22445,    11,   94000000,   72788635,        0,  -21211365,          0
 22445,    12,   94000000,   70528644,        0,  -23471356,          0
 22445,    13,   94000000,   72528096,        0,  -21471904,          0
 22445,    14,   94000000,   70523529,        0,  -23476471,          0
 22445,    15,   94000000,   74481187,        0,  -19518813,          0
 22445,    16,   94000000,   70748710,        0,  -23251290,          0
 22445,    17,   94000000,   74452306,        0,  -19547694,          0
 22445,    18,   94000000,   70360051,        0,  -23639949,          0
 22445,    19,   94000000,   74592122,        0,  -19407878,          0
 22445,    20,   94000000,   70538358,        0,  -23461642,          0
 22445,    21,   94000000,   72545497,        0,  -21454503,          0
 22445,    22,   94000000,   70642129,        0,  -23357871,          0
 22445,    23,   94000000,   72521187,        0,  -21478813,          0
 22445,    24,   94000000,   70895976,        0,  -23104024,          0
 22445,    25,   94000000,   72632903,        0,  -21367097,          0
 22445,    26,   94000000,   70419849,        0,  -23580151,          0
 22445,    27,   94000000,   72910511,        0,  -21089489,          0
 22445,    28,   94000000,   70551335,        0,  -23448665,          0
 22445,    29,   94000000,   72600506,        0,  -21399494,          0
 22445,    30,   94000000,   70523928,        0,  -23476072,          0
 22445,    31,   94000000,   72586866,        0,  -21413134,          0
 22445,    32,   94000000,   72832972,        0,  -21167028,          0
 22445,    33,   94000000,   72894094,        0,  -21105906,          0
 22445,    34,   94000000,   72392616,        0,  -21607384,          0
 22445,    35,   94000000,   72542807,        0,  -21457193,          0
 22445,    36,   94000000,   70760125,        0,  -23239875,          0
 22445,    37,   94000000,   72546035,        0,  -21453965,          0
 22445,    38,   94000000,   72482846,        0,  -21517154,          0
 22445,    39,   94000000,   72756246,        0,  -21243754,          0
 22445,    40,   94000000,   70472957,        0,  -23527043,          0
 22445,    41,   94000000,   72531863,        0,  -21468137,          0
 22445,    42,   94000000,   70461754,        0,  -23538246,          0
 22445,    43,   94000000,   73287418,        0,  -20712582,          0
 22445,    44,   94000000,   70531119,        0,  -23468881,          0
 22445,    45,   94000000,   74599275,        0,  -19400725,          0
 22445,    46,   94000000,   70477475,        0,  -23522525,          0
 22445,    47,   94000000,   72479017,        0,  -21520983,          0
 22445,    48,   94000000,   70787755,        0,  -23212245,          0
 22445,    49,   94000000,   72567142,        0,  -21432858,          0
 22445,    50,   94000000,   70508826,        0,  -23491174,          0
 22445,    51,   94000000,   74434285,        0,  -19565715,          0
 22445,    52,   94000000,   70454898,        0,  -23545102,          0
 22445,    53,   94000000,   72604668,        0,  -21395332,          0
 22445,    54,   94000000,   70538520,        0,  -23461480,          0
 22445,    55,   94000000,   74722758,        0,  -19277242,          0
 22445,    56,   94000000,   70943248,        0,  -23056752,          0
 22445,    57,   94000000,   74610850,        0,  -19389150,          0
 22445,    58,   94000000,   70475845,        0,  -23524155,          0
 22445,    59,   94000000,   72849935,        0,  -21150065,          0
 22445,    60,   94000000,   72544285,        0,  -21455715,          0
 22445,    61,   94000000,   74559594,        0,  -19440406,          0
 22445,    62,   94000000,   70473431,        0,  -23526569,          0
 22445,    63,   94000000,   73285753,        0,  -20714247,          0
 22445,    64,   94000000,   72810149,        0,  -21189851,          0
 22445,    65,   94000000,   74880249,        0,  -19119751,          0
 22445,    66,   94000000,   70561590,        0,  -23438410,          0
 22445,    67,   94000000,   72831814,        0,  -21168186,          0
 22445,    68,   94000000,   70765270,        0,  -23234730,          0
 22445,    69,   94000000,   74481536,        0,  -19518464,          0
 22445,    70,   94000000,   70522167,        0,  -23477833,          0
 22445,    71,   94000000,   72798271,        0,  -21201729,          0
 22445,    72,   94000000,   70466127,        0,  -23533873,          0
 22445,    73,   94000000,   72730566,        0,  -21269434,          0
 22445,    74,   94000000,   70380622,        0,  -23619378,          0
 22445,    75,   94000000,   72885654,        0,  -21114346,          0
 22445,    76,   94000000,   72868149,        0,  -21131851,          0
 22445,    77,   94000000,   72805159,        0,  -21194841,          0
 22445,    78,   94000000,   72420469,        0,  -21579531,          0
 22445,    79,   94000000,   72854167,        0,  -21145833,          0
 22445,    80,   94000000,   70480188,        0,  -23519812,          0
 22445,    81,   94000000,   74560078,        0,  -19439922,          0
 22445,    82,   94000000,   70580863,        0,  -23419137,          0
 22445,    83,   94000000,   72517839,        0,  -21482161,          0
 22445,    84,   94000000,   70971736,        0,  -23028264,          0
 22445,    85,   94000000,   75032795,        0,  -18967205,          0
 22445,    86,   94000000,   70430231,        0,  -23569769,          0
 22445,    87,   94000000,   72800529,        0,  -21199471,          0
 22445,    88,   94000000,   70458392,        0,  -23541608,          0
 22445,    89,   94000000,   74861197,        0,  -19138803,          0
 22445,    90,   94000000,   72489514,        0,  -21510486,          0
 22445,    91,   94000000,   74611718,        0,  -19388282,          0
 22445,    92,   94000000,   72799912,        0,  -21200088,          0
 22445,    93,   94000000,   72591811,        0,  -21408189,          0
 22445,    94,   94000000,   70555206,        0,  -23444794,          0
 22445,    95,   94000000,   75476467,        0,  -18523533,          0
 22445,    96,   94000000,   70719424,        0,  -23280576,          0
 22445,    97,   94000000,   74951163,        0,  -19048837,          0
 22445,    98,   94000000,   70505508,        0,  -23494492,          0
 22445,    99,   94000000,   72828285,        0,  -21171715,          0
 22445,   100,   94000000,   70759487,        0,  -23240513,          0
 22445,   101,   94000000,   72703565,        0,  -21296435,          0
 22445,   102,   94000000,   70488203,        0,  -23511797,          0
 22445,   103,   94000000,   72798428,        0,  -21201572,          0
 22445,   104,   94000000,   70776676,        0,  -23223324,          0
 22445,   105,   94000000,   74763736,        0,  -19236264,          0
 22445,   106,   94000000,   70637173,        0,  -23362827,          0
 22445,   107,   94000000,   73948507,        0,  -20051493,          0
 22445,   108,   94000000,   70580175,        0,  -23419825,          0
 22445,   109,   94000000,   72639877,        0,  -21360123,          0
 22445,   110,   94000000,   70497563,        0,  -23502437,          0
# task NAME=myapp PID=22450 COST=24967000 PERIOD=37000000 CPU=0
 22450,     2,   37000000,       6177,        0,  -36993823,          0
 22450,     3,   37000000,    1963184,        0,  -35036816,          0
 22450,     4,   37000000,   44638573,        1,    7638573,    7638573
 22450,     5,   37000000,   57334843,        1,   20334843,   20334843
 22450,     6,   37000000,   67865227,        1,   30865227,   30865227
 22450,     7,   37000000,   78492644,        1,   41492644,   41492644
 22450,     8,   37000000,   87158719,        1,   50158719,   50158719
 22450,     9,   37000000,   98134421,        1,   61134421,   61134421
 22450,    10,   37000000,  108772860,        1,   71772860,   71772860
 22450,    11,   37000000,  117408113,        1,   80408113,   80408113
 22450,    12,   37000000,  128042214,        1,   91042214,   91042214
 22450,    13,   37000000,  138683459,        1,  101683459,  101683459
 22450,    14,   37000000,  149380034,        1,  112380034,  112380034
 22450,    15,   37000000,  161911359,        1,  124911359,  124911359
 22450,    16,   37000000,  170544265,        1,  133544265,  133544265
 22450,    17,   37000000,  181183343,        1,  144183343,  144183343
 22450,    18,   37000000,  189880740,        1,  152880740,  152880740
 22450,    19,   37000000,  200492181,        1,  163492181,  163492181
 22450,    20,   37000000,  211093020,        1,  174093020,  174093020
 22450,    21,   37000000,  219700319,        1,  182700319,  182700319
 22450,    22,   37000000,  230353660,        1,  193353660,  193353660
 22450,    23,   37000000,  240997602,        1,  203997602,  203997602
 22450,    24,   37000000,  252116198,        1,  215116198,  215116198
 22450,    25,   37000000,  263375313,        1,  226375313,  226375313
 22450,    26,   37000000,  275610269,        1,  238610269,  238610269
 22450,    27,   37000000,  281746140,        1,  244746140,  244746140
 22450,    28,   37000000,  292472302,        1,  255472302,  255472302
 22450,    29,   37000000,  303162814,        1,  266162814,  266162814
 22450,    30,   37000000,  316098637,        1,  279098637,  279098637
 22450,    31,   37000000,  326731126,        1,  289731126,  289731126
 22450,    32,   37000000,  335350708,        1,  298350708,  298350708
 22450,    33,   37000000,  345955265,        1,  308955265,  308955265
 22450,    34,   37000000,  354541800,        1,  317541800,  317541800
 22450,    35,   37000000,  365308468,        1,  328308468,  328308468
 22450,    36,   37000000,  375956989,        1,  338956989,  338956989
 22450,    37,   37000000,  388666655,        1,  351666655,  351666655
 22450,    38,   37000000,  399656812,        1,  362656812,  362656812
 22450,    39,   37000000,  408334081,        1,  371334081,  371334081
 22450,    40,   37000000,  419261143,        1,  382261143,  382261143
 22450,    41,   37000000,  430094860,        1,  393094860,  393094860
 22450,    42,   37000000,  438538023,        1,  401538023,  401538023
 22450,    43,   37000000,  451215756,        1,  414215756,  414215756
 22450,    44,   37000000,  461104181,        1,  424104181,  424104181
 22450,    45,   37000000,  470543045,        1,  433543045,  433543045
 22450,    46,   37000000,  483221648,        1,  446221648,  446221648
 22450,    47,   37000000,  491902443,        1,  454902443,  454902443
 22450,    48,   37000000,  502276614,        1,  465276614,  465276614
 22450,    49,   37000000,  511627017,        1,  474627017,  474627017
 22450,    50,   37000000,  522046048,        1,  485046048,  485046048
 22450,    51,   37000000,  533070723,        1,  496070723,  496070723
 22450,    52,   37000000,  543655214,        1,  506655214,  506655214
 22450,    53,   37000000,  554299032,        1,  517299032,  517299032
 22450,    54,   37000000,  567734587,        1,  530734587,  530734587
 22450,    55,   37000000,  573485387,        1,  536485387,  536485387
 22450,    56,   37000000,  584184588,        1,  547184588,  547184588
 22450,    57,   37000000,  594906485,        1,  557906485,  557906485
 22450,    58,   37000000,  606059525,        1,  569059525,  569059525
 22450,    59,   37000000,  616545954,        1,  579545954,  579545954
 22450,    60,   37000000,  627364150,        1,  590364150,  590364150
 22450,    61,   37000000,  637982257,        1,  600982257,  600982257
 22450,    62,   37000000,  648589334,        1,  611589334,  611589334
 22450,    63,   37000000,  657186276,        1,  620186276,  620186276
 22450,    64,   37000000,  667913756,        1,  630913756,  630913756
 22450,    65,   37000000,  678533723,        1,  641533723,  641533723
 22450,    66,   37000000,  689214270,        1,  652214270,  652214270
 22450,    67,   37000000,  700088602,        1,  663088602,  663088602
 22450,    68,   37000000,  710797109,        1,  673797109,  673797109
 22450,    69,   37000000,  721361735,        1,  684361735,  684361735
 22450,    70,   37000000,  732268605,        1,  695268605,  695268605
 22450,    71,   37000000,  740833461,        1,  703833461,  703833461
 22450,    72,   37000000,  753766951,        1,  716766951,  716766951
 22450,    73,   37000000,  765390451,        1,  728390451,  728390451
 22450,    74,   37000000,  773047273,        1,  736047273,  736047273
 22450,    75,   37000000,  783678938,        1,  746678938,  746678938
 22450,    76,   37000000,  792258525,        1,  755258525,  755258525
 22450,    77,   37000000,  804921106,        1,  767921106,  767921106
 22450,    78,   37000000,  813566325,        1,  776566325,  776566325
 22450,    79,   37000000,  826217528,        1,  789217528,  789217528
 22450,    80,   37000000,  834858834,        1,  797858834,  797858834
 22450,    81,   37000000,  845536638,        1,  808536638,  808536638
 22450,    82,   37000000,  854089105,        1,  817089105,  817089105
 22450,    83,   37000000,  865062658,        1,  828062658,  828062658
 22450,    84,   37000000,  877685273,        1,  840685273,  840685273
 22450,    85,   37000000,  888326314,        1,  851326314,  851326314
 22450,    86,   37000000,  898881419,        1,  861881419,  861881419
 22450,    87,   37000000,  905575154,        1,  868575154,  868575154
 22450,    88,   37000000,  916188517,        1,  879188517,  879188517
 22450,    89,   37000000,  926886664,        1,  889886664,  889886664
 22450,    90,   37000000,  937764882,        1,  900764882,  900764882
# task NAME=myapp PID=22453 COST=31796000 PERIOD=100000000 CPU=0
 22453,     2,  100000000,       8149,        0,  -99991851,          0
 22453,     3,  100000000,    1966981,        0,  -98033019,          0
 22453,     4,  100000000,   62123178,        0,  -37876822,          0
 22453,     5,  100000000,   59929368,        0,  -40070632,          0
 22453,     6,  100000000,   61882244,        0,  -38117756,          0
 22453,     7,  100000000,   60176473,        0,  -39823527,          0
 22453,     8,  100000000,   59935993,        0,  -40064007,          0
 22453,     9,  100000000,   60579550,        0,  -39420450,          0
 22453,    10,  100000000,   62074051,        0,  -37925949,          0
 22453,    11,  100000000,   61938120,        0,  -38061880,          0
 22453,    12,  100000000,   62200281,        0,  -37799719,          0
 22453,    13,  100000000,   60166154,        0,  -39833846,          0
 22453,    14,  100000000,   60260977,        0,  -39739023,          0
 22453,    15,  100000000,   59942401,        0,  -40057599,          0
 22453,    16,  100000000,   59950435,        0,  -40049565,          0
 22453,    17,  100000000,   62220012,        0,  -37779988,          0
 22453,    18,  100000000,   61951758,        0,  -38048242,          0
 22453,    19,  100000000,   62225316,        0,  -37774684,          0
 22453,    20,  100000000,   59879194,        0,  -40120806,          0
 22453,    21,  100000000,   61906002,        0,  -38093998,          0
 22453,    22,  100000000,   60232121,        0,  -39767879,          0
 22453,    23,  100000000,   60095199,        0,  -39904801,          0
 22453,    24,  100000000,   59921454,        0,  -40078546,          0
 22453,    25,  100000000,   61987461,        0,  -38012539,          0
 22453,    26,  100000000,   60037701,        0,  -39962299,          0
 22453,    27,  100000000,   59887235,        0,  -40112765,          0
 22453,    28,  100000000,   60252108,        0,  -39747892,          0
 22453,    29,  100000000,   60278489,        0,  -39721511,          0
 22453,    30,  100000000,   59919049,        0,  -40080951,          0
 22453,    31,  100000000,   61990661,        0,  -38009339,          0
 22453,    32,  100000000,   62202071,        0,  -37797929,          0
 22453,    33,  100000000,   61931017,        0,  -38068983,          0
 22453,    34,  100000000,   61891608,        0,  -38108392,          0
 22453,    35,  100000000,   63412435,        0,  -36587565,          0
 22453,    36,  100000000,   59915390,        0,  -40084610,          0
 22453,    37,  100000000,   60763621,        0,  -39236379,          0
 22453,    38,  100000000,   62238460,        0,  -37761540,          0
 22453,    39,  100000000,   59992790,        0,  -40007210,          0
 22453,    40,  100000000,   59948194,        0,  -40051806,          0
 22453,    41,  100000000,   59899424,        0,  -40100576,          0
 22453,    42,  100000000,   60168475,        0,  -39831525,          0
 22453,    43,  100000000,   61895338,        0,  -38104662,          0
 22453,    44,  100000000,   60207221,        0,  -39792779,          0
 22453,    45,  100000000,   59904993,        0,  -40095007,          0
 22453,    46,  100000000,   62033707,        0,  -37966293,          0
 22453,    47,  100000000,   60183266,        0,  -39816734,          0
 22453,    48,  100000000,   60021410,        0,  -39978590,          0
 22453,    49,  100000000,   60213570,        0,  -39786430,          0
 22453,    50,  100000000,   60053749,        0,  -39946251,          0
 22453,    51,  100000000,   59880782,        0,  -40119218,          0
 22453,    52,  100000000,   62191574,        0,  -37808426,          0
 22453,    53,  100000000,   61886910,        0,  -38113090,          0
 22453,    54,  100000000,   60216607,        0,  -39783393,          0
 22453,    55,  100000000,   59965172,        0,  -40034828,          0
 22453,    56,  100000000,   59964828,        0,  -40035172,          0
 22453,    57,  100000000,   59919773,        0,  -40080227,          0
 22453,    58,  100000000,   60211252,        0,  -39788748,          0
 22453,    59,  100000000,   61926519,        0,  -38073481,          0
 22453,    60,  100000000,   62728294,        0,  -37271706,          0
 22453,    61,  100000000,   59920858,        0,  -40079142,          0
 22453,    62,  100000000,   60297122,        0,  -39702878,          0
 22453,    63,  100000000,   59999445,        0,  -40000555,          0
 22453,    64,  100000000,   61232480,        0,  -38767520,          0
 22453,    65,  100000000,   59937267,        0,  -40062733,          0
 22453,    66,  100000000,   60198063,        0,  -39801937,          0
 22453,    67,  100000000,   60325166,        0,  -39674834,          0
 22453,    68,  100000000,   59909890,        0,  -40090110,          0
 22453,    69,  100000000,   60198125,        0,  -39801875,          0
 22453,    70,  100000000,   59889880,        0,  -40110120,          0
 22453,    71,  100000000,   59884343,        0,  -40115657,          0
 22453,    72,  100000000,   62172263,        0,  -37827737,          0
 22453,    73,  100000000,   60197523,        0,  -39802477,          0
 22453,    74,  100000000,   61822584,        0,  -38177416,          0
 22453,    75,  100000000,   59937064,        0,  -40062936,          0
 22453,    76,  100000000,   59954020,        0,  -40045980,          0
 22453,    77,  100000000,   60279836,        0,  -39720164,          0
 22453,    78,  100000000,   62288298,        0,  -37711702,          0
 22453,    79,  100000000,   62236896,        0,  -37763104,          0
 22453,    80,  100000000,   59993107,        0,  -40006893,          0
 22453,    81,  100000000,   62771642,        0,  -37228358,          0
 22453,    82,  100000000,   60701480,        0,  -39298520,          0
 22453,    83,  100000000,   60057448,        0,  -39942552,          0
 22453,    84,  100000000,   60211744,        0,  -39788256,          0
 22453,    85,  100000000,   61904356,        0,  -38095644,          0
 22453,    86,  100000000,   59864706,        0,  -40135294,          0
 22453,    87,  100000000,   60145755,        0,  -39854245,          0
 22453,    88,  100000000,   61992349,        0,  -38007651,          0
 22453,    89,  100000000,   60216171,        0,  -39783829,          0
 22453,    90,  100000000,   59971209,        0,  -40028791,          0
 22453,    91,  100000000,   59988494,        0,  -40011506,          0
 22453,    92,  100000000,   62280227,        0,  -37719773,          0
 22453,    93,  100000000,   59967035,        0,  -40032965,          0
 22453,    94,  100000000,   60238014,        0,  -39761986,          0
 22453,    95,  100000000,   60152475,        0,  -39847525,          0
 22453,    96,  100000000,   62435389,        0,  -37564611,          0
 22453,    97,  100000000,   60233450,        0,  -39766550,          0
 22453,    98,  100000000,   62248686,        0,  -37751314,          0
 22453,    99,  100000000,   60565609,        0,  -39434391,          0
 22453,   100,  100000000,   60349285,        0,  -39650715,          0
 22453,   101,  100000000,   63011643,        0,  -36988357,          0
 22453,   102,  100000000,   60251793,        0,  -39748207,          0
 22453,   103,  100000000,   59969051,        0,  -40030949,          0
 22453,   104,  100000000,   60284286,        0,  -39715714,          0
# task NAME=myapp PID=22457 COST=37930000 PERIOD=57000000 CPU=0
 22457,     2,   57000000,      13598,        0,  -56986402,          0
 22457,     3,   57000000,    1974685,        0,  -55025315,          0
 22457,     4,   57000000,   70929805,        1,   13929805,   13929805
 22457,     5,   57000000,   86184794,        1,   29184794,   29184794
 22457,     6,   57000000,  103211817,        1,   46211817,   46211817
 22457,     7,   57000000,  116405916,        1,   59405916,   59405916
 22457,     8,   57000000,  131356015,        1,   74356015,   74356015
 22457,     9,   57000000,  146283583,        1,   89283583,   89283583
 22457,    10,   57000000,  161489060,        1,  104489060,  104489060
 22457,    11,   57000000,  176478043,        1,  119478043,  119478043
 22457,    12,   57000000,  191734274,        1,  134734274,  134734274
 22457,    13,   57000000,  208741790,        1,  151741790,  151741790
 22457,    14,   57000000,  221668897,        1,  164668897,  164668897
 22457,    15,   57000000,  237518796,        1,  180518796,  180518796
 22457,    16,   57000000,  253702202,        1,  196702202,  196702202
 22457,    17,   57000000,  266548136,        1,  209548136,  209548136
 22457,    18,   57000000,  281425334,        1,  224425334,  224425334
 22457,    19,   57000000,  296418979,        1,  239418979,  239418979
 22457,    20,   57000000,  311722207,        1,  254722207,  254722207
 22457,    21,   57000000,  326715172,        1,  269715172,  269715172
 22457,    22,   57000000,  343521045,        1,  286521045,  286521045
 22457,    23,   57000000,  356448884,        1,  299448884,  299448884
 22457,    24,   57000000,  373379607,        1,  316379607,  316379607
 22457,    25,   57000000,  386392754,        1,  329392754,  329392754
 22457,    26,   57000000,  403637464,        1,  346637464,  346637464
 22457,    27,   57000000,  416757623,        1,  359757623,  359757623
 22457,    28,   57000000,  432836198,        1,  375836198,  375836198
 22457,    29,   57000000,  448467780,        1,  391467780,  391467780
 22457,    30,   57000000,  461359605,        1,  404359605,  404359605
 22457,    31,   57000000,  476390585,        1,  419390585,  419390585
 22457,    32,   57000000,  491359369,        1,  434359369,  434359369
 22457,    33,   57000000,  506529076,        1,  449529076,  449529076
 22457,    34,   57000000,  521456185,        1,  464456185,  464456185
 22457,    35,   57000000,  536366504,        1,  479366504,  479366504
 22457,    36,   57000000,  551246118,        1,  494246118,  494246118
 22457,    37,   57000000,  566248329,        1,  509248329,  509248329
 22457,    38,   57000000,  581197747,        1,  524197747,  524197747
 22457,    39,   57000000,  596240166,        1,  539240166,  539240166
 22457,    40,   57000000,  612127863,        1,  555127863,  555127863
 22457,    41,   57000000,  626362593,        1,  569362593,  569362593
 22457,    42,   57000000,  641284489,        1,  584284489,  584284489
 22457,    43,   57000000,  658249075,        1,  601249075,  601249075
 22457,    44,   57000000,  671154945,        1,  614154945,  614154945
 22457,    45,   57000000,  686108387,        1,  629108387,  629108387
 22457,    46,   57000000,  702937134,        1,  645937134,  645937134
 22457,    47,   57000000,  718224473,        1,  661224473,  661224473
 22457,    48,   57000000,  733351843,        1,  676351843,  676351843
 22457,    49,   57000000,  746170007,        1,  689170007,  689170007
 22457,    50,   57000000,  763673249,        1,  706673249,  706673249
 22457,    51,   57000000,  777952135,        1,  720952135,  720952135
 22457,    52,   57000000,  793127532,        1,  736127532,  736127532
 22457,    53,   57000000,  806308057,        1,  749308057,  749308057
 22457,    54,   57000000,  823177384,        1,  766177384,  766177384
 22457,    55,   57000000,  836332734,        1,  779332734,  779332734
 22457,    56,   57000000,  851221696,        1,  794221696,  794221696
 22457,    57,   57000000,  868148578,        1,  811148578,  811148578
 22457,    58,   57000000,  883104563,        1,  826104563,  826104563
 22457,    59,   57000000,  895964569,        1,  838964569,  838964569
 22457,    60,   57000000,  910817229,        1,  853817229,  853817229
 22457,    61,   57000000,  923744341,        1,  866744341,  866744341
 22457,    62,   57000000,  938736082,        1,  881736082,  881736082
 22457,    63,   57000000,  953607996,        1,  896607996,  896607996
 22457,    64,   57000000,  968530932,        1,  911530932,  911530932
 22457,    65,   57000000,  983517745,        1,  926517745,  926517745
 22457,    66,   57000000,  998403035,        1,  941403035,  941403035
 22457,    67,   57000000, 1013572523,        1,  956572523,  956572523
 22457,    68,   57000000, 1028618771,        1,  971618771,  971618771
 22457,    69,   57000000, 1047227271,        1,  990227271,  990227271
 22457,    70,   57000000, 1058678984,        1, 1001678984, 1001678984
 22457,    71,   57000000, 1075554520,        1, 1018554520, 1018554520
 22457,    72,   57000000, 1088503174,        1, 1031503174, 1031503174
 22457,    73,   57000000, 1103385874,        1, 1046385874, 1046385874
 22457,    74,   57000000, 1118349154,        1, 1061349154, 1061349154
 22457,    75,   57000000, 1133344503,        1, 1076344503, 1076344503
 22457,    76,   57000000, 1148578180,        1, 1091578180, 1091578180
 22457,    77,   57000000, 1163810063,        1, 1106810063, 1106810063
 22457,    78,   57000000, 1178493583,        1, 1121493583, 1121493583
 22457,    79,   57000000, 1193767373,        1, 1136767373, 1136767373
 22457,    80,   57000000, 1208260589,        1, 1151260589, 1151260589
 22457,    81,   57000000, 1225428260,        1, 1168428260, 1168428260
 22457,    82,   57000000, 1238572596,        1, 1181572596, 1181572596
 22457,    83,   57000000, 1255529582,        1, 1198529582, 1198529582
 22457,    84,   57000000, 1268398535,        1, 1211398535, 1211398535
 22457,    85,   57000000, 1283346601,        1, 1226346601, 1226346601
 22457,    86,   57000000, 1300337199,        1, 1243337199, 1243337199
 22457,    87,   57000000, 1313213100,        1, 1256213100, 1256213100
 22457,    88,   57000000, 1328120616,        1, 1271120616, 1271120616
 22457,    89,   57000000, 1343035121,        1, 1286035121, 1286035121
 22457,    90,   57000000, 1358200781,        1, 1301200781, 1301200781
 22457,    91,   57000000, 1373098452,        1, 1316098452, 1316098452
 22457,    92,   57000000, 1388623411,        1, 1331623411, 1331623411
 22457,    93,   57000000, 1405479888,        1, 1348479888, 1348479888
 22457,    94,   57000000, 1418379151,        1, 1361379151, 1361379151
 22457,    95,   57000000, 1433888339,        1, 1376888339, 1376888339
