190 190 0
180 180 0
139 139 0
147 147 0
439 439 0
288 288 0
156 156 0
387 387 0
146 146 0
110 110 0
182 182 0
1006 1006 0
132 132 0
184 184 0
120 120 0
629 629 0
121 121 0
481 481 0
147 147 0
774 774 0
307 307 0
230 230 0
121 121 0
115 115 0
112 112 0
298 298 0
530 530 0
772 772 0
274 274 0
327 327 0
307 307 0
109 109 0
118 118 0
164 164 0
233 233 0
109 109 0
215 215 0
306 306 0
458 458 0
110 110 0
247 247 0
157 157 0
419 419 0
178 178 0
123 123 0
136 136 0
913 913 0
182 182 0
348 348 0
154 154 0
164 164 0
161 161 0
133 133 0
630 630 0
115 115 0
232 232 0
215 215 0
632 632 0
669 669 0
