# Task,   Job,     Period,   Response, DL Miss?,   Lateness,  Tardiness
# task NAME=myapp PID=15225 COST=26634000 PERIOD=41000000 CPU=0
 15225,     2,   41000000,       5870,        0,  -40994130,          0
 15225,     3,   41000000,    1844562,        0,  -39155438,          0
 15225,     4,   41000000,   48134960,        1,    7134960,    7134960
 15225,     5,   41000000,   58293353,        1,   17293353,   17293353
 15225,     6,   41000000,   66532682,        1,   25532682,   25532682
 15225,     7,   41000000,   76727585,        1,   35727585,   35727585
 15225,     8,   41000000,   87016124,        1,   46016124,   46016124
 15225,     9,   41000000,   95561512,        1,   54561512,   54561512
 15225,    10,   41000000,  107774853,        1,   66774853,   66774853
 15225,    11,   41000000,  117916955,        1,   76916955,   76916955
 15225,    12,   41000000,  124394581,        1,   83394581,   83394581
 15225,    13,   41000000,  134631801,        1,   93631801,   93631801
 15225,    14,   41000000,  144842185,        1,  103842185,  103842185
 15225,    15,   41000000,  155011649,        1,  114011649,  114011649
 15225,    16,   41000000,  163212882,        1,  122212882,  122212882
 15225,    17,   41000000,  171432006,        1,  130432006,  130432006
 15225,    18,   41000000,  183652268,        1,  142652268,  142652268
 15225,    19,   41000000,  190299451,        1,  149299451,  149299451
 15225,    20,   41000000,  200025633,        1,  159025633,  159025633
 15225,    21,   41000000,  210205025,        1,  169205025,  169205025
 15225,    22,   41000000,  218649439,        1,  177649439,  177649439
 15225,    23,   41000000,  230772104,        1,  189772104,  189772104
 15225,    24,   41000000,  239380331,        1,  198380331,  198380331
 15225,    25,   41000000,  248484367,        1,  207484367,  207484367
 15225,    26,   41000000,  259706589,        1,  218706589,  218706589
 15225,    27,   41000000,  268256485,        1,  227256485,  227256485
 15225,    28,   41000000,  276566454,        1,  235566454,  235566454
 15225,    29,   41000000,  286807607,        1,  245807607,  245807607
 15225,    30,   41000000,  297051731,        1,  256051731,  256051731
 15225,    31,   41000000,  305348446,        1,  264348446,  264348446
 15225,    32,   41000000,  315962378,        1,  274962378,  274962378
 15225,    33,   41000000,  328213226,        1,  287213226,  287213226
 15225,    34,   41000000,  334544449,        1,  293544449,  293544449
 15225,    35,   41000000,  344796841,        1,  303796841,  303796841
 15225,    36,   41000000,  355130688,        1,  314130688,  314130688
 15225,    37,   41000000,  365393234,        1,  324393234,  324393234
 15225,    38,   41000000,  375033828,        1,  334033828,  334033828
 15225,    39,   41000000,  386032278,        1,  345032278,  345032278
 15225,    40,   41000000,  392291065,        1,  351291065,  351291065
 15225,    41,   41000000,  402556343,        1,  361556343,  361556343
 15225,    42,   41000000,  413019971,        1,  372019971,  372019971
 15225,    43,   41000000,  423089651,        1,  382089651,  382089651
 15225,    44,   41000000,  431429508,        1,  390429508,  390429508
 15225,    45,   41000000,  439746131,        1,  398746131,  398746131
 15225,    46,   41000000,  451906826,        1,  410906826,  410906826
 15225,    47,   41000000,  462365855,        1,  421365855,  421365855
 15225,    48,   41000000,  468559309,        1,  427559309,  427559309
 15225,    49,   41000000,  480755699,        1,  439755699,  439755699
 15225,    50,   41000000,  489074513,        1,  448074513,  448074513
 15225,    51,   41000000,  497561867,        1,  456561867,  456561867
 15225,    52,   41000000,  507805540,        1,  466805540,  466805540
 15225,    53,   41000000,  518027748,        1,  477027748,  477027748
 15225,    54,   41000000,  526259993,        1,  485259993,  485259993
 15225,    55,   41000000,  538526364,        1,  497526364,  497526364
 15225,    56,   41000000,  544754204,        1,  503754204,  503754204
 15225,    57,   41000000,  554956709,        1,  513956709,  513956709
 15225,    58,   41000000,  565298385,        1,  524298385,  524298385
 15225,    59,   41000000,  573543152,        1,  532543152,  532543152
 15225,    60,   41000000,  583753839,        1,  542753839,  542753839
 15225,    61,   41000000,  595967288,        1,  554967288,  554967288
 15225,    62,   41000000,  602195071,        1,  561195071,  561195071
 15225,    63,   41000000,  612448698,        1,  571448698,  571448698
 15225,    64,   41000000,  624857459,        1,  583857459,  583857459
 15225,    65,   41000000,  633468724,        1,  592468724,  592468724
 15225,    66,   41000000,  641355639,        1,  600355639,  600355639
 15225,    67,   41000000,  649572785,        1,  608572785,  608572785
 15225,    68,   41000000,  661923614,        1,  620923614,  620923614
 15225,    69,   41000000,  670052454,        1,  629052454,  629052454
 15225,    70,   41000000,  678224132,        1,  637224132,  637224132
 15225,    71,   41000000,  688778524,        1,  647778524,  647778524
 15225,    72,   41000000,  699011140,        1,  658011140,  658011140
 15225,    73,   41000000,  709260719,        1,  668260719,  668260719
 15225,    74,   41000000,  719472631,        1,  678472631,  678472631
 15225,    75,   41000000,  725648761,        1,  684648761,  684648761
 15225,    76,   41000000,  735890016,        1,  694890016,  694890016
 15225,    77,   41000000,  748222753,        1,  707222753,  707222753
 15225,    78,   41000000,  754380768,        1,  713380768,  713380768
 15225,    79,   41000000,  764856477,        1,  723856477,  723856477
 15225,    80,   41000000,  775106581,        1,  734106581,  734106581
 15225,    81,   41000000,  783640474,        1,  742640474,  742640474
 15225,    82,   41000000,  795796799,        1,  754796799,  754796799
 15225,    83,   41000000,  806058950,        1,  765058950,  765058950
 15225,    84,   41000000,  814572189,        1,  773572189,  773572189
 15225,    85,   41000000,  822766961,        1,  781766961,  781766961
 15225,    86,   41000000,  833016701,        1,  792016701,  792016701
 15225,    87,   41000000,  841147744,        1,  800147744,  800147744
 15225,    88,   41000000,  851406992,        1,  810406992,  810406992
 15225,    89,   41000000,  861568492,        1,  820568492,  820568492
 15225,    90,   41000000,  870179995,        1,  829179995,  829179995
 15225,    91,   41000000,  880306187,        1,  839306187,  839306187
 15225,    92,   41000000,  890960291,        1,  849960291,  849960291
 15225,    93,   41000000,  900994259,        1,  859994259,  859994259
 15225,    94,   41000000,  911501735,        1,  870501735,  870501735
 15225,    95,   41000000,  917384056,        1,  876384056,  876384056
 15225,    96,   41000000,  929615680,        1,  888615680,  888615680
 15225,    97,   41000000,  937992166,        1,  896992166,  896992166
 15225,    98,   41000000,  946518140,        1,  905518140,  905518140
 15225,    99,   41000000,  956762890,        1,  915762890,  915762890
 15225,   100,   41000000,  967025690,        1,  926025690,  926025690
 15225,   101,   41000000,  977520732,        1,  936520732,  936520732
 15225,   102,   41000000,  987725717,        1,  946725717,  946725717
 15225,   103,   41000000,  998031570,        1,  957031570,  957031570
 15225,   104,   41000000, 1005342533,        1,  964342533,  964342533
# task NAME=myapp PID=15228 COST=15700000 PERIOD=22000000 CPU=0
 15228,     2,   22000000,       6449,        0,  -21993551,          0
 15228,     3,   22000000,    1837395,        0,  -20162605,          0
 15228,     4,   22000000,   26795347,        1,    4795347,    4795347
 15228,     5,   22000000,   33644808,        1,   11644808,   11644808
 15228,     6,   22000000,   42844849,        1,   20844849,   20844849
 15228,     7,   22000000,   51730487,        1,   29730487,   29730487
 15228,     8,   22000000,   58785444,        1,   36785444,   36785444
 15228,     9,   22000000,   65503947,        1,   43503947,   43503947
 15228,    10,   22000000,   74392695,        1,   52392695,   52392695
 15228,    11,   22000000,   81264256,        1,   59264256,   59264256
 15228,    12,   22000000,   91830228,        1,   69830228,   69830228
 15228,    13,   22000000,   99060205,        1,   77060205,   77060205
 15228,    14,   22000000,  107938035,        1,   85938035,   85938035
 15228,    15,   22000000,  114756177,        1,   92756177,   92756177
 15228,    16,   22000000,  121648663,        1,   99648663,   99648663
 15228,    17,   22000000,  128563651,        1,  106563651,  106563651
 15228,    18,   22000000,  135727186,        1,  113727186,  113727186
 15228,    19,   22000000,  144681686,        1,  122681686,  122681686
 15228,    20,   22000000,  151564792,        1,  129564792,  129564792
 15228,    21,   22000000,  160699915,        1,  138699915,  138699915
 15228,    22,   22000000,  167496189,        1,  145496189,  145496189
 15228,    23,   22000000,  176132801,        1,  154132801,  154132801
 15228,    24,   22000000,  182957385,        1,  160957385,  160957385
 15228,    25,   22000000,  191837161,        1,  169837161,  169837161
 15228,    26,   22000000,  200667808,        1,  178667808,  178667808
 15228,    27,   22000000,  207723816,        1,  185723816,  185723816
 15228,    28,   22000000,  214519141,        1,  192519141,  192519141
 15228,    29,   22000000,  221376404,        1,  199376404,  199376404
 15228,    30,   22000000,  230310477,        1,  208310477,  208310477
 15228,    31,   22000000,  237424516,        1,  215424516,  215424516
 15228,    32,   22000000,  246371376,        1,  224371376,  224371376
 15228,    33,   22000000,  255225235,        1,  233225235,  233225235
 15228,    34,   22000000,  262054333,        1,  240054333,  240054333
 15228,    35,   22000000,  269949772,        1,  247949772,  247949772
 15228,    36,   22000000,  278413260,        1,  256413260,  256413260
 15228,    37,   22000000,  286866869,        1,  264866869,  264866869
 15228,    38,   22000000,  291708942,        1,  269708942,  269708942
 15228,    39,   22000000,  300643453,        1,  278643453,  278643453
 15228,    40,   22000000,  307563039,        1,  285563039,  285563039
 15228,    41,   22000000,  316421315,        1,  294421315,  294421315
 15228,    42,   22000000,  325236816,        1,  303236816,  303236816
 15228,    43,   22000000,  332097030,        1,  310097030,  310097030
 15228,    44,   22000000,  338972659,        1,  316972659,  316972659
 15228,    45,   22000000,  349860595,        1,  327860595,  327860595
 15228,    46,   22000000,  356755808,        1,  334755808,  334755808
 15228,    47,   22000000,  363587446,        1,  341587446,  341587446
 15228,    48,   22000000,  370789127,        1,  348789127,  348789127
 15228,    49,   22000000,  377628108,        1,  355628108,  355628108
 15228,    50,   22000000,  386552156,        1,  364552156,  364552156
 15228,    51,   22000000,  395459848,        1,  373459848,  373459848
 15228,    52,   22000000,  402601435,        1,  380601435,  380601435
 15228,    53,   22000000,  409555500,        1,  387555500,  387555500
 15228,    54,   22000000,  420817145,        1,  398817145,  398817145
 15228,    55,   22000000,  425236484,        1,  403236484,  403236484
 15228,    56,   22000000,  434154990,        1,  412154990,  412154990
 15228,    57,   22000000,  441016856,        1,  419016856,  419016856
 15228,    58,   22000000,  449910150,        1,  427910150,  427910150
 15228,    59,   22000000,  456848135,        1,  434848135,  434848135
 15228,    60,   22000000,  463754380,        1,  441754380,  441754380
 15228,    61,   22000000,  472617567,        1,  450617567,  450617567
 15228,    62,   22000000,  479472532,        1,  457472532,  457472532
 15228,    63,   22000000,  489813390,        1,  467813390,  467813390
 15228,    64,   22000000,  495409286,        1,  473409286,  473409286
 15228,    65,   22000000,  504129886,        1,  482129886,  482129886
 15228,    66,   22000000,  510980543,        1,  488980543,  488980543
 15228,    67,   22000000,  519856623,        1,  497856623,  497856623
 15228,    68,   22000000,  528750012,        1,  506750012,  506750012
 15228,    69,   22000000,  536301975,        1,  514301975,  514301975
 15228,    70,   22000000,  544766208,        1,  522766208,  522766208
 15228,    71,   22000000,  551605139,        1,  529605139,  529605139
 15228,    72,   22000000,  558503588,        1,  536503588,  536503588
 15228,    73,   22000000,  565384613,        1,  543384613,  543384613
 15228,    74,   22000000,  575608076,        1,  553608076,  553608076
 15228,    75,   22000000,  583121126,        1,  561121126,  561121126
 15228,    76,   22000000,  590052575,        1,  568052575,  568052575
# task NAME=myapp PID=15232 COST=25420000 PERIOD=35000000 CPU=0
 15232,     2,   35000000,       9190,        0,  -34990810,          0
 15232,     3,   35000000,    1856703,        0,  -33143297,          0
 15232,     4,   35000000,   44898204,        1,    9898204,    9898204
 15232,     5,   35000000,   57999102,        1,   22999102,   22999102
 15232,     6,   35000000,   71101549,        1,   36101549,   36101549
 15232,     7,   35000000,   84119053,        1,   49119053,   49119053
 15232,     8,   35000000,   97221546,        1,   62221546,   62221546
 15232,     9,   35000000,  110396077,        1,   75396077,   75396077
 15232,    10,   35000000,  125426878,        1,   90426878,   90426878
 15232,    11,   35000000,  136467707,        1,  101467707,  101467707
 15232,    12,   35000000,  151491544,        1,  116491544,  116491544
 15232,    13,   35000000,  162598781,        1,  127598781,  127598781
 15232,    14,   35000000,  177672806,        1,  142672806,  142672806
 15232,    15,   35000000,  188760338,        1,  153760338,  153760338
 15232,    16,   35000000,  203803631,        1,  168803631,  168803631
 15232,    17,   35000000,  214867002,        1,  179867002,  179867002
 15232,    18,   35000000,  230475997,        1,  195475997,  195475997
 15232,    19,   35000000,  241134734,        1,  206134734,  206134734
 15232,    20,   35000000,  256099881,        1,  221099881,  221099881
 15232,    21,   35000000,  268611204,        1,  233611204,  233611204
 15232,    22,   35000000,  280153282,        1,  245153282,  245153282
 15232,    23,   35000000,  294621555,        1,  259621555,  259621555
 15232,    24,   35000000,  306508025,        1,  271508025,  271508025
 15232,    25,   35000000,  319614430,        1,  284614430,  284614430
 15232,    26,   35000000,  334649220,        1,  299649220,  299649220
 15232,    27,   35000000,  345700298,        1,  310700298,  310700298
 15232,    28,   35000000,  361110127,        1,  326110127,  326110127
 15232,    29,   35000000,  374230287,        1,  339230287,  339230287
 15232,    30,   35000000,  389401794,        1,  354401794,  354401794
 15232,    31,   35000000,  400729222,        1,  365729222,  365729222
 15232,    32,   35000000,  415726574,        1,  380726574,  380726574
 15232,    33,   35000000,  427031501,        1,  392031501,  392031501
 15232,    34,   35000000,  441898763,        1,  406898763,  406898763
 15232,    35,   35000000,  452985912,        1,  417985912,  417985912
 15232,    36,   35000000,  466107503,        1,  431107503,  431107503
 15232,    37,   35000000,  479124818,        1,  444124818,  444124818
 15232,    38,   35000000,  494203758,        1,  459203758,  459203758
 15232,    39,   35000000,  507290135,        1,  472290135,  472290135
 15232,    40,   35000000,  520266519,        1,  485266519,  485266519
 15232,    41,   35000000,  531644511,        1,  496644511,  496644511
 15232,    42,   35000000,  546992077,        1,  511992077,  511992077
 15232,    43,   35000000,  559880893,        1,  524880893,  524880893
 15232,    44,   35000000,  573209189,        1,  538209189,  538209189
 15232,    45,   35000000,  587681072,        1,  552681072,  552681072
 15232,    46,   35000000,  599641388,        1,  564641388,  564641388
 15232,    47,   35000000,  615112493,        1,  580112493,  580112493
 15232,    48,   35000000,  625803282,        1,  590803282,  590803282
 15232,    49,   35000000,  641102275,        1,  606102275,  606102275
 15232,    50,   35000000,  654558208,        1,  619558208,  619558208
 15232,    51,   35000000,  665497406,        1,  630497406,  630497406
 15232,    52,   35000000,  680923520,        1,  645923520,  645923520
 15232,    53,   35000000,  691560105,        1,  656560105,  656560105
 15232,    54,   35000000,  704602842,        1,  669602842,  669602842
 15232,    55,   35000000,  717665493,        1,  682665493,  682665493
 15232,    56,   35000000,  730743749,        1,  695743749,  695743749
 15232,    57,   35000000,  745970373,        1,  710970373,  710970373
 15232,    58,   35000000,  759014867,        1,  724014867,  724014867
 15232,    59,   35000000,  774474220,        1,  739474220,  739474220
 15232,    60,   35000000,  785507429,        1,  750507429,  750507429
 15232,    61,   35000000,  799927503,        1,  764927503,  764927503
 15232,    62,   35000000,  813713375,        1,  778713375,  778713375
 15232,    63,   35000000,  826789219,        1,  791789219,  791789219
 15232,    64,   35000000,  837791324,        1,  802791324,  802791324
 15232,    65,   35000000,  850840214,        1,  815840214,  815840214
 15232,    66,   35000000,  863955999,        1,  828955999,  828955999
 15232,    67,   35000000,  876990413,        1,  841990413,  841990413
 15232,    68,   35000000,  890092588,        1,  855092588,  855092588
 15232,    69,   35000000,  903171243,        1,  868171243,  868171243
 15232,    70,   35000000,  918294506,        1,  883294506,  883294506
 15232,    71,   35000000,  929695957,        1,  894695957,  894695957
 15232,    72,   35000000,  942629995,        1,  907629995,  907629995
 15232,    73,   35000000,  955746973,        1,  920746973,  920746973
# task NAME=myapp PID=15236 COST=14791000 PERIOD=24000000 CPU=0
 15236,     2,   24000000,       6457,        0,  -23993543,          0
 15236,     3,   24000000,    1822454,        0,  -22177546,          0
 15236,     4,   24000000,   27963218,        1,    3963218,    3963218
 15236,     5,   24000000,   32050652,        1,    8050652,    8050652
 15236,     6,   24000000,   38368491,        1,   14368491,   14368491
 15236,     7,   24000000,   40357299,        1,   16357299,   16357299
 15236,     8,   24000000,   44398962,        1,   20398962,   20398962
 15236,     9,   24000000,   48383710,        1,   24383710,   24383710
 15236,    10,   24000000,   54731340,        1,   30731340,   30731340
 15236,    11,   24000000,   58580134,        1,   34580134,   34580134
 15236,    12,   24000000,   62485379,        1,   38485379,   38485379
 15236,    13,   24000000,   66510663,        1,   42510663,   42510663
 15236,    14,   24000000,   70567923,        1,   46567923,   46567923
 15236,    15,   24000000,   72499809,        1,   48499809,   48499809
 15236,    16,   24000000,   76543030,        1,   52543030,   52543030
 15236,    17,   24000000,   80610939,        1,   56610939,   56610939
 15236,    18,   24000000,   84631637,        1,   60631637,   60631637
 15236,    19,   24000000,   90932584,        1,   66932584,   66932584
 15236,    20,   24000000,   92949622,        1,   68949622,   68949622
 15236,    21,   24000000,   98959377,        1,   74959377,   74959377
 15236,    22,   24000000,  100982647,        1,   76982647,   76982647
 15236,    23,   24000000,  104965189,        1,   80965189,   80965189
 15236,    24,   24000000,  109010908,        1,   85010908,   85010908
 15236,    25,   24000000,  112989683,        1,   88989683,   88989683
 15236,    26,   24000000,  117079328,        1,   93079328,   93079328
 15236,    27,   24000000,  121086181,        1,   97086181,   97086181
 15236,    28,   24000000,  125849342,        1,  101849342,  101849342
 15236,    29,   24000000,  129185775,        1,  105185775,  105185775
 15236,    30,   24000000,  133234238,        1,  109234238,  109234238
 15236,    31,   24000000,  137265621,        1,  113265621,  113265621
 15236,    32,   24000000,  142665369,        1,  118665369,  118665369
 15236,    33,   24000000,  147282018,        1,  123282018,  123282018
 15236,    34,   24000000,  149274999,        1,  125274999,  125274999
 15236,    35,   24000000,  153260597,        1,  129260597,  129260597
 15236,    36,   24000000,  157234070,        1,  133234070,  133234070
 15236,    37,   24000000,  161873214,        1,  137873214,  137873214
 15236,    38,   24000000,  165488827,        1,  141488827,  141488827
 15236,    39,   24000000,  169483464,        1,  145483464,  145483464
 15236,    40,   24000000,  173498378,        1,  149498378,  149498378
 15236,    41,   24000000,  177564375,        1,  153564375,  153564375
 15236,    42,   24000000,  183627258,        1,  159627258,  159627258
 15236,    43,   24000000,  185582341,        1,  161582341,  161582341
 15236,    44,   24000000,  191526918,        1,  167526918,  167526918
 15236,    45,   24000000,  193462092,        1,  169462092,  169462092
 15236,    46,   24000000,  199445073,        1,  175445073,  175445073
 15236,    47,   24000000,  203473856,        1,  179473856,  179473856
 15236,    48,   24000000,  207517630,        1,  183517630,  183517630
 15236,    49,   24000000,  209532527,        1,  185532527,  185532527
 15236,    50,   24000000,  215568192,        1,  191568192,  191568192
 15236,    51,   24000000,  217563290,        1,  193563290,  193563290
 15236,    52,   24000000,  223498813,        1,  199498813,  199498813
 15236,    53,   24000000,  225521459,        1,  201521459,  201521459
 15236,    54,   24000000,  229523888,        1,  205523888,  205523888
 15236,    55,   24000000,  235874357,        1,  211874357,  211874357
 15236,    56,   24000000,  240039880,        1,  216039880,  216039880
 15236,    57,   24000000,  244035510,        1,  220035510,  220035510
 15236,    58,   24000000,  248019312,        1,  224019312,  224019312
 15236,    59,   24000000,  252074759,        1,  228074759,  228074759
 15236,    60,   24000000,  256085403,        1,  232085403,  232085403
 15236,    61,   24000000,  260057055,        1,  236057055,  236057055
 15236,    62,   24000000,  264133298,        1,  240133298,  240133298
 15236,    63,   24000000,  268163288,        1,  244163288,  244163288
 15236,    64,   24000000,  272210480,        1,  248210480,  248210480
 15236,    65,   24000000,  276751559,        1,  252751559,  252751559
 15236,    66,   24000000,  282167301,        1,  258167301,  258167301
 15236,    67,   24000000,  284417363,        1,  260417363,  260417363
 15236,    68,   24000000,  288736812,        1,  264736812,  264736812
 15236,    69,   24000000,  292828773,        1,  268828773,  268828773
 15236,    70,   24000000,  296835036,        1,  272835036,  272835036
 15236,    71,   24000000,  302876045,        1,  278876045,  278876045
 15236,    72,   24000000,  304861968,        1,  280861968,  280861968
 15236,    73,   24000000,  309189793,        1,  285189793,  285189793
 15236,    74,   24000000,  313187802,        1,  289187802,  289187802
 15236,    75,   24000000,  318537994,        1,  294537994,  294537994
 15236,    76,   24000000,  321170998,        1,  297170998,  297170998
 15236,    77,   24000000,  327236415,        1,  303236415,  303236415
 15236,    78,   24000000,  329134960,        1,  305134960,  305134960
 15236,    79,   24000000,  333223126,        1,  309223126,  309223126
 15236,    80,   24000000,  337130494,        1,  313130494,  313130494
 15236,    81,   24000000,  341117784,        1,  317117784,  317117784
 15236,    82,   24000000,  345136432,        1,  321136432,  321136432
 15236,    83,   24000000,  349144908,        1,  325144908,  325144908
 15236,    84,   24000000,  353565650,        1,  329565650,  329565650
 15236,    85,   24000000,  357193016,        1,  333193016,  333193016
 15236,    86,   24000000,  361501766,        1,  337501766,  337501766
 15236,    87,   24000000,  365535853,        1,  341535853,  341535853
 15236,    88,   24000000,  369532932,        1,  345532932,  345532932
 15236,    89,   24000000,  373549726,        1,  349549726,  349549726
 15236,    90,   24000000,  379884323,        1,  355884323,  355884323
 15236,    91,   24000000,  383949197,        1,  359949197,  359949197
 15236,    92,   24000000,  387978519,        1,  363978519,  363978519
 15236,    93,   24000000,  391991712,        1,  367991712,  367991712
 15236,    94,   24000000,  396029275,        1,  372029275,  372029275
 15236,    95,   24000000,  401197559,        1,  377197559,  377197559
 15236,    96,   24000000,  406202681,        1,  382202681,  382202681
 15236,    97,   24000000,  408242630,        1,  384242630,  384242630
 15236,    98,   24000000,  414327887,        1,  390327887,  390327887
 15236,    99,   24000000,  416360093,        1,  392360093,  392360093
 15236,   100,   24000000,  420340505,        1,  396340505,  396340505
 15236,   101,   24000000,  424319866,        1,  400319866,  400319866
 15236,   102,   24000000,  428377306,        1,  404377306,  404377306
 15236,   103,   24000000,  432393431,        1,  408393431,  408393431
 15236,   104,   24000000,  436721053,        1,  412721053,  412721053
 15236,   105,   24000000,  440745156,        1,  416745156,  416745156
 15236,   106,   24000000,  446517515,        1,  422517515,  422517515
 15236,   107,   24000000,  448730985,        1,  424730985,  424730985
 15236,   108,   24000000,  452716775,        1,  428716775,  428716775
 15236,   109,   24000000,  458729766,        1,  434729766,  434729766
 15236,   110,   24000000,  462734270,        1,  438734270,  438734270
 15236,   111,   24000000,  464798164,        1,  440798164,  440798164
 15236,   112,   24000000,  468780693,        1,  444780693,  444780693
 15236,   113,   24000000,  472766776,        1,  448766776,  448766776
 15236,   114,   24000000,  476776900,        1,  452776900,  452776900
 15236,   115,   24000000,  480822510,        1,  456822510,  456822510
 15236,   116,   24000000,  486846479,        1,  462846479,  462846479
 15236,   117,   24000000,  490881581,        1,  466881581,  466881581
 15236,   118,   24000000,  492916882,        1,  468916882,  468916882
 15236,   119,   24000000,  499336387,        1,  475336387,  475336387
 15236,   120,   24000000,  501263710,        1,  477263710,  477263710
 15236,   121,   24000000,  504868712,        1,  480868712,  480868712
 15236,   122,   24000000,  509186884,        1,  485186884,  485186884
 15236,   123,   24000000,  513347620,        1,  489347620,  489347620
 15236,   124,   24000000,  517335818,        1,  493335818,  493335818
 15236,   125,   24000000,  521377553,        1,  497377553,  497377553
 15236,   126,   24000000,  525426349,        1,  501426349,  501426349
 15236,   127,   24000000,  531480397,        1,  507480397,  507480397
 15236,   128,   24000000,  533468565,        1,  509468565,  509468565
 15236,   129,   24000000,  537473030,        1,  513473030,  513473030
 15236,   130,   24000000,  541545049,        1,  517545049,  517545049
 15236,   131,   24000000,  545543712,        1,  521543712,  521543712
 15236,   132,   24000000,  549529925,        1,  525529925,  525529925
 15236,   133,   24000000,  555514376,        1,  531514376,  531514376
 15236,   134,   24000000,  557509204,        1,  533509204,  533509204
# task NAME=myapp PID=15240 COST=45188000 PERIOD=82000000 CPU=0
 15240,     2,   82000000,       9907,        0,  -81990093,          0
 15240,     3,   82000000,    1852702,        0,  -80147298,          0
 15240,     4,   82000000,   82613445,        1,     613445,     613445
 15240,     5,   82000000,   87598245,        1,    5598245,    5598245
 15240,     6,   82000000,   90475951,        1,    8475951,    8475951
 15240,     7,   82000000,   93650742,        1,   11650742,   11650742
 15240,     8,   82000000,  100742809,        1,   18742809,   18742809
 15240,     9,   82000000,  103418059,        1,   21418059,   21418059
 15240,    10,   82000000,  106184051,        1,   24184051,   24184051
 15240,    11,   82000000,  110894754,        1,   28894754,   28894754
 15240,    12,   82000000,  111721682,        1,   29721682,   29721682
 15240,    13,   82000000,  116641289,        1,   34641289,   34641289
 15240,    14,   82000000,  121752381,        1,   39752381,   39752381
 15240,    15,   82000000,  124144870,        1,   42144870,   42144870
 15240,    16,   82000000,  126899545,        1,   44899545,   44899545
 15240,    17,   82000000,  129755050,        1,   47755050,   47755050
 15240,    18,   82000000,  134634978,        1,   52634978,   52634978
 15240,    19,   82000000,  137454492,        1,   55454492,   55454492
 15240,    20,   82000000,  144349883,        1,   62349883,   62349883
 15240,    21,   82000000,  145232755,        1,   63232755,   63232755
 15240,    22,   82000000,  151937579,        1,   69937579,   69937579
 15240,    23,   82000000,  154933848,        1,   72933848,   72933848
 15240,    24,   82000000,  160164424,        1,   78164424,   78164424
 15240,    25,   82000000,  160876468,        1,   78876468,   78876468
 15240,    26,   82000000,  163397472,        1,   81397472,   81397472
 15240,    27,   82000000,  168196212,        1,   86196212,   86196212
 15240,    28,   82000000,  171232522,        1,   89232522,   89232522
 15240,    29,   82000000,  175969437,        1,   93969437,   93969437
 15240,    30,   82000000,  180808318,        1,   98808318,   98808318
 15240,    31,   82000000,  181091742,        1,   99091742,   99091742
 15240,    32,   82000000,  187900718,        1,  105900718,  105900718
 15240,    33,   82000000,  188758871,        1,  106758871,  106758871
 15240,    34,   82000000,  193895102,        1,  111895102,  111895102
 15240,    35,   82000000,  198642446,        1,  116642446,  116642446
 15240,    36,   82000000,  201647528,        1,  119647528,  119647528
 15240,    37,   82000000,  206414805,        1,  124414805,  124414805
 15240,    38,   82000000,  207306803,        1,  125306803,  125306803
 15240,    39,   82000000,  212002319,        1,  130002319,  130002319
 15240,    40,   82000000,  214924863,        1,  132924863,  132924863
 15240,    41,   82000000,  217696872,        1,  135696872,  135696872
 15240,    42,   82000000,  224882428,        1,  142882428,  142882428
 15240,    43,   82000000,  230026595,        1,  148026595,  148026595
 15240,    44,   82000000,  232821712,        1,  150821712,  150821712
 15240,    45,   82000000,  233529067,        1,  151529067,  151529067
 15240,    46,   82000000,  240333693,        1,  158333693,  158333693
 15240,    47,   82000000,  243380552,        1,  161380552,  161380552
 15240,    48,   82000000,  246104115,        1,  164104115,  164104115
 15240,    49,   82000000,  250824459,        1,  168824459,  168824459
 15240,    50,   82000000,  253965377,        1,  171965377,  171965377
 15240,    51,   82000000,  258740889,        1,  176740889,  176740889
 15240,    52,   82000000,  261727085,        1,  179727085,  179727085
 15240,    53,   82000000,  264547442,        1,  182547442,  182547442
 15240,    54,   82000000,  267270885,        1,  185270885,  185270885
 15240,    55,   82000000,  272075735,        1,  190075735,  190075735
 15240,    56,   82000000,  274876109,        1,  192876109,  192876109
 15240,    57,   82000000,  281149781,        1,  199149781,  199149781
 15240,    58,   82000000,  282539796,        1,  200539796,  200539796
 15240,    59,   82000000,  285677631,        1,  203677631,  203677631
 15240,    60,   82000000,  290506354,        1,  208506354,  208506354
 15240,    61,   82000000,  293563772,        1,  211563772,  211563772
 15240,    62,   82000000,  298603842,        1,  216603842,  216603842
 15240,    63,   82000000,  301246556,        1,  219246556,  219246556
 15240,    64,   82000000,  306996989,        1,  224996989,  224996989
 15240,    65,   82000000,  308640185,        1,  226640185,  226640185
 15240,    66,   82000000,  311717403,        1,  229717403,  229717403
 15240,    67,   82000000,  316606948,        1,  234606948,  234606948
 15240,    68,   82000000,  319407470,        1,  237407470,  237407470
 15240,    69,   82000000,  324618726,        1,  242618726,  242618726
 15240,    70,   82000000,  328924857,        1,  246924857,  246924857
 15240,    71,   82000000,  333852584,        1,  251852584,  251852584
 15240,    72,   82000000,  336890259,        1,  254890259,  254890259
 15240,    73,   82000000,  339597385,        1,  257597385,  257597385
 15240,    74,   82000000,  344668643,        1,  262668643,  262668643
 15240,    75,   82000000,  345390719,        1,  263390719,  263390719
 15240,    76,   82000000,  350258398,        1,  268258398,  268258398
 15240,    77,   82000000,  355366774,        1,  273366774,  273366774
 15240,    78,   82000000,  358389447,        1,  276389447,  276389447
 15240,    79,   82000000,  363145873,        1,  281145873,  281145873
 15240,    80,   82000000,  365877012,        1,  283877012,  283877012
 15240,    81,   82000000,  368698730,        1,  286698730,  286698730
 15240,    82,   82000000,  371752438,        1,  289752438,  289752438
 15240,    83,   82000000,  376547495,        1,  294547495,  294547495
 15240,    84,   82000000,  379515124,        1,  297515124,  297515124
 15240,    85,   82000000,  384360463,        1,  302360463,  302360463
 15240,    86,   82000000,  387249950,        1,  305249950,  305249950
 15240,    87,   82000000,  394066446,        1,  312066446,  312066446
 15240,    88,   82000000,  395892393,        1,  313892393,  313892393
 15240,    89,   82000000,  402089413,        1,  320089413,  320089413
 15240,    90,   82000000,  402708903,        1,  320708903,  320708903
 15240,    91,   82000000,  407474147,        1,  325474147,  325474147
 15240,    92,   82000000,  412427209,        1,  330427209,  330427209
 15240,    93,   82000000,  413167057,        1,  331167057,  331167057
 15240,    94,   82000000,  420132712,        1,  338132712,  338132712
 15240,    95,   82000000,  420627958,        1,  338627958,  338627958
 15240,    96,   82000000,  423706092,        1,  341706092,  341706092
 15240,    97,   82000000,  430427117,        1,  348427117,  348427117
 15240,    98,   82000000,  433483082,        1,  351483082,  351483082
 15240,    99,   82000000,  436339711,        1,  354339711,  354339711
 15240,   100,   82000000,  441001857,        1,  359001857,  359001857
 15240,   101,   82000000,  445865424,        1,  363865424,  363865424
 15240,   102,   82000000,  446515611,        1,  364515611,  364515611
 15240,   103,   82000000,  451538381,        1,  369538381,  369538381
 15240,   104,   82000000,  454336822,        1,  372336822,  372336822
 15240,   105,   82000000,  457078096,        1,  375078096,  375078096
 15240,   106,   82000000,  464142142,        1,  382142142,  382142142
 15240,   107,   82000000,  465284257,        1,  383284257,  383284257
 15240,   108,   82000000,  470134109,        1,  388134109,  388134109
 15240,   109,   82000000,  472970439,        1,  390970439,  390970439
 15240,   110,   82000000,  478122945,        1,  396122945,  396122945
 15240,   111,   82000000,  482895437,        1,  400895437,  400895437
 15240,   112,   82000000,  488041418,        1,  406041418,  406041418
 15240,   113,   82000000,  490751737,        1,  408751737,  408751737
 15240,   114,   82000000,  493721159,        1,  411721159,  411721159
 15240,   115,   82000000,  496505163,        1,  414505163,  414505163
 15240,   116,   82000000,  499328810,        1,  417328810,  417328810
 15240,   117,   82000000,  504073205,        1,  422073205,  422073205
 15240,   118,   82000000,  506935901,        1,  424935901,  424935901
 15240,   119,   82000000,  511980366,        1,  429980366,  429980366
 15240,   120,   82000000,  518068841,        1,  436068841,  436068841
 15240,   121,   82000000,  521841352,        1,  439841352,  439841352
 15240,   122,   82000000,  522835747,        1,  440835747,  440835747
 15240,   123,   82000000,  529985775,        1,  447985775,  447985775
 15240,   124,   82000000,  530894173,        1,  448894173,  448894173
 15240,   125,   82000000,  535939984,        1,  453939984,  453939984
# task NAME=myapp PID=15245 COST=15754000 PERIOD=24000000 CPU=0
 15245,     2,   24000000,       9632,        0,  -23990368,          0
 15245,     3,   24000000,    1841242,        0,  -22158758,          0
 15245,     4,   24000000,   28856102,        1,    4856102,    4856102
 15245,     5,   24000000,   35893242,        1,   11893242,   11893242
 15245,     6,   24000000,   41784710,        1,   17784710,   17784710
 15245,     7,   24000000,   47785602,        1,   23785602,   23785602
 15245,     8,   24000000,   52938927,        1,   28938927,   28938927
 15245,     9,   24000000,   59746141,        1,   35746141,   35746141
 15245,    10,   24000000,   66883960,        1,   42883960,   42883960
 15245,    11,   24000000,   69812055,        1,   45812055,   45812055
 15245,    12,   24000000,   76785037,        1,   52785037,   52785037
 15245,    13,   24000000,   81722288,        1,   57722288,   57722288
 15245,    14,   24000000,   90989278,        1,   66989278,   66989278
 15245,    15,   24000000,   95990736,        1,   71990736,   71990736
 15245,    16,   24000000,  100932269,        1,   76932269,   76932269
 15245,    17,   24000000,  107955843,        1,   83955843,   83955843
 15245,    18,   24000000,  115176437,        1,   91176437,   91176437
 15245,    19,   24000000,  120151448,        1,   96151448,   96151448
 15245,    20,   24000000,  125089294,        1,  101089294,  101089294
 15245,    21,   24000000,  132033301,        1,  108033301,  108033301
 15245,    22,   24000000,  138946821,        1,  114946821,  114946821
 15245,    23,   24000000,  145839845,        1,  121839845,  121839845
 15245,    24,   24000000,  148744220,        1,  124744220,  124744220
 15245,    25,   24000000,  153720512,        1,  129720512,  129720512
 15245,    26,   24000000,  163315552,        1,  139315552,  139315552
 15245,    27,   24000000,  165716049,        1,  141716049,  141716049
 15245,    28,   24000000,  172700737,        1,  148700737,  148700737
 15245,    29,   24000000,  177652029,        1,  153652029,  153652029
 15245,    30,   24000000,  184933628,        1,  160933628,  160933628
 15245,    31,   24000000,  189745118,        1,  165745118,  165745118
 15245,    32,   24000000,  196698842,        1,  172698842,  172698842
 15245,    33,   24000000,  201669607,        1,  177669607,  177669607
 15245,    34,   24000000,  208610617,        1,  184610617,  184610617
 15245,    35,   24000000,  213770468,        1,  189770468,  189770468
 15245,    36,   24000000,  220803900,        1,  196803900,  196803900
 15245,    37,   24000000,  225664025,        1,  201664025,  201664025
 15245,    38,   24000000,  232747891,        1,  208747891,  208747891
 15245,    39,   24000000,  239945809,        1,  215945809,  215945809
 15245,    40,   24000000,  244879397,        1,  220879397,  220879397
 15245,    41,   24000000,  251845868,        1,  227845868,  227845868
 15245,    42,   24000000,  256777242,        1,  232777242,  232777242
 15245,    43,   24000000,  263735838,        1,  239735838,  239735838
 15245,    44,   24000000,  270725604,        1,  246725604,  246725604
 15245,    45,   24000000,  273626047,        1,  249626047,  249626047
 15245,    46,   24000000,  282593759,        1,  258593759,  258593759
 15245,    47,   24000000,  287522487,        1,  263522487,  263522487
 15245,    48,   24000000,  294451745,        1,  270451745,  270451745
 15245,    49,   24000000,  297354953,        1,  273354953,  273354953
 15245,    50,   24000000,  304307388,        1,  280307388,  280307388
 15245,    51,   24000000,  309258029,        1,  285258029,  285258029
 15245,    52,   24000000,  316598277,        1,  292598277,  292598277
 15245,    53,   24000000,  321565393,        1,  297565393,  297565393
 15245,    54,   24000000,  330469491,        1,  306469491,  306469491
 15245,    55,   24000000,  333399367,        1,  309399367,  309399367
 15245,    56,   24000000,  342618397,        1,  318618397,  318618397
 15245,    57,   24000000,  347524845,        1,  323524845,  323524845
 15245,    58,   24000000,  354456863,        1,  330456863,  330456863
 15245,    59,   24000000,  357386133,        1,  333386133,  333386133
 15245,    60,   24000000,  366568005,        1,  342568005,  342568005
 15245,    61,   24000000,  371492095,        1,  347492095,  347492095
 15245,    62,   24000000,  376407123,        1,  352407123,  352407123
 15245,    63,   24000000,  381325906,        1,  357325906,  357325906
 15245,    64,   24000000,  388306287,        1,  364306287,  364306287
 15245,    65,   24000000,  393224880,        1,  369224880,  369224880
 15245,    66,   24000000,  400159589,        1,  376159589,  376159589
 15245,    67,   24000000,  405103566,        1,  381103566,  381103566
 15245,    68,   24000000,  414806698,        1,  390806698,  390806698
 15245,    69,   24000000,  419232809,        1,  395232809,  395232809
 15245,    70,   24000000,  424175765,        1,  400175765,  400175765
 15245,    71,   24000000,  431072656,        1,  407072656,  407072656
 15245,    72,   24000000,  438039884,        1,  414039884,  414039884
 15245,    73,   24000000,  440920902,        1,  416920902,  416920902
 15245,    74,   24000000,  447900971,        1,  423900971,  423900971
 15245,    75,   24000000,  452856571,        1,  428856571,  428856571
 15245,    76,   24000000,  461837321,        1,  437837321,  437837321
 15245,    77,   24000000,  464989487,        1,  440989487,  440989487
 15245,    78,   24000000,  473966811,        1,  449966811,  449966811
 15245,    79,   24000000,  476876138,        1,  452876138,  452876138
 15245,    80,   24000000,  483835234,        1,  459835234,  459835234
 15245,    81,   24000000,  489057759,        1,  465057759,  465057759
 15245,    82,   24000000,  496062452,        1,  472062452,  472062452
 15245,    83,   24000000,  501015444,        1,  477015444,  477015444
 15245,    84,   24000000,  507980596,        1,  483980596,  483980596
 15245,    85,   24000000,  513168308,        1,  489168308,  489168308
 15245,    86,   24000000,  520200769,        1,  496200769,  496200769
 15245,    87,   24000000,  525124032,        1,  501124032,  501124032
 15245,    88,   24000000,  532092584,        1,  508092584,  508092584
 15245,    89,   24000000,  537279107,        1,  513279107,  513279107
 15245,    90,   24000000,  544196597,        1,  520196597,  520196597
 15245,    91,   24000000,  549203036,        1,  525203036,  525203036
 15245,    92,   24000000,  556244310,        1,  532244310,  532244310
 15245,    93,   24000000,  563237618,        1,  539237618,  539237618
 15245,    94,   24000000,  570141749,        1,  546141749,  546141749
 15245,    95,   24000000,  573067161,        1,  549067161,  549067161
 15245,    96,   24000000,  580091621,        1,  556091621,  556091621
 15245,    97,   24000000,  585311626,        1,  561311626,  561311626
 15245,    98,   24000000,  592273006,        1,  568273006,  568273006
 15245,    99,   24000000,  597209670,        1,  573209670,  573209670
# task NAME=myapp PID=15249 COST=42560000 PERIOD=48000000 CPU=0
 15249,     2,   48000000,      15166,        0,  -47984834,          0
 15249,     3,   48000000,    1848434,        0,  -46151566,          0
 15249,     4,   48000000,   80179276,        1,   32179276,   32179276
 15249,     5,   48000000,  114472412,        1,   66472412,   66472412
 15249,     6,   48000000,  144760459,        1,   96760459,   96760459
 15249,     7,   48000000,  177370314,        1,  129370314,  129370314
 15249,     8,   48000000,  211633752,        1,  163633752,  163633752
 15249,     9,   48000000,  245891743,        1,  197891743,  197891743
 15249,    10,   48000000,  279088953,        1,  231088953,  231088953
 15249,    11,   48000000,  310456194,        1,  262456194,  262456194
 15249,    12,   48000000,  340740445,        1,  292740445,  292740445
 15249,    13,   48000000,  373362323,        1,  325362323,  325362323
 15249,    14,   48000000,  407741872,        1,  359741872,  359741872
 15249,    15,   48000000,  440444624,        1,  392444624,  392444624
 15249,    16,   48000000,  472298607,        1,  424298607,  424298607
 15249,    17,   48000000,  504622936,        1,  456622936,  456622936
 15249,    18,   48000000,  539163719,        1,  491163719,  491163719
 15249,    19,   48000000,  569553575,        1,  521553575,  521553575
 15249,    20,   48000000,  604173704,        1,  556173704,  556173704
 15249,    21,   48000000,  636890997,        1,  588890997,  588890997
 15249,    22,   48000000,  671126049,        1,  623126049,  623126049
 15249,    23,   48000000,  701446388,        1,  653446388,  653446388
 15249,    24,   48000000,  737872908,        1,  689872908,  689872908
 15249,    25,   48000000,  768156740,        1,  720156740,  720156740
 15249,    26,   48000000,  800400972,        1,  752400972,  752400972
 15249,    27,   48000000,  833643855,        1,  785643855,  785643855
 15249,    28,   48000000,  867217972,        1,  819217972,  819217972
 15249,    29,   48000000,  897969666,        1,  849969666,  849969666
 15249,    30,   48000000,  932067847,        1,  884067847,  884067847
 15249,    31,   48000000,  966289560,        1,  918289560,  918289560
 15249,    32,   48000000,  996871577,        1,  948871577,  948871577
 15249,    33,   48000000, 1031403404,        1,  983403404,  983403404
 15249,    34,   48000000, 1062054922,        1, 1014054922, 1014054922
 15249,    35,   48000000, 1096002736,        1, 1048002736, 1048002736
 15249,    36,   48000000, 1130460205,        1, 1082460205, 1082460205
 15249,    37,   48000000, 1162984669,        1, 1114984669, 1114984669
 15249,    38,   48000000, 1195312352,        1, 1147312352, 1147312352
 15249,    39,   48000000, 1225561323,        1, 1177561323, 1177561323
 15249,    40,   48000000, 1260174230,        1, 1212174230, 1212174230
 15249,    41,   48000000, 1292505282,        1, 1244505282, 1244505282
 15249,    42,   48000000, 1326781168,        1, 1278781168, 1278781168
 15249,    43,   48000000, 1357353742,        1, 1309353742, 1309353742
 15249,    44,   48000000, 1391659475,        1, 1343659475, 1343659475
 15249,    45,   48000000, 1424127409,        1, 1376127409, 1376127409
 15249,    46,   48000000, 1456398264,        1, 1408398264, 1408398264
 15249,    47,   48000000, 1490964985,        1, 1442964985, 1442964985
 15249,    48,   48000000, 1522527589,        1, 1474527589, 1474527589
 15249,    49,   48000000, 1557843945,        1, 1509843945, 1509843945
 15249,    50,   48000000, 1589294832,        1, 1541294832, 1541294832
