# Task,   Job,     Period,   Response, DL Miss?,   Lateness,  Tardiness
# task NAME=myapp PID=7845 COST=46599000 PERIOD=93000000 CPU=0
  7845,     2,   93000000,      32798,        0,  -92967202,          0
  7845,     3,   93000000,     234735,        0,  -92765265,          0
  7845,     4,   93000000,   86944127,        0,   -6055873,          0
  7845,     5,   93000000,   90617593,        0,   -2382407,          0
  7845,     6,   93000000,   87044708,        0,   -5955292,          0
  7845,     7,   93000000,   85890261,        0,   -7109739,          0
  7845,     8,   93000000,   84897301,        0,   -8102699,          0
  7845,     9,   93000000,   87891433,        0,   -5108567,          0
  7845,    10,   93000000,   88977207,        0,   -4022793,          0
  7845,    11,   93000000,   86105452,        0,   -6894548,          0
  7845,    12,   93000000,   84897065,        0,   -8102935,          0
  7845,    13,   93000000,   87906649,        0,   -5093351,          0
  7845,    14,   93000000,   89144605,        0,   -3855395,          0
  7845,    15,   93000000,   83785125,        0,   -9214875,          0
  7845,    16,   93000000,   84863314,        0,   -8136686,          0
  7845,    17,   93000000,   87904119,        0,   -5095881,          0
  7845,    18,   93000000,   89272737,        0,   -3727263,          0
  7845,    19,   93000000,   86223749,        0,   -6776251,          0
  7845,    20,   93000000,   84859197,        0,   -8140803,          0
  7845,    21,   93000000,   88401098,        0,   -4598902,          0
  7845,    22,   93000000,   87275831,        0,   -5724169,          0
  7845,    23,   93000000,   85986802,        0,   -7013198,          0
  7845,    24,   93000000,   84952611,        0,   -8047389,          0
  7845,    25,   93000000,   89916753,        0,   -3083247,          0
  7845,    26,   93000000,   87195171,        0,   -5804829,          0
  7845,    27,   93000000,   86319035,        0,   -6680965,          0
  7845,    28,   93000000,   85222271,        0,   -7777729,          0
  7845,    29,   93000000,   88461233,        0,   -4538767,          0
  7845,    30,   93000000,   87238016,        0,   -5761984,          0
  7845,    31,   93000000,   88195519,        0,   -4804481,          0
  7845,    32,   93000000,   85218203,        0,   -7781797,          0
  7845,    33,   93000000,   90021622,        0,   -2978378,          0
  7845,    34,   93000000,   86973766,        0,   -6026234,          0
  7845,    35,   93000000,   85867203,        0,   -7132797,          0
  7845,    36,   93000000,   85189274,        0,   -7810726,          0
  7845,    37,   93000000,   88032432,        0,   -4967568,          0
  7845,    38,   93000000,   87503411,        0,   -5496589,          0
  7845,    39,   93000000,   88079099,        0,   -4920901,          0
  7845,    40,   93000000,   85058832,        0,   -7941168,          0
  7845,    41,   93000000,   87978307,        0,   -5021693,          0
  7845,    42,   93000000,   86918844,        0,   -6081156,          0
  7845,    43,   93000000,   85930820,        0,   -7069180,          0
  7845,    44,   93000000,   84858793,        0,   -8141207,          0
  7845,    45,   93000000,   87927358,        0,   -5072642,          0
  7845,    46,   93000000,   87731242,        0,   -5268758,          0
  7845,    47,   93000000,   86285130,        0,   -6714870,          0
  7845,    48,   93000000,   85668054,        0,   -7331946,          0
  7845,    49,   93000000,   89955090,        0,   -3044910,          0
  7845,    50,   93000000,   86866004,        0,   -6133996,          0
  7845,    51,   93000000,   86344334,        0,   -6655666,          0
  7845,    52,   93000000,   84835842,        0,   -8164158,          0
  7845,    53,   93000000,   89820040,        0,   -3179960,          0
  7845,    54,   93000000,   86902236,        0,   -6097764,          0
  7845,    55,   93000000,   86011666,        0,   -6988334,          0
  7845,    56,   93000000,   86838075,        0,   -6161925,          0
  7845,    57,   93000000,   88911221,        0,   -4088779,          0
  7845,    58,   93000000,   87182969,        0,   -5817031,          0
  7845,    59,   93000000,   88358879,        0,   -4641121,          0
  7845,    60,   93000000,   86887623,        0,   -6112377,          0
  7845,    61,   93000000,   87988237,        0,   -5011763,          0
  7845,    62,   93000000,   87206429,        0,   -5793571,          0
  7845,    63,   93000000,   86157603,        0,   -6842397,          0
  7845,    64,   93000000,   84914403,        0,   -8085597,          0
  7845,    65,   93000000,   88389819,        0,   -4610181,          0
  7845,    66,   93000000,   89190798,        0,   -3809202,          0
  7845,    67,   93000000,   86046261,        0,   -6953739,          0
  7845,    68,   93000000,   84867827,        0,   -8132173,          0
  7845,    69,   93000000,   90312457,        0,   -2687543,          0
  7845,    70,   93000000,   89318461,        0,   -3681539,          0
  7845,    71,   93000000,   88192105,        0,   -4807895,          0
  7845,    72,   93000000,   86900185,        0,   -6099815,          0
  7845,    73,   93000000,   88336235,        0,   -4663765,          0
  7845,    74,   93000000,   89259364,        0,   -3740636,          0
  7845,    75,   93000000,   87983834,        0,   -5016166,          0
  7845,    76,   93000000,   84911241,        0,   -8088759,          0
  7845,    77,   93000000,   88618155,        0,   -4381845,          0
  7845,    78,   93000000,   87223503,        0,   -5776497,          0
  7845,    79,   93000000,   87837434,        0,   -5162566,          0
  7845,    80,   93000000,   86898086,        0,   -6101914,          0
  7845,    81,   93000000,   87933418,        0,   -5066582,          0
  7845,    82,   93000000,   87008257,        0,   -5991743,          0
  7845,    83,   93000000,   83806046,        0,   -9193954,          0
  7845,    84,   93000000,   86946301,        0,   -6053699,          0
  7845,    85,   93000000,   87940010,        0,   -5059990,          0
  7845,    86,   93000000,   89210936,        0,   -3789064,          0
  7845,    87,   93000000,   87906996,        0,   -5093004,          0
  7845,    88,   93000000,   84870798,        0,   -8129202,          0
  7845,    89,   93000000,   88077643,        0,   -4922357,          0
  7845,    90,   93000000,   87324105,        0,   -5675895,          0
  7845,    91,   93000000,   85929944,        0,   -7070056,          0
  7845,    92,   93000000,   86986805,        0,   -6013195,          0
  7845,    93,   93000000,   88202935,        0,   -4797065,          0
  7845,    94,   93000000,   87037555,        0,   -5962445,          0
  7845,    95,   93000000,   86971019,        0,   -6028981,          0
  7845,    96,   93000000,   85914001,        0,   -7085999,          0
  7845,    97,   93000000,   88026005,        0,   -4973995,          0
  7845,    98,   93000000,   87062288,        0,   -5937712,          0
  7845,    99,   93000000,   88046071,        0,   -4953929,          0
  7845,   100,   93000000,   86824288,        0,   -6175712,          0
  7845,   101,   93000000,   90526757,        0,   -2473243,          0
  7845,   102,   93000000,   87037495,        0,   -5962505,          0
  7845,   103,   93000000,   83794357,        0,   -9205643,          0
  7845,   104,   93000000,   85220862,        0,   -7779138,          0
  7845,   105,   93000000,   90373457,        0,   -2626543,          0
  7845,   106,   93000000,   87285348,        0,   -5714652,          0
  7845,   107,   93000000,   87969904,        0,   -5030096,          0
  7845,   108,   93000000,   85164232,        0,   -7835768,          0
  7845,   109,   93000000,   87914480,        0,   -5085520,          0
  7845,   110,   93000000,   87449399,        0,   -5550601,          0
  7845,   111,   93000000,   88120748,        0,   -4879252,          0
# task NAME=myapp PID=7849 COST=36078000 PERIOD=42000000 CPU=0
  7849,     2,   42000000,       9783,        0,  -41990217,          0
  7849,     3,   42000000,     257305,        0,  -41742695,          0
  7849,     4,   42000000,   68265623,        1,   26265623,   26265623
  7849,     5,   42000000,   94782254,        1,   52782254,   52782254
  7849,     6,   42000000,  121061050,        1,   79061050,   79061050
  7849,     7,   42000000,  147507990,        1,  105507990,  105507990
  7849,     8,   42000000,  173686765,        1,  131686765,  131686765
  7849,     9,   42000000,  201981060,        1,  159981060,  159981060
  7849,    10,   42000000,  228241315,        1,  186241315,  186241315
  7849,    11,   42000000,  254499522,        1,  212499522,  212499522
  7849,    12,   42000000,  280944477,        1,  238944477,  238944477
  7849,    13,   42000000,  307277813,        1,  265277813,  265277813
  7849,    14,   42000000,  333587856,        1,  291587856,  291587856
  7849,    15,   42000000,  361836260,        1,  319836260,  319836260
  7849,    16,   42000000,  388254301,        1,  346254301,  346254301
  7849,    17,   42000000,  416854594,        1,  374854594,  374854594
  7849,    18,   42000000,  440645489,        1,  398645489,  398645489
  7849,    19,   42000000,  467018888,        1,  425018888,  425018888
  7849,    20,   42000000,  493876560,        1,  451876560,  451876560
  7849,    21,   42000000,  521935019,        1,  479935019,  479935019
  7849,    22,   42000000,  548117296,        1,  506117296,  506117296
  7849,    23,   42000000,  574316461,        1,  532316461,  532316461
  7849,    24,   42000000,  602584683,        1,  560584683,  560584683
  7849,    25,   42000000,  631104979,        1,  589104979,  589104979
  7849,    26,   42000000,  657597583,        1,  615597583,  615597583
  7849,    27,   42000000,  683511645,        1,  641511645,  641511645
  7849,    28,   42000000,  710064168,        1,  668064168,  668064168
  7849,    29,   42000000,  738119966,        1,  696119966,  696119966
  7849,    30,   42000000,  766401116,        1,  724401116,  724401116
  7849,    31,   42000000,  792932928,        1,  750932928,  750932928
  7849,    32,   42000000,  819148031,        1,  777148031,  777148031
  7849,    33,   42000000,  845968388,        1,  803968388,  803968388
  7849,    34,   42000000,  871716899,        1,  829716899,  829716899
  7849,    35,   42000000,  899178419,        1,  857178419,  857178419
  7849,    36,   42000000,  924248726,        1,  882248726,  882248726
  7849,    37,   42000000,  950422798,        1,  908422798,  908422798
  7849,    38,   42000000,  976656309,        1,  934656309,  934656309
  7849,    39,   42000000, 1002856855,        1,  960856855,  960856855
  7849,    40,   42000000, 1029131794,        1,  987131794,  987131794
  7849,    41,   42000000, 1057348791,        1, 1015348791, 1015348791
  7849,    42,   42000000, 1081577683,        1, 1039577683, 1039577683
  7849,    43,   42000000, 1110042865,        1, 1068042865, 1068042865
  7849,    44,   42000000, 1136252252,        1, 1094252252, 1094252252
  7849,    45,   42000000, 1162739175,        1, 1120739175, 1120739175
  7849,    46,   42000000, 1190060968,        1, 1148060968, 1148060968
  7849,    47,   42000000, 1216033248,        1, 1174033248, 1174033248
  7849,    48,   42000000, 1243232998,        1, 1201232998, 1201232998
  7849,    49,   42000000, 1267704489,        1, 1225704489, 1225704489
  7849,    50,   42000000, 1298045030,        1, 1256045030, 1256045030
  7849,    51,   42000000, 1322460070,        1, 1280460070, 1280460070
  7849,    52,   42000000, 1348801936,        1, 1306801936, 1306801936
# task NAME=myapp PID=7852 COST=34558000 PERIOD=69000000 CPU=0
  7852,     2,   69000000,      17628,        0,  -68982372,          0
  7852,     3,   69000000,     244176,        0,  -68755824,          0
  7852,     4,   69000000,   62520869,        0,   -6479131,          0
  7852,     5,   69000000,   64610055,        0,   -4389945,          0
  7852,     6,   69000000,   63531747,        0,   -5468253,          0
  7852,     7,   69000000,   62436960,        0,   -6563040,          0
  7852,     8,   69000000,   63447653,        0,   -5552347,          0
  7852,     9,   69000000,   64654182,        0,   -4345818,          0
  7852,    10,   69000000,   63474416,        0,   -5525584,          0
  7852,    11,   69000000,   62547873,        0,   -6452127,          0
  7852,    12,   69000000,   61914302,        0,   -7085698,          0
  7852,    13,   69000000,   64588590,        0,   -4411410,          0
  7852,    14,   69000000,   63822682,        0,   -5177318,          0
  7852,    15,   69000000,   64857699,        0,   -4142301,          0
  7852,    16,   69000000,   61760580,        0,   -7239420,          0
  7852,    17,   69000000,   64511240,        0,   -4488760,          0
  7852,    18,   69000000,   65442406,        0,   -3557594,          0
  7852,    19,   69000000,   62474663,        0,   -6525337,          0
  7852,    20,   69000000,   63723719,        0,   -5276281,          0
  7852,    21,   69000000,   64881971,        0,   -4118029,          0
  7852,    22,   69000000,   63500617,        0,   -5499383,          0
  7852,    23,   69000000,   62677687,        0,   -6322313,          0
  7852,    24,   69000000,   65233137,        0,   -3766863,          0
  7852,    25,   69000000,   64683140,        0,   -4316860,          0
  7852,    26,   69000000,   63815874,        0,   -5184126,          0
  7852,    27,   69000000,   64583664,        0,   -4416336,          0
  7852,    28,   69000000,   61835406,        0,   -7164594,          0
  7852,    29,   69000000,   66582455,        0,   -2417545,          0
  7852,    30,   69000000,   65909669,        0,   -3090331,          0
  7852,    31,   69000000,   62504875,        0,   -6495125,          0
  7852,    32,   69000000,   61485360,        0,   -7514640,          0
  7852,    33,   69000000,   64569144,        0,   -4430856,          0
  7852,    34,   69000000,   63536400,        0,   -5463600,          0
  7852,    35,   69000000,   62464489,        0,   -6535511,          0
  7852,    36,   69000000,   64472317,        0,   -4527683,          0
  7852,    37,   69000000,   64589247,        0,   -4410753,          0
  7852,    38,   69000000,   65527141,        0,   -3472859,          0
  7852,    39,   69000000,   63205098,        0,   -5794902,          0
  7852,    40,   69000000,   63463656,        0,   -5536344,          0
  7852,    41,   69000000,   64824614,        0,   -4175386,          0
  7852,    42,   69000000,   63586859,        0,   -5413141,          0
  7852,    43,   69000000,   62520535,        0,   -6479465,          0
  7852,    44,   69000000,   61590510,        0,   -7409490,          0
  7852,    45,   69000000,   66482407,        0,   -2517593,          0
  7852,    46,   69000000,   63564253,        0,   -5435747,          0
  7852,    47,   69000000,   62472956,        0,   -6527044,          0
  7852,    48,   69000000,   61510937,        0,   -7489063,          0
  7852,    49,   69000000,   64520634,        0,   -4479366,          0
  7852,    50,   69000000,   65607488,        0,   -3392512,          0
  7852,    51,   69000000,   62525587,        0,   -6474413,          0
  7852,    52,   69000000,   61734470,        0,   -7265530,          0
  7852,    53,   69000000,   64617562,        0,   -4382438,          0
  7852,    54,   69000000,   64422515,        0,   -4577485,          0
  7852,    55,   69000000,   64415883,        0,   -4584117,          0
  7852,    56,   69000000,   61528250,        0,   -7471750,          0
  7852,    57,   69000000,   64847502,        0,   -4152498,          0
  7852,    58,   69000000,   63501264,        0,   -5498736,          0
  7852,    59,   69000000,   62462435,        0,   -6537565,          0
  7852,    60,   69000000,   61508270,        0,   -7491730,          0
  7852,    61,   69000000,   66514834,        0,   -2485166,          0
  7852,    62,   69000000,   63581324,        0,   -5418676,          0
  7852,    63,   69000000,   62553097,        0,   -6446903,          0
  7852,    64,   69000000,   61458119,        0,   -7541881,          0
  7852,    65,   69000000,   64501656,        0,   -4498344,          0
  7852,    66,   69000000,   65817653,        0,   -3182347,          0
  7852,    67,   69000000,   62598582,        0,   -6401418,          0
  7852,    68,   69000000,   61532102,        0,   -7467898,          0
  7852,    69,   69000000,   64535376,        0,   -4464624,          0
  7852,    70,   69000000,   63870294,        0,   -5129706,          0
  7852,    71,   69000000,   62570016,        0,   -6429984,          0
  7852,    72,   69000000,   63786110,        0,   -5213890,          0
  7852,    73,   69000000,   66522890,        0,   -2477110,          0
  7852,    74,   69000000,   63940290,        0,   -5059710,          0
  7852,    75,   69000000,   64729842,        0,   -4270158,          0
  7852,    76,   69000000,   61611198,        0,   -7388802,          0
  7852,    77,   69000000,   64852580,        0,   -4147420,          0
  7852,    78,   69000000,   65591132,        0,   -3408868,          0
  7852,    79,   69000000,   62885223,        0,   -6114777,          0
  7852,    80,   69000000,   61832855,        0,   -7167145,          0
  7852,    81,   69000000,   65248035,        0,   -3751965,          0
  7852,    82,   69000000,   63907383,        0,   -5092617,          0
  7852,    83,   69000000,   62652034,        0,   -6347966,          0
  7852,    84,   69000000,   61440548,        0,   -7559452,          0
  7852,    85,   69000000,   66536411,        0,   -2463589,          0
  7852,    86,   69000000,   63944056,        0,   -5055944,          0
  7852,    87,   69000000,   62621289,        0,   -6378711,          0
  7852,    88,   69000000,   61460834,        0,   -7539166,          0
  7852,    89,   69000000,   64610584,        0,   -4389416,          0
  7852,    90,   69000000,   63522548,        0,   -5477452,          0
  7852,    91,   69000000,   62386106,        0,   -6613894,          0
  7852,    92,   69000000,   61502122,        0,   -7497878,          0
  7852,    93,   69000000,   64584650,        0,   -4415350,          0
  7852,    94,   69000000,   63563345,        0,   -5436655,          0
  7852,    95,   69000000,   64672420,        0,   -4327580,          0
  7852,    96,   69000000,   61467385,        0,   -7532615,          0
  7852,    97,   69000000,   66574818,        0,   -2425182,          0
  7852,    98,   69000000,   65629937,        0,   -3370063,          0
  7852,    99,   69000000,   62885438,        0,   -6114562,          0
  7852,   100,   69000000,   64658986,        0,   -4341014,          0
  7852,   101,   69000000,   66874989,        0,   -2125011,          0
  7852,   102,   69000000,   63548184,        0,   -5451816,          0
  7852,   103,   69000000,   64750467,        0,   -4249533,          0
  7852,   104,   69000000,   61548710,        0,   -7451290,          0
  7852,   105,   69000000,   66611411,        0,   -2388589,          0
  7852,   106,   69000000,   65874458,        0,   -3125542,          0
  7852,   107,   69000000,   62482424,        0,   -6517576,          0
  7852,   108,   69000000,   61775246,        0,   -7224754,          0
  7852,   109,   69000000,   66648110,        0,   -2351890,          0
  7852,   110,   69000000,   63813216,        0,   -5186784,          0
  7852,   111,   69000000,   62536656,        0,   -6463344,          0
  7852,   112,   69000000,   63625102,        0,   -5374898,          0
  7852,   113,   69000000,   66546215,        0,   -2453785,          0
  7852,   114,   69000000,   63489759,        0,   -5510241,          0
  7852,   115,   69000000,   68564390,        0,    -435610,          0
  7852,   116,   69000000,   61505939,        0,   -7494061,          0
  7852,   117,   69000000,   67403488,        0,   -1596512,          0
  7852,   118,   69000000,   63490226,        0,   -5509774,          0
  7852,   119,   69000000,   62817605,        0,   -6182395,          0
  7852,   120,   69000000,   61435660,        0,   -7564340,          0
  7852,   121,   69000000,   66541562,        0,   -2458438,          0
  7852,   122,   69000000,   63515494,        0,   -5484506,          0
  7852,   123,   69000000,   62499768,        0,   -6500232,          0
  7852,   124,   69000000,   63891028,        0,   -5108972,          0
  7852,   125,   69000000,   64590360,        0,   -4409640,          0
  7852,   126,   69000000,   65805427,        0,   -3194573,          0
  7852,   127,   69000000,   62560062,        0,   -6439938,          0
  7852,   128,   69000000,   63577053,        0,   -5422947,          0
  7852,   129,   69000000,   64644192,        0,   -4355808,          0
  7852,   130,   69000000,   65749663,        0,   -3250337,          0
  7852,   131,   69000000,   62805762,        0,   -6194238,          0
  7852,   132,   69000000,   61907885,        0,   -7092115,          0
  7852,   133,   69000000,   64760304,        0,   -4239696,          0
  7852,   134,   69000000,   63506463,        0,   -5493537,          0
  7852,   135,   69000000,   62603618,        0,   -6396382,          0
  7852,   136,   69000000,   63380909,        0,   -5619091,          0
  7852,   137,   69000000,   64827885,        0,   -4172115,          0
  7852,   138,   69000000,   63464132,        0,   -5535868,          0
  7852,   139,   69000000,   63467514,        0,   -5532486,          0
  7852,   140,   69000000,   61565854,        0,   -7434146,          0
  7852,   141,   69000000,   66625799,        0,   -2374201,          0
  7852,   142,   69000000,   63764243,        0,   -5235757,          0
  7852,   143,   69000000,   62572654,        0,   -6427346,          0
  7852,   144,   69000000,   61675960,        0,   -7324040,          0
  7852,   145,   69000000,   64571038,        0,   -4428962,          0
  7852,   146,   69000000,   63575439,        0,   -5424561,          0
  7852,   147,   69000000,   62737360,        0,   -6262640,          0
  7852,   148,   69000000,   61475006,        0,   -7524994,          0
# task NAME=myapp PID=7857 COST=47437000 PERIOD=91000000 CPU=0
  7857,     2,   91000000,      17463,        0,  -90982537,          0
  7857,     3,   91000000,     226672,        0,  -90773328,          0
  7857,     4,   91000000,   87716925,        0,   -3283075,          0
  7857,     5,   91000000,   88668985,        0,   -2331015,          0
  7857,     6,   91000000,   86001284,        0,   -4998716,          0
  7857,     7,   91000000,   88717715,        0,   -2282285,          0
  7857,     8,   91000000,   87678141,        0,   -3321859,          0
  7857,     9,   91000000,   88677441,        0,   -2322559,          0
  7857,    10,   91000000,   86045407,        0,   -4954593,          0
  7857,    11,   91000000,   87023218,        0,   -3976782,          0
  7857,    12,   91000000,   87932978,        0,   -3067022,          0
  7857,    13,   91000000,   88790265,        0,   -2209735,          0
  7857,    14,   91000000,   86595725,        0,   -4404275,          0
  7857,    15,   91000000,   87038958,        0,   -3961042,          0
  7857,    16,   91000000,   87843152,        0,   -3156848,          0
  7857,    17,   91000000,   88945676,        0,   -2054324,          0
  7857,    18,   91000000,   89680500,        0,   -1319500,          0
  7857,    19,   91000000,   88701542,        0,   -2298458,          0
  7857,    20,   91000000,   89741569,        0,   -1258431,          0
  7857,    21,   91000000,   89144932,        0,   -1855068,          0
  7857,    22,   91000000,   86683846,        0,   -4316154,          0
  7857,    23,   91000000,   86804874,        0,   -4195126,          0
  7857,    24,   91000000,   87833215,        0,   -3166785,          0
  7857,    25,   91000000,   88863403,        0,   -2136597,          0
  7857,    26,   91000000,   89008604,        0,   -1991396,          0
  7857,    27,   91000000,   86970216,        0,   -4029784,          0
  7857,    28,   91000000,   87842537,        0,   -3157463,          0
  7857,    29,   91000000,   91076910,        1,      76910,      76910
  7857,    30,   91000000,   90136385,        0,    -863615,          0
  7857,    31,   91000000,   86687602,        0,   -4312398,          0
  7857,    32,   91000000,   87783103,        0,   -3216897,          0
  7857,    33,   91000000,   90660741,        0,    -339259,          0
  7857,    34,   91000000,   85974584,        0,   -5025416,          0
  7857,    35,   91000000,   86664700,        0,   -4335300,          0
  7857,    36,   91000000,   87913629,        0,   -3086371,          0
  7857,    37,   91000000,   88998619,        0,   -2001381,          0
  7857,    38,   91000000,   86660261,        0,   -4339739,          0
  7857,    39,   91000000,   86637307,        0,   -4362693,          0
  7857,    40,   91000000,   87779386,        0,   -3220614,          0
  7857,    41,   91000000,   89292728,        0,   -1707272,          0
  7857,    42,   91000000,   86702811,        0,   -4297189,          0
  7857,    43,   91000000,   86720671,        0,   -4279329,          0
  7857,    44,   91000000,   89987543,        0,   -1012457,          0
  7857,    45,   91000000,   90658864,        0,    -341136,          0
  7857,    46,   91000000,   85656629,        0,   -5343371,          0
  7857,    47,   91000000,   87004626,        0,   -3995374,          0
  7857,    48,   91000000,   87614426,        0,   -3385574,          0
  7857,    49,   91000000,   91124721,        1,     124721,     124721
  7857,    50,   91000000,   88612518,        0,   -2387482,          0
  7857,    51,   91000000,   86968738,        0,   -4031262,          0
  7857,    52,   91000000,   89824250,        0,   -1175750,          0
  7857,    53,   91000000,   90781226,        0,    -218774,          0
  7857,    54,   91000000,   85829431,        0,   -5170569,          0
  7857,    55,   91000000,   88702573,        0,   -2297427,          0
  7857,    56,   91000000,   87897843,        0,   -3102157,          0
  7857,    57,   91000000,   88759727,        0,   -2240273,          0
  7857,    58,   91000000,   87982264,        0,   -3017736,          0
  7857,    59,   91000000,   88367158,        0,   -2632842,          0
  7857,    60,   91000000,   87826760,        0,   -3173240,          0
  7857,    61,   91000000,   90680759,        0,    -319241,          0
  7857,    62,   91000000,   85741993,        0,   -5258007,          0
  7857,    63,   91000000,   86804805,        0,   -4195195,          0
  7857,    64,   91000000,   88684503,        0,   -2315497,          0
  7857,    65,   91000000,   90965180,        0,     -34820,          0
  7857,    66,   91000000,   89126722,        0,   -1873278,          0
  7857,    67,   91000000,   90104663,        0,    -895337,          0
  7857,    68,   91000000,   87783300,        0,   -3216700,          0
  7857,    69,   91000000,   88946500,        0,   -2053500,          0
  7857,    70,   91000000,   88913028,        0,   -2086972,          0
  7857,    71,   91000000,   86686185,        0,   -4313815,          0
  7857,    72,   91000000,   87633390,        0,   -3366610,          0
  7857,    73,   91000000,   88741541,        0,   -2258459,          0
  7857,    74,   91000000,   86703854,        0,   -4296146,          0
  7857,    75,   91000000,   88610172,        0,   -2389828,          0
  7857,    76,   91000000,   90212174,        0,    -787826,          0
  7857,    77,   91000000,   91071484,        1,      71484,      71484
  7857,    78,   91000000,   91335094,        1,     335094,     335094
  7857,    79,   91000000,   86756878,        0,   -4243122,          0
  7857,    80,   91000000,   87880073,        0,   -3119927,          0
  7857,    81,   91000000,   89046555,        0,   -1953445,          0
  7857,    82,   91000000,   89031503,        0,   -1968497,          0
  7857,    83,   91000000,   86779177,        0,   -4220823,          0
  7857,    84,   91000000,   87788229,        0,   -3211771,          0
  7857,    85,   91000000,   88753156,        0,   -2246844,          0
  7857,    86,   91000000,   86689074,        0,   -4310926,          0
  7857,    87,   91000000,   88314997,        0,   -2685003,          0
  7857,    88,   91000000,   87819350,        0,   -3180650,          0
  7857,    89,   91000000,   90716429,        0,    -283571,          0
  7857,    90,   91000000,   85753030,        0,   -5246970,          0
  7857,    91,   91000000,   86968560,        0,   -4031440,          0
  7857,    92,   91000000,   87807612,        0,   -3192388,          0
  7857,    93,   91000000,   88973917,        0,   -2026083,          0
  7857,    94,   91000000,   88870323,        0,   -2129677,          0
  7857,    95,   91000000,   87187729,        0,   -3812271,          0
  7857,    96,   91000000,   89971139,        0,   -1028861,          0
  7857,    97,   91000000,   88734844,        0,   -2265156,          0
  7857,    98,   91000000,   88855314,        0,   -2144686,          0
  7857,    99,   91000000,   88982324,        0,   -2017676,          0
  7857,   100,   91000000,   90062019,        0,    -937981,          0
  7857,   101,   91000000,   88696268,        0,   -2303732,          0
  7857,   102,   91000000,   88953643,        0,   -2046357,          0
  7857,   103,   91000000,   86998773,        0,   -4001227,          0
  7857,   104,   91000000,   90097607,        0,    -902393,          0
  7857,   105,   91000000,   89429933,        0,   -1570067,          0
  7857,   106,   91000000,   88997498,        0,   -2002502,          0
  7857,   107,   91000000,   87732981,        0,   -3267019,          0
  7857,   108,   91000000,   87764562,        0,   -3235438,          0
  7857,   109,   91000000,   91244573,        1,     244573,     244573
  7857,   110,   91000000,   89033551,        0,   -1966449,          0
  7857,   111,   91000000,   86835958,        0,   -4164042,          0
  7857,   112,   91000000,   87654647,        0,   -3345353,          0
  7857,   113,   91000000,   90884098,        0,    -115902,          0
# task NAME=myapp PID=7860 COST=54931000 PERIOD=82000000 CPU=0
  7860,     2,   82000000,      14895,        0,  -81985105,          0
  7860,     3,   82000000,     260691,        0,  -81739309,          0
  7860,     4,   82000000,  101777459,        1,   19777459,   19777459
  7860,     5,   82000000,  126116598,        1,   44116598,   44116598
  7860,     6,   82000000,  148089719,        1,   66089719,   66089719
  7860,     7,   82000000,  170246479,        1,   88246479,   88246479
  7860,     8,   82000000,  192298260,        1,  110298260,  110298260
  7860,     9,   82000000,  216707127,        1,  134707127,  134707127
  7860,    10,   82000000,  237138370,        1,  155138370,  155138370
  7860,    11,   82000000,  261487093,        1,  179487093,  179487093
  7860,    12,   82000000,  281346366,        1,  199346366,  199346366
  7860,    13,   82000000,  303379930,        1,  221379930,  221379930
  7860,    14,   82000000,  325671529,        1,  243671529,  243671529
  7860,    15,   82000000,  350059232,        1,  268059232,  268059232
  7860,    16,   82000000,  372050238,        1,  290050238,  290050238
  7860,    17,   82000000,  396029191,        1,  314029191,  314029191
  7860,    18,   82000000,  415997223,        1,  333997223,  333997223
  7860,    19,   82000000,  438416210,        1,  356416210,  356416210
  7860,    20,   82000000,  460456945,        1,  378456945,  378456945
  7860,    21,   82000000,  482576603,        1,  400576603,  400576603
  7860,    22,   82000000,  504905751,        1,  422905751,  422905751
  7860,    23,   82000000,  527031737,        1,  445031737,  445031737
  7860,    24,   82000000,  548978121,        1,  466978121,  466978121
  7860,    25,   82000000,  571324775,        1,  489324775,  489324775
  7860,    26,   82000000,  593451377,        1,  511451377,  511451377
  7860,    27,   82000000,  615521668,        1,  533521668,  533521668
  7860,    28,   82000000,  639854627,        1,  557854627,  557854627
  7860,    29,   82000000,  662157292,        1,  580157292,  580157292
  7860,    30,   82000000,  684184024,        1,  602184024,  602184024
  7860,    31,   82000000,  706202867,        1,  624202867,  624202867
  7860,    32,   82000000,  730198444,        1,  648198444,  648198444
  7860,    33,   82000000,  751929170,        1,  669929170,  669929170
  7860,    34,   82000000,  772732774,        1,  690732774,  690732774
  7860,    35,   82000000,  796843340,        1,  714843340,  714843340
  7860,    36,   82000000,  818912721,        1,  736912721,  736912721
  7860,    37,   82000000,  839222876,        1,  757222876,  757222876
  7860,    38,   82000000,  861227341,        1,  779227341,  779227341
  7860,    39,   82000000,  885503932,        1,  803503932,  803503932
  7860,    40,   82000000,  907450413,        1,  825450413,  825450413
  7860,    41,   82000000,  929450339,        1,  847450339,  847450339
  7860,    42,   82000000,  949270874,        1,  867270874,  867270874
  7860,    43,   82000000,  971246997,        1,  889246997,  889246997
  7860,    44,   82000000,  994770002,        1,  912770002,  912770002
  7860,    45,   82000000, 1015434719,        1,  933434719,  933434719
  7860,    46,   82000000, 1037734914,        1,  955734914,  955734914
  7860,    47,   82000000, 1062022718,        1,  980022718,  980022718
  7860,    48,   82000000, 1084164685,        1, 1002164685, 1002164685
  7860,    49,   82000000, 1106551967,        1, 1024551967, 1024551967
  7860,    50,   82000000, 1130803655,        1, 1048803655, 1048803655
  7860,    51,   82000000, 1151054902,        1, 1069054902, 1069054902
  7860,    52,   82000000, 1174645532,        1, 1092645532, 1092645532
  7860,    53,   82000000, 1197673765,        1, 1115673765, 1115673765
  7860,    54,   82000000, 1220035358,        1, 1138035358, 1138035358
  7860,    55,   82000000, 1242034124,        1, 1160034124, 1160034124
  7860,    56,   82000000, 1266082792,        1, 1184082792, 1184082792
  7860,    57,   82000000, 1286369427,        1, 1204369427, 1204369427
  7860,    58,   82000000, 1310590045,        1, 1228590045, 1228590045
  7860,    59,   82000000, 1330676111,        1, 1248676111, 1248676111
  7860,    60,   82000000, 1352996980,        1, 1270996980, 1270996980
  7860,    61,   82000000, 1375739584,        1, 1293739584, 1293739584
  7860,    62,   82000000, 1399163984,        1, 1317163984, 1317163984
  7860,    63,   82000000, 1421231092,        1, 1339231092, 1339231092
  7860,    64,   82000000, 1443397158,        1, 1361397158, 1361397158
  7860,    65,   82000000, 1463559554,        1, 1381559554, 1381559554
  7860,    66,   82000000, 1488050558,        1, 1406050558, 1406050558
  7860,    67,   82000000, 1512073609,        1, 1430073609, 1430073609
  7860,    68,   82000000, 1532648543,        1, 1450648543, 1450648543
  7860,    69,   82000000, 1554332600,        1, 1472332600, 1472332600
  7860,    70,   82000000, 1578835928,        1, 1496835928, 1496835928
  7860,    71,   82000000, 1599131420,        1, 1517131420, 1517131420
  7860,    72,   82000000, 1621343853,        1, 1539343853, 1539343853
  7860,    73,   82000000, 1643333935,        1, 1561333935, 1561333935
  7860,    74,   82000000, 1665435875,        1, 1583435875, 1583435875
  7860,    75,   82000000, 1689518389,        1, 1607518389, 1607518389
  7860,    76,   82000000, 1711734901,        1, 1629734901, 1629734901
  7860,    77,   82000000, 1735934261,        1, 1653934261, 1653934261
  7860,    78,   82000000, 1755908020,        1, 1673908020, 1673908020
  7860,    79,   82000000, 1778094044,        1, 1696094044, 1696094044
  7860,    80,   82000000, 1800127979,        1, 1718127979, 1718127979
  7860,    81,   82000000, 1822521360,        1, 1740521360, 1740521360
  7860,    82,   82000000, 1844766283,        1, 1762766283, 1762766283
  7860,    83,   82000000, 1868883033,        1, 1786883033, 1786883033
  7860,    84,   82000000, 1891262048,        1, 1809262048, 1809262048
  7860,    85,   82000000, 1911215195,        1, 1829215195, 1829215195
  7860,    86,   82000000, 1933591214,        1, 1851591214, 1851591214
  7860,    87,   82000000, 1959935452,        1, 1877935452, 1877935452
  7860,    88,   82000000, 1979997905,        1, 1897997905, 1897997905
  7860,    89,   82000000, 2004014919,        1, 1922014919, 1922014919
  7860,    90,   82000000, 2024272365,        1, 1942272365, 1942272365
  7860,    91,   82000000, 2046280963,        1, 1964280963, 1964280963
  7860,    92,   82000000, 2069567662,        1, 1987567662, 1987567662
# task NAME=myapp PID=7864 COST=15249000 PERIOD=20000000 CPU=0
  7864,     2,   20000000,      24005,        0,  -19975995,          0
  7864,     3,   20000000,     238787,        0,  -19761213,          0
  7864,     4,   20000000,   26378334,        1,    6378334,    6378334
  7864,     5,   20000000,   36955119,        1,   16955119,   16955119
  7864,     6,   20000000,   43459018,        1,   23459018,   23459018
  7864,     7,   20000000,   53958569,        1,   33958569,   33958569
  7864,     8,   20000000,   64699644,        1,   44699644,   44699644
  7864,     9,   20000000,   71166754,        1,   51166754,   51166754
  7864,    10,   20000000,   79664941,        1,   59664941,   59664941
  7864,    11,   20000000,   90118439,        1,   70118439,   70118439
  7864,    12,   20000000,   98827758,        1,   78827758,   78827758
  7864,    13,   20000000,  109264143,        1,   89264143,   89264143
  7864,    14,   20000000,  117693816,        1,   97693816,   97693816
  7864,    15,   20000000,  126187008,        1,  106187008,  106187008
  7864,    16,   20000000,  134608862,        1,  114608862,  114608862
  7864,    17,   20000000,  143091152,        1,  123091152,  123091152
  7864,    18,   20000000,  151587259,        1,  131587259,  131587259
  7864,    19,   20000000,  162039603,        1,  142039603,  142039603
  7864,    20,   20000000,  170501826,        1,  150501826,  150501826
  7864,    21,   20000000,  178956728,        1,  158956728,  158956728
  7864,    22,   20000000,  187794966,        1,  167794966,  167794966
  7864,    23,   20000000,  197870648,        1,  177870648,  177870648
  7864,    24,   20000000,  206560661,        1,  186560661,  186560661
  7864,    25,   20000000,  214976562,        1,  194976562,  194976562
  7864,    26,   20000000,  225481650,        1,  205481650,  205481650
  7864,    27,   20000000,  234530049,        1,  214530049,  214530049
  7864,    28,   20000000,  244393853,        1,  224393853,  224393853
  7864,    29,   20000000,  252776753,        1,  232776753,  232776753
  7864,    30,   20000000,  259210580,        1,  239210580,  239210580
  7864,    31,   20000000,  267623565,        1,  247623565,  247623565
  7864,    32,   20000000,  278108451,        1,  258108451,  258108451
  7864,    33,   20000000,  286524499,        1,  266524499,  266524499
  7864,    34,   20000000,  294969142,        1,  274969142,  274969142
  7864,    35,   20000000,  303383739,        1,  283383739,  283383739
  7864,    36,   20000000,  313892875,        1,  293892875,  293892875
  7864,    37,   20000000,  322321162,        1,  302321162,  302321162
  7864,    38,   20000000,  330780796,        1,  310780796,  310780796
  7864,    39,   20000000,  341235817,        1,  321235817,  321235817
  7864,    40,   20000000,  349434766,        1,  329434766,  329434766
  7864,    41,   20000000,  358070797,        1,  338070797,  338070797
  7864,    42,   20000000,  366540471,        1,  346540471,  346540471
  7864,    43,   20000000,  375256096,        1,  355256096,  355256096
  7864,    44,   20000000,  383695889,        1,  363695889,  363695889
  7864,    45,   20000000,  394241385,        1,  374241385,  374241385
  7864,    46,   20000000,  404691649,        1,  384691649,  384691649
  7864,    47,   20000000,  411081613,        1,  391081613,  391081613
  7864,    48,   20000000,  419564789,        1,  399564789,  399564789
  7864,    49,   20000000,  430028459,        1,  410028459,  410028459
  7864,    50,   20000000,  440440901,        1,  420440901,  420440901
  7864,    51,   20000000,  449146924,        1,  429146924,  429146924
  7864,    52,   20000000,  457533693,        1,  437533693,  437533693
  7864,    53,   20000000,  465993941,        1,  445993941,  445993941
  7864,    54,   20000000,  474467302,        1,  454467302,  454467302
  7864,    55,   20000000,  482877963,        1,  462877963,  462877963
  7864,    56,   20000000,  491384675,        1,  471384675,  471384675
  7864,    57,   20000000,  501857036,        1,  481857036,  481857036
  7864,    58,   20000000,  510267337,        1,  490267337,  490267337
  7864,    59,   20000000,  518666230,        1,  498666230,  498666230
  7864,    60,   20000000,  527444540,        1,  507444540,  507444540
  7864,    61,   20000000,  537884635,        1,  517884635,  517884635
  7864,    62,   20000000,  546366081,        1,  526366081,  526366081
  7864,    63,   20000000,  554874176,        1,  534874176,  534874176
  7864,    64,   20000000,  565331559,        1,  545331559,  545331559
  7864,    65,   20000000,  572904705,        1,  552904705,  552904705
# task NAME=myapp PID=7869 COST=50218000 PERIOD=95000000 CPU=0
  7869,     2,   95000000,       6377,        0,  -94993623,          0
  7869,     3,   95000000,     230700,        0,  -94769300,          0
  7869,     4,   95000000,   92670505,        0,   -2329495,          0
  7869,     5,   95000000,   95588502,        1,     588502,     588502
  7869,     6,   95000000,   96089825,        1,    1089825,    1089825
  7869,     7,   95000000,   94648093,        0,    -351907,          0
  7869,     8,   95000000,   94515516,        0,    -484484,          0
  7869,     9,   95000000,   93318322,        0,   -1681678,          0
  7869,    10,   95000000,   93364640,        0,   -1635360,          0
  7869,    11,   95000000,   93680448,        0,   -1319552,          0
  7869,    12,   95000000,   92312616,        0,   -2687384,          0
  7869,    13,   95000000,   93601889,        0,   -1398111,          0
  7869,    14,   95000000,   95266322,        1,     266322,     266322
  7869,    15,   95000000,   96251028,        1,    1251028,    1251028
  7869,    16,   95000000,   94897053,        0,    -102947,          0
  7869,    17,   95000000,   95627622,        1,     627622,     627622
  7869,    18,   95000000,   94177435,        0,    -822565,          0
  7869,    19,   95000000,   94698290,        0,    -301710,          0
  7869,    20,   95000000,   95618575,        1,     618575,     618575
  7869,    21,   95000000,   93559904,        0,   -1440096,          0
  7869,    22,   95000000,   93402458,        0,   -1597542,          0
  7869,    23,   95000000,   91701550,        0,   -3298450,          0
  7869,    24,   95000000,   92359776,        0,   -2640224,          0
  7869,    25,   95000000,   96045070,        1,    1045070,    1045070
  7869,    26,   95000000,   96066822,        1,    1066822,    1066822
  7869,    27,   95000000,   94652987,        0,    -347013,          0
  7869,    28,   95000000,   95160897,        1,     160897,     160897
  7869,    29,   95000000,   93458482,        0,   -1541518,          0
  7869,    30,   95000000,   95643476,        1,     643476,     643476
  7869,    31,   95000000,   94180967,        0,    -819033,          0
  7869,    32,   95000000,   94389324,        0,    -610676,          0
  7869,    33,   95000000,   95690840,        1,     690840,     690840
  7869,    34,   95000000,   94147407,        0,    -852593,          0
  7869,    35,   95000000,   96351518,        1,    1351518,    1351518
  7869,    36,   95000000,   94853352,        0,    -146648,          0
  7869,    37,   95000000,   93717407,        0,   -1282593,          0
  7869,    38,   95000000,   94425790,        0,    -574210,          0
  7869,    39,   95000000,   93395847,        0,   -1604153,          0
  7869,    40,   95000000,   92685876,        0,   -2314124,          0
  7869,    41,   95000000,   93320440,        0,   -1679560,          0
  7869,    42,   95000000,   95686582,        1,     686582,     686582
  7869,    43,   95000000,   96174128,        1,    1174128,    1174128
  7869,    44,   95000000,   95615573,        1,     615573,     615573
  7869,    45,   95000000,   93166781,        0,   -1833219,          0
  7869,    46,   95000000,   93684960,        0,   -1315040,          0
  7869,    47,   95000000,   92177280,        0,   -2822720,          0
  7869,    48,   95000000,   92370405,        0,   -2629595,          0
  7869,    49,   95000000,   95456390,        1,     456390,     456390
  7869,    50,   95000000,   94196391,        0,    -803609,          0
  7869,    51,   95000000,   94328699,        0,    -671301,          0
  7869,    52,   95000000,   92414545,        0,   -2585455,          0
  7869,    53,   95000000,   95359402,        1,     359402,     359402
  7869,    54,   95000000,   94040490,        0,    -959510,          0
  7869,    55,   95000000,   94519424,        0,    -480576,          0
  7869,    56,   95000000,   94511082,        0,    -488918,          0
  7869,    57,   95000000,   93304237,        0,   -1695763,          0
  7869,    58,   95000000,   93632290,        0,   -1367710,          0
  7869,    59,   95000000,   91490894,        0,   -3509106,          0
  7869,    60,   95000000,   92377193,        0,   -2622807,          0
  7869,    61,   95000000,   93451522,        0,   -1548478,          0
  7869,    62,   95000000,   94609138,        0,    -390862,          0
  7869,    63,   95000000,   92237800,        0,   -2762200,          0
  7869,    64,   95000000,   92413241,        0,   -2586759,          0
  7869,    65,   95000000,   93435570,        0,   -1564430,          0
  7869,    66,   95000000,   93594656,        0,   -1405344,          0
  7869,    67,   95000000,   93712877,        0,   -1287123,          0
  7869,    68,   95000000,   94298047,        0,    -701953,          0
  7869,    69,   95000000,   95333778,        1,     333778,     333778
  7869,    70,   95000000,   93851430,        0,   -1148570,          0
  7869,    71,   95000000,   94512043,        0,    -487957,          0
  7869,    72,   95000000,   92899722,        0,   -2100278,          0
  7869,    73,   95000000,   93451058,        0,   -1548942,          0
  7869,    74,   95000000,   93726446,        0,   -1273554,          0
  7869,    75,   95000000,   94791033,        0,    -208967,          0
  7869,    76,   95000000,   92462814,        0,   -2537186,          0
  7869,    77,   95000000,   93617090,        0,   -1382910,          0
  7869,    78,   95000000,   95643198,        1,     643198,     643198
  7869,    79,   95000000,   95822314,        1,     822314,     822314
  7869,    80,   95000000,   95128327,        1,     128327,     128327
  7869,    81,   95000000,   93625391,        0,   -1374609,          0
  7869,    82,   95000000,   93469450,        0,   -1530550,          0
  7869,    83,   95000000,   91273902,        0,   -3726098,          0
  7869,    84,   95000000,   94423461,        0,    -576539,          0
  7869,    85,   95000000,   95445892,        1,     445892,     445892
  7869,    86,   95000000,   94219967,        0,    -780033,          0
  7869,    87,   95000000,   96959098,        1,    1959098,    1959098
  7869,    88,   95000000,   95053999,        1,      53999,      53999
  7869,    89,   95000000,   93614559,        0,   -1385441,          0
  7869,    90,   95000000,   95675123,        1,     675123,     675123
  7869,    91,   95000000,   96726367,        1,    1726367,    1726367
  7869,    92,   95000000,   94981957,        0,     -18043,          0
  7869,    93,   95000000,   93342890,        0,   -1657110,          0
  7869,    94,   95000000,   93462264,        0,   -1537736,          0
  7869,    95,   95000000,   91305293,        0,   -3694707,          0
  7869,    96,   95000000,   92662101,        0,   -2337899,          0
  7869,    97,   95000000,   93412959,        0,   -1587041,          0
  7869,    98,   95000000,   93607725,        0,   -1392275,          0
  7869,    99,   95000000,   91336419,        0,   -3663581,          0
  7869,   100,   95000000,   92648115,        0,   -2351885,          0
  7869,   101,   95000000,   93347808,        0,   -1652192,          0
  7869,   102,   95000000,   94120436,        0,    -879564,          0
  7869,   103,   95000000,   91293655,        0,   -3706345,          0
  7869,   104,   95000000,   94578476,        0,    -421524,          0
  7869,   105,   95000000,   94603935,        0,    -396065,          0
  7869,   106,   95000000,   93359353,        0,   -1640647,          0
  7869,   107,   95000000,   91258113,        0,   -3741887,          0
  7869,   108,   95000000,   92650050,        0,   -2349950,          0
  7869,   109,   95000000,   95490399,        1,     490399,     490399
# task NAME=myapp PID=7872 COST=4264000 PERIOD=75000000 CPU=0
  7872,     2,   75000000,      20605,        0,  -74979395,          0
  7872,     3,   75000000,     265434,        0,  -74734566,          0
  7872,     4,   75000000,    8170779,        0,  -66829221,          0
  7872,     5,   75000000,   10125033,        0,  -64874967,          0
  7872,     6,   75000000,    4790997,        0,  -70209003,          0
  7872,     7,   75000000,    5873138,        0,  -69126862,          0
  7872,     8,   75000000,    6869024,        0,  -68130976,          0
  7872,     9,   75000000,    9870393,        0,  -65129607,          0
  7872,    10,   75000000,    7105624,        0,  -67894376,          0
  7872,    11,   75000000,    4880982,        0,  -70119018,          0
  7872,    12,   75000000,    8280143,        0,  -66719857,          0
  7872,    13,   75000000,    7852164,        0,  -67147836,          0
  7872,    14,   75000000,    4061529,        0,  -70938471,          0
  7872,    15,   75000000,    7849029,        0,  -67150971,          0
  7872,    16,   75000000,    6859824,        0,  -68140176,          0
  7872,    17,   75000000,    9907357,        0,  -65092643,          0
  7872,    18,   75000000,    6819957,        0,  -68180043,          0
  7872,    19,   75000000,    5853680,        0,  -69146320,          0
  7872,    20,   75000000,    8173924,        0,  -66826076,          0
  7872,    21,   75000000,    7845147,        0,  -67154853,          0
  7872,    22,   75000000,    6870993,        0,  -68129007,          0
  7872,    23,   75000000,    4187593,        0,  -70812407,          0
  7872,    24,   75000000,    8865233,        0,  -66134767,          0
  7872,    25,   75000000,    9828335,        0,  -65171665,          0
  7872,    26,   75000000,    8229202,        0,  -66770798,          0
  7872,    27,   75000000,    4058717,        0,  -70941283,          0
  7872,    28,   75000000,    8839404,        0,  -66160596,          0
  7872,    29,   75000000,    9858714,        0,  -65141286,          0
  7872,    30,   75000000,    7096276,        0,  -67903724,          0
  7872,    31,   75000000,    6530744,        0,  -68469256,          0
  7872,    32,   75000000,    7263211,        0,  -67736789,          0
  7872,    33,   75000000,    9281699,        0,  -65718301,          0
  7872,    34,   75000000,    8377043,        0,  -66622957,          0
  7872,    35,   75000000,    8572301,        0,  -66427699,          0
  7872,    36,   75000000,    7352290,        0,  -67647710,          0
  7872,    37,   75000000,    9887072,        0,  -65112928,          0
  7872,    38,   75000000,    4901244,        0,  -70098756,          0
  7872,    39,   75000000,    5952183,        0,  -69047817,          0
  7872,    40,   75000000,    6851967,        0,  -68148033,          0
  7872,    41,   75000000,    9878508,        0,  -65121492,          0
  7872,    42,   75000000,    4247533,        0,  -70752467,          0
  7872,    43,   75000000,    4073008,        0,  -70926992,          0
  7872,    44,   75000000,    7407383,        0,  -67592617,          0
  7872,    45,   75000000,    8177665,        0,  -66822335,          0
  7872,    46,   75000000,    7263156,        0,  -67736844,          0
  7872,    47,   75000000,    8087509,        0,  -66912491,          0
  7872,    48,   75000000,    6862247,        0,  -68137753,          0
  7872,    49,   75000000,    9865978,        0,  -65134022,          0
  7872,    50,   75000000,    7830546,        0,  -67169454,          0
  7872,    51,   75000000,    8325785,        0,  -66674215,          0
  7872,    52,   75000000,    8898808,        0,  -66101192,          0
  7872,    53,   75000000,    9887868,        0,  -65112132,          0
  7872,    54,   75000000,    4777777,        0,  -70222223,          0
  7872,    55,   75000000,    8204294,        0,  -66795706,          0
  7872,    56,   75000000,    8882341,        0,  -66117659,          0
  7872,    57,   75000000,    7893728,        0,  -67106272,          0
  7872,    58,   75000000,    4825903,        0,  -70174097,          0
  7872,    59,   75000000,    8292357,        0,  -66707643,          0
  7872,    60,   75000000,    9135703,        0,  -65864297,          0
  7872,    61,   75000000,    9900103,        0,  -65099897,          0
  7872,    62,   75000000,    4795224,        0,  -70204776,          0
  7872,    63,   75000000,    5876821,        0,  -69123179,          0
  7872,    64,   75000000,    8110374,        0,  -66889626,          0
  7872,    65,   75000000,    9650810,        0,  -65349190,          0
  7872,    66,   75000000,    7712970,        0,  -67287030,          0
  7872,    67,   75000000,    6643232,        0,  -68356768,          0
  7872,    68,   75000000,    6887663,        0,  -68112337,          0
  7872,    69,   75000000,    9859991,        0,  -65140009,          0
  7872,    70,   75000000,    5085826,        0,  -69914174,          0
  7872,    71,   75000000,    7868477,        0,  -67131523,          0
  7872,    72,   75000000,    9259402,        0,  -65740598,          0
  7872,    73,   75000000,    7899439,        0,  -67100561,          0
  7872,    74,   75000000,    4798910,        0,  -70201090,          0
  7872,    75,   75000000,    6096461,        0,  -68903539,          0
  7872,    76,   75000000,    6870800,        0,  -68129200,          0
  7872,    77,   75000000,    8316282,        0,  -66683718,          0
  7872,    78,   75000000,    4826264,        0,  -70173736,          0
  7872,    79,   75000000,    9420406,        0,  -65579594,          0
  7872,    80,   75000000,    9166017,        0,  -65833983,          0
  7872,    81,   75000000,    7879585,        0,  -67120415,          0
  7872,    82,   75000000,    4065192,        0,  -70934808,          0
  7872,    83,   75000000,    4059594,        0,  -70940406,          0
  7872,    84,   75000000,    6884003,        0,  -68115997,          0
  7872,    85,   75000000,    9888702,        0,  -65111298,          0
  7872,    86,   75000000,    7218456,        0,  -67781544,          0
  7872,    87,   75000000,    6239059,        0,  -68760941,          0
  7872,    88,   75000000,    6897533,        0,  -68102467,          0
  7872,    89,   75000000,    9959741,        0,  -65040259,          0
  7872,    90,   75000000,    6372591,        0,  -68627409,          0
  7872,    91,   75000000,    7864927,        0,  -67135073,          0
  7872,    92,   75000000,    6865400,        0,  -68134600,          0
  7872,    93,   75000000,    9900435,        0,  -65099565,          0
  7872,    94,   75000000,    4794911,        0,  -70205089,          0
  7872,    95,   75000000,    7882282,        0,  -67117718,          0
  7872,    96,   75000000,    9147248,        0,  -65852752,          0
  7872,    97,   75000000,    9614807,        0,  -65385193,          0
  7872,    98,   75000000,    4840848,        0,  -70159152,          0
  7872,    99,   75000000,    4980804,        0,  -70019196,          0
  7872,   100,   75000000,    8926046,        0,  -66073954,          0
  7872,   101,   75000000,    7900878,        0,  -67099122,          0
  7872,   102,   75000000,    7759913,        0,  -67240087,          0
  7872,   103,   75000000,    8126943,        0,  -66873057,          0
  7872,   104,   75000000,    6893560,        0,  -68106440,          0
  7872,   105,   75000000,   10182797,        0,  -64817203,          0
  7872,   106,   75000000,    4065769,        0,  -70934231,          0
  7872,   107,   75000000,    4054362,        0,  -70945638,          0
  7872,   108,   75000000,    6869393,        0,  -68130607,          0
  7872,   109,   75000000,    9881940,        0,  -65118060,          0
  7872,   110,   75000000,    5138726,        0,  -69861274,          0
  7872,   111,   75000000,    5857981,        0,  -69142019,          0
  7872,   112,   75000000,   10061543,        0,  -64938457,          0
  7872,   113,   75000000,    8259880,        0,  -66740120,          0
  7872,   114,   75000000,    6730031,        0,  -68269969,          0
  7872,   115,   75000000,    8139993,        0,  -66860007,          0
  7872,   116,   75000000,    8686471,        0,  -66313529,          0
  7872,   117,   75000000,    8110043,        0,  -66889957,          0
  7872,   118,   75000000,    7453593,        0,  -67546407,          0
  7872,   119,   75000000,    7002788,        0,  -67997212,          0
  7872,   120,   75000000,    6977474,        0,  -68022526,          0
  7872,   121,   75000000,    7861055,        0,  -67138945,          0
  7872,   122,   75000000,    7274107,        0,  -67725893,          0
  7872,   123,   75000000,    7880193,        0,  -67119807,          0
  7872,   124,   75000000,    6880129,        0,  -68119871,          0
  7872,   125,   75000000,    9960357,        0,  -65039643,          0
  7872,   126,   75000000,    8433351,        0,  -66566649,          0
  7872,   127,   75000000,    7873433,        0,  -67126567,          0
  7872,   128,   75000000,    6877392,        0,  -68122608,          0
  7872,   129,   75000000,    9262966,        0,  -65737034,          0
  7872,   130,   75000000,    7200011,        0,  -67799989,          0
  7872,   131,   75000000,    8293030,        0,  -66706970,          0
  7872,   132,   75000000,    6853223,        0,  -68146777,          0
  7872,   133,   75000000,    8328219,        0,  -66671781,          0
  7872,   134,   75000000,    4056470,        0,  -70943530,          0
  7872,   135,   75000000,    6172457,        0,  -68827543,          0
  7872,   136,   75000000,    6892536,        0,  -68107464,          0
  7872,   137,   75000000,    7874850,        0,  -67125150,          0
