# Task,   Job,     Period,   Response, DL Miss?,   Lateness,  Tardiness
# task NAME=myapp PID=20170 COST=26598000 PERIOD=91000000 CPU=0
 20170,     2,   91000000,      14156,        0,  -90985844,          0
 20170,     3,   91000000,     202610,        0,  -90797390,          0
 20170,     4,   91000000,   60729084,        0,  -30270916,          0
 20170,     5,   91000000,   73571445,        0,  -17428555,          0
 20170,     6,   91000000,   38554467,        0,  -52445533,          0
 20170,     7,   91000000,   58700844,        0,  -32299156,          0
 20170,     8,   91000000,   96233035,        1,    5233035,    5233035
 20170,     9,   91000000,   60877717,        0,  -30122283,          0
 20170,    10,   91000000,   52395141,        0,  -38604859,          0
 20170,    11,   91000000,   46706512,        0,  -44293488,          0
 20170,    12,   91000000,   90703794,        0,    -296206,          0
 20170,    13,   91000000,   29340220,        0,  -61659780,          0
 20170,    14,   91000000,  125161676,        1,   34161676,   34161676
 20170,    15,   91000000,  129836839,        1,   38836839,   38836839
 20170,    16,   91000000,   96225890,        1,    5225890,    5225890
 20170,    17,   91000000,  135629625,        1,   44629625,   44629625
 20170,    18,   91000000,  116575071,        1,   25575071,   25575071
 20170,    19,   91000000,  122239340,        1,   31239340,   31239340
 20170,    20,   91000000,   83604139,        0,   -7395861,          0
 20170,    21,   91000000,   86134574,        0,   -4865426,          0
 20170,    22,   91000000,  100285707,        1,    9285707,    9285707
 20170,    23,   91000000,   36060606,        0,  -54939394,          0
 20170,    24,   91000000,   49808016,        0,  -41191984,          0
 20170,    25,   91000000,  132423930,        1,   41423930,   41423930
 20170,    26,   91000000,  188924307,        1,   97924307,   97924307
 20170,    27,   91000000,  137703935,        1,   46703935,   46703935
 20170,    28,   91000000,  185927989,        1,   94927989,   94927989
 20170,    29,   91000000,  134320042,        1,   43320042,   43320042
 20170,    30,   91000000,   73396768,        0,  -17603232,          0
 20170,    31,   91000000,   63242777,        0,  -27757223,          0
 20170,    32,   91000000,   26414530,        0,  -64585470,          0
 20170,    33,   91000000,   49735999,        0,  -41264001,          0
 20170,    34,   91000000,  111535970,        1,   20535970,   20535970
 20170,    35,   91000000,   72912693,        0,  -18087307,          0
 20170,    36,   91000000,   61602606,        0,  -29397394,          0
 20170,    37,   91000000,   56005198,        0,  -34994802,          0
 20170,    38,   91000000,  123944843,        1,   32944843,   32944843
 20170,    39,   91000000,   59297072,        0,  -31702928,          0
 20170,    40,   91000000,   94216874,        1,    3216874,    3216874
 20170,    41,   91000000,   33190264,        0,  -57809736,          0
 20170,    42,   91000000,   60974523,        0,  -30025477,          0
 20170,    43,   91000000,  220861790,        1,  129861790,  129861790
 20170,    44,   91000000,  308515805,        1,  217515805,  217515805
 20170,    45,   91000000,  282479658,        1,  191479658,  191479658
 20170,    46,   91000000,  310898880,        1,  219898880,  219898880
 20170,    47,   91000000,  246289265,        1,  155289265,  155289265
 20170,    48,   91000000,  181681682,        1,   90681682,   90681682
 20170,    49,   91000000,  233780556,        1,  142780556,  142780556
 20170,    50,   91000000,  278745826,        1,  187745826,  187745826
 20170,    51,   91000000,  309098620,        1,  218098620,  218098620
 20170,    52,   91000000,  280484321,        1,  189484321,  189484321
 20170,    53,   91000000,  241647502,        1,  150647502,  150647502
 20170,    54,   91000000,  198144334,        1,  107144334,  107144334
 20170,    55,   91000000,  133811071,        1,   42811071,   42811071
 20170,    56,   91000000,   69189312,        0,  -21810688,          0
 20170,    57,   91000000,  279779341,        1,  188779341,  188779341
 20170,    58,   91000000,  337380683,        1,  246380683,  246380683
 20170,    59,   91000000,  275154509,        1,  184154509,  184154509
 20170,    60,   91000000,  210522078,        1,  119522078,  119522078
 20170,    61,   91000000,  145875751,        1,   54875751,   54875751
 20170,    62,   91000000,   81219740,        0,   -9780260,          0
 20170,    63,   91000000,   84100539,        0,   -6899461,          0
 20170,    64,   91000000,   59736195,        0,  -31263805,          0
 20170,    65,   91000000,   86701387,        0,   -4298613,          0
 20170,    66,   91000000,   75504491,        0,  -15495509,          0
 20170,    67,   91000000,  204043558,        1,  113043558,  113043558
 20170,    68,   91000000,  336293210,        1,  245293210,  245293210
 20170,    69,   91000000,  304030226,        1,  213030226,  213030226
 20170,    70,   91000000,  415508356,        1,  324508356,  324508356
 20170,    71,   91000000,  407709960,        1,  316709960,  316709960
 20170,    72,   91000000,  343371717,        1,  252371717,  252371717
 20170,    73,   91000000,  278731721,        1,  187731721,  187731721
 20170,    74,   91000000,  314042161,        1,  223042161,  223042161
 20170,    75,   91000000,  272126401,        1,  181126401,  181126401
 20170,    76,   91000000,  243297611,        1,  152297611,  152297611
 20170,    77,   91000000,  179348614,        1,   88348614,   88348614
 20170,    78,   91000000,  114722386,        1,   23722386,   23722386
 20170,    79,   91000000,   50093542,        0,  -40906458,          0
 20170,    80,   91000000,  165450773,        1,   74450773,   74450773
 20170,    81,   91000000,  146674040,        1,   55674040,   55674040
 20170,    82,   91000000,  189340302,        1,   98340302,   98340302
 20170,    83,   91000000,  156295960,        1,   65295960,   65295960
 20170,    84,   91000000,  102166334,        1,   11166334,   11166334
 20170,    85,   91000000,   55187368,        0,  -35812632,          0
 20170,    86,   91000000,  188186959,        1,   97186959,   97186959
 20170,    87,   91000000,  190114325,        1,   99114325,   99114325
 20170,    88,   91000000,  182765548,        1,   91765548,   91765548
 20170,    89,   91000000,  169161975,        1,   78161975,   78161975
 20170,    90,   91000000,  142338146,        1,   51338146,   51338146
 20170,    91,   91000000,   98435336,        1,    7435336,    7435336
 20170,    92,   91000000,   37067018,        0,  -53932982,          0
 20170,    93,   91000000,   52967938,        0,  -38032062,          0
 20170,    94,   91000000,   53714613,        0,  -37285387,          0
 20170,    95,   91000000,   38725111,        0,  -52274889,          0
 20170,    96,   91000000,  110194188,        1,   19194188,   19194188
 20170,    97,   91000000,   91422444,        1,     422444,     422444
 20170,    98,   91000000,   56074845,        0,  -34925155,          0
 20170,    99,   91000000,   52427456,        0,  -38572544,          0
 20170,   100,   91000000,  256403374,        1,  165403374,  165403374
 20170,   101,   91000000,  421371555,        1,  330371555,  330371555
 20170,   102,   91000000,  357007113,        1,  266007113,  266007113
 20170,   103,   91000000,  292363909,        1,  201363909,  201363909
 20170,   104,   91000000,  227709243,        1,  136709243,  136709243
 20170,   105,   91000000,  163061460,        1,   72061460,   72061460
 20170,   106,   91000000,  125812723,        1,   34812723,   34812723
 20170,   107,   91000000,  101196307,        1,   10196307,   10196307
 20170,   108,   91000000,   90777923,        0,    -222077,          0
 20170,   109,   91000000,  218551422,        1,  127551422,  127551422
 20170,   110,   91000000,  375781763,        1,  284781763,  284781763
 20170,   111,   91000000,  316989812,        1,  225989812,  225989812
 20170,   112,   91000000,  252336573,        1,  161336573,  161336573
 20170,   113,   91000000,  187668539,        1,   96668539,   96668539
# task NAME=myapp PID=20174 COST=56556000 PERIOD=87000000 CPU=0
 20174,     2,   87000000,      13834,        0,  -86986166,          0
 20174,     3,   87000000,     305862,        0,  -86694138,          0
 20174,     4,   87000000,   65639472,        0,  -21360528,          0
 20174,     5,   87000000,  106852304,        1,   19852304,   19852304
 20174,     6,   87000000,  128695918,        1,   41695918,   41695918
 20174,     7,   87000000,  211740118,        1,  124740118,  124740118
 20174,     8,   87000000,  273579586,        1,  186579586,  186579586
 20174,     9,   87000000,  326953852,        1,  239953852,  239953852
 20174,    10,   87000000,  361079083,        1,  274079083,  274079083
 20174,    11,   87000000,  356656257,        1,  269656257,  269656257
 20174,    12,   87000000,  469902240,        1,  382902240,  382902240
 20174,    13,   87000000,  765309611,        1,  678309611,  678309611
 20174,    14,   87000000,  791971520,        1,  704971520,  704971520
 20174,    15,   87000000,  760978802,        1,  673978802,  673978802
 20174,    16,   87000000,  740405287,        1,  653405287,  653405287
 20174,    17,   87000000,  820568968,        1,  733568968,  733568968
 20174,    18,   87000000,  975775475,        1,  888775475,  888775475
 20174,    19,   87000000,  978990763,        1,  891990763,  891990763
 20174,    20,   87000000,  948032349,        1,  861032349,  861032349
 20174,    21,   87000000,  930384433,        1,  843384433,  843384433
 20174,    22,   87000000,  999459060,        1,  912459060,  912459060
 20174,    23,   87000000,  968549129,        1,  881549129,  881549129
 20174,    24,   87000000,  937827655,        1,  850827655,  850827655
 20174,    25,   87000000,  906893561,        1,  819893561,  819893561
 20174,    26,   87000000,  926378591,        1,  839378591,  839378591
 20174,    27,   87000000,  895745637,        1,  808745637,  808745637
 20174,    28,   87000000,  993198368,        1,  906198368,  906198368
 20174,    29,   87000000,  962503108,        1,  875503108,  875503108
 20174,    30,   87000000,  931591924,        1,  844591924,  844591924
 20174,    31,   87000000, 1032224414,        1,  945224414,  945224414
 20174,    32,   87000000, 1086071874,        1,  999071874,  999071874
 20174,    33,   87000000, 1108081926,        1, 1021081926, 1021081926
 20174,    34,   87000000, 1230038000,        1, 1143038000, 1143038000
 20174,    35,   87000000, 1243476239,        1, 1156476239, 1156476239
 20174,    36,   87000000, 1476341136,        1, 1389341136, 1389341136
 20174,    37,   87000000, 1447048842,        1, 1360048842, 1360048842
 20174,    38,   87000000, 1416071627,        1, 1329071627, 1329071627
 20174,    39,   87000000, 1407832109,        1, 1320832109, 1320832109
 20174,    40,   87000000, 1518037164,        1, 1431037164, 1431037164
 20174,    41,   87000000, 1517778636,        1, 1430778636, 1430778636
 20174,    42,   87000000, 1487153559,        1, 1400153559, 1400153559
 20174,    43,   87000000, 1456187144,        1, 1369187144, 1369187144
 20174,    44,   87000000, 1425484281,        1, 1338484281, 1338484281
 20174,    45,   87000000, 1394503964,        1, 1307503964, 1307503964
 20174,    46,   87000000, 1363831656,        1, 1276831656, 1276831656
 20174,    47,   87000000, 1332858969,        1, 1245858969, 1245858969
 20174,    48,   87000000, 1301914270,        1, 1214914270, 1214914270
 20174,    49,   87000000, 1305105622,        1, 1218105622, 1218105622
 20174,    50,   87000000, 1297044243,        1, 1210044243, 1210044243
 20174,    51,   87000000, 1266109646,        1, 1179109646, 1179109646
 20174,    52,   87000000, 1349891716,        1, 1262891716, 1262891716
 20174,    53,   87000000, 1372329775,        1, 1285329775, 1285329775
 20174,    54,   87000000, 1354371359,        1, 1267371359, 1267371359
 20174,    55,   87000000, 1504514852,        1, 1417514852, 1417514852
 20174,    56,   87000000, 1473616011,        1, 1386616011, 1386616011
 20174,    57,   87000000, 1442945908,        1, 1355945908, 1355945908
 20174,    58,   87000000, 1411969641,        1, 1324969641, 1324969641
 20174,    59,   87000000, 1381301449,        1, 1294301449, 1294301449
 20174,    60,   87000000, 1350340150,        1, 1263340150, 1263340150
 20174,    61,   87000000, 1319681107,        1, 1232681107, 1232681107
 20174,    62,   87000000, 1288693186,        1, 1201693186, 1201693186
 20174,    63,   87000000, 1258001654,        1, 1171001654, 1171001654
 20174,    64,   87000000, 1246535756,        1, 1159535756, 1159535756
 20174,    65,   87000000, 1239391682,        1, 1152391682, 1152391682
 20174,    66,   87000000, 1322071313,        1, 1235071313, 1235071313
 20174,    67,   87000000, 1333034026,        1, 1246034026, 1246034026
 20174,    68,   87000000, 1302190767,        1, 1215190767, 1215190767
 20174,    69,   87000000, 1271574557,        1, 1184574557, 1184574557
 20174,    70,   87000000, 1240658280,        1, 1153658280, 1153658280
 20174,    71,   87000000, 1269087893,        1, 1182087893, 1182087893
 20174,    72,   87000000, 1500223558,        1, 1413223558, 1413223558
 20174,    73,   87000000, 1469328605,        1, 1382328605, 1382328605
 20174,    74,   87000000, 1438689066,        1, 1351689066, 1351689066
 20174,    75,   87000000, 1703114699,        1, 1616114699, 1616114699
 20174,    76,   87000000, 1672548341,        1, 1585548341, 1585548341
 20174,    77,   87000000, 1725777731,        1, 1638777731, 1638777731
 20174,    78,   87000000, 1899342294,        1, 1812342294, 1812342294
 20174,    79,   87000000, 1930413198,        1, 1843413198, 1843413198
 20174,    80,   87000000, 1899730445,        1, 1812730445, 1812730445
 20174,    81,   87000000, 1868753320,        1, 1781753320, 1781753320
 20174,    82,   87000000, 2137715665,        1, 2050715665, 2050715665
 20174,    83,   87000000, 2236106298,        1, 2149106298, 2149106298
 20174,    84,   87000000, 2205442725,        1, 2118442725, 2118442725
 20174,    85,   87000000, 2414156076,        1, 2327156076, 2327156076
 20174,    86,   87000000, 2478055201,        1, 2391055201, 2391055201
 20174,    87,   87000000, 2563674542,        1, 2476674542, 2476674542
 20174,    88,   87000000, 2572965804,        1, 2485965804, 2485965804
 20174,    89,   87000000, 2567797217,        1, 2480797217, 2480797217
 20174,    90,   87000000, 2582005423,        1, 2495005423, 2495005423
 20174,    91,   87000000, 2581346325,        1, 2494346325, 2494346325
 20174,    92,   87000000, 2620810549,        1, 2533810549, 2533810549
 20174,    93,   87000000, 2605405319,        1, 2518405319, 2518405319
 20174,    94,   87000000, 2574731775,        1, 2487731775, 2487731775
 20174,    95,   87000000, 2623322710,        1, 2536322710, 2536322710
 20174,    96,   87000000, 2592369039,        1, 2505369039, 2505369039
 20174,    97,   87000000, 2579575971,        1, 2492575971, 2492575971
# task NAME=myapp PID=20177 COST=19389000 PERIOD=65000000 CPU=0
 20177,     2,   65000000,       2815,        0,  -64997185,          0
 20177,     3,   65000000,     291784,        0,  -64708216,          0
 20177,     4,   65000000,   22386684,        0,  -42613316,          0
 20177,     5,   65000000,  135355848,        1,   70355848,   70355848
 20177,     6,   65000000,  194748015,        1,  129748015,  129748015
 20177,     7,   65000000,  161981741,        1,   96981741,   96981741
 20177,     8,   65000000,  133149959,        1,   68149959,   68149959
 20177,     9,   65000000,   87945309,        1,   22945309,   22945309
 20177,    10,   65000000,   55870892,        0,   -9129108,          0
 20177,    11,   65000000,  298155364,        1,  233155364,  233155364
 20177,    12,   65000000,  288672359,        1,  223672359,  223672359
 20177,    13,   65000000,  278908683,        1,  213908683,  213908683
 20177,    14,   65000000,  281413390,        1,  216413390,  216413390
 20177,    15,   65000000,  248640470,        1,  183640470,  183640470
 20177,    16,   65000000,  228872245,        1,  163872245,  163872245
 20177,    17,   65000000,  192526199,        1,  127526199,  127526199
 20177,    18,   65000000,  191760147,        1,  126760147,  126760147
 20177,    19,   65000000,  199928366,        1,  134928366,  134928366
 20177,    20,   65000000,  167164642,        1,  102164642,  102164642
 20177,    21,   65000000,  222751749,        1,  157751749,  157751749
 20177,    22,   65000000,  208971995,        1,  143971995,  143971995
 20177,    23,   65000000,  176471054,        1,  111471054,  111471054
 20177,    24,   65000000,  192830460,        1,  127830460,  127830460
 20177,    25,   65000000,  160047843,        1,   95047843,   95047843
 20177,    26,   65000000,  139099565,        1,   74099565,   74099565
 20177,    27,   65000000,  133478929,        1,   68478929,   68478929
 20177,    28,   65000000,   99010087,        1,   34010087,   34010087
 20177,    29,   65000000,   53254502,        0,  -11745498,          0
 20177,    30,   65000000,   67513910,        1,    2513910,    2513910
 20177,    31,   65000000,   25045426,        0,  -39954574,          0
 20177,    32,   65000000,  116520181,        1,   51520181,   51520181
 20177,    33,   65000000,  123298335,        1,   58298335,   58298335
 20177,    34,   65000000,   77521624,        1,   12521624,   12521624
 20177,    35,   65000000,   35314155,        0,  -29685845,          0
 20177,    36,   65000000,  129330233,        1,   64330233,   64330233
 20177,    37,   65000000,   99466266,        1,   34466266,   34466266
 20177,    38,   65000000,  144011003,        1,   79011003,   79011003
 20177,    39,   65000000,  111245264,        1,   46245264,   46245264
 20177,    40,   65000000,  117527623,        1,   52527623,   52527623
 20177,    41,   65000000,   84755609,        1,   19755609,   19755609
 20177,    42,   65000000,   77718392,        1,   12718392,   12718392
 20177,    43,   65000000,   45067946,        0,  -19932054,          0
 20177,    44,   65000000,  133107566,        1,   68107566,   68107566
 20177,    45,   65000000,  284287677,        1,  219287677,  219287677
 20177,    46,   65000000,  263735979,        1,  198735979,  198735979
 20177,    47,   65000000,  230942028,        1,  165942028,  165942028
 20177,    48,   65000000,  212302595,        1,  147302595,  147302595
 20177,    49,   65000000,  219694229,        1,  154694229,  154694229
 20177,    50,   65000000,  227241667,        1,  162241667,  162241667
 20177,    51,   65000000,  194455583,        1,  129455583,  129455583
 20177,    52,   65000000,  174966413,        1,  109966413,  109966413
 20177,    53,   65000000,  139563388,        1,   74563388,   74563388
 20177,    54,   65000000,  106779141,        1,   41779141,   41779141
 20177,    55,   65000000,   86999671,        1,   21999671,   21999671
 20177,    56,   65000000,   83821841,        1,   18821841,   18821841
 20177,    57,   65000000,  170000376,        1,  105000376,  105000376
 20177,    58,   65000000,  145244366,        1,   80244366,   80244366
 20177,    59,   65000000,   99746836,        1,   34746836,   34746836
 20177,    60,   65000000,   53961707,        0,  -11038293,          0
 20177,    61,   65000000,  149314559,        1,   84314559,   84314559
 20177,    62,   65000000,  106870602,        1,   41870602,   41870602
 20177,    63,   65000000,   64382458,        0,    -617542,          0
 20177,    64,   65000000,   22165633,        0,  -42834367,          0
 20177,    65,   65000000,   61416022,        0,   -3583978,          0
 20177,    66,   65000000,   89304247,        1,   24304247,   24304247
 20177,    67,   65000000,   74190608,        1,    9190608,    9190608
 20177,    68,   65000000,  127405090,        1,   62405090,   62405090
 20177,    69,   65000000,  236927959,        1,  171927959,  171927959
 20177,    70,   65000000,  272150422,        1,  207150422,  207150422
 20177,    71,   65000000,  261173666,        1,  196173666,  196173666
 20177,    72,   65000000,  227360497,        1,  162360497,  162360497
 20177,    73,   65000000,  188791768,        1,  123791768,  123791768
 20177,    74,   65000000,  166339016,        1,  101339016,  101339016
 20177,    75,   65000000,  120610765,        1,   55610765,   55610765
 20177,    76,   65000000,   74830327,        1,    9830327,    9830327
 20177,    77,   65000000,   29061972,        0,  -35938028,          0
 20177,    78,   65000000,   36411839,        0,  -28588161,          0
 20177,    79,   65000000,  166242598,        1,  101242598,  101242598
 20177,    80,   65000000,  162114274,        1,   97114274,   97114274
 20177,    81,   65000000,  126720756,        1,   61720756,   61720756
 20177,    82,   65000000,  155680467,        1,   90680467,   90680467
 20177,    83,   65000000,  126055992,        1,   61055992,   61055992
 20177,    84,   65000000,   92884090,        1,   27884090,   27884090
 20177,    85,   65000000,   69412767,        1,    4412767,    4412767
 20177,    86,   65000000,  136569805,        1,   71569805,   71569805
 20177,    87,   65000000,   90796604,        1,   25796604,   25796604
 20177,    88,   65000000,   60364371,        0,   -4635629,          0
 20177,    89,   65000000,  139265832,        1,   74265832,   74265832
 20177,    90,   65000000,  165625515,        1,  100625515,  100625515
 20177,    91,   65000000,  119961371,        1,   54961371,   54961371
 20177,    92,   65000000,   74500793,        1,    9500793,    9500793
 20177,    93,   65000000,   28701428,        0,  -36298572,          0
 20177,    94,   65000000,  112977744,        1,   47977744,   47977744
 20177,    95,   65000000,   70501497,        1,    5501497,    5501497
 20177,    96,   65000000,   24836368,        0,  -40163632,          0
 20177,    97,   65000000,  196315509,        1,  131315509,  131315509
 20177,    98,   65000000,  153809851,        1,   88809851,   88809851
 20177,    99,   65000000,  171913839,        1,  106913839,  106913839
 20177,   100,   65000000,  254928167,        1,  189928167,  189928167
 20177,   101,   65000000,  232438129,        1,  167438129,  167438129
 20177,   102,   65000000,  186663770,        1,  121663770,  121663770
 20177,   103,   65000000,  144168078,        1,   79168078,   79168078
 20177,   104,   65000000,  101662013,        1,   36662013,   36662013
 20177,   105,   65000000,   59150353,        0,   -5849647,          0
 20177,   106,   65000000,   97065730,        1,   32065730,   32065730
 20177,   107,   65000000,   84633286,        1,   19633286,   19633286
 20177,   108,   65000000,   61499959,        0,   -3500041,          0
 20177,   109,   65000000,   36721268,        0,  -28278732,          0
 20177,   110,   65000000,   32297304,        0,  -32702696,          0
 20177,   111,   65000000,  184583550,        1,  119583550,  119583550
 20177,   112,   65000000,  280598871,        1,  215598871,  215598871
 20177,   113,   65000000,  234845979,        1,  169845979,  169845979
 20177,   114,   65000000,  189058396,        1,  124058396,  124058396
 20177,   115,   65000000,  143267294,        1,   78267294,   78267294
 20177,   116,   65000000,  107699383,        1,   42699383,   42699383
 20177,   117,   65000000,   62193238,        0,   -2806762,          0
 20177,   118,   65000000,   19240131,        0,  -45759869,          0
 20177,   119,   65000000,  189167232,        1,  124167232,  124167232
 20177,   120,   65000000,  209415924,        1,  144415924,  144415924
 20177,   121,   65000000,  199919843,        1,  134919843,  134919843
 20177,   122,   65000000,  190148727,        1,  125148727,  125148727
 20177,   123,   65000000,  176795378,        1,  111795378,  111795378
 20177,   124,   65000000,  131038242,        1,   66038242,   66038242
 20177,   125,   65000000,  230612704,        1,  165612704,  165612704
 20177,   126,   65000000,  184851245,        1,  119851245,  119851245
 20177,   127,   65000000,  139088482,        1,   74088482,   74088482
 20177,   128,   65000000,  243889044,        1,  178889044,  178889044
 20177,   129,   65000000,  210619490,        1,  145619490,  145619490
 20177,   130,   65000000,  164835241,        1,   99835241,   99835241
 20177,   131,   65000000,  119049997,        1,   54049997,   54049997
 20177,   132,   65000000,   83764340,        1,   18764340,   18764340
 20177,   133,   65000000,  123600107,        1,   58600107,   58600107
 20177,   134,   65000000,  234351654,        1,  169351654,  169351654
 20177,   135,   65000000,  188582820,        1,  123582820,  123582820
 20177,   136,   65000000,  142796016,        1,   77796016,   77796016
 20177,   137,   65000000,   97003190,        1,   32003190,   32003190
 20177,   138,   65000000,   51219801,        0,  -13780199,          0
 20177,   139,   65000000,  207338699,        1,  142338699,  142338699
 20177,   140,   65000000,  252824978,        1,  187824978,  187824978
 20177,   141,   65000000,  220084087,        1,  155084087,  155084087
 20177,   142,   65000000,  200319483,        1,  135319483,  135319483
 20177,   143,   65000000,  167539099,        1,  102539099,  102539099
 20177,   144,   65000000,  149749170,        1,   84749170,   84749170
 20177,   145,   65000000,  132151904,        1,   67151904,   67151904
 20177,   146,   65000000,  102656888,        1,   37656888,   37656888
 20177,   147,   65000000,   86173101,        1,   21173101,   21173101
 20177,   148,   65000000,   42540365,        0,  -22459635,          0
 20177,   149,   65000000,   70886960,        1,    5886960,    5886960
 20177,   150,   65000000,   28384418,        0,  -36615582,          0
 20177,   151,   65000000,   30602296,        0,  -34397704,          0
 20177,   152,   65000000,  135713347,        1,   70713347,   70713347
 20177,   153,   65000000,  111059943,        1,   46059943,   46059943
 20177,   154,   65000000,   68574369,        1,    3574369,    3574369
 20177,   155,   65000000,   22780014,        0,  -42219986,          0
 20177,   156,   65000000,   57532133,        0,   -7467867,          0
 20177,   157,   65000000,   45994918,        0,  -19005082,          0
# task NAME=myapp PID=20182 COST=21318000 PERIOD=27000000 CPU=0
 20182,     2,   27000000,      14216,        0,  -26985784,          0
 20182,     3,   27000000,     164955,        0,  -26835045,          0
 20182,     4,   27000000,   21158855,        0,   -5841145,          0
 20182,     5,   27000000,   23413119,        0,   -3586881,          0
 20182,     6,   27000000,   73568115,        1,   46568115,   46568115
 20182,     7,   27000000,   67702089,        1,   40702089,   40702089
 20182,     8,   27000000,   61818301,        1,   34818301,   34818301
 20182,     9,   27000000,   55937944,        1,   28937944,   28937944
 20182,    10,   27000000,   51007333,        1,   24007333,   24007333
 20182,    11,   27000000,   45155407,        1,   18155407,   18155407
 20182,    12,   27000000,   39297844,        1,   12297844,   12297844
 20182,    13,   27000000,   93987193,        1,   66987193,   66987193
 20182,    14,   27000000,   88133737,        1,   61133737,   61133737
 20182,    15,   27000000,   82266171,        1,   55266171,   55266171
 20182,    16,   27000000,   76389584,        1,   49389584,   49389584
 20182,    17,   27000000,   70494613,        1,   43494613,   43494613
 20182,    18,   27000000,   64600202,        1,   37600202,   37600202
 20182,    19,   27000000,   81168765,        1,   54168765,   54168765
 20182,    20,   27000000,  355816996,        1,  328816996,  328816996
 20182,    21,   27000000,  403966341,        1,  376966341,  376966341
 20182,    22,   27000000,  434133597,        1,  407133597,  407133597
 20182,    23,   27000000,  482438269,        1,  455438269,  455438269
 20182,    24,   27000000,  509755243,        1,  482755243,  482755243
 20182,    25,   27000000,  542790085,        1,  515790085,  515790085
 20182,    26,   27000000,  536920416,        1,  509920416,  509920416
 20182,    27,   27000000,  531049713,        1,  504049713,  504049713
 20182,    28,   27000000,  525157845,        1,  498157845,  498157845
 20182,    29,   27000000,  523478159,        1,  496478159,  496478159
 20182,    30,   27000000,  517601435,        1,  490601435,  490601435
 20182,    31,   27000000,  511720816,        1,  484720816,  484720816
 20182,    32,   27000000,  505841777,        1,  478841777,  478841777
 20182,    33,   27000000,  499945146,        1,  472945146,  472945146
 20182,    34,   27000000,  494057367,        1,  467057367,  467057367
 20182,    35,   27000000,  501175790,        1,  474175790,  474175790
 20182,    36,   27000000,  521297034,        1,  494297034,  494297034
 20182,    37,   27000000,  528415286,        1,  501415286,  501415286
 20182,    38,   27000000,  537157506,        1,  510157506,  510157506
 20182,    39,   27000000,  531270710,        1,  504270710,  504270710
 20182,    40,   27000000,  525376130,        1,  498376130,  498376130
 20182,    41,   27000000,  519496824,        1,  492496824,  492496824
 20182,    42,   27000000,  513607031,        1,  486607031,  486607031
 20182,    43,   27000000,  507705979,        1,  480705979,  480705979
 20182,    44,   27000000,  502098362,        1,  475098362,  475098362
 20182,    46,   27000000,  490317793,        1,  463317793,  463317793
 20182,    47,   27000000,  527341974,        1,  500341974,  500341974
 20182,    48,   27000000,  567640072,        1,  540640072,  540640072
 20182,    49,   27000000,  579587931,        1,  552587931,  552587931
 20182,    50,   27000000,  573738417,        1,  546738417,  546738417
 20182,    51,   27000000,  568160690,        1,  541160690,  541160690
 20182,    52,   27000000,  562268365,        1,  535268365,  535268365
 20182,    53,   27000000,  556374788,        1,  529374788,  529374788
 20182,    54,   27000000,  563500378,        1,  536500378,  536500378
 20182,    55,   27000000,  559913119,        1,  532913119,  532913119
 20182,    56,   27000000,  554729563,        1,  527729563,  527729563
 20182,    57,   27000000,  548854999,        1,  521854999,  521854999
 20182,    58,   27000000,  542998319,        1,  515998319,  515998319
 20182,    59,   27000000,  542393766,        1,  515393766,  515393766
 20182,    60,   27000000,  595908842,        1,  568908842,  568908842
 20182,    61,   27000000,  590066401,        1,  563066401,  563066401
 20182,    62,   27000000,  584192612,        1,  557192612,  557192612
 20182,    63,   27000000,  578332292,        1,  551332292,  551332292
 20182,    64,   27000000,  572454316,        1,  545454316,  545454316
 20182,    65,   27000000,  577181723,        1,  550181723,  550181723
 20182,    66,   27000000,  622607938,        1,  595607938,  595607938
 20182,    67,   27000000,  616715330,        1,  589715330,  589715330
# task NAME=myapp PID=20186 COST=3306000 PERIOD=69000000 CPU=0
 20186,     2,   69000000,      14499,        0,  -68985501,          0
 20186,     3,   69000000,     320202,        0,  -68679798,          0
 20186,     4,   69000000,    3600157,        0,  -65399843,          0
 20186,     5,   69000000,   75325845,        1,    6325845,    6325845
 20186,     6,   69000000,   33653040,        0,  -35346960,          0
 20186,     7,   69000000,   56438866,        0,  -12561134,          0
 20186,     8,   69000000,    9323405,        0,  -59676595,          0
 20186,     9,   69000000,   32536326,        0,  -36463674,          0
 20186,    10,   69000000,   27567268,        0,  -41432732,          0
 20186,    11,   69000000,    5857479,        0,  -63142521,          0
 20186,    12,   69000000,    3309245,        0,  -65690755,          0
 20186,    13,   69000000,    3312344,        0,  -65687656,          0
 20186,    14,   69000000,   18982126,        0,  -50017874,          0
 20186,    15,   69000000,   19379865,        0,  -49620135,          0
 20186,    16,   69000000,   15984304,        0,  -53015696,          0
 20186,    17,   69000000,   21688226,        0,  -47311774,          0
 20186,    18,   69000000,   55518989,        0,  -13481011,          0
 20186,    19,   69000000,   25442652,        0,  -43557348,          0
 20186,    20,   69000000,   17534588,        0,  -51465412,          0
 20186,    21,   69000000,   40504392,        0,  -28495608,          0
 20186,    22,   69000000,  114917076,        1,   45917076,   45917076
 20186,    23,   69000000,   49200471,        0,  -19799529,          0
 20186,    24,   69000000,   35853583,        0,  -33146417,          0
 20186,    25,   69000000,   42566742,        0,  -26433258,          0
 20186,    26,   69000000,   46980430,        0,  -22019570,          0
 20186,    27,   69000000,    3317855,        0,  -65682145,          0
 20186,    28,   69000000,   74425283,        1,    5425283,    5425283
 20186,    29,   69000000,   31795379,        0,  -37204621,          0
 20186,    30,   69000000,   59644868,        0,   -9355132,          0
 20186,    31,   69000000,   16309933,        0,  -52690067,          0
 20186,    32,   69000000,   46178774,        0,  -22821226,          0
 20186,    33,   69000000,   26100365,        0,  -42899635,          0
 20186,    34,   69000000,   43171798,        0,  -25828202,          0
 20186,    35,   69000000,   53479780,        0,  -15520220,          0
 20186,    36,   69000000,   72064776,        1,    3064776,    3064776
 20186,    37,   69000000,  121535502,        1,   52535502,   52535502
 20186,    38,   69000000,   88606585,        1,   19606585,   19606585
 20186,    39,   69000000,   49257829,        0,  -19742171,          0
 20186,    40,   69000000,   30662684,        0,  -38337316,          0
 20186,    41,   69000000,    5089242,        0,  -63910758,          0
 20186,    42,   69000000,   10188882,        0,  -58811118,          0
 20186,    43,   69000000,   23023530,        0,  -45976470,          0
 20186,    44,   69000000,   56387679,        0,  -12612321,          0
 20186,    45,   69000000,   25724845,        0,  -43275155,          0
 20186,    46,   69000000,   21201732,        0,  -47798268,          0
 20186,    47,   69000000,   11520915,        0,  -57479085,          0
 20186,    48,   69000000,   17570298,        0,  -51429702,          0
 20186,    49,   69000000,    5764824,        0,  -63235176,          0
 20186,    50,   69000000,   63728367,        0,   -5271633,          0
 20186,    51,   69000000,   29851285,        0,  -39148715,          0
 20186,    52,   69000000,   61065367,        0,   -7934633,          0
 20186,    53,   69000000,   14501941,        0,  -54498059,          0
 20186,    54,   69000000,    4837608,        0,  -64162392,          0
 20186,    55,   69000000,   23197306,        0,  -45802694,          0
 20186,    56,   69000000,   15741168,        0,  -53258832,          0
 20186,    57,   69000000,   35743516,        0,  -33256484,          0
 20186,    58,   69000000,  127631393,        1,   58631393,   58631393
 20186,    59,   69000000,   81161872,        1,   12161872,   12161872
 20186,    60,   69000000,   34665701,        0,  -34334299,          0
 20186,    61,   69000000,   14601082,        0,  -54398918,          0
 20186,    62,   69000000,   13777612,        0,  -55222388,          0
 20186,    63,   69000000,   53718956,        0,  -15281044,          0
 20186,    64,   69000000,   41482620,        0,  -27517380,          0
 20186,    65,   69000000,   61209278,        0,   -7790722,          0
 20186,    66,   69000000,   42267717,        0,  -26732283,          0
 20186,    67,   69000000,   19425225,        0,  -49574775,          0
 20186,    68,   69000000,   43810558,        0,  -25189442,          0
 20186,    69,   69000000,  127581941,        1,   58581941,   58581941
 20186,    70,   69000000,   79047631,        1,   10047631,   10047631
 20186,    71,   69000000,   64349506,        0,   -4650494,          0
 20186,    72,   69000000,   21317104,        0,  -47682896,          0
 20186,    73,   69000000,   81964566,        1,   12964566,   12964566
 20186,    74,   69000000,   44650040,        0,  -24349960,          0
 20186,    75,   69000000,  111102971,        1,   42102971,   42102971
 20186,    76,   69000000,   66140869,        0,   -2859131,          0
 20186,    77,   69000000,   40827674,        0,  -28172326,          0
 20186,    78,   69000000,   83083005,        1,   14083005,   14083005
 20186,    79,   69000000,   56920479,        0,  -12079521,          0
 20186,    80,   69000000,   41685907,        0,  -27314093,          0
 20186,    81,   69000000,   64384525,        0,   -4615475,          0
 20186,    82,   69000000,   54753122,        0,  -14246878,          0
 20186,    83,   69000000,   27379510,        0,  -41620490,          0
 20186,    84,   69000000,   24150913,        0,  -44849087,          0
 20186,    85,   69000000,   22738862,        0,  -46261138,          0
 20186,    86,   69000000,    4979686,        0,  -64020314,          0
 20186,    87,   69000000,   15778874,        0,  -53221126,          0
 20186,    88,   69000000,  102840448,        1,   33840448,   33840448
 20186,    89,   69000000,   97267130,        1,   28267130,   28267130
 20186,    90,   69000000,   40684399,        0,  -28315601,          0
 20186,    91,   69000000,   33423525,        0,  -35576475,          0
 20186,    92,   69000000,  168599726,        1,   99599726,   99599726
 20186,    93,   69000000,  122096719,        1,   53096719,   53096719
 20186,    94,   69000000,  158406858,        1,   89406858,   89406858
 20186,    95,   69000000,  225246607,        1,  156246607,  156246607
 20186,    96,   69000000,  185174857,        1,  116174857,  116174857
 20186,    97,   69000000,  138942470,        1,   69942470,   69942470
 20186,    98,   69000000,   92446744,        1,   23446744,   23446744
 20186,    99,   69000000,   45937277,        0,  -23062723,          0
 20186,   100,   69000000,  106954436,        1,   37954436,   37954436
 20186,   101,   69000000,   86462776,        1,   17462776,   17462776
 20186,   102,   69000000,   54136039,        0,  -14863961,          0
 20186,   103,   69000000,   27059559,        0,  -41940441,          0
 20186,   104,   69000000,   43804074,        0,  -25195926,          0
 20186,   105,   69000000,  137729676,        1,   68729676,   68729676
 20186,   106,   69000000,   72003927,        1,    3003927,    3003927
 20186,   107,   69000000,   71949983,        1,    2949983,    2949983
 20186,   108,   69000000,  171656570,        1,  102656570,  102656570
 20186,   109,   69000000,  144884643,        1,   75884643,   75884643
 20186,   110,   69000000,  106470277,        1,   37470277,   37470277
 20186,   111,   69000000,   43593010,        0,  -25406990,          0
 20186,   112,   69000000,   23505174,        0,  -45494826,          0
 20186,   113,   69000000,  160460054,        1,   91460054,   91460054
 20186,   114,   69000000,   94735079,        1,   25735079,   25735079
 20186,   115,   69000000,  109388137,        1,   40388137,   40388137
 20186,   116,   69000000,  124048761,        1,   55048761,   55048761
 20186,   117,   69000000,  132442850,        1,   63442850,   63442850
 20186,   118,   69000000,  125091055,        1,   56091055,   56091055
 20186,   119,   69000000,  100392558,        1,   31392558,   31392558
 20186,   120,   69000000,   36715782,        0,  -32284218,          0
 20186,   121,   69000000,   15551337,        0,  -53448663,          0
 20186,   122,   69000000,   13041800,        0,  -55958200,          0
 20186,   123,   69000000,    3324503,        0,  -65675497,          0
 20186,   124,   69000000,    3321368,        0,  -65678632,          0
 20186,   125,   69000000,   22324863,        0,  -46675137,          0
 20186,   126,   69000000,   89473790,        1,   20473790,   20473790
 20186,   127,   69000000,   36762558,        0,  -32237442,          0
 20186,   128,   69000000,   23701680,        0,  -45298320,          0
 20186,   129,   69000000,   10349529,        0,  -58650471,          0
 20186,   130,   69000000,   28708955,        0,  -40291045,          0
 20186,   131,   69000000,   56614131,        0,  -12385869,          0
 20186,   132,   69000000,  150431061,        1,   81431061,   81431061
 20186,   133,   69000000,  105175765,        1,   36175765,   36175765
 20186,   134,   69000000,   49683674,        0,  -19316326,          0
 20186,   135,   69000000,   52114506,        0,  -16885494,          0
 20186,   136,   69000000,  139630723,        1,   70630723,   70630723
 20186,   137,   69000000,  119431037,        1,   50431037,   50431037
 20186,   138,   69000000,   98943940,        1,   29943940,   29943940
 20186,   139,   69000000,   64337114,        0,   -4662886,          0
 20186,   140,   69000000,   17814789,        0,  -51185211,          0
 20186,   141,   69000000,   42173902,        0,  -26826098,          0
 20186,   142,   69000000,   28671069,        0,  -40328931,          0
 20186,   143,   69000000,   31649543,        0,  -37350457,          0
 20186,   144,   69000000,  115661236,        1,   46661236,   46661236
 20186,   145,   69000000,   66341898,        0,   -2658102,          0
 20186,   146,   69000000,   12904111,        0,  -56095889,          0
 20186,   147,   69000000,   34006784,        0,  -34993216,          0
 20186,   148,   69000000,   13762665,        0,  -55237335,          0
# task NAME=myapp PID=20189 COST=30820000 PERIOD=68000000 CPU=0
 20189,     2,   68000000,      13914,        0,  -67986086,          0
 20189,     3,   68000000,     235138,        0,  -67764862,          0
 20189,     4,   68000000,   30893579,        0,  -37106421,          0
 20189,     5,   68000000,  116726829,        1,   48726829,   48726829
 20189,     6,   68000000,   79288311,        1,   11288311,   11288311
 20189,     7,   68000000,   41828594,        0,  -26171406,          0
 20189,     8,   68000000,   76928310,        1,    8928310,    8928310
 20189,     9,   68000000,  137148660,        1,   69148660,   69148660
 20189,    10,   68000000,  133485277,        1,   65485277,   65485277
 20189,    11,   68000000,  112035422,        1,   44035422,   44035422
 20189,    12,   68000000,   92054648,        1,   24054648,   24054648
 20189,    13,   68000000,   67665402,        0,    -334598,          0
 20189,    14,   68000000,   47714911,        0,  -20285089,          0
 20189,    15,   68000000,   92925948,        1,   24925948,   24925948
 20189,    16,   68000000,  125229119,        1,   57229119,   57229119
 20189,    17,   68000000,   88732764,        1,   20732764,   20732764
 20189,    18,   68000000,  106172289,        1,   38172289,   38172289
 20189,    19,   68000000,   68717447,        1,     717447,     717447
 20189,    20,   68000000,   31254466,        0,  -36745534,          0
 20189,    21,   68000000,  158890166,        1,   90890166,   90890166
 20189,    22,   68000000,  160450026,        1,   92450026,   92450026
 20189,    23,   68000000,  136254098,        1,   68254098,   68254098
 20189,    24,   68000000,   98763198,        1,   30763198,   30763198
 20189,    25,   68000000,   61286861,        0,   -6713139,          0
 20189,    26,   68000000,  149177626,        1,   81177626,   81177626
 20189,    27,   68000000,  189173578,        1,  121173578,  121173578
 20189,    28,   68000000,  152025591,        1,   84025591,   84025591
 20189,    29,   68000000,  114542381,        1,   46542381,   46542381
 20189,    30,   68000000,   77059823,        1,    9059823,    9059823
 20189,    31,   68000000,   39561856,        0,  -28438144,          0
 20189,    32,   68000000,  135389284,        1,   67389284,   67389284
 20189,    33,   68000000,  143958067,        1,   75958067,   75958067
 20189,    34,   68000000,  132806896,        1,   64806896,   64806896
 20189,    35,   68000000,  171811294,        1,  103811294,  103811294
 20189,    36,   68000000,  206413107,        1,  138413107,  138413107
 20189,    37,   68000000,  232179254,        1,  164179254,  164179254
 20189,    38,   68000000,  231827316,        1,  163827316,  163827316
 20189,    39,   68000000,  209603706,        1,  141603706,  141603706
 20189,    40,   68000000,  172189845,        1,  104189845,  104189845
 20189,    41,   68000000,  217243347,        1,  149243347,  149243347
 20189,    42,   68000000,  205838153,        1,  137838153,  137838153
 20189,    43,   68000000,  201764979,        1,  133764979,  133764979
 20189,    44,   68000000,  164321004,        1,   96321004,   96321004
 20189,    45,   68000000,  127164987,        1,   59164987,   59164987
 20189,    46,   68000000,   89698095,        1,   21698095,   21698095
 20189,    47,   68000000,   52238560,        0,  -15761440,          0
 20189,    48,   68000000,   97405325,        1,   29405325,   29405325
 20189,    49,   68000000,   59942177,        0,   -8057823,          0
 20189,    50,   68000000,  159570383,        1,   91570383,   91570383
 20189,    51,   68000000,  122551803,        1,   54551803,   54551803
 20189,    52,   68000000,   85066065,        1,   17066065,   17066065
 20189,    53,   68000000,   83875002,        1,   15875002,   15875002
 20189,    54,   68000000,   46417837,        0,  -21582163,          0
 20189,    55,   68000000,   77794045,        1,    9794045,    9794045
 20189,    56,   68000000,   40334196,        0,  -27665804,          0
 20189,    57,   68000000,  238796171,        1,  170796171,  170796171
 20189,    58,   68000000,  206957009,        1,  138957009,  138957009
 20189,    59,   68000000,  169771285,        1,  101771285,  101771285
 20189,    60,   68000000,  132626240,        1,   64626240,   64626240
 20189,    61,   68000000,   95222255,        1,   27222255,   27222255
 20189,    62,   68000000,   57708810,        0,  -10291190,          0
 20189,    63,   68000000,  139661610,        1,   71661610,   71661610
 20189,    64,   68000000,  199728211,        1,  131728211,  131728211
 20189,    65,   68000000,  296327682,        1,  228327682,  228327682
 20189,    66,   68000000,  348328131,        1,  280328131,  280328131
 20189,    67,   68000000,  370729298,        1,  302729298,  302729298
 20189,    68,   68000000,  370625432,        1,  302625432,  302625432
 20189,    69,   68000000,  333182065,        1,  265182065,  265182065
 20189,    70,   68000000,  296111882,        1,  228111882,  228111882
 20189,    71,   68000000,  258642658,        1,  190642658,  190642658
 20189,    72,   68000000,  234242506,        1,  166242506,  166242506
 20189,    73,   68000000,  222785880,        1,  154785880,  154785880
 20189,    74,   68000000,  211327767,        1,  143327767,  143327767
 20189,    75,   68000000,  238998816,        1,  170998816,  170998816
 20189,    76,   68000000,  377425971,        1,  309425971,  309425971
 20189,    77,   68000000,  342660232,        1,  274660232,  274660232
 20189,    78,   68000000,  305203945,        1,  237203945,  237203945
 20189,    79,   68000000,  267730782,        1,  199730782,  199730782
 20189,    80,   68000000,  230239324,        1,  162239324,  162239324
 20189,    81,   68000000,  192997326,        1,  124997326,  124997326
 20189,    82,   68000000,  155509989,        1,   87509989,   87509989
 20189,    83,   68000000,  153923471,        1,   85923471,   85923471
 20189,    84,   68000000,  116760485,        1,   48760485,   48760485
 20189,    85,   68000000,   79278448,        1,   11278448,   11278448
 20189,    86,   68000000,   41776542,        0,  -26223458,          0
 20189,    87,   68000000,   93315666,        1,   25315666,   25315666
 20189,    88,   68000000,   66513167,        0,   -1486833,          0
 20189,    89,   68000000,  184601409,        1,  116601409,  116601409
 20189,    90,   68000000,  234857431,        1,  166857431,  166857431
 20189,    91,   68000000,  512973309,        1,  444973309,  444973309
 20189,    92,   68000000,  475582029,        1,  407582029,  407582029
 20189,    93,   68000000,  438110834,        1,  370110834,  370110834
 20189,    94,   68000000,  426681107,        1,  358681107,  358681107
 20189,    95,   68000000,  428265117,        1,  360265117,  360265117
 20189,    96,   68000000,  476574124,        1,  408574124,  408574124
 20189,    97,   68000000,  467146532,        1,  399146532,  399146532
 20189,    98,   68000000,  459420122,        1,  391420122,  391420122
 20189,    99,   68000000,  440417010,        1,  372417010,  372417010
 20189,   100,   68000000,  410467766,        1,  342467766,  342467766
 20189,   101,   68000000,  544659609,        1,  476659609,  476659609
 20189,   102,   68000000,  533216001,        1,  465216001,  465216001
 20189,   103,   68000000,  590703366,        1,  522703366,  522703366
 20189,   104,   68000000,  759792289,        1,  691792289,  691792289
 20189,   105,   68000000,  839696673,        1,  771696673,  771696673
 20189,   106,   68000000,  874249734,        1,  806249734,  806249734
 20189,   107,   68000000,  906804183,        1,  838804183,  838804183
 20189,   108,   68000000, 1016618878,        1,  948618878,  948618878
 20189,   109,   68000000,  979204369,        1,  911204369,  911204369
 20189,   110,   68000000, 1112151879,        1, 1044151879, 1044151879
 20189,   111,   68000000, 1111948005,        1, 1043948005, 1043948005
 20189,   112,   68000000, 1092636498,        1, 1024636498, 1024636498
 20189,   113,   68000000, 1153505738,        1, 1085505738, 1085505738
 20189,   114,   68000000, 1218199580,        1, 1150199580, 1150199580
 20189,   115,   68000000, 1180754462,        1, 1112754462, 1112754462
 20189,   116,   68000000, 1143303876,        1, 1075303876, 1075303876
 20189,   117,   68000000, 1106130804,        1, 1038130804, 1038130804
 20189,   118,   68000000, 1068661438,        1, 1000661438, 1000661438
 20189,   119,   68000000, 1031201743,        1,  963201743,  963201743
 20189,   120,   68000000,  993733998,        1,  925733998,  925733998
 20189,   121,   68000000,  956554890,        1,  888554890,  888554890
 20189,   122,   68000000,  919113046,        1,  851113046,  851113046
 20189,   123,   68000000,  881662906,        1,  813662906,  813662906
 20189,   124,   68000000,  844214187,        1,  776214187,  776214187
 20189,   125,   68000000,  807047995,        1,  739047995,  739047995
 20189,   126,   68000000,  769586889,        1,  701586889,  701586889
 20189,   127,   68000000,  732153703,        1,  664153703,  664153703
 20189,   128,   68000000,  694737385,        1,  626737385,  626737385
 20189,   129,   68000000,  657579806,        1,  589579806,  589579806
 20189,   130,   68000000,  671842433,        1,  603842433,  603842433
 20189,   131,   68000000,  657279865,        1,  589279865,  589279865
 20189,   132,   68000000,  619840292,        1,  551840292,  551840292
 20189,   133,   68000000,  582391319,        1,  514391319,  514391319
 20189,   134,   68000000,  641035611,        1,  573035611,  573035611
 20189,   135,   68000000,  609544427,        1,  541544427,  541544427
 20189,   136,   68000000,  572353724,        1,  504353724,  504353724
 20189,   137,   68000000,  534903857,        1,  466903857,  466903857
 20189,   138,   68000000,  497479232,        1,  429479232,  429479232
 20189,   139,   68000000,  460009751,        1,  392009751,  392009751
 20189,   140,   68000000,  422833379,        1,  354833379,  354833379
 20189,   141,   68000000,  385369664,        1,  317369664,  317369664
 20189,   142,   68000000,  347900047,        1,  279900047,  279900047
 20189,   143,   68000000,  324462373,        1,  256462373,  256462373
 20189,   144,   68000000,  448244089,        1,  380244089,  380244089
 20189,   145,   68000000,  410814257,        1,  342814257,  342814257
 20189,   146,   68000000,  405272238,        1,  337272238,  337272238
 20189,   147,   68000000,  367825121,        1,  299825121,  299825121
 20189,   148,   68000000,  330350669,        1,  262350669,  262350669
 20189,   149,   68000000,  308107743,        1,  240107743,  240107743
 20189,   150,   68000000,  270667480,        1,  202667480,  202667480
 20189,   151,   68000000,  282913201,        1,  214913201,  214913201
# task NAME=myapp PID=20194 COST=10328000 PERIOD=44000000 CPU=0
 20194,     2,   44000000,      14787,        0,  -43985213,          0
 20194,     3,   44000000,     255823,        0,  -43744177,          0
 20194,     4,   44000000,   10272648,        0,  -33727352,          0
 20194,     5,   44000000,   10705928,        0,  -33294072,          0
 20194,     6,   44000000,   10285423,        0,  -33714577,          0
 20194,     7,   44000000,   14167714,        0,  -29832286,          0
 20194,     8,   44000000,   15567210,        0,  -28432790,          0
 20194,     9,   44000000,  113224969,        1,   69224969,   69224969
 20194,    10,   44000000,   79468723,        1,   35468723,   35468723
 20194,    11,   44000000,   58721591,        1,   14721591,   14721591
 20194,    12,   44000000,   37963544,        0,   -6036456,          0
 20194,    13,   44000000,   10265923,        0,  -33734077,          0
 20194,    14,   44000000,   10266771,        0,  -33733229,          0
 20194,    15,   44000000,   86696051,        1,   42696051,   42696051
 20194,    16,   44000000,  124260827,        1,   80260827,   80260827
 20194,    17,   44000000,  214455266,        1,  170455266,  170455266
 20194,    18,   44000000,  198705867,        1,  154705867,  154705867
 20194,    19,   44000000,  182947868,        1,  138947868,  138947868
 20194,    20,   44000000,  167201494,        1,  123201494,  123201494
 20194,    21,   44000000,  177392626,        1,  133392626,  133392626
 20194,    22,   44000000,  148034295,        1,  104034295,  104034295
 20194,    23,   44000000,  127275223,        1,   83275223,   83275223
 20194,    24,   44000000,  106521767,        1,   62521767,   62521767
 20194,    25,   44000000,   72758966,        1,   28758966,   28758966
 20194,    26,   44000000,   51999099,        1,    7999099,    7999099
 20194,    27,   44000000,   31240702,        0,  -12759298,          0
 20194,    28,   44000000,   26983770,        0,  -17016230,          0
 20194,    29,   44000000,   74829995,        1,   30829995,   30829995
 20194,    30,   44000000,   41355248,        0,   -2644752,          0
 20194,    31,   44000000,   94465645,        1,   50465645,   50465645
 20194,    32,   44000000,  156873211,        1,  112873211,  112873211
 20194,    33,   44000000,  262209953,        1,  218209953,  218209953
 20194,    34,   44000000,  325423693,        1,  281423693,  281423693
 20194,    35,   44000000,  309605747,        1,  265605747,  265605747
 20194,    36,   44000000,  289151976,        1,  245151976,  245151976
 20194,    37,   44000000,  267859543,        1,  223859543,  223859543
 20194,    38,   44000000,  234092495,        1,  190092495,  190092495
 20194,    39,   44000000,  235152218,        1,  191152218,  191152218
 20194,    40,   44000000,  269697104,        1,  225697104,  225697104
 20194,    41,   44000000,  312380608,        1,  268380608,  268380608
 20194,    42,   44000000,  287173027,        1,  243173027,  243173027
 20194,    43,   44000000,  253418729,        1,  209418729,  209418729
 20194,    44,   44000000,  219662981,        1,  175662981,  175662981
 20194,    45,   44000000,  267510185,        1,  223510185,  223510185
 20194,    46,   44000000,  236431452,        1,  192431452,  192431452
 20194,    47,   44000000,  202666681,        1,  158666681,  158666681
 20194,    48,   44000000,  168914285,        1,  124914285,  124914285
 20194,    49,   44000000,  135150807,        1,   91150807,   91150807
 20194,    50,   44000000,  101376426,        1,   57376426,   57376426
 20194,    51,   44000000,   67606547,        1,   23606547,   23606547
 20194,    52,   44000000,   33851454,        0,  -10148546,          0
 20194,    53,   44000000,   54585316,        1,   10585316,   10585316
 20194,    54,   44000000,  112797239,        1,   68797239,   68797239
 20194,    55,   44000000,  136681364,        1,   92681364,   92681364
 20194,    56,   44000000,  156980840,        1,  112980840,  112980840
 20194,    57,   44000000,  123246011,        1,   79246011,   79246011
 20194,    58,   44000000,   89497887,        1,   45497887,   45497887
 20194,    59,   44000000,   55735434,        1,   11735434,   11735434
 20194,    60,   44000000,   21971371,        0,  -22028629,          0
 20194,    61,   44000000,   10285037,        0,  -33714963,          0
 20194,    62,   44000000,   57923693,        1,   13923693,   13923693
 20194,    63,   44000000,   24189793,        0,  -19810207,          0
 20194,    64,   44000000,  127448659,        1,   83448659,   83448659
 20194,    65,   44000000,   93700023,        1,   49700023,   49700023
 20194,    66,   44000000,   72951949,        1,   28951949,   28951949
 20194,    67,   44000000,   52492797,        1,    8492797,    8492797
 20194,    68,   44000000,   31739564,        0,  -12260436,          0
 20194,    69,   44000000,   16803638,        0,  -27196362,          0
 20194,    70,   44000000,   83535967,        1,   39535967,   39535967
 20194,    71,   44000000,   67775653,        1,   23775653,   23775653
 20194,    72,   44000000,   49235050,        1,    5235050,    5235050
 20194,    73,   44000000,   57069215,        1,   13069215,   13069215
 20194,    74,   44000000,   37322512,        0,   -6677488,          0
 20194,    75,   44000000,   13629770,        0,  -30370230,          0
 20194,    76,   44000000,   72854819,        1,   28854819,   28854819
 20194,    77,   44000000,   47451460,        1,    3451460,    3451460
 20194,    78,   44000000,   29971057,        0,  -14028943,          0
 20194,    79,   44000000,  113094670,        1,   69094670,   69094670
 20194,    80,   44000000,   80645779,        1,   36645779,   36645779
 20194,    81,   44000000,   47198510,        1,    3198510,    3198510
 20194,    82,   44000000,   13461791,        0,  -30538209,          0
 20194,    83,   44000000,   75391929,        1,   31391929,   31391929
 20194,    84,   44000000,   41935920,        0,   -2064080,          0
 20194,    85,   44000000,   10274574,        0,  -33725426,          0
 20194,    86,   44000000,   34743029,        0,   -9256971,          0
 20194,    87,   44000000,   14772778,        0,  -29227222,          0
 20194,    88,   44000000,  134211560,        1,   90211560,   90211560
 20194,    89,   44000000,  141197715,        1,   97197715,   97197715
 20194,    90,   44000000,  107446992,        1,   63446992,   63446992
 20194,    91,   44000000,   73694024,        1,   29694024,   29694024
 20194,    92,   44000000,  120261414,        1,   76261414,   76261414
 20194,    93,   44000000,   92533857,        1,   48533857,   48533857
 20194,    94,   44000000,   70170780,        1,   26170780,   26170780
 20194,    95,   44000000,   42244355,        0,   -1755645,          0
 20194,    96,   44000000,   28792377,        0,  -15207623,          0
 20194,    97,   44000000,   56992361,        1,   12992361,   12992361
 20194,    98,   44000000,   23265328,        0,  -20734672,          0
 20194,    99,   44000000,   88686423,        1,   44686423,   44686423
 20194,   100,   44000000,   67927425,        1,   23927425,   23927425
 20194,   101,   44000000,   50734188,        1,    6734188,    6734188
 20194,   102,   44000000,   29980600,        0,  -14019400,          0
 20194,   103,   44000000,   11730624,        0,  -32269376,          0
 20194,   104,   44000000,   58287741,        1,   14287741,   14287741
 20194,   105,   44000000,   37533748,        0,   -6466252,          0
 20194,   106,   44000000,   19719376,        0,  -24280624,          0
 20194,   107,   44000000,   98512659,        1,   54512659,   54512659
 20194,   108,   44000000,   78694686,        1,   34694686,   34694686
 20194,   109,   44000000,   57214075,        1,   13214075,   13214075
 20194,   110,   44000000,   32162222,        0,  -11837778,          0
 20194,   111,   44000000,   23114778,        0,  -20885222,          0
 20194,   112,   44000000,  130240201,        1,   86240201,   86240201
 20194,   113,   44000000,  205117669,        1,  161117669,  161117669
 20194,   114,   44000000,  171352900,        1,  127352900,  127352900
 20194,   115,   44000000,  137586067,        1,   93586067,   93586067
 20194,   116,   44000000,  103817718,        1,   59817718,   59817718
 20194,   117,   44000000,   73335344,        1,   29335344,   29335344
 20194,   118,   44000000,   39856064,        0,   -4143936,          0
 20194,   119,   44000000,   39546628,        0,   -4453372,          0
 20194,   120,   44000000,   51520200,        1,    7520200,    7520200
 20194,   121,   44000000,   35761416,        0,   -8238584,          0
 20194,   122,   44000000,   61567450,        1,   17567450,   17567450
 20194,   123,   44000000,   45355392,        1,    1355392,    1355392
 20194,   124,   44000000,   24993689,        0,  -19006311,          0
 20194,   125,   44000000,  164727630,        1,  120727630,  120727630
 20194,   126,   44000000,  143975812,        1,   99975812,   99975812
 20194,   127,   44000000,  110211140,        1,   66211140,   66211140
 20194,   128,   44000000,   89455259,        1,   45455259,   45455259
 20194,   129,   44000000,   55979471,        1,   11979471,   11979471
 20194,   130,   44000000,   22236054,        0,  -21763946,          0
 20194,   131,   44000000,   56392275,        1,   12392275,   12392275
 20194,   132,   44000000,   38038597,        0,   -5961403,          0
 20194,   133,   44000000,  100538855,        1,   56538855,   56538855
 20194,   134,   44000000,   66791376,        1,   22791376,   22791376
 20194,   135,   44000000,   33050405,        0,  -10949595,          0
 20194,   136,   44000000,  136781871,        1,   92781871,   92781871
 20194,   137,   44000000,  123898423,        1,   79898423,   79898423
 20194,   138,   44000000,   90146143,        1,   46146143,   46146143
 20194,   139,   44000000,   56398062,        1,   12398062,   12398062
 20194,   140,   44000000,   25932944,        0,  -18067056,          0
 20194,   141,   44000000,  168731656,        1,  124731656,  124731656
 20194,   142,   44000000,  220802091,        1,  176802091,  176802091
 20194,   143,   44000000,  274142578,        1,  230142578,  230142578
 20194,   144,   44000000,  240645858,        1,  196645858,  196645858
 20194,   145,   44000000,  206885514,        1,  162885514,  162885514
 20194,   146,   44000000,  179887900,        1,  135887900,  135887900
 20194,   147,   44000000,  224832318,        1,  180832318,  180832318
 20194,   148,   44000000,  195344689,        1,  151344689,  151344689
 20194,   149,   44000000,  174886411,        1,  130886411,  130886411
 20194,   150,   44000000,  157423218,        1,  113423218,  113423218
 20194,   151,   44000000,  136672619,        1,   92672619,   92672619
 20194,   152,   44000000,  115919569,        1,   71919569,   71919569
 20194,   153,   44000000,   82158908,        1,   38158908,   38158908
 20194,   154,   44000000,  132911842,        1,   88911842,   88911842
 20194,   155,   44000000,  112416800,        1,   68416800,   68416800
 20194,   156,   44000000,   95775837,        1,   51775837,   51775837
 20194,   157,   44000000,   75119249,        1,   31119249,   31119249
 20194,   158,   44000000,   61772371,        1,   17772371,   17772371
 20194,   159,   44000000,   40373632,        0,   -3626368,          0
 20194,   160,   44000000,  100688961,        1,   56688961,   56688961
 20194,   161,   44000000,  124961917,        1,   80961917,   80961917
 20194,   162,   44000000,  175983571,        1,  131983571,  131983571
 20194,   163,   44000000,  164284542,        1,  120284542,  120284542
 20194,   164,   44000000,  241892977,        1,  197892977,  197892977
 20194,   165,   44000000,  240992965,        1,  196992965,  196992965
 20194,   166,   44000000,  207244474,        1,  163244474,  163244474
 20194,   167,   44000000,  173479116,        1,  129479116,  129479116
 20194,   168,   44000000,  139711386,        1,   95711386,   95711386
 20194,   169,   44000000,  105939579,        1,   61939579,   61939579
 20194,   170,   44000000,   85501659,        1,   41501659,   41501659
 20194,   171,   44000000,   54531382,        1,   10531382,   10531382
 20194,   172,   44000000,   46437114,        1,    2437114,    2437114
 20194,   173,   44000000,   12674266,        0,  -31325734,          0
 20194,   174,   44000000,  152028827,        1,  108028827,  108028827
 20194,   175,   44000000,  188298806,        1,  144298806,  144298806
 20194,   176,   44000000,  261787057,        1,  217787057,  217787057
 20194,   177,   44000000,  304962459,        1,  260962459,  260962459
 20194,   178,   44000000,  271504013,        1,  227504013,  227504013
 20194,   179,   44000000,  237752887,        1,  193752887,  193752887
 20194,   180,   44000000,  203998961,        1,  159998961,  159998961
 20194,   181,   44000000,  170254587,        1,  126254587,  126254587
 20194,   182,   44000000,  136496164,        1,   92496164,   92496164
 20194,   183,   44000000,  102730111,        1,   58730111,   58730111
 20194,   184,   44000000,   68962796,        1,   24962796,   24962796
 20194,   185,   44000000,   61572259,        1,   17572259,   17572259
 20194,   186,   44000000,   27800199,        0,  -16199801,          0
 20194,   187,   44000000,   78748980,        1,   34748980,   34748980
 20194,   188,   44000000,   58004837,        1,   14004837,   14004837
 20194,   189,   44000000,   24241061,        0,  -19758939,          0
 20194,   190,   44000000,   18716552,        0,  -25283448,          0
 20194,   191,   44000000,   10327523,        0,  -33672477,          0
 20194,   192,   44000000,   10282727,        0,  -33717273,          0
 20194,   193,   44000000,   10268918,        0,  -33731082,          0
 20194,   194,   44000000,  119798089,        1,   75798089,   75798089
 20194,   195,   44000000,  196476771,        1,  152476771,  152476771
 20194,   196,   44000000,  230202836,        1,  186202836,  186202836
 20194,   197,   44000000,  311617148,        1,  267617148,  267617148
 20194,   198,   44000000,  368595915,        1,  324595915,  324595915
 20194,   199,   44000000,  362755048,        1,  318755048,  318755048
 20194,   200,   44000000,  328986201,        1,  284986201,  284986201
 20194,   201,   44000000,  295224893,        1,  251224893,  251224893
 20194,   202,   44000000,  261458689,        1,  217458689,  217458689
 20194,   203,   44000000,  227685581,        1,  183685581,  183685581
 20194,   204,   44000000,  193914752,        1,  149914752,  149914752
 20194,   205,   44000000,  160154131,        1,  116154131,  116154131
 20194,   206,   44000000,  129664159,        1,   85664159,   85664159
 20194,   207,   44000000,   95892135,        1,   51892135,   51892135
 20194,   208,   44000000,   65406069,        1,   21406069,   21406069
 20194,   209,   44000000,   66740811,        1,   22740811,   22740811
 20194,   210,   44000000,   48822738,        1,    4822738,    4822738
 20194,   211,   44000000,   18361660,        0,  -25638340,          0
 20194,   212,   44000000,  210968972,        1,  166968972,  166968972
 20194,   213,   44000000,  273408673,        1,  229408673,  229408673
 20194,   214,   44000000,  239644101,        1,  195644101,  195644101
 20194,   215,   44000000,  205874916,        1,  161874916,  161874916
 20194,   216,   44000000,  172107313,        1,  128107313,  128107313
 20194,   217,   44000000,  138335086,        1,   94335086,   94335086
 20194,   218,   44000000,  104572094,        1,   60572094,   60572094
 20194,   219,   44000000,   70822811,        1,   26822811,   26822811
 20194,   220,   44000000,   37068090,        0,   -6931910,          0
 20194,   221,   44000000,   50528637,        1,    6528637,    6528637
 20194,   222,   44000000,   16775619,        0,  -27224381,          0
 20194,   223,   44000000,   75271439,        1,   31271439,   31271439
 20194,   224,   44000000,  107323428,        1,   63323428,   63323428
 20194,   225,   44000000,   73559062,        1,   29559062,   29559062
 20194,   226,   44000000,   54382750,        1,   10382750,   10382750
 20194,   227,   44000000,   20624796,        0,  -23375204,          0
 20194,   228,   44000000,   84455104,        1,   40455104,   40455104
 20194,   229,   44000000,   62323774,        1,   18323774,   18323774
 20194,   230,   44000000,   46011243,        1,    2011243,    2011243
 20194,   231,   44000000,   12298714,        0,  -31701286,          0
# task NAME=myapp PID=20198 COST=79125000 PERIOD=96000000 CPU=0
 20198,     2,   96000000,      15668,        0,  -95984332,          0
 20198,     3,   96000000,     170580,        0,  -95829420,          0
 20198,     4,   96000000,  101160546,        1,    5160546,    5160546
 20198,     5,   96000000,   96225639,        1,     225639,     225639
 20198,     6,   96000000,  102264973,        1,    6264973,    6264973
 20198,     7,   96000000,  161522691,        1,   65522691,   65522691
 20198,     8,   96000000,  144202236,        1,   48202236,   48202236
 20198,     9,   96000000,  126577023,        1,   30577023,   30577023
 20198,    10,   96000000,  109255458,        1,   13255458,   13255458
 20198,    11,   96000000,  102353849,        1,    6353849,    6353849
 20198,    12,   96000000,  181036616,        1,   85036616,   85036616
 20198,    13,   96000000,  297070891,        1,  201070891,  201070891
 20198,    14,   96000000,  279560983,        1,  183560983,  183560983
 20198,    15,   96000000,  279466939,        1,  183466939,  183466939
 20198,    16,   96000000,  423226675,        1,  327226675,  327226675
 20198,    17,   96000000,  466652998,        1,  370652998,  370652998
 20198,    18,   96000000,  640390587,        1,  544390587,  544390587
 20198,    19,   96000000,  800164133,        1,  704164133,  704164133
 20198,    20,   96000000, 1017429715,        1,  921429715,  921429715
 20198,    21,   96000000, 1084210799,        1,  988210799,  988210799
 20198,    22,   96000000, 1535531359,        1, 1439531359, 1439531359
 20198,    23,   96000000, 1607201029,        1, 1511201029, 1511201029
 20198,    24,   96000000, 1589837338,        1, 1493837338, 1493837338
 20198,    25,   96000000, 1572214669,        1, 1476214669, 1476214669
 20198,    26,   96000000, 1556932273,        1, 1460932273, 1460932273
 20198,    27,   96000000, 1539285055,        1, 1443285055, 1443285055
 20198,    28,   96000000, 1521896470,        1, 1425896470, 1425896470
 20198,    29,   96000000, 1588654874,        1, 1492654874, 1492654874
 20198,    30,   96000000, 1593179599,        1, 1497179599, 1497179599
 20198,    31,   96000000, 1598359628,        1, 1502359628, 1502359628
 20198,    32,   96000000, 1778714439,        1, 1682714439, 1682714439
 20198,    33,   96000000, 1761363750,        1, 1665363750, 1665363750
 20198,    34,   96000000, 1813703976,        1, 1717703976, 1717703976
 20198,    35,   96000000, 2055454127,        1, 1959454127, 1959454127
 20198,    36,   96000000, 2192232735,        1, 2096232735, 2096232735
 20198,    37,   96000000, 2298323693,        1, 2202323693, 2202323693
 20198,    38,   96000000, 2295973660,        1, 2199973660, 2199973660
 20198,    39,   96000000, 2387417781,        1, 2291417781, 2291417781
 20198,    40,   96000000, 2486978383,        1, 2390978383, 2390978383
 20198,    41,   96000000, 2469701742,        1, 2373701742, 2373701742
 20198,    42,   96000000, 2452078518,        1, 2356078518, 2356078518
 20198,    43,   96000000, 2659219859,        1, 2563219859, 2563219859
 20198,    44,   96000000, 2948448245,        1, 2852448245, 2852448245
 20198,    45,   96000000, 2939579135,        1, 2843579135, 2843579135
 20198,    46,   96000000, 2921927445,        1, 2825927445, 2825927445
 20198,    47,   96000000, 2904557810,        1, 2808557810, 2808557810
 20198,    48,   96000000, 2886881707,        1, 2790881707, 2790881707
 20198,    49,   96000000, 2869605629,        1, 2773605629, 2773605629
 20198,    50,   96000000, 2852216904,        1, 2756216904, 2756216904
 20198,    51,   96000000, 2907303807,        1, 2811303807, 2811303807
 20198,    52,   96000000, 3005471551,        1, 2909471551, 2909471551
 20198,    53,   96000000, 3118943920,        1, 3022943920, 3022943920
 20198,    54,   96000000, 3319937908,        1, 3223937908, 3223937908
# task NAME=myapp PID=20201 COST=42679000 PERIOD=70000000 CPU=0
 20201,     2,   70000000,      25175,        0,  -69974825,          0
 20201,     3,   70000000,     276413,        0,  -69723587,          0
 20201,     4,   70000000,   44118143,        0,  -25881857,          0
 20201,     5,   70000000,  188461342,        1,  118461342,  118461342
 20201,     6,   70000000,  199778540,        1,  129778540,  129778540
 20201,     7,   70000000,  268668421,        1,  198668421,  198668421
 20201,     8,   70000000,  342965177,        1,  272965177,  272965177
 20201,     9,   70000000,  367559572,        1,  297559572,  297559572
 20201,    10,   70000000,  388981947,        1,  318981947,  318981947
 20201,    11,   70000000,  400299093,        1,  330299093,  330299093
 20201,    12,   70000000,  501453272,        1,  431453272,  431453272
 20201,    13,   70000000,  473721647,        1,  403721647,  403721647
 20201,    14,   70000000,  676681734,        1,  606681734,  606681734
 20201,    15,   70000000,  800462918,        1,  730462918,  730462918
 20201,    16,   70000000,  775237326,        1,  705237326,  705237326
 20201,    17,   70000000,  747807015,        1,  677807015,  677807015
 20201,    18,   70000000,  751586834,        1,  681586834,  681586834
 20201,    19,   70000000,  891636982,        1,  821636982,  821636982
 20201,    20,   70000000,  863925155,        1,  793925155,  793925155
 20201,    21,   70000000,  875224502,        1,  805224502,  805224502
 20201,    22,   70000000,  881524100,        1,  811524100,  811524100
 20201,    23,   70000000,  960679690,        1,  890679690,  890679690
 20201,    24,   70000000, 1020896600,        1,  950896600,  950896600
 20201,    25,   70000000, 1019290982,        1,  949290982,  949290982
 20201,    26,   70000000, 1023178205,        1,  953178205,  953178205
 20201,    27,   70000000, 1133246080,        1, 1063246080, 1063246080
 20201,    28,   70000000, 1105902295,        1, 1035902295, 1035902295
 20201,    29,   70000000, 1094468651,        1, 1024468651, 1024468651
 20201,    30,   70000000, 1104876427,        1, 1034876427, 1034876427
 20201,    31,   70000000, 1157641829,        1, 1087641829, 1087641829
 20201,    32,   70000000, 1227613645,        1, 1157613645, 1157613645
 20201,    33,   70000000, 1266202593,        1, 1196202593, 1196202593
 20201,    34,   70000000, 1299416487,        1, 1229416487, 1229416487
 20201,    35,   70000000, 1272042256,        1, 1202042256, 1202042256
 20201,    36,   70000000, 1244299215,        1, 1174299215, 1174299215
 20201,    37,   70000000, 1236316158,        1, 1166316158, 1166316158
 20201,    38,   70000000, 1249588562,        1, 1179588562, 1179588562
 20201,    39,   70000000, 1224974131,        1, 1154974131, 1154974131
 20201,    40,   70000000, 1197294010,        1, 1127294010, 1127294010
 20201,    41,   70000000, 1343417365,        1, 1273417365, 1273417365
 20201,    42,   70000000, 1367745161,        1, 1297745161, 1297745161
 20201,    43,   70000000, 1340035436,        1, 1270035436, 1270035436
 20201,    44,   70000000, 1312281771,        1, 1242281771, 1242281771
 20201,    45,   70000000, 1284832200,        1, 1214832200, 1214832200
 20201,    46,   70000000, 1257157025,        1, 1187157025, 1187157025
 20201,    47,   70000000, 1242452379,        1, 1172452379, 1172452379
 20201,    48,   70000000, 1244683833,        1, 1174683833, 1174683833
 20201,    49,   70000000, 1243604334,        1, 1173604334, 1173604334
 20201,    50,   70000000, 1276494684,        1, 1206494684, 1206494684
 20201,    51,   70000000, 1249052809,        1, 1179052809, 1179052809
 20201,    52,   70000000, 1235256649,        1, 1165256649, 1165256649
 20201,    53,   70000000, 1252096117,        1, 1182096117, 1182096117
 20201,    54,   70000000, 1377189163,        1, 1307189163, 1307189163
 20201,    55,   70000000, 1388758008,        1, 1318758008, 1318758008
 20201,    56,   70000000, 1567546971,        1, 1497546971, 1497546971
 20201,    57,   70000000, 1747872733,        1, 1677872733, 1677872733
 20201,    58,   70000000, 1854927701,        1, 1784927701, 1784927701
 20201,    59,   70000000, 1928525813,        1, 1858525813, 1858525813
 20201,    60,   70000000, 1900808623,        1, 1830808623, 1830808623
 20201,    61,   70000000, 1873107337,        1, 1803107337, 1803107337
 20201,    62,   70000000, 1845658175,        1, 1775658175, 1775658175
 20201,    63,   70000000, 1827114112,        1, 1757114112, 1757114112
 20201,    64,   70000000, 2045974445,        1, 1975974445, 1975974445
 20201,    65,   70000000, 2018538371,        1, 1948538371, 1948538371
 20201,    66,   70000000, 1990781866,        1, 1920781866, 1920781866
 20201,    67,   70000000, 1963038874,        1, 1893038874, 1893038874
 20201,    68,   70000000, 1935577168,        1, 1865577168, 1865577168
 20201,    69,   70000000, 1955035213,        1, 1885035213, 1885035213
 20201,    70,   70000000, 1935673702,        1, 1865673702, 1865673702
 20201,    71,   70000000, 1907955571,        1, 1837955571, 1837955571
 20201,    72,   70000000, 1880203924,        1, 1810203924, 1810203924
 20201,    73,   70000000, 1852719031,        1, 1782719031, 1782719031
 20201,    74,   70000000, 1845502655,        1, 1775502655, 1775502655
 20201,    75,   70000000, 1861926435,        1, 1791926435, 1791926435
