155 6 149
312 11 301
107 5 102
192 8 184
562 25 537
156 6 150
159 7 152
185 8 177
139 8 131
125 5 120
110 5 105
201 7 194
204 8 196
167 8 159
131 5 126
108 4 104
132 6 126
320 10 310
179 5 174
298 11 287
202 9 193
189 8 181
250 10 240
208 8 200
193 7 186
176 7 169
548 19 529
109 6 103
527 14 513
111 5 106
541 17 524
249 9 240
506 15 491
362 14 348
214 7 207
349 13 336
268 9 259
197 9 188
388 12 376
349 12 337
259 12 247
110 5 105
337 11 326
249 9 240
115 6 109
110 6 104
153 6 147
483 15 468
282 9 273
269 10 259
550 17 533
118 6 112
129 5 124
421 17 404
114 5 109
528 16 512
128 5 123
148 6 142
214 6 208
274 11 263
308 12 296
201 10 191
422 16 406
132 5 127
437 15 422
110 6 104
462 17 445
164 8 156
228 8 220
116 4 112
111 5 106
483 15 468
146 5 141
113 6 107
258 10 248
390 14 376
155 6 149
480 14 466
147 5 142
373 15 358
529 18 511
183 7 176
126 4 122
