# Task,   Job,     Period,   Response, DL Miss?,   Lateness,  Tardiness
# task NAME=myapp PID=26640 COST=37596000 PERIOD=63000000 CPU=0
 26640,     2,   63000000,      12962,        0,  -62987038,          0
 26640,     3,   63000000,      99581,        0,  -62900419,          0
 26640,     4,   63000000,   54808326,        0,   -8191674,          0
 26640,     5,   63000000,   59981167,        0,   -3018833,          0
 26640,     6,   63000000,   59609922,        0,   -3390078,          0
 26640,     7,   63000000,   61385909,        0,   -1614091,          0
 26640,     8,   63000000,   64603560,        1,    1603560,    1603560
 26640,     9,   63000000,   63049887,        1,      49887,      49887
 26640,    10,   63000000,   59130735,        0,   -3869265,          0
 26640,    11,   63000000,   59168877,        0,   -3831123,          0
 26640,    12,   63000000,   59345635,        0,   -3654365,          0
 26640,    13,   63000000,   59136303,        0,   -3863697,          0
 26640,    14,   63000000,   62441634,        0,    -558366,          0
 26640,    15,   63000000,   54215754,        0,   -8784246,          0
 26640,    16,   63000000,   62127992,        0,    -872008,          0
 26640,    17,   63000000,   59382304,        0,   -3617696,          0
 26640,    18,   63000000,   56764722,        0,   -6235278,          0
 26640,    19,   63000000,   65085409,        1,    2085409,    2085409
 26640,    20,   63000000,   66192401,        1,    3192401,    3192401
 26640,    21,   63000000,   62844542,        0,    -155458,          0
 26640,    22,   63000000,   57059624,        0,   -5940376,          0
 26640,    23,   63000000,   60540496,        0,   -2459504,          0
 26640,    24,   63000000,   62255267,        0,    -744733,          0
 26640,    25,   63000000,   59824611,        0,   -3175389,          0
 26640,    26,   63000000,   60664278,        0,   -2335722,          0
 26640,    27,   63000000,   61375056,        0,   -1624944,          0
 26640,    28,   63000000,   57612267,        0,   -5387733,          0
 26640,    29,   63000000,   58326218,        0,   -4673782,          0
 26640,    30,   63000000,   59690538,        0,   -3309462,          0
 26640,    31,   63000000,   59450027,        0,   -3549973,          0
 26640,    32,   63000000,   56168757,        0,   -6831243,          0
 26640,    33,   63000000,   63114522,        1,     114522,     114522
 26640,    34,   63000000,   59632540,        0,   -3367460,          0
 26640,    35,   63000000,   61711131,        0,   -1288869,          0
 26640,    36,   63000000,   62082382,        0,    -917618,          0
 26640,    37,   63000000,   61336217,        0,   -1663783,          0
 26640,    38,   63000000,   58656552,        0,   -4343448,          0
 26640,    39,   63000000,   57249652,        0,   -5750348,          0
 26640,    40,   63000000,   58263814,        0,   -4736186,          0
 26640,    41,   63000000,   60169970,        0,   -2830030,          0
 26640,    42,   63000000,   63865623,        1,     865623,     865623
 26640,    43,   63000000,   59765948,        0,   -3234052,          0
 26640,    44,   63000000,   55850246,        0,   -7149754,          0
 26640,    45,   63000000,   63743559,        1,     743559,     743559
 26640,    46,   63000000,   60598834,        0,   -2401166,          0
 26640,    47,   63000000,   61491687,        0,   -1508313,          0
 26640,    48,   63000000,   61150051,        0,   -1849949,          0
 26640,    49,   63000000,   58453849,        0,   -4546151,          0
 26640,    50,   63000000,   55594089,        0,   -7405911,          0
 26640,    51,   63000000,   60561423,        0,   -2438577,          0
 26640,    52,   63000000,   57632153,        0,   -5367847,          0
 26640,    53,   63000000,   61569759,        0,   -1430241,          0
 26640,    54,   63000000,   64216962,        1,    1216962,    1216962
 26640,    55,   63000000,   61423032,        0,   -1576968,          0
 26640,    56,   63000000,   58689598,        0,   -4310402,          0
 26640,    57,   63000000,   54442042,        0,   -8557958,          0
 26640,    58,   63000000,   56710111,        0,   -6289889,          0
 26640,    59,   63000000,   62033721,        0,    -966279,          0
 26640,    60,   63000000,   60620882,        0,   -2379118,          0
 26640,    61,   63000000,   57357095,        0,   -5642905,          0
 26640,    62,   63000000,   63841345,        1,     841345,     841345
 26640,    63,   63000000,   60460719,        0,   -2539281,          0
 26640,    64,   63000000,   58575342,        0,   -4424658,          0
 26640,    65,   63000000,   59086609,        0,   -3913391,          0
 26640,    66,   63000000,   60795002,        0,   -2204998,          0
 26640,    67,   63000000,   54180254,        0,   -8819746,          0
 26640,    68,   63000000,   56841244,        0,   -6158756,          0
 26640,    69,   63000000,   62667102,        0,    -332898,          0
 26640,    70,   63000000,   65828077,        1,    2828077,    2828077
 26640,    71,   63000000,   62008676,        0,    -991324,          0
 26640,    72,   63000000,   58759984,        0,   -4240016,          0
 26640,    73,   63000000,   58499132,        0,   -4500868,          0
 26640,    74,   63000000,   55836443,        0,   -7163557,          0
 26640,    75,   63000000,   63679069,        1,     679069,     679069
 26640,    76,   63000000,   61103393,        0,   -1896607,          0
 26640,    77,   63000000,   58154468,        0,   -4845532,          0
 26640,    78,   63000000,   56722757,        0,   -6277243,          0
 26640,    79,   63000000,   61552726,        0,   -1447274,          0
 26640,    80,   63000000,   58730463,        0,   -4269537,          0
 26640,    81,   63000000,   62517763,        0,    -482237,          0
 26640,    82,   63000000,   64239236,        1,    1239236,    1239236
 26640,    83,   63000000,   60963410,        0,   -2036590,          0
 26640,    84,   63000000,   55326489,        0,   -7673511,          0
 26640,    85,   63000000,   60077574,        0,   -2922426,          0
 26640,    86,   63000000,   63830655,        1,     830655,     830655
 26640,    87,   63000000,   63722837,        1,     722837,     722837
 26640,    88,   63000000,   64157845,        1,    1157845,    1157845
 26640,    89,   63000000,   57735834,        0,   -5264166,          0
 26640,    90,   63000000,   60190876,        0,   -2809124,          0
 26640,    91,   63000000,   57949074,        0,   -5050926,          0
 26640,    92,   63000000,   58430885,        0,   -4569115,          0
 26640,    93,   63000000,   61170043,        0,   -1829957,          0
 26640,    94,   63000000,   59804080,        0,   -3195920,          0
 26640,    95,   63000000,   59810691,        0,   -3189309,          0
 26640,    96,   63000000,   61709251,        0,   -1290749,          0
 26640,    97,   63000000,   59716974,        0,   -3283026,          0
 26640,    98,   63000000,   60364935,        0,   -2635065,          0
 26640,    99,   63000000,   59447980,        0,   -3552020,          0
 26640,   100,   63000000,   61588349,        0,   -1411651,          0
 26640,   101,   63000000,   61891859,        0,   -1108141,          0
 26640,   102,   63000000,   58561944,        0,   -4438056,          0
 26640,   103,   63000000,   61139051,        0,   -1860949,          0
 26640,   104,   63000000,   57411040,        0,   -5588960,          0
 26640,   105,   63000000,   54396175,        0,   -8603825,          0
 26640,   106,   63000000,   62318251,        0,    -681749,          0
 26640,   107,   63000000,   61277720,        0,   -1722280,          0
 26640,   108,   63000000,   58462113,        0,   -4537887,          0
 26640,   109,   63000000,   59605391,        0,   -3394609,          0
 26640,   110,   63000000,   57033014,        0,   -5966986,          0
 26640,   111,   63000000,   57711683,        0,   -5288317,          0
 26640,   112,   63000000,   57444017,        0,   -5555983,          0
 26640,   113,   63000000,   62192551,        0,    -807449,          0
 26640,   114,   63000000,   54398522,        0,   -8601478,          0
 26640,   115,   63000000,   57657467,        0,   -5342533,          0
 26640,   116,   63000000,   57150875,        0,   -5849125,          0
 26640,   117,   63000000,   55215200,        0,   -7784800,          0
 26640,   118,   63000000,   62820023,        0,    -179977,          0
 26640,   119,   63000000,   59324252,        0,   -3675748,          0
 26640,   120,   63000000,   58043556,        0,   -4956444,          0
 26640,   121,   63000000,   61170459,        0,   -1829541,          0
 26640,   122,   63000000,   60650260,        0,   -2349740,          0
 26640,   123,   63000000,   61044797,        0,   -1955203,          0
 26640,   124,   63000000,   61483207,        0,   -1516793,          0
 26640,   125,   63000000,   55135157,        0,   -7864843,          0
 26640,   126,   63000000,   59115849,        0,   -3884151,          0
 26640,   127,   63000000,   61074030,        0,   -1925970,          0
 26640,   128,   63000000,   57142916,        0,   -5857084,          0
 26640,   129,   63000000,   62118023,        0,    -881977,          0
 26640,   130,   63000000,   65195995,        1,    2195995,    2195995
 26640,   131,   63000000,   57487836,        0,   -5512164,          0
 26640,   132,   63000000,   62766310,        0,    -233690,          0
 26640,   133,   63000000,   58598735,        0,   -4401265,          0
 26640,   134,   63000000,   58308084,        0,   -4691916,          0
 26640,   135,   63000000,   63403253,        1,     403253,     403253
 26640,   136,   63000000,   58281861,        0,   -4718139,          0
 26640,   137,   63000000,   60957013,        0,   -2042987,          0
 26640,   138,   63000000,   56218915,        0,   -6781085,          0
 26640,   139,   63000000,   61510383,        0,   -1489617,          0
 26640,   140,   63000000,   60786758,        0,   -2213242,          0
 26640,   141,   63000000,   60443797,        0,   -2556203,          0
 26640,   142,   63000000,   59470051,        0,   -3529949,          0
 26640,   143,   63000000,   65909668,        1,    2909668,    2909668
 26640,   144,   63000000,   61717397,        0,   -1282603,          0
 26640,   145,   63000000,   58797693,        0,   -4202307,          0
 26640,   146,   63000000,   63518217,        1,     518217,     518217
 26640,   147,   63000000,   60762070,        0,   -2237930,          0
 26640,   148,   63000000,   61221890,        0,   -1778110,          0
 26640,   149,   63000000,   55263701,        0,   -7736299,          0
 26640,   150,   63000000,   59834784,        0,   -3165216,          0
 26640,   151,   63000000,   60050275,        0,   -2949725,          0
 26640,   152,   63000000,   54790719,        0,   -8209281,          0
 26640,   153,   63000000,   55808959,        0,   -7191041,          0
 26640,   154,   63000000,   56892368,        0,   -6107632,          0
 26640,   155,   63000000,   56680381,        0,   -6319619,          0
 26640,   156,   63000000,   58131041,        0,   -4868959,          0
 26640,   157,   63000000,   59762107,        0,   -3237893,          0
 26640,   158,   63000000,   57160728,        0,   -5839272,          0
 26640,   159,   63000000,   56452618,        0,   -6547382,          0
 26640,   160,   63000000,   61366806,        0,   -1633194,          0
 26640,   161,   63000000,   59068771,        0,   -3931229,          0
 26640,   162,   63000000,   58980991,        0,   -4019009,          0
# task NAME=myapp PID=26643 COST=61715000 PERIOD=86000000 CPU=0
 26643,     2,   86000000,       9811,        0,  -85990189,          0
 26643,     3,   86000000,      87700,        0,  -85912300,          0
 26643,     4,   86000000,   99282167,        1,   13282167,   13282167
 26643,     5,   86000000,  116380693,        1,   30380693,   30380693
 26643,     6,   86000000,  131120365,        1,   45120365,   45120365
 26643,     7,   86000000,  147901861,        1,   61901861,   61901861
 26643,     8,   86000000,  162552322,        1,   76552322,   76552322
 26643,     9,   86000000,  172157941,        1,   86157941,   86157941
 26643,    10,   86000000,  190239623,        1,  104239623,  104239623
 26643,    11,   86000000,  206608702,        1,  120608702,  120608702
 26643,    12,   86000000,  219398369,        1,  133398369,  133398369
 26643,    13,   86000000,  229386830,        1,  143386830,  143386830
 26643,    14,   86000000,  248293099,        1,  162293099,  162293099
 26643,    15,   86000000,  260176095,        1,  174176095,  174176095
 26643,    16,   86000000,  275850013,        1,  189850013,  189850013
 26643,    17,   86000000,  292865790,        1,  206865790,  206865790
 26643,    18,   86000000,  307281296,        1,  221281296,  221281296
 26643,    19,   86000000,  320520067,        1,  234520067,  234520067
 26643,    20,   86000000,  334348019,        1,  248348019,  248348019
 26643,    21,   86000000,  345576054,        1,  259576054,  259576054
 26643,    22,   86000000,  362741904,        1,  276741904,  276741904
 26643,    23,   86000000,  380446249,        1,  294446249,  294446249
 26643,    24,   86000000,  395029171,        1,  309029171,  309029171
 26643,    25,   86000000,  409990102,        1,  323990102,  323990102
 26643,    26,   86000000,  422716815,        1,  336716815,  336716815
 26643,    27,   86000000,  436018821,        1,  350018821,  350018821
 26643,    28,   86000000,  451096426,        1,  365096426,  365096426
 26643,    29,   86000000,  461815445,        1,  375815445,  375815445
 26643,    30,   86000000,  482494637,        1,  396494637,  396494637
 26643,    31,   86000000,  495434397,        1,  409434397,  409434397
 26643,    32,   86000000,  509573918,        1,  423573918,  423573918
 26643,    33,   86000000,  521064937,        1,  435064937,  435064937
 26643,    34,   86000000,  535133309,        1,  449133309,  449133309
 26643,    35,   86000000,  551947077,        1,  465947077,  465947077
 26643,    36,   86000000,  563814458,        1,  477814458,  477814458
 26643,    37,   86000000,  572626421,        1,  486626421,  486626421
 26643,    38,   86000000,  590579499,        1,  504579499,  504579499
 26643,    39,   86000000,  603788599,        1,  517788599,  517788599
 26643,    40,   86000000,  620692236,        1,  534692236,  534692236
 26643,    41,   86000000,  631380432,        1,  545380432,  545380432
 26643,    42,   86000000,  643724452,        1,  557724452,  557724452
 26643,    43,   86000000,  656423775,        1,  570423775,  570423775
 26643,    44,   86000000,  671341608,        1,  585341608,  585341608
 26643,    45,   86000000,  684534652,        1,  598534652,  598534652
 26643,    46,   86000000,  702037156,        1,  616037156,  616037156
 26643,    47,   86000000,  718811795,        1,  632811795,  632811795
 26643,    48,   86000000,  730718889,        1,  644718889,  644718889
 26643,    49,   86000000,  745959246,        1,  659959246,  659959246
 26643,    50,   86000000,  759563658,        1,  673563658,  673563658
 26643,    51,   86000000,  773644377,        1,  687644377,  687644377
 26643,    52,   86000000,  786387738,        1,  700387738,  700387738
 26643,    53,   86000000,  803658822,        1,  717658822,  717658822
 26643,    54,   86000000,  815091457,        1,  729091457,  729091457
 26643,    55,   86000000,  832060673,        1,  746060673,  746060673
 26643,    56,   86000000,  839870959,        1,  753870959,  753870959
 26643,    57,   86000000,  852797595,        1,  766797595,  766797595
 26643,    58,   86000000,  863214214,        1,  777214214,  777214214
 26643,    59,   86000000,  881517724,        1,  795517724,  795517724
 26643,    60,   86000000,  902810546,        1,  816810546,  816810546
 26643,    61,   86000000,  916662966,        1,  830662966,  830662966
 26643,    62,   86000000,  929834373,        1,  843834373,  843834373
 26643,    63,   86000000,  945641544,        1,  859641544,  859641544
 26643,    64,   86000000,  963230471,        1,  877230471,  877230471
 26643,    65,   86000000,  979376934,        1,  893376934,  893376934
 26643,    66,   86000000,  994102640,        1,  908102640,  908102640
 26643,    67,   86000000, 1005584097,        1,  919584097,  919584097
 26643,    68,   86000000, 1018453915,        1,  932453915,  932453915
 26643,    69,   86000000, 1032608892,        1,  946608892,  946608892
 26643,    70,   86000000, 1042518022,        1,  956518022,  956518022
 26643,    71,   86000000, 1060151651,        1,  974151651,  974151651
 26643,    72,   86000000, 1071855423,        1,  985855423,  985855423
 26643,    73,   86000000, 1083334809,        1,  997334809,  997334809
 26643,    74,   86000000, 1095212931,        1, 1009212931, 1009212931
 26643,    75,   86000000, 1111404776,        1, 1025404776, 1025404776
 26643,    76,   86000000, 1123951084,        1, 1037951084, 1037951084
 26643,    77,   86000000, 1141335959,        1, 1055335959, 1055335959
 26643,    78,   86000000, 1154144549,        1, 1068144549, 1068144549
 26643,    79,   86000000, 1168994801,        1, 1082994801, 1082994801
 26643,    80,   86000000, 1181515973,        1, 1095515973, 1095515973
 26643,    81,   86000000, 1192562271,        1, 1106562271, 1106562271
 26643,    82,   86000000, 1205342016,        1, 1119342016, 1119342016
 26643,    83,   86000000, 1217795973,        1, 1131795973, 1131795973
 26643,    84,   86000000, 1237629736,        1, 1151629736, 1151629736
 26643,    85,   86000000, 1249147445,        1, 1163147445, 1163147445
 26643,    86,   86000000, 1258467411,        1, 1172467411, 1172467411
 26643,    87,   86000000, 1268252048,        1, 1182252048, 1182252048
 26643,    88,   86000000, 1282366199,        1, 1196366199, 1196366199
 26643,    89,   86000000, 1299344363,        1, 1213344363, 1213344363
 26643,    90,   86000000, 1315394151,        1, 1229394151, 1229394151
 26643,    91,   86000000, 1334132008,        1, 1248132008, 1248132008
 26643,    92,   86000000, 1346031918,        1, 1260031918, 1260031918
 26643,    93,   86000000, 1365628530,        1, 1279628530, 1279628530
 26643,    94,   86000000, 1375960684,        1, 1289960684, 1289960684
 26643,    95,   86000000, 1389933604,        1, 1303933604, 1303933604
 26643,    96,   86000000, 1402978822,        1, 1316978822, 1316978822
 26643,    97,   86000000, 1413830719,        1, 1327830719, 1327830719
 26643,    98,   86000000, 1421361017,        1, 1335361017, 1335361017
 26643,    99,   86000000, 1431465692,        1, 1345465692, 1345465692
 26643,   100,   86000000, 1441449742,        1, 1355449742, 1355449742
 26643,   101,   86000000, 1449735728,        1, 1363735728, 1363735728
 26643,   102,   86000000, 1463683195,        1, 1377683195, 1377683195
 26643,   103,   86000000, 1477108865,        1, 1391108865, 1391108865
 26643,   104,   86000000, 1502485925,        1, 1416485925, 1416485925
 26643,   105,   86000000, 1528948233,        1, 1442948233, 1442948233
 26643,   106,   86000000, 1559080465,        1, 1473080465, 1473080465
 26643,   107,   86000000, 1588964989,        1, 1502964989, 1502964989
 26643,   108,   86000000, 1613993235,        1, 1527993235, 1527993235
 26643,   109,   86000000, 1640783035,        1, 1554783035, 1554783035
 26643,   110,   86000000, 1670427537,        1, 1584427537, 1584427537
 26643,   111,   86000000, 1696271456,        1, 1610271456, 1610271456
 26643,   112,   86000000, 1722577131,        1, 1636577131, 1636577131
 26643,   113,   86000000, 1745107763,        1, 1659107763, 1659107763
 26643,   114,   86000000, 1775074810,        1, 1689074810, 1689074810
 26643,   115,   86000000, 1801157035,        1, 1715157035, 1715157035
 26643,   116,   86000000, 1830248183,        1, 1744248183, 1744248183
 26643,   117,   86000000, 1856751249,        1, 1770751249, 1770751249
 26643,   118,   86000000, 1882237865,        1, 1796237865, 1796237865
 26643,   119,   86000000, 1908698036,        1, 1822698036, 1822698036
 26643,   120,   86000000, 1937909637,        1, 1851909637, 1851909637
# task NAME=myapp PID=26647 COST=22349000 PERIOD=44000000 CPU=0
 26647,     2,   44000000,      13658,        0,  -43986342,          0
 26647,     3,   44000000,      82630,        0,  -43917370,          0
 26647,     4,   44000000,   39714930,        0,   -4285070,          0
 26647,     5,   44000000,   32735662,        0,  -11264338,          0
 26647,     6,   44000000,   36916187,        0,   -7083813,          0
 26647,     7,   44000000,   33861215,        0,  -10138785,          0
 26647,     8,   44000000,   39631857,        0,   -4368143,          0
 26647,     9,   44000000,   33416511,        0,  -10583489,          0
 26647,    10,   44000000,   33386170,        0,  -10613830,          0
 26647,    11,   44000000,   33997475,        0,  -10002525,          0
 26647,    12,   44000000,   37348797,        0,   -6651203,          0
 26647,    13,   44000000,   33078804,        0,  -10921196,          0
 26647,    14,   44000000,   33781497,        0,  -10218503,          0
 26647,    15,   44000000,   34693711,        0,   -9306289,          0
 26647,    16,   44000000,   33663058,        0,  -10336942,          0
 26647,    17,   44000000,   36207473,        0,   -7792527,          0
 26647,    18,   44000000,   32309735,        0,  -11690265,          0
 26647,    19,   44000000,   36720364,        0,   -7279636,          0
 26647,    20,   44000000,   35758346,        0,   -8241654,          0
 26647,    21,   44000000,   33090818,        0,  -10909182,          0
 26647,    22,   44000000,   37804747,        0,   -6195253,          0
 26647,    23,   44000000,   33558536,        0,  -10441464,          0
 26647,    24,   44000000,   36328129,        0,   -7671871,          0
 26647,    25,   44000000,   36027457,        0,   -7972543,          0
 26647,    26,   44000000,   36822606,        0,   -7177394,          0
 26647,    27,   44000000,   35875098,        0,   -8124902,          0
 26647,    28,   44000000,   36929789,        0,   -7070211,          0
 26647,    29,   44000000,   33279357,        0,  -10720643,          0
 26647,    30,   44000000,   36018378,        0,   -7981622,          0
 26647,    31,   44000000,   33964938,        0,  -10035062,          0
 26647,    32,   44000000,   37039593,        0,   -6960407,          0
 26647,    33,   44000000,   33871402,        0,  -10128598,          0
 26647,    34,   44000000,   37628851,        0,   -6371149,          0
 26647,    35,   44000000,   36998562,        0,   -7001438,          0
 26647,    36,   44000000,   37471636,        0,   -6528364,          0
 26647,    37,   44000000,   34046139,        0,   -9953861,          0
 26647,    38,   44000000,   35387141,        0,   -8612859,          0
 26647,    39,   44000000,   33313695,        0,  -10686305,          0
 26647,    40,   44000000,   33549916,        0,  -10450084,          0
 26647,    41,   44000000,   32907759,        0,  -11092241,          0
 26647,    42,   44000000,   37297213,        0,   -6702787,          0
 26647,    43,   44000000,   31585221,        0,  -12414779,          0
 26647,    44,   44000000,   36624585,        0,   -7375415,          0
 26647,    45,   44000000,   34046121,        0,   -9953879,          0
 26647,    46,   44000000,   33935129,        0,  -10064871,          0
 26647,    47,   44000000,   33899878,        0,  -10100122,          0
 26647,    48,   44000000,   36684540,        0,   -7315460,          0
 26647,    49,   44000000,   32129121,        0,  -11870879,          0
 26647,    50,   44000000,   37109619,        0,   -6890381,          0
 26647,    51,   44000000,   37983476,        0,   -6016524,          0
 26647,    52,   44000000,   35498306,        0,   -8501694,          0
 26647,    53,   44000000,   33833086,        0,  -10166914,          0
 26647,    54,   44000000,   33817414,        0,  -10182586,          0
 26647,    55,   44000000,   37464098,        0,   -6535902,          0
 26647,    56,   44000000,   32942629,        0,  -11057371,          0
 26647,    57,   44000000,   36912715,        0,   -7087285,          0
 26647,    58,   44000000,   36452650,        0,   -7547350,          0
 26647,    59,   44000000,   33830795,        0,  -10169205,          0
 26647,    60,   44000000,   33176979,        0,  -10823021,          0
 26647,    61,   44000000,   33786115,        0,  -10213885,          0
 26647,    62,   44000000,   33354261,        0,  -10645739,          0
 26647,    63,   44000000,   37106631,        0,   -6893369,          0
 26647,    64,   44000000,   37553868,        0,   -6446132,          0
 26647,    65,   44000000,   33877853,        0,  -10122147,          0
 26647,    66,   44000000,   36464765,        0,   -7535235,          0
 26647,    67,   44000000,   36945908,        0,   -7054092,          0
 26647,    68,   44000000,   36315685,        0,   -7684315,          0
 26647,    69,   44000000,   37480793,        0,   -6519207,          0
 26647,    70,   44000000,   35849964,        0,   -8150036,          0
 26647,    71,   44000000,   33893465,        0,  -10106535,          0
 26647,    72,   44000000,   34177455,        0,   -9822545,          0
 26647,    73,   44000000,   36486528,        0,   -7513472,          0
 26647,    74,   44000000,   33932552,        0,  -10067448,          0
 26647,    75,   44000000,   34104389,        0,   -9895611,          0
 26647,    76,   44000000,   35549400,        0,   -8450600,          0
 26647,    77,   44000000,   37149355,        0,   -6850645,          0
 26647,    78,   44000000,   34032632,        0,   -9967368,          0
 26647,    79,   44000000,   36254615,        0,   -7745385,          0
 26647,    80,   44000000,   35384442,        0,   -8615558,          0
 26647,    81,   44000000,   31972888,        0,  -12027112,          0
 26647,    82,   44000000,   36113375,        0,   -7886625,          0
 26647,    83,   44000000,   32814903,        0,  -11185097,          0
 26647,    84,   44000000,   33842217,        0,  -10157783,          0
 26647,    85,   44000000,   32796013,        0,  -11203987,          0
 26647,    86,   44000000,   37035639,        0,   -6964361,          0
 26647,    87,   44000000,   39931051,        0,   -4068949,          0
 26647,    88,   44000000,   36467909,        0,   -7532091,          0
 26647,    89,   44000000,   33836933,        0,  -10163067,          0
 26647,    90,   44000000,   33872187,        0,  -10127813,          0
 26647,    91,   44000000,   36252030,        0,   -7747970,          0
 26647,    92,   44000000,   35872660,        0,   -8127340,          0
 26647,    93,   44000000,   33110292,        0,  -10889708,          0
 26647,    94,   44000000,   37438510,        0,   -6561490,          0
 26647,    95,   44000000,   33836238,        0,  -10163762,          0
 26647,    96,   44000000,   39446619,        0,   -4553381,          0
 26647,    97,   44000000,   29299320,        0,  -14700680,          0
 26647,    98,   44000000,   37672868,        0,   -6327132,          0
 26647,    99,   44000000,   37111696,        0,   -6888304,          0
 26647,   100,   44000000,   34118677,        0,   -9881323,          0
 26647,   101,   44000000,   32943835,        0,  -11056165,          0
 26647,   102,   44000000,   32754782,        0,  -11245218,          0
 26647,   103,   44000000,   33966100,        0,  -10033900,          0
 26647,   104,   44000000,   35359578,        0,   -8640422,          0
 26647,   105,   44000000,   36731179,        0,   -7268821,          0
 26647,   106,   44000000,   36295161,        0,   -7704839,          0
 26647,   107,   44000000,   36689203,        0,   -7310797,          0
 26647,   108,   44000000,   36269169,        0,   -7730831,          0
 26647,   109,   44000000,   36862635,        0,   -7137365,          0
 26647,   110,   44000000,   39506688,        0,   -4493312,          0
 26647,   111,   44000000,   32328998,        0,  -11671002,          0
 26647,   112,   44000000,   36218768,        0,   -7781232,          0
 26647,   113,   44000000,   37509609,        0,   -6490391,          0
 26647,   114,   44000000,   34122273,        0,   -9877727,          0
 26647,   115,   44000000,   36813109,        0,   -7186891,          0
 26647,   116,   44000000,   37516622,        0,   -6483378,          0
 26647,   117,   44000000,   36829680,        0,   -7170320,          0
 26647,   118,   44000000,   35255597,        0,   -8744403,          0
 26647,   119,   44000000,   32845217,        0,  -11154783,          0
 26647,   120,   44000000,   29769802,        0,  -14230198,          0
 26647,   121,   44000000,   40556319,        0,   -3443681,          0
 26647,   122,   44000000,   36731478,        0,   -7268522,          0
 26647,   123,   44000000,   37732126,        0,   -6267874,          0
 26647,   124,   44000000,   32454966,        0,  -11545034,          0
 26647,   125,   44000000,   32867275,        0,  -11132725,          0
 26647,   126,   44000000,   36756992,        0,   -7243008,          0
 26647,   127,   44000000,   35564283,        0,   -8435717,          0
 26647,   128,   44000000,   35599695,        0,   -8400305,          0
 26647,   129,   44000000,   31065478,        0,  -12934522,          0
 26647,   130,   44000000,   37643926,        0,   -6356074,          0
 26647,   131,   44000000,   33643585,        0,  -10356415,          0
 26647,   132,   44000000,   36427454,        0,   -7572546,          0
 26647,   133,   44000000,   36445431,        0,   -7554569,          0
 26647,   134,   44000000,   37763990,        0,   -6236010,          0
 26647,   135,   44000000,   33535982,        0,  -10464018,          0
 26647,   136,   44000000,   36164825,        0,   -7835175,          0
 26647,   137,   44000000,   35602210,        0,   -8397790,          0
 26647,   138,   44000000,   32933204,        0,  -11066796,          0
 26647,   139,   44000000,   37575669,        0,   -6424331,          0
 26647,   140,   44000000,   35381253,        0,   -8618747,          0
 26647,   141,   44000000,   39851036,        0,   -4148964,          0
 26647,   142,   44000000,   38820673,        0,   -5179327,          0
 26647,   143,   44000000,   37923390,        0,   -6076610,          0
 26647,   144,   44000000,   33773211,        0,  -10226789,          0
 26647,   145,   44000000,   34484998,        0,   -9515002,          0
 26647,   146,   44000000,   36071042,        0,   -7928958,          0
 26647,   147,   44000000,   37258586,        0,   -6741414,          0
 26647,   148,   44000000,   32855890,        0,  -11144110,          0
 26647,   149,   44000000,   34093209,        0,   -9906791,          0
 26647,   150,   44000000,   36573796,        0,   -7426204,          0
 26647,   151,   44000000,   32908888,        0,  -11091112,          0
 26647,   152,   44000000,   32060415,        0,  -11939585,          0
 26647,   153,   44000000,   36975468,        0,   -7024532,          0
 26647,   154,   44000000,   36082165,        0,   -7917835,          0
 26647,   155,   44000000,   38176698,        0,   -5823302,          0
 26647,   156,   44000000,   37377525,        0,   -6622475,          0
 26647,   157,   44000000,   34058034,        0,   -9941966,          0
 26647,   158,   44000000,   33823531,        0,  -10176469,          0
 26647,   159,   44000000,   33241515,        0,  -10758485,          0
 26647,   160,   44000000,   31841166,        0,  -12158834,          0
 26647,   161,   44000000,   40242130,        0,   -3757870,          0
 26647,   162,   44000000,   32800506,        0,  -11199494,          0
 26647,   163,   44000000,   37449461,        0,   -6550539,          0
 26647,   164,   44000000,   30156105,        0,  -13843895,          0
 26647,   165,   44000000,   33158795,        0,  -10841205,          0
 26647,   166,   44000000,   34178480,        0,   -9821520,          0
 26647,   167,   44000000,   36586648,        0,   -7413352,          0
 26647,   168,   44000000,   34753488,        0,   -9246512,          0
 26647,   169,   44000000,   33894331,        0,  -10105669,          0
 26647,   170,   44000000,   36429654,        0,   -7570346,          0
 26647,   171,   44000000,   35586752,        0,   -8413248,          0
 26647,   172,   44000000,   36343670,        0,   -7656330,          0
 26647,   173,   44000000,   33718646,        0,  -10281354,          0
 26647,   174,   44000000,   33351120,        0,  -10648880,          0
 26647,   175,   44000000,   37292931,        0,   -6707069,          0
 26647,   176,   44000000,   33085083,        0,  -10914917,          0
 26647,   177,   44000000,   39499735,        0,   -4500265,          0
 26647,   178,   44000000,   33583588,        0,  -10416412,          0
 26647,   179,   44000000,   36570956,        0,   -7429044,          0
 26647,   180,   44000000,   36025078,        0,   -7974922,          0
 26647,   181,   44000000,   39422018,        0,   -4577982,          0
 26647,   182,   44000000,   33908436,        0,  -10091564,          0
 26647,   183,   44000000,   34324563,        0,   -9675437,          0
 26647,   184,   44000000,   37300691,        0,   -6699309,          0
 26647,   185,   44000000,   34053996,        0,   -9946004,          0
 26647,   186,   44000000,   37597237,        0,   -6402763,          0
 26647,   187,   44000000,   32731568,        0,  -11268432,          0
 26647,   188,   44000000,   40591875,        0,   -3408125,          0
 26647,   189,   44000000,   35656557,        0,   -8343443,          0
 26647,   190,   44000000,   36529747,        0,   -7470253,          0
 26647,   191,   44000000,   31593264,        0,  -12406736,          0
 26647,   192,   44000000,   36815962,        0,   -7184038,          0
 26647,   193,   44000000,   33632323,        0,  -10367677,          0
 26647,   194,   44000000,   33797242,        0,  -10202758,          0
 26647,   195,   44000000,   38594098,        0,   -5405902,          0
 26647,   196,   44000000,   36845255,        0,   -7154745,          0
 26647,   197,   44000000,   36409289,        0,   -7590711,          0
 26647,   198,   44000000,   33178056,        0,  -10821944,          0
 26647,   199,   44000000,   33871592,        0,  -10128408,          0
 26647,   200,   44000000,   35806138,        0,   -8193862,          0
 26647,   201,   44000000,   38077538,        0,   -5922462,          0
 26647,   202,   44000000,   35902508,        0,   -8097492,          0
 26647,   203,   44000000,   34209057,        0,   -9790943,          0
 26647,   204,   44000000,   40297362,        0,   -3702638,          0
 26647,   205,   44000000,   33719436,        0,  -10280564,          0
 26647,   206,   44000000,   37794043,        0,   -6205957,          0
 26647,   207,   44000000,   30124284,        0,  -13875716,          0
 26647,   208,   44000000,   36707923,        0,   -7292077,          0
 26647,   209,   44000000,   33678725,        0,  -10321275,          0
 26647,   210,   44000000,   32587338,        0,  -11412662,          0
 26647,   211,   44000000,   33924527,        0,  -10075473,          0
 26647,   212,   44000000,   33094826,        0,  -10905174,          0
 26647,   213,   44000000,   38780469,        0,   -5219531,          0
 26647,   214,   44000000,   36511190,        0,   -7488810,          0
 26647,   215,   44000000,   37473118,        0,   -6526882,          0
 26647,   216,   44000000,   33277019,        0,  -10722981,          0
 26647,   217,   44000000,   36065262,        0,   -7934738,          0
 26647,   218,   44000000,   36728033,        0,   -7271967,          0
 26647,   219,   44000000,   32262335,        0,  -11737665,          0
 26647,   220,   44000000,   38137508,        0,   -5862492,          0
 26647,   221,   44000000,   32212395,        0,  -11787605,          0
 26647,   222,   44000000,   36774662,        0,   -7225338,          0
 26647,   223,   44000000,   33898379,        0,  -10101621,          0
 26647,   224,   44000000,   37398384,        0,   -6601616,          0
 26647,   225,   44000000,   36147583,        0,   -7852417,          0
 26647,   226,   44000000,   34745005,        0,   -9254995,          0
 26647,   227,   44000000,   33841202,        0,  -10158798,          0
 26647,   228,   44000000,   34052357,        0,   -9947643,          0
 26647,   229,   44000000,   33828229,        0,  -10171771,          0
 26647,   230,   44000000,   35582995,        0,   -8417005,          0
 26647,   231,   44000000,   37264039,        0,   -6735961,          0
# task NAME=myapp PID=26652 COST=14639000 PERIOD=25000000 CPU=0
 26652,     2,   25000000,       6161,        0,  -24993839,          0
 26652,     3,   25000000,      91173,        0,  -24908827,          0
 26652,     4,   25000000,   24221941,        0,    -778059,          0
 26652,     5,   25000000,   25315961,        1,     315961,     315961
 26652,     6,   25000000,   21927684,        0,   -3072316,          0
 26652,     7,   25000000,   21347850,        0,   -3652150,          0
 26652,     8,   25000000,   23432715,        0,   -1567285,          0
 26652,     9,   25000000,   19846511,        0,   -5153489,          0
 26652,    10,   25000000,   21939719,        0,   -3060281,          0
 26652,    11,   25000000,   21100467,        0,   -3899533,          0
 26652,    12,   25000000,   23496564,        0,   -1503436,          0
 26652,    13,   25000000,   23632203,        0,   -1367797,          0
 26652,    14,   25000000,   21598657,        0,   -3401343,          0
 26652,    15,   25000000,   21398368,        0,   -3601632,          0
 26652,    16,   25000000,   24036916,        0,    -963084,          0
 26652,    17,   25000000,   20030231,        0,   -4969769,          0
 26652,    18,   25000000,   17564918,        0,   -7435082,          0
 26652,    19,   25000000,   23616476,        0,   -1383524,          0
 26652,    20,   25000000,   24235795,        0,    -764205,          0
 26652,    21,   25000000,   22556083,        0,   -2443917,          0
 26652,    22,   25000000,   20482080,        0,   -4517920,          0
 26652,    23,   25000000,   25082880,        1,      82880,      82880
 26652,    24,   25000000,   20929706,        0,   -4070294,          0
 26652,    25,   25000000,   23139688,        0,   -1860312,          0
 26652,    26,   25000000,   21589660,        0,   -3410340,          0
 26652,    27,   25000000,   21656317,        0,   -3343683,          0
 26652,    28,   25000000,   23441527,        0,   -1558473,          0
 26652,    29,   25000000,   22837215,        0,   -2162785,          0
 26652,    30,   25000000,   20919720,        0,   -4080280,          0
 26652,    31,   25000000,   24222676,        0,    -777324,          0
 26652,    32,   25000000,   22603760,        0,   -2396240,          0
 26652,    33,   25000000,   20671065,        0,   -4328935,          0
 26652,    34,   25000000,   21764598,        0,   -3235402,          0
 26652,    35,   25000000,   24279398,        0,    -720602,          0
 26652,    36,   25000000,   24220549,        0,    -779451,          0
 26652,    37,   25000000,   23373684,        0,   -1626316,          0
 26652,    38,   25000000,   23806498,        0,   -1193502,          0
 26652,    39,   25000000,   24358824,        0,    -641176,          0
 26652,    40,   25000000,   23404647,        0,   -1595353,          0
 26652,    41,   25000000,   20093284,        0,   -4906716,          0
 26652,    42,   25000000,   20780272,        0,   -4219728,          0
 26652,    43,   25000000,   21972733,        0,   -3027267,          0
 26652,    44,   25000000,   24258033,        0,    -741967,          0
 26652,    45,   25000000,   22602533,        0,   -2397467,          0
 26652,    46,   25000000,   20626325,        0,   -4373675,          0
 26652,    47,   25000000,   25773393,        1,     773393,     773393
 26652,    48,   25000000,   28324989,        1,    3324989,    3324989
 26652,    49,   25000000,   23633692,        0,   -1366308,          0
 26652,    50,   25000000,   25025989,        1,      25989,      25989
 26652,    51,   25000000,   23891574,        0,   -1108426,          0
 26652,    52,   25000000,   22431835,        0,   -2568165,          0
 26652,    53,   25000000,   22057384,        0,   -2942616,          0
 26652,    54,   25000000,   22303287,        0,   -2696713,          0
 26652,    55,   25000000,   21901611,        0,   -3098389,          0
 26652,    56,   25000000,   20984226,        0,   -4015774,          0
 26652,    57,   25000000,   23257608,        0,   -1742392,          0
 26652,    58,   25000000,   25489620,        1,     489620,     489620
 26652,    59,   25000000,   25690357,        1,     690357,     690357
 26652,    60,   25000000,   23893125,        0,   -1106875,          0
 26652,    61,   25000000,   22366290,        0,   -2633710,          0
 26652,    62,   25000000,   22235017,        0,   -2764983,          0
 26652,    63,   25000000,   21274970,        0,   -3725030,          0
 26652,    64,   25000000,   24330431,        0,    -669569,          0
 26652,    65,   25000000,   22481230,        0,   -2518770,          0
 26652,    66,   25000000,   18791561,        0,   -6208439,          0
 26652,    67,   25000000,   23847862,        0,   -1152138,          0
 26652,    68,   25000000,   21254640,        0,   -3745360,          0
 26652,    69,   25000000,   27141938,        1,    2141938,    2141938
 26652,    70,   25000000,   22637677,        0,   -2362323,          0
 26652,    71,   25000000,   21115412,        0,   -3884588,          0
 26652,    72,   25000000,   21205183,        0,   -3794817,          0
 26652,    73,   25000000,   21459173,        0,   -3540827,          0
 26652,    74,   25000000,   18551359,        0,   -6448641,          0
 26652,    75,   25000000,   24215870,        0,    -784130,          0
 26652,    76,   25000000,   20570088,        0,   -4429912,          0
 26652,    77,   25000000,   19680402,        0,   -5319598,          0
 26652,    78,   25000000,   18192319,        0,   -6807681,          0
 26652,    79,   25000000,   24932536,        0,     -67464,          0
 26652,    80,   25000000,   27095225,        1,    2095225,    2095225
 26652,    81,   25000000,   23006398,        0,   -1993602,          0
 26652,    82,   25000000,   22242597,        0,   -2757403,          0
 26652,    83,   25000000,   25260859,        1,     260859,     260859
 26652,    84,   25000000,   24514686,        0,    -485314,          0
 26652,    85,   25000000,   23573375,        0,   -1426625,          0
 26652,    86,   25000000,   24383751,        0,    -616249,          0
 26652,    87,   25000000,   24043589,        0,    -956411,          0
 26652,    88,   25000000,   23378540,        0,   -1621460,          0
 26652,    89,   25000000,   21802309,        0,   -3197691,          0
 26652,    90,   25000000,   22358490,        0,   -2641510,          0
 26652,    91,   25000000,   25063888,        1,      63888,      63888
 26652,    92,   25000000,   24362424,        0,    -637576,          0
 26652,    93,   25000000,   23351048,        0,   -1648952,          0
 26652,    94,   25000000,   20593288,        0,   -4406712,          0
 26652,    95,   25000000,   24137702,        0,    -862298,          0
 26652,    96,   25000000,   23345844,        0,   -1654156,          0
 26652,    97,   25000000,   22440056,        0,   -2559944,          0
 26652,    98,   25000000,   22277679,        0,   -2722321,          0
 26652,    99,   25000000,   24158523,        0,    -841477,          0
 26652,   100,   25000000,   23329797,        0,   -1670203,          0
 26652,   101,   25000000,   20174538,        0,   -4825462,          0
 26652,   102,   25000000,   22827211,        0,   -2172789,          0
 26652,   103,   25000000,   25168165,        1,     168165,     168165
 26652,   104,   25000000,   22512008,        0,   -2487992,          0
 26652,   105,   25000000,   23081932,        0,   -1918068,          0
 26652,   106,   25000000,   21464967,        0,   -3535033,          0
 26652,   107,   25000000,   23364117,        0,   -1635883,          0
 26652,   108,   25000000,   23196672,        0,   -1803328,          0
 26652,   109,   25000000,   22477901,        0,   -2522099,          0
 26652,   110,   25000000,   22436585,        0,   -2563415,          0
 26652,   111,   25000000,   24345189,        0,    -654811,          0
 26652,   112,   25000000,   23901560,        0,   -1098440,          0
 26652,   113,   25000000,   21382321,        0,   -3617679,          0
 26652,   114,   25000000,   22334325,        0,   -2665675,          0
 26652,   115,   25000000,   24253279,        0,    -746721,          0
 26652,   116,   25000000,   22425030,        0,   -2574970,          0
 26652,   117,   25000000,   19476999,        0,   -5523001,          0
 26652,   118,   25000000,   22766170,        0,   -2233830,          0
 26652,   119,   25000000,   21715751,        0,   -3284249,          0
 26652,   120,   25000000,   22437010,        0,   -2562990,          0
 26652,   121,   25000000,   23108828,        0,   -1891172,          0
 26652,   122,   25000000,   24681005,        0,    -318995,          0
 26652,   123,   25000000,   23380810,        0,   -1619190,          0
 26652,   124,   25000000,   24176872,        0,    -823128,          0
 26652,   125,   25000000,   21943589,        0,   -3056411,          0
 26652,   126,   25000000,   21312905,        0,   -3687095,          0
 26652,   127,   25000000,   25017101,        1,      17101,      17101
 26652,   128,   25000000,   22818386,        0,   -2181614,          0
 26652,   129,   25000000,   25406116,        1,     406116,     406116
 26652,   130,   25000000,   22610338,        0,   -2389662,          0
 26652,   131,   25000000,   25027316,        1,      27316,      27316
 26652,   132,   25000000,   20522355,        0,   -4477645,          0
 26652,   133,   25000000,   22766961,        0,   -2233039,          0
 26652,   134,   25000000,   21599311,        0,   -3400689,          0
 26652,   135,   25000000,   23329281,        0,   -1670719,          0
 26652,   136,   25000000,   22711853,        0,   -2288147,          0
 26652,   137,   25000000,   19470138,        0,   -5529862,          0
 26652,   138,   25000000,   21400684,        0,   -3599316,          0
 26652,   139,   25000000,   24292556,        0,    -707444,          0
 26652,   140,   25000000,   19620665,        0,   -5379335,          0
 26652,   141,   25000000,   20067034,        0,   -4932966,          0
 26652,   142,   25000000,   19627896,        0,   -5372104,          0
 26652,   143,   25000000,   23441583,        0,   -1558417,          0
 26652,   144,   25000000,   20566760,        0,   -4433240,          0
 26652,   145,   25000000,   22207453,        0,   -2792547,          0
 26652,   146,   25000000,   20466094,        0,   -4533906,          0
 26652,   147,   25000000,   21024136,        0,   -3975864,          0
 26652,   148,   25000000,   24043628,        0,    -956372,          0
 26652,   149,   25000000,   23742603,        0,   -1257397,          0
 26652,   150,   25000000,   22050500,        0,   -2949500,          0
 26652,   151,   25000000,   25218529,        1,     218529,     218529
 26652,   152,   25000000,   26550339,        1,    1550339,    1550339
 26652,   153,   25000000,   26528324,        1,    1528324,    1528324
 26652,   154,   25000000,   22555682,        0,   -2444318,          0
 26652,   155,   25000000,   24171448,        0,    -828552,          0
 26652,   156,   25000000,   20397251,        0,   -4602749,          0
 26652,   157,   25000000,   22387702,        0,   -2612298,          0
 26652,   158,   25000000,   22238228,        0,   -2761772,          0
 26652,   159,   25000000,   27435399,        1,    2435399,    2435399
 26652,   160,   25000000,   27244501,        1,    2244501,    2244501
 26652,   161,   25000000,   22562579,        0,   -2437421,          0
 26652,   162,   25000000,   25440200,        1,     440200,     440200
 26652,   163,   25000000,   27576584,        1,    2576584,    2576584
 26652,   164,   25000000,   23956916,        0,   -1043084,          0
 26652,   165,   25000000,   20152258,        0,   -4847742,          0
 26652,   166,   25000000,   22073694,        0,   -2926306,          0
 26652,   167,   25000000,   24756721,        0,    -243279,          0
 26652,   168,   25000000,   22503795,        0,   -2496205,          0
 26652,   169,   25000000,   18830587,        0,   -6169413,          0
 26652,   170,   25000000,   22912709,        0,   -2087291,          0
 26652,   171,   25000000,   23519542,        0,   -1480458,          0
 26652,   172,   25000000,   21122924,        0,   -3877076,          0
 26652,   173,   25000000,   22124742,        0,   -2875258,          0
 26652,   174,   25000000,   21466480,        0,   -3533520,          0
 26652,   175,   25000000,   21444929,        0,   -3555071,          0
 26652,   176,   25000000,   23005765,        0,   -1994235,          0
 26652,   177,   25000000,   21815208,        0,   -3184792,          0
 26652,   178,   25000000,   21076037,        0,   -3923963,          0
 26652,   179,   25000000,   21301419,        0,   -3698581,          0
 26652,   180,   25000000,   20428583,        0,   -4571417,          0
 26652,   181,   25000000,   23197960,        0,   -1802040,          0
 26652,   182,   25000000,   24189137,        0,    -810863,          0
 26652,   183,   25000000,   23933437,        0,   -1066563,          0
 26652,   184,   25000000,   19585097,        0,   -5414903,          0
 26652,   185,   25000000,   22829523,        0,   -2170477,          0
 26652,   186,   25000000,   21976659,        0,   -3023341,          0
 26652,   187,   25000000,   24452723,        0,    -547277,          0
 26652,   188,   25000000,   22197105,        0,   -2802895,          0
 26652,   189,   25000000,   21415950,        0,   -3584050,          0
 26652,   190,   25000000,   22066925,        0,   -2933075,          0
 26652,   191,   25000000,   21605022,        0,   -3394978,          0
 26652,   192,   25000000,   19995728,        0,   -5004272,          0
 26652,   193,   25000000,   20344127,        0,   -4655873,          0
 26652,   194,   25000000,   22184804,        0,   -2815196,          0
 26652,   195,   25000000,   21641194,        0,   -3358806,          0
 26652,   196,   25000000,   22654791,        0,   -2345209,          0
 26652,   197,   25000000,   22301953,        0,   -2698047,          0
 26652,   198,   25000000,   22962605,        0,   -2037395,          0
 26652,   199,   25000000,   20806402,        0,   -4193598,          0
 26652,   200,   25000000,   23389314,        0,   -1610686,          0
 26652,   201,   25000000,   23335793,        0,   -1664207,          0
 26652,   202,   25000000,   22857876,        0,   -2142124,          0
 26652,   203,   25000000,   23628201,        0,   -1371799,          0
 26652,   204,   25000000,   24062573,        0,    -937427,          0
 26652,   205,   25000000,   19936283,        0,   -5063717,          0
 26652,   206,   25000000,   22065603,        0,   -2934397,          0
 26652,   207,   25000000,   21470481,        0,   -3529519,          0
 26652,   208,   25000000,   24058431,        0,    -941569,          0
 26652,   209,   25000000,   19960151,        0,   -5039849,          0
 26652,   210,   25000000,   22898843,        0,   -2101157,          0
 26652,   211,   25000000,   24384671,        0,    -615329,          0
 26652,   212,   25000000,   22333064,        0,   -2666936,          0
 26652,   213,   25000000,   23777280,        0,   -1222720,          0
 26652,   214,   25000000,   26233840,        1,    1233840,    1233840
 26652,   215,   25000000,   25031880,        1,      31880,      31880
 26652,   216,   25000000,   22403483,        0,   -2596517,          0
 26652,   217,   25000000,   22267800,        0,   -2732200,          0
 26652,   218,   25000000,   23132071,        0,   -1867929,          0
 26652,   219,   25000000,   24563013,        0,    -436987,          0
 26652,   220,   25000000,   25482634,        1,     482634,     482634
 26652,   221,   25000000,   19982349,        0,   -5017651,          0
 26652,   222,   25000000,   21255521,        0,   -3744479,          0
 26652,   223,   25000000,   23906420,        0,   -1093580,          0
 26652,   224,   25000000,   23432583,        0,   -1567417,          0
 26652,   225,   25000000,   21675410,        0,   -3324590,          0
 26652,   226,   25000000,   22394710,        0,   -2605290,          0
 26652,   227,   25000000,   21551234,        0,   -3448766,          0
 26652,   228,   25000000,   20779531,        0,   -4220469,          0
 26652,   229,   25000000,   22867488,        0,   -2132512,          0
 26652,   230,   25000000,   21320716,        0,   -3679284,          0
 26652,   231,   25000000,   24171041,        0,    -828959,          0
 26652,   232,   25000000,   19798000,        0,   -5202000,          0
 26652,   233,   25000000,   23129034,        0,   -1870966,          0
 26652,   234,   25000000,   22520460,        0,   -2479540,          0
 26652,   235,   25000000,   22163965,        0,   -2836035,          0
 26652,   236,   25000000,   21115481,        0,   -3884519,          0
 26652,   237,   25000000,   19480927,        0,   -5519073,          0
 26652,   238,   25000000,   22078603,        0,   -2921397,          0
 26652,   239,   25000000,   24394851,        0,    -605149,          0
 26652,   240,   25000000,   20202420,        0,   -4797580,          0
 26652,   241,   25000000,   23080986,        0,   -1919014,          0
 26652,   242,   25000000,   23169463,        0,   -1830537,          0
 26652,   243,   25000000,   24355660,        0,    -644340,          0
 26652,   244,   25000000,   25002735,        1,       2735,       2735
 26652,   245,   25000000,   24685006,        0,    -314994,          0
 26652,   246,   25000000,   25180869,        1,     180869,     180869
 26652,   247,   25000000,   25107240,        1,     107240,     107240
 26652,   248,   25000000,   23079999,        0,   -1920001,          0
 26652,   249,   25000000,   23811924,        0,   -1188076,          0
 26652,   250,   25000000,   22355365,        0,   -2644635,          0
 26652,   251,   25000000,   24041552,        0,    -958448,          0
 26652,   252,   25000000,   20939031,        0,   -4060969,          0
 26652,   253,   25000000,   18583406,        0,   -6416594,          0
 26652,   254,   25000000,   25268655,        1,     268655,     268655
 26652,   255,   25000000,   23535200,        0,   -1464800,          0
 26652,   256,   25000000,   23947489,        0,   -1052511,          0
 26652,   257,   25000000,   23347114,        0,   -1652886,          0
 26652,   258,   25000000,   21831112,        0,   -3168888,          0
 26652,   259,   25000000,   23859252,        0,   -1140748,          0
 26652,   260,   25000000,   24070544,        0,    -929456,          0
 26652,   261,   25000000,   20047914,        0,   -4952086,          0
 26652,   262,   25000000,   20969551,        0,   -4030449,          0
 26652,   263,   25000000,   21154062,        0,   -3845938,          0
 26652,   264,   25000000,   20418871,        0,   -4581129,          0
 26652,   265,   25000000,   23704274,        0,   -1295726,          0
 26652,   266,   25000000,   22181360,        0,   -2818640,          0
 26652,   267,   25000000,   26114390,        1,    1114390,    1114390
 26652,   268,   25000000,   23703651,        0,   -1296349,          0
 26652,   269,   25000000,   22330959,        0,   -2669041,          0
 26652,   270,   25000000,   22527580,        0,   -2472420,          0
 26652,   271,   25000000,   21725915,        0,   -3274085,          0
 26652,   272,   25000000,   22782025,        0,   -2217975,          0
 26652,   273,   25000000,   19998226,        0,   -5001774,          0
 26652,   274,   25000000,   22584303,        0,   -2415697,          0
 26652,   275,   25000000,   21277382,        0,   -3722618,          0
 26652,   276,   25000000,   22315889,        0,   -2684111,          0
 26652,   277,   25000000,   21364380,        0,   -3635620,          0
 26652,   278,   25000000,   20765159,        0,   -4234841,          0
 26652,   279,   25000000,   23735057,        0,   -1264943,          0
 26652,   280,   25000000,   21498725,        0,   -3501275,          0
 26652,   281,   25000000,   22242934,        0,   -2757066,          0
 26652,   282,   25000000,   25037306,        1,      37306,      37306
 26652,   283,   25000000,   21458884,        0,   -3541116,          0
 26652,   284,   25000000,   23843807,        0,   -1156193,          0
 26652,   285,   25000000,   26424615,        1,    1424615,    1424615
 26652,   286,   25000000,   22195419,        0,   -2804581,          0
 26652,   287,   25000000,   23346691,        0,   -1653309,          0
 26652,   288,   25000000,   22318932,        0,   -2681068,          0
 26652,   289,   25000000,   22978875,        0,   -2021125,          0
 26652,   290,   25000000,   18380751,        0,   -6619249,          0
 26652,   291,   25000000,   24405405,        0,    -594595,          0
 26652,   292,   25000000,   23127862,        0,   -1872138,          0
 26652,   293,   25000000,   22294826,        0,   -2705174,          0
 26652,   294,   25000000,   21122782,        0,   -3877218,          0
 26652,   295,   25000000,   25978177,        1,     978177,     978177
 26652,   296,   25000000,   22663863,        0,   -2336137,          0
 26652,   297,   25000000,   22125830,        0,   -2874170,          0
 26652,   298,   25000000,   21460209,        0,   -3539791,          0
 26652,   299,   25000000,   23456338,        0,   -1543662,          0
 26652,   300,   25000000,   23840518,        0,   -1159482,          0
 26652,   301,   25000000,   23314276,        0,   -1685724,          0
 26652,   302,   25000000,   23390099,        0,   -1609901,          0
 26652,   303,   25000000,   20683256,        0,   -4316744,          0
 26652,   304,   25000000,   20530530,        0,   -4469470,          0
 26652,   305,   25000000,   19757515,        0,   -5242485,          0
 26652,   306,   25000000,   21706887,        0,   -3293113,          0
 26652,   307,   25000000,   20912632,        0,   -4087368,          0
 26652,   308,   25000000,   23120352,        0,   -1879648,          0
 26652,   309,   25000000,   21457891,        0,   -3542109,          0
 26652,   310,   25000000,   22391892,        0,   -2608108,          0
 26652,   311,   25000000,   20591004,        0,   -4408996,          0
 26652,   312,   25000000,   21157556,        0,   -3842444,          0
 26652,   313,   25000000,   22222707,        0,   -2777293,          0
 26652,   314,   25000000,   23034425,        0,   -1965575,          0
 26652,   315,   25000000,   20245567,        0,   -4754433,          0
 26652,   316,   25000000,   20959136,        0,   -4040864,          0
 26652,   317,   25000000,   23140466,        0,   -1859534,          0
 26652,   318,   25000000,   20854570,        0,   -4145430,          0
 26652,   319,   25000000,   21153987,        0,   -3846013,          0
 26652,   320,   25000000,   19661850,        0,   -5338150,          0
 26652,   321,   25000000,   23136731,        0,   -1863269,          0
 26652,   322,   25000000,   21801566,        0,   -3198434,          0
 26652,   323,   25000000,   22283245,        0,   -2716755,          0
 26652,   324,   25000000,   20485283,        0,   -4514717,          0
 26652,   325,   25000000,   23171832,        0,   -1828168,          0
 26652,   326,   25000000,   21328595,        0,   -3671405,          0
 26652,   327,   25000000,   22527014,        0,   -2472986,          0
 26652,   328,   25000000,   24076453,        0,    -923547,          0
 26652,   329,   25000000,   26254491,        1,    1254491,    1254491
 26652,   330,   25000000,   25084024,        1,      84024,      84024
 26652,   331,   25000000,   20555832,        0,   -4444168,          0
 26652,   332,   25000000,   24053655,        0,    -946345,          0
 26652,   333,   25000000,   23364344,        0,   -1635656,          0
 26652,   334,   25000000,   21738101,        0,   -3261899,          0
 26652,   335,   25000000,   24021595,        0,    -978405,          0
 26652,   336,   25000000,   24242502,        0,    -757498,          0
 26652,   337,   25000000,   24391251,        0,    -608749,          0
 26652,   338,   25000000,   18898545,        0,   -6101455,          0
 26652,   339,   25000000,   26963609,        1,    1963609,    1963609
 26652,   340,   25000000,   20849151,        0,   -4150849,          0
 26652,   341,   25000000,   23105286,        0,   -1894714,          0
 26652,   342,   25000000,   21336698,        0,   -3663302,          0
 26652,   343,   25000000,   19713775,        0,   -5286225,          0
 26652,   344,   25000000,   20614811,        0,   -4385189,          0
 26652,   345,   25000000,   23040137,        0,   -1959863,          0
 26652,   346,   25000000,   21818261,        0,   -3181739,          0
 26652,   347,   25000000,   25397009,        1,     397009,     397009
 26652,   348,   25000000,   20752864,        0,   -4247136,          0
 26652,   349,   25000000,   25415136,        1,     415136,     415136
 26652,   350,   25000000,   24478818,        0,    -521182,          0
 26652,   351,   25000000,   24080348,        0,    -919652,          0
 26652,   352,   25000000,   24343261,        0,    -656739,          0
 26652,   353,   25000000,   22710420,        0,   -2289580,          0
 26652,   354,   25000000,   17834141,        0,   -7165859,          0
 26652,   355,   25000000,   23442827,        0,   -1557173,          0
 26652,   356,   25000000,   22519243,        0,   -2480757,          0
 26652,   357,   25000000,   23133976,        0,   -1866024,          0
 26652,   358,   25000000,   22288362,        0,   -2711638,          0
 26652,   359,   25000000,   20386599,        0,   -4613401,          0
 26652,   360,   25000000,   24211996,        0,    -788004,          0
 26652,   361,   25000000,   25305601,        1,     305601,     305601
 26652,   362,   25000000,   22137288,        0,   -2862712,          0
 26652,   363,   25000000,   22127746,        0,   -2872254,          0
 26652,   364,   25000000,   23357766,        0,   -1642234,          0
 26652,   365,   25000000,   24003712,        0,    -996288,          0
 26652,   366,   25000000,   24343856,        0,    -656144,          0
 26652,   367,   25000000,   24121627,        0,    -878373,          0
 26652,   368,   25000000,   19545197,        0,   -5454803,          0
 26652,   369,   25000000,   21348928,        0,   -3651072,          0
 26652,   370,   25000000,   21345172,        0,   -3654828,          0
 26652,   371,   25000000,   21743967,        0,   -3256033,          0
 26652,   372,   25000000,   20477131,        0,   -4522869,          0
 26652,   373,   25000000,   22535784,        0,   -2464216,          0
 26652,   374,   25000000,   21446027,        0,   -3553973,          0
 26652,   375,   25000000,   24305191,        0,    -694809,          0
 26652,   376,   25000000,   23679867,        0,   -1320133,          0
 26652,   377,   25000000,   23177675,        0,   -1822325,          0
 26652,   378,   25000000,   21458246,        0,   -3541754,          0
 26652,   379,   25000000,   22777407,        0,   -2222593,          0
 26652,   380,   25000000,   22670085,        0,   -2329915,          0
 26652,   381,   25000000,   22084796,        0,   -2915204,          0
 26652,   382,   25000000,   21165039,        0,   -3834961,          0
 26652,   383,   25000000,   19852688,        0,   -5147312,          0
 26652,   384,   25000000,   20935982,        0,   -4064018,          0
 26652,   385,   25000000,   23124724,        0,   -1875276,          0
 26652,   386,   25000000,   21739179,        0,   -3260821,          0
 26652,   387,   25000000,   21440690,        0,   -3559310,          0
 26652,   388,   25000000,   23988614,        0,   -1011386,          0
 26652,   389,   25000000,   21404430,        0,   -3595570,          0
 26652,   390,   25000000,   20397424,        0,   -4602576,          0
 26652,   391,   25000000,   21905958,        0,   -3094042,          0
 26652,   392,   25000000,   23880175,        0,   -1119825,          0
 26652,   393,   25000000,   22387256,        0,   -2612744,          0
 26652,   394,   25000000,   20755915,        0,   -4244085,          0
 26652,   395,   25000000,   24229024,        0,    -770976,          0
 26652,   396,   25000000,   21825620,        0,   -3174380,          0
 26652,   397,   25000000,   22513241,        0,   -2486759,          0
 26652,   398,   25000000,   21428898,        0,   -3571102,          0
 26652,   399,   25000000,   23639770,        0,   -1360230,          0
 26652,   400,   25000000,   24171943,        0,    -828057,          0
 26652,   401,   25000000,   22298394,        0,   -2701606,          0
 26652,   402,   25000000,   18463338,        0,   -6536662,          0
 26652,   403,   25000000,   21447841,        0,   -3552159,          0
 26652,   404,   25000000,   23472225,        0,   -1527775,          0
# task NAME=myapp PID=26655 COST=34935000 PERIOD=59000000 CPU=0
 26655,     2,   59000000,      11721,        0,  -58988279,          0
 26655,     3,   59000000,      95962,        0,  -58904038,          0
 26655,     4,   59000000,   50775306,        0,   -8224694,          0
 26655,     5,   59000000,   57899536,        0,   -1100464,          0
 26655,     6,   59000000,   57681186,        0,   -1318814,          0
 26655,     7,   59000000,   57526753,        0,   -1473247,          0
 26655,     8,   59000000,   58526599,        0,    -473401,          0
 26655,     9,   59000000,   50925918,        0,   -8074082,          0
 26655,    10,   59000000,   56764245,        0,   -2235755,          0
 26655,    11,   59000000,   53276807,        0,   -5723193,          0
 26655,    12,   59000000,   53799655,        0,   -5200345,          0
 26655,    13,   59000000,   53981238,        0,   -5018762,          0
 26655,    14,   59000000,   50640780,        0,   -8359220,          0
 26655,    15,   59000000,   60647539,        1,    1647539,    1647539
 26655,    16,   59000000,   54408584,        0,   -4591416,          0
 26655,    17,   59000000,   55803989,        0,   -3196011,          0
 26655,    18,   59000000,   52116205,        0,   -6883795,          0
 26655,    19,   59000000,   56364846,        0,   -2635154,          0
 26655,    20,   59000000,   60529395,        1,    1529395,    1529395
 26655,    21,   59000000,   54923829,        0,   -4076171,          0
 26655,    22,   59000000,   55736088,        0,   -3263912,          0
 26655,    23,   59000000,   56657208,        0,   -2342792,          0
 26655,    24,   59000000,   56932712,        0,   -2067288,          0
 26655,    25,   59000000,   51687956,        0,   -7312044,          0
 26655,    26,   59000000,   53154187,        0,   -5845813,          0
 26655,    27,   59000000,   56372769,        0,   -2627231,          0
 26655,    28,   59000000,   58498697,        0,    -501303,          0
 26655,    29,   59000000,   55226371,        0,   -3773629,          0
 26655,    30,   59000000,   55517878,        0,   -3482122,          0
 26655,    31,   59000000,   57462534,        0,   -1537466,          0
 26655,    32,   59000000,   56647356,        0,   -2352644,          0
 26655,    33,   59000000,   51679769,        0,   -7320231,          0
 26655,    34,   59000000,   52296208,        0,   -6703792,          0
 26655,    35,   59000000,   60048113,        1,    1048113,    1048113
 26655,    36,   59000000,   53062032,        0,   -5937968,          0
 26655,    37,   59000000,   54975954,        0,   -4024046,          0
 26655,    38,   59000000,   58541428,        0,    -458572,          0
 26655,    39,   59000000,   57559181,        0,   -1440819,          0
 26655,    40,   59000000,   56949126,        0,   -2050874,          0
 26655,    41,   59000000,   53982292,        0,   -5017708,          0
 26655,    42,   59000000,   55267963,        0,   -3732037,          0
 26655,    43,   59000000,   57645087,        0,   -1354913,          0
 26655,    44,   59000000,   54057883,        0,   -4942117,          0
 26655,    45,   59000000,   58416500,        0,    -583500,          0
 26655,    46,   59000000,   56473011,        0,   -2526989,          0
 26655,    47,   59000000,   56345666,        0,   -2654334,          0
 26655,    48,   59000000,   56839162,        0,   -2160838,          0
 26655,    49,   59000000,   51696074,        0,   -7303926,          0
 26655,    50,   59000000,   57756288,        0,   -1243712,          0
 26655,    51,   59000000,   57295331,        0,   -1704669,          0
 26655,    52,   59000000,   54606487,        0,   -4393513,          0
 26655,    53,   59000000,   53673459,        0,   -5326541,          0
 26655,    54,   59000000,   56368539,        0,   -2631461,          0
 26655,    55,   59000000,   56445954,        0,   -2554046,          0
 26655,    56,   59000000,   54624371,        0,   -4375629,          0
 26655,    57,   59000000,   57548767,        0,   -1451233,          0
 26655,    58,   59000000,   54700372,        0,   -4299628,          0
 26655,    59,   59000000,   57982414,        0,   -1017586,          0
 26655,    60,   59000000,   52558836,        0,   -6441164,          0
 26655,    61,   59000000,   50809560,        0,   -8190440,          0
 26655,    62,   59000000,   52330733,        0,   -6669267,          0
 26655,    63,   59000000,   57095560,        0,   -1904440,          0
 26655,    64,   59000000,   57037207,        0,   -1962793,          0
 26655,    65,   59000000,   51324271,        0,   -7675729,          0
 26655,    66,   59000000,   56681175,        0,   -2318825,          0
 26655,    67,   59000000,   55499731,        0,   -3500269,          0
 26655,    68,   59000000,   54317942,        0,   -4682058,          0
 26655,    69,   59000000,   58227545,        0,    -772455,          0
 26655,    70,   59000000,   48677219,        0,  -10322781,          0
 26655,    71,   59000000,   53963370,        0,   -5036630,          0
 26655,    72,   59000000,   54649238,        0,   -4350762,          0
 26655,    73,   59000000,   51071009,        0,   -7928991,          0
 26655,    74,   59000000,   56804071,        0,   -2195929,          0
 26655,    75,   59000000,   53815192,        0,   -5184808,          0
 26655,    76,   59000000,   52677406,        0,   -6322594,          0
 26655,    77,   59000000,   53996072,        0,   -5003928,          0
 26655,    78,   59000000,   56413743,        0,   -2586257,          0
 26655,    79,   59000000,   52511795,        0,   -6488205,          0
 26655,    80,   59000000,   53490748,        0,   -5509252,          0
 26655,    81,   59000000,   55505608,        0,   -3494392,          0
 26655,    82,   59000000,   57198610,        0,   -1801390,          0
 26655,    83,   59000000,   53232213,        0,   -5767787,          0
 26655,    84,   59000000,   56954475,        0,   -2045525,          0
 26655,    85,   59000000,   54766570,        0,   -4233430,          0
 26655,    86,   59000000,   55188881,        0,   -3811119,          0
 26655,    87,   59000000,   57017274,        0,   -1982726,          0
 26655,    88,   59000000,   54966580,        0,   -4033420,          0
 26655,    89,   59000000,   51248981,        0,   -7751019,          0
 26655,    90,   59000000,   49143376,        0,   -9856624,          0
 26655,    91,   59000000,   56608821,        0,   -2391179,          0
 26655,    92,   59000000,   58417679,        0,    -582321,          0
 26655,    93,   59000000,   55514612,        0,   -3485388,          0
 26655,    94,   59000000,   54217263,        0,   -4782737,          0
 26655,    95,   59000000,   56050970,        0,   -2949030,          0
 26655,    96,   59000000,   57281093,        0,   -1718907,          0
 26655,    97,   59000000,   54422987,        0,   -4577013,          0
 26655,    98,   59000000,   56628254,        0,   -2371746,          0
 26655,    99,   59000000,   61238872,        1,    2238872,    2238872
 26655,   100,   59000000,   59845642,        1,     845642,     845642
 26655,   101,   59000000,   60133722,        1,    1133722,    1133722
 26655,   102,   59000000,   56059933,        0,   -2940067,          0
 26655,   103,   59000000,   51906136,        0,   -7093864,          0
 26655,   104,   59000000,   61178429,        1,    2178429,    2178429
 26655,   105,   59000000,   55976501,        0,   -3023499,          0
 26655,   106,   59000000,   58750915,        0,    -249085,          0
 26655,   107,   59000000,   59789433,        1,     789433,     789433
 26655,   108,   59000000,   52815280,        0,   -6184720,          0
 26655,   109,   59000000,   58240406,        0,    -759594,          0
 26655,   110,   59000000,   56014736,        0,   -2985264,          0
 26655,   111,   59000000,   50038614,        0,   -8961386,          0
 26655,   112,   59000000,   52931410,        0,   -6068590,          0
 26655,   113,   59000000,   51050160,        0,   -7949840,          0
 26655,   114,   59000000,   53402823,        0,   -5597177,          0
 26655,   115,   59000000,   53422751,        0,   -5577249,          0
 26655,   116,   59000000,   56399817,        0,   -2600183,          0
 26655,   117,   59000000,   57435433,        0,   -1564567,          0
 26655,   118,   59000000,   54333204,        0,   -4666796,          0
 26655,   119,   59000000,   54104838,        0,   -4895162,          0
 26655,   120,   59000000,   52611236,        0,   -6388764,          0
 26655,   121,   59000000,   54752037,        0,   -4247963,          0
 26655,   122,   59000000,   56677345,        0,   -2322655,          0
 26655,   123,   59000000,   54740684,        0,   -4259316,          0
 26655,   124,   59000000,   50601528,        0,   -8398472,          0
 26655,   125,   59000000,   53195716,        0,   -5804284,          0
 26655,   126,   59000000,   56079562,        0,   -2920438,          0
 26655,   127,   59000000,   52991935,        0,   -6008065,          0
 26655,   128,   59000000,   53295982,        0,   -5704018,          0
 26655,   129,   59000000,   53933602,        0,   -5066398,          0
 26655,   130,   59000000,   54651926,        0,   -4348074,          0
 26655,   131,   59000000,   56469219,        0,   -2530781,          0
 26655,   132,   59000000,   54443031,        0,   -4556969,          0
 26655,   133,   59000000,   54881793,        0,   -4118207,          0
 26655,   134,   59000000,   55371905,        0,   -3628095,          0
 26655,   135,   59000000,   52549836,        0,   -6450164,          0
 26655,   136,   59000000,   54047702,        0,   -4952298,          0
 26655,   137,   59000000,   55997853,        0,   -3002147,          0
 26655,   138,   59000000,   56829283,        0,   -2170717,          0
 26655,   139,   59000000,   58108785,        0,    -891215,          0
 26655,   140,   59000000,   54686612,        0,   -4313388,          0
 26655,   141,   59000000,   58383786,        0,    -616214,          0
 26655,   142,   59000000,   52174472,        0,   -6825528,          0
 26655,   143,   59000000,   53255197,        0,   -5744803,          0
 26655,   144,   59000000,   54193322,        0,   -4806678,          0
 26655,   145,   59000000,   55729547,        0,   -3270453,          0
 26655,   146,   59000000,   55172287,        0,   -3827713,          0
 26655,   147,   59000000,   52325826,        0,   -6674174,          0
 26655,   148,   59000000,   53848743,        0,   -5151257,          0
 26655,   149,   59000000,   54911837,        0,   -4088163,          0
 26655,   150,   59000000,   54931414,        0,   -4068586,          0
 26655,   151,   59000000,   53332974,        0,   -5667026,          0
 26655,   152,   59000000,   56308953,        0,   -2691047,          0
 26655,   153,   59000000,   57598856,        0,   -1401144,          0
 26655,   154,   59000000,   55708430,        0,   -3291570,          0
 26655,   155,   59000000,   51426634,        0,   -7573366,          0
 26655,   156,   59000000,   57458816,        0,   -1541184,          0
 26655,   157,   59000000,   55039644,        0,   -3960356,          0
 26655,   158,   59000000,   52181864,        0,   -6818136,          0
 26655,   159,   59000000,   53182576,        0,   -5817424,          0
 26655,   160,   59000000,   50424797,        0,   -8575203,          0
 26655,   161,   59000000,   53611265,        0,   -5388735,          0
 26655,   162,   59000000,   55523703,        0,   -3476297,          0
 26655,   163,   59000000,   53680326,        0,   -5319674,          0
 26655,   164,   59000000,   46837405,        0,  -12162595,          0
 26655,   165,   59000000,   50620745,        0,   -8379255,          0
 26655,   166,   59000000,   58912280,        0,     -87720,          0
 26655,   167,   59000000,   52790196,        0,   -6209804,          0
 26655,   168,   59000000,   57112479,        0,   -1887521,          0
 26655,   169,   59000000,   52937645,        0,   -6062355,          0
 26655,   170,   59000000,   55297683,        0,   -3702317,          0
 26655,   171,   59000000,   54969398,        0,   -4030602,          0
 26655,   172,   59000000,   48655787,        0,  -10344213,          0
 26655,   173,   59000000,   57308814,        0,   -1691186,          0
