# Task,   Job,     Period,   Response, DL Miss?,   Lateness,  Tardiness
# task NAME=myapp PID=22578 COST=37782000 PERIOD=49000000 CPU=0
 22578,     2,   49000000,       9418,        0,  -48990582,          0
 22578,     3,   49000000,      41082,        0,  -48958918,          0
 22578,     4,   49000000,   36977787,        0,  -12022213,          0
 22578,     5,   49000000,   36952749,        0,  -12047251,          0
 22578,     6,   49000000,   37077534,        0,  -11922466,          0
 22578,     7,   49000000,   37632123,        0,  -11367877,          0
 22578,     8,   49000000,   37304339,        0,  -11695661,          0
 22578,     9,   49000000,   36989029,        0,  -12010971,          0
 22578,    10,   49000000,   36964512,        0,  -12035488,          0
 22578,    11,   49000000,   36966507,        0,  -12033493,          0
 22578,    12,   49000000,   36971400,        0,  -12028600,          0
 22578,    13,   49000000,   37280055,        0,  -11719945,          0
 22578,    14,   49000000,   36970065,        0,  -12029935,          0
 22578,    15,   49000000,   36979782,        0,  -12020218,          0
 22578,    16,   49000000,   36970531,        0,  -12029469,          0
 22578,    17,   49000000,   37085396,        0,  -11914604,          0
 22578,    18,   49000000,   37237831,        0,  -11762169,          0
 22578,    19,   49000000,   36957145,        0,  -12042855,          0
 22578,    20,   49000000,   36997246,        0,  -12002754,          0
 22578,    21,   49000000,   37263982,        0,  -11736018,          0
 22578,    22,   49000000,   37084978,        0,  -11915022,          0
 22578,    23,   49000000,   37254236,        0,  -11745764,          0
 22578,    24,   49000000,   36966232,        0,  -12033768,          0
 22578,    25,   49000000,   36959129,        0,  -12040871,          0
 22578,    26,   49000000,   47994101,        0,   -1005899,          0
 22578,    27,   49000000,   36971130,        0,  -12028870,          0
 22578,    28,   49000000,   37268934,        0,  -11731066,          0
 22578,    29,   49000000,   37003411,        0,  -11996589,          0
 22578,    30,   49000000,   37010279,        0,  -11989721,          0
 22578,    31,   49000000,   37266653,        0,  -11733347,          0
 22578,    32,   49000000,   36960721,        0,  -12039279,          0
 22578,    33,   49000000,   36987906,        0,  -12012094,          0
 22578,    34,   49000000,   36970852,        0,  -12029148,          0
 22578,    35,   49000000,   37038677,        0,  -11961323,          0
 22578,    36,   49000000,   37254776,        0,  -11745224,          0
 22578,    37,   49000000,   36976008,        0,  -12023992,          0
 22578,    38,   49000000,   36991910,        0,  -12008090,          0
 22578,    39,   49000000,   36963304,        0,  -12036696,          0
 22578,    40,   49000000,   36959974,        0,  -12040026,          0
 22578,    41,   49000000,   37293177,        0,  -11706823,          0
 22578,    42,   49000000,   36966684,        0,  -12033316,          0
 22578,    43,   49000000,   48934448,        0,     -65552,          0
 22578,    44,   49000000,   37233174,        0,  -11766826,          0
 22578,    45,   49000000,   36989840,        0,  -12010160,          0
 22578,    46,   49000000,   45854259,        0,   -3145741,          0
 22578,    47,   49000000,   36968390,        0,  -12031610,          0
 22578,    48,   49000000,   38832591,        0,  -10167409,          0
 22578,    49,   49000000,   37259250,        0,  -11740750,          0
 22578,    50,   49000000,   36994368,        0,  -12005632,          0
 22578,    51,   49000000,   37300284,        0,  -11699716,          0
 22578,    52,   49000000,   36988447,        0,  -12011553,          0
 22578,    53,   49000000,   36959658,        0,  -12040342,          0
 22578,    54,   49000000,   37258867,        0,  -11741133,          0
 22578,    55,   49000000,   36960998,        0,  -12039002,          0
 22578,    56,   49000000,   40281751,        0,   -8718249,          0
 22578,    57,   49000000,   37038240,        0,  -11961760,          0
 22578,    58,   49000000,   37058937,        0,  -11941063,          0
 22578,    59,   49000000,   37279051,        0,  -11720949,          0
 22578,    60,   49000000,   37011620,        0,  -11988380,          0
 22578,    61,   49000000,   36978299,        0,  -12021701,          0
 22578,    62,   49000000,   36998554,        0,  -12001446,          0
 22578,    63,   49000000,   37015558,        0,  -11984442,          0
 22578,    64,   49000000,   37253326,        0,  -11746674,          0
 22578,    65,   49000000,   36982747,        0,  -12017253,          0
 22578,    66,   49000000,   56935213,        1,    7935213,    7935213
 22578,    67,   49000000,   44883390,        0,   -4116610,          0
 22578,    68,   49000000,   36961782,        0,  -12038218,          0
 22578,    69,   49000000,   37281041,        0,  -11718959,          0
 22578,    70,   49000000,   36971233,        0,  -12028767,          0
 22578,    71,   49000000,   37043458,        0,  -11956542,          0
 22578,    72,   49000000,   37283120,        0,  -11716880,          0
 22578,    73,   49000000,   36931652,        0,  -12068348,          0
 22578,    74,   49000000,   37302605,        0,  -11697395,          0
 22578,    75,   49000000,   36980479,        0,  -12019521,          0
 22578,    76,   49000000,   36963075,        0,  -12036925,          0
 22578,    77,   49000000,   37256234,        0,  -11743766,          0
 22578,    78,   49000000,   37063416,        0,  -11936584,          0
 22578,    79,   49000000,   36964233,        0,  -12035767,          0
 22578,    80,   49000000,   36990088,        0,  -12009912,          0
 22578,    81,   49000000,   41996345,        0,   -7003655,          0
 22578,    82,   49000000,   37268359,        0,  -11731641,          0
 22578,    83,   49000000,   36983460,        0,  -12016540,          0
 22578,    84,   49000000,   36967923,        0,  -12032077,          0
 22578,    85,   49000000,   36971331,        0,  -12028669,          0
 22578,    86,   49000000,   36979762,        0,  -12020238,          0
 22578,    87,   49000000,   37305792,        0,  -11694208,          0
 22578,    88,   49000000,   36965373,        0,  -12034627,          0
 22578,    89,   49000000,   36978119,        0,  -12021881,          0
 22578,    90,   49000000,   36945581,        0,  -12054419,          0
 22578,    91,   49000000,   36986351,        0,  -12013649,          0
 22578,    92,   49000000,   37269706,        0,  -11730294,          0
 22578,    93,   49000000,   36955976,        0,  -12044024,          0
 22578,    94,   49000000,   36987729,        0,  -12012271,          0
 22578,    95,   49000000,   37248438,        0,  -11751562,          0
 22578,    96,   49000000,   36980945,        0,  -12019055,          0
 22578,    97,   49000000,   37231032,        0,  -11768968,          0
 22578,    98,   49000000,   36944883,        0,  -12055117,          0
 22578,    99,   49000000,   37033819,        0,  -11966181,          0
 22578,   100,   49000000,   37246999,        0,  -11753001,          0
 22578,   101,   49000000,   36972122,        0,  -12027878,          0
 22578,   102,   49000000,   37242942,        0,  -11757058,          0
 22578,   103,   49000000,   36962681,        0,  -12037319,          0
 22578,   104,   49000000,   36929536,        0,  -12070464,          0
 22578,   105,   49000000,   37244135,        0,  -11755865,          0
 22578,   106,   49000000,   36976610,        0,  -12023390,          0
 22578,   107,   49000000,   36950668,        0,  -12049332,          0
 22578,   108,   49000000,   36952348,        0,  -12047652,          0
 22578,   109,   49000000,   36965324,        0,  -12034676,          0
 22578,   110,   49000000,   37257592,        0,  -11742408,          0
 22578,   111,   49000000,   36958637,        0,  -12041363,          0
 22578,   112,   49000000,   36960845,        0,  -12039155,          0
 22578,   113,   49000000,   36935092,        0,  -12064908,          0
 22578,   114,   49000000,   44301630,        0,   -4698370,          0
 22578,   115,   49000000,   37241688,        0,  -11758312,          0
 22578,   116,   49000000,   36938172,        0,  -12061828,          0
 22578,   117,   49000000,   37020251,        0,  -11979749,          0
 22578,   118,   49000000,   37250742,        0,  -11749258,          0
 22578,   119,   49000000,   40241742,        0,   -8758258,          0
 22578,   120,   49000000,   37279068,        0,  -11720932,          0
 22578,   121,   49000000,   36992256,        0,  -12007744,          0
 22578,   122,   49000000,   41259702,        0,   -7740298,          0
 22578,   123,   49000000,   37244108,        0,  -11755892,          0
 22578,   124,   49000000,   36975178,        0,  -12024822,          0
 22578,   125,   49000000,   37249185,        0,  -11750815,          0
 22578,   126,   49000000,   36968178,        0,  -12031822,          0
 22578,   127,   49000000,   36952627,        0,  -12047373,          0
 22578,   128,   49000000,   37211468,        0,  -11788532,          0
 22578,   129,   49000000,   36968974,        0,  -12031026,          0
 22578,   130,   49000000,   36968902,        0,  -12031098,          0
 22578,   131,   49000000,   36974492,        0,  -12025508,          0
 22578,   132,   49000000,   36932727,        0,  -12067273,          0
 22578,   133,   49000000,   37225896,        0,  -11774104,          0
 22578,   134,   49000000,   42084487,        0,   -6915513,          0
 22578,   135,   49000000,   36936410,        0,  -12063590,          0
 22578,   136,   49000000,   36989471,        0,  -12010529,          0
 22578,   137,   49000000,   36937173,        0,  -12062827,          0
 22578,   138,   49000000,   37236251,        0,  -11763749,          0
 22578,   139,   49000000,   36958652,        0,  -12041348,          0
 22578,   140,   49000000,   48564256,        0,    -435744,          0
 22578,   141,   49000000,   36928336,        0,  -12071664,          0
 22578,   142,   49000000,   37045558,        0,  -11954442,          0
 22578,   143,   49000000,   37265913,        0,  -11734087,          0
 22578,   144,   49000000,   36973633,        0,  -12026367,          0
 22578,   145,   49000000,   36961981,        0,  -12038019,          0
 22578,   146,   49000000,   37285844,        0,  -11714156,          0
 22578,   147,   49000000,   36943193,        0,  -12056807,          0
 22578,   148,   49000000,   37221499,        0,  -11778501,          0
 22578,   149,   49000000,   36949207,        0,  -12050793,          0
 22578,   150,   49000000,   36928401,        0,  -12071599,          0
 22578,   151,   49000000,   37261446,        0,  -11738554,          0
 22578,   152,   49000000,   36963597,        0,  -12036403,          0
 22578,   153,   49000000,   37231245,        0,  -11768755,          0
 22578,   154,   49000000,   36945132,        0,  -12054868,          0
 22578,   155,   49000000,   36991251,        0,  -12008749,          0
 22578,   156,   49000000,   37221711,        0,  -11778289,          0
 22578,   157,   49000000,   36949264,        0,  -12050736,          0
 22578,   158,   49000000,   36946580,        0,  -12053420,          0
 22578,   159,   49000000,   36996778,        0,  -12003222,          0
 22578,   160,   49000000,   37080382,        0,  -11919618,          0
 22578,   161,   49000000,   37243148,        0,  -11756852,          0
 22578,   162,   49000000,   48906847,        0,     -93153,          0
 22578,   163,   49000000,   36929614,        0,  -12070386,          0
 22578,   164,   49000000,   55455871,        1,    6455871,    6455871
 22578,   165,   49000000,   43380105,        0,   -5619895,          0
 22578,   166,   49000000,   37241289,        0,  -11758711,          0
 22578,   167,   49000000,   36952887,        0,  -12047113,          0
 22578,   168,   49000000,   37012064,        0,  -11987936,          0
 22578,   169,   49000000,   37228132,        0,  -11771868,          0
 22578,   170,   49000000,   36972612,        0,  -12027388,          0
 22578,   171,   49000000,   37284703,        0,  -11715297,          0
 22578,   172,   49000000,   36964147,        0,  -12035853,          0
 22578,   173,   49000000,   36949255,        0,  -12050745,          0
 22578,   174,   49000000,   37223525,        0,  -11776475,          0
 22578,   175,   49000000,   36999893,        0,  -12000107,          0
 22578,   176,   49000000,   37260980,        0,  -11739020,          0
 22578,   177,   49000000,   37002106,        0,  -11997894,          0
 22578,   178,   49000000,   36992071,        0,  -12007929,          0
 22578,   179,   49000000,   38368335,        0,  -10631665,          0
 22578,   180,   49000000,   37111101,        0,  -11888899,          0
 22578,   181,   49000000,   60042759,        1,   11042759,   11042759
 22578,   182,   49000000,   47979314,        0,   -1020686,          0
 22578,   183,   49000000,   36968107,        0,  -12031893,          0
 22578,   184,   49000000,   37308442,        0,  -11691558,          0
 22578,   185,   49000000,   36980077,        0,  -12019923,          0
 22578,   186,   49000000,   36968370,        0,  -12031630,          0
 22578,   187,   49000000,   36978117,        0,  -12021883,          0
 22578,   188,   49000000,   36985167,        0,  -12014833,          0
 22578,   189,   49000000,   37251436,        0,  -11748564,          0
 22578,   190,   49000000,   36990511,        0,  -12009489,          0
 22578,   191,   49000000,   36973869,        0,  -12026131,          0
 22578,   192,   49000000,   37299562,        0,  -11700438,          0
 22578,   193,   49000000,   36978555,        0,  -12021445,          0
 22578,   194,   49000000,   37279438,        0,  -11720562,          0
 22578,   195,   49000000,   37021646,        0,  -11978354,          0
 22578,   196,   49000000,   37019470,        0,  -11980530,          0
 22578,   197,   49000000,   37272826,        0,  -11727174,          0
 22578,   198,   49000000,   36975872,        0,  -12024128,          0
 22578,   199,   49000000,   55238644,        1,    6238644,    6238644
 22578,   200,   49000000,   43180644,        0,   -5819356,          0
 22578,   201,   49000000,   37099773,        0,  -11900227,          0
 22578,   202,   49000000,   37264548,        0,  -11735452,          0
 22578,   203,   49000000,   36960517,        0,  -12039483,          0
 22578,   204,   49000000,   36966661,        0,  -12033339,          0
 22578,   205,   49000000,   36986413,        0,  -12013587,          0
 22578,   206,   49000000,   36996707,        0,  -12003293,          0
 22578,   207,   49000000,   37249542,        0,  -11750458,          0
 22578,   208,   49000000,   36977248,        0,  -12022752,          0
# task NAME=myapp PID=22581 COST=19688000 PERIOD=86000000 CPU=0
 22581,     2,   86000000,      15573,        0,  -85984427,          0
 22581,     3,   86000000,      51074,        0,  -85948926,          0
 22581,     4,   86000000,   19292806,        0,  -66707194,          0
 22581,     5,   86000000,   31385590,        0,  -54614410,          0
 22581,     6,   86000000,   19564067,        0,  -66435933,          0
 22581,     7,   86000000,   19283574,        0,  -66716426,          0
 22581,     8,   86000000,   19294657,        0,  -66705343,          0
 22581,     9,   86000000,   19303154,        0,  -66696846,          0
 22581,    10,   86000000,   19281140,        0,  -66718860,          0
 22581,    11,   86000000,   19388392,        0,  -66611608,          0
 22581,    12,   86000000,   19279290,        0,  -66720710,          0
 22581,    13,   86000000,   19280700,        0,  -66719300,          0
 22581,    14,   86000000,   19308499,        0,  -66691501,          0
 22581,    15,   86000000,   24072372,        0,  -61927628,          0
 22581,    16,   86000000,   19560490,        0,  -66439510,          0
 22581,    17,   86000000,   19279823,        0,  -66720177,          0
 22581,    18,   86000000,   19288530,        0,  -66711470,          0
 22581,    19,   86000000,   19542038,        0,  -66457962,          0
 22581,    20,   86000000,   19284506,        0,  -66715494,          0
 22581,    21,   86000000,   19265775,        0,  -66734225,          0
 22581,    22,   86000000,   19537754,        0,  -66462246,          0
 22581,    23,   86000000,   19381964,        0,  -66618036,          0
 22581,    24,   86000000,   19292142,        0,  -66707858,          0
 22581,    25,   86000000,   19322709,        0,  -66677291,          0
 22581,    26,   86000000,   19283625,        0,  -66716375,          0
 22581,    27,   86000000,   19275423,        0,  -66724577,          0
 22581,    28,   86000000,   19292899,        0,  -66707101,          0
 22581,    29,   86000000,   19310339,        0,  -66689661,          0
 22581,    30,   86000000,   19289338,        0,  -66710662,          0
 22581,    31,   86000000,   19281993,        0,  -66718007,          0
 22581,    32,   86000000,   19558918,        0,  -66441082,          0
 22581,    33,   86000000,   19293772,        0,  -66706228,          0
 22581,    34,   86000000,   19292269,        0,  -66707731,          0
 22581,    35,   86000000,   19564896,        0,  -66435104,          0
 22581,    36,   86000000,   19299343,        0,  -66700657,          0
 22581,    37,   86000000,   19322827,        0,  -66677173,          0
 22581,    38,   86000000,   19567917,        0,  -66432083,          0
 22581,    39,   86000000,   19291085,        0,  -66708915,          0
 22581,    40,   86000000,   19288566,        0,  -66711434,          0
 22581,    41,   86000000,   19298252,        0,  -66701748,          0
 22581,    42,   86000000,   19301504,        0,  -66698496,          0
 22581,    43,   86000000,   46246154,        0,  -39753846,          0
 22581,    44,   86000000,   19306164,        0,  -66693836,          0
 22581,    45,   86000000,   19266595,        0,  -66733405,          0
 22581,    46,   86000000,   19383588,        0,  -66616412,          0
 22581,    47,   86000000,   19305760,        0,  -66694240,          0
 22581,    48,   86000000,   19598778,        0,  -66401222,          0
 22581,    49,   86000000,   20150710,        0,  -65849290,          0
 22581,    50,   86000000,   19281369,        0,  -66718631,          0
 22581,    51,   86000000,   19561718,        0,  -66438282,          0
 22581,    52,   86000000,   19325609,        0,  -66674391,          0
 22581,    53,   86000000,   19545682,        0,  -66454318,          0
 22581,    54,   86000000,   23024955,        0,  -62975045,          0
 22581,    55,   86000000,   19338541,        0,  -66661459,          0
 22581,    56,   86000000,   19299859,        0,  -66700141,          0
 22581,    57,   86000000,   19327667,        0,  -66672333,          0
 22581,    58,   86000000,   30378318,        0,  -55621682,          0
 22581,    59,   86000000,   19295174,        0,  -66704826,          0
 22581,    60,   86000000,   19296009,        0,  -66703991,          0
 22581,    61,   86000000,   19342419,        0,  -66657581,          0
 22581,    62,   86000000,   19292796,        0,  -66707204,          0
 22581,    63,   86000000,   19313123,        0,  -66686877,          0
 22581,    64,   86000000,   19566792,        0,  -66433208,          0
 22581,    65,   86000000,   19279405,        0,  -66720595,          0
 22581,    66,   86000000,   28280060,        0,  -57719940,          0
 22581,    67,   86000000,   19562814,        0,  -66437186,          0
 22581,    68,   86000000,   19318982,        0,  -66681018,          0
 22581,    69,   86000000,   30652119,        0,  -55347881,          0
 22581,    70,   86000000,   19293979,        0,  -66706021,          0
 22581,    71,   86000000,   21603439,        0,  -64396561,          0
 22581,    72,   86000000,   36519846,        0,  -49480154,          0
 22581,    73,   86000000,   19286031,        0,  -66713969,          0
 22581,    74,   86000000,   19305421,        0,  -66694579,          0
 22581,    75,   86000000,   19297307,        0,  -66702693,          0
 22581,    76,   86000000,   19304839,        0,  -66695161,          0
 22581,    77,   86000000,   19289295,        0,  -66710705,          0
 22581,    78,   86000000,   19298289,        0,  -66701711,          0
 22581,    79,   86000000,   19312203,        0,  -66687797,          0
 22581,    80,   86000000,   19603688,        0,  -66396312,          0
 22581,    81,   86000000,   19292782,        0,  -66707218,          0
 22581,    82,   86000000,   19282364,        0,  -66717636,          0
 22581,    83,   86000000,   19571569,        0,  -66428431,          0
 22581,    84,   86000000,   19284528,        0,  -66715472,          0
 22581,    85,   86000000,   19300108,        0,  -66699892,          0
 22581,    86,   86000000,   19275494,        0,  -66724506,          0
 22581,    87,   86000000,   35239809,        0,  -50760191,          0
 22581,    88,   86000000,   19301654,        0,  -66698346,          0
 22581,    89,   86000000,   19310539,        0,  -66689461,          0
 22581,    90,   86000000,   19335038,        0,  -66664962,          0
 22581,    91,   86000000,   28720733,        0,  -57279267,          0
 22581,    92,   86000000,   19306019,        0,  -66693981,          0
 22581,    93,   86000000,   19328652,        0,  -66671348,          0
 22581,    94,   86000000,   19286964,        0,  -66713036,          0
 22581,    95,   86000000,   19302860,        0,  -66697140,          0
 22581,    96,   86000000,   19608756,        0,  -66391244,          0
 22581,    97,   86000000,   19308509,        0,  -66691491,          0
 22581,    98,   86000000,   19286596,        0,  -66713404,          0
 22581,    99,   86000000,   19576610,        0,  -66423390,          0
 22581,   100,   86000000,   19300677,        0,  -66699323,          0
 22581,   101,   86000000,   19323395,        0,  -66676605,          0
 22581,   102,   86000000,   19281569,        0,  -66718431,          0
 22581,   103,   86000000,   31289418,        0,  -54710582,          0
 22581,   104,   86000000,   19308580,        0,  -66691420,          0
 22581,   105,   86000000,   19277483,        0,  -66722517,          0
 22581,   106,   86000000,   19294399,        0,  -66705601,          0
 22581,   107,   86000000,   19326061,        0,  -66673939,          0
 22581,   108,   86000000,   19292771,        0,  -66707229,          0
 22581,   109,   86000000,   19277967,        0,  -66722033,          0
 22581,   110,   86000000,   19269172,        0,  -66730828,          0
 22581,   111,   86000000,   19279020,        0,  -66720980,          0
 22581,   112,   86000000,   19555842,        0,  -66444158,          0
 22581,   113,   86000000,   19322406,        0,  -66677594,          0
 22581,   114,   86000000,   19285865,        0,  -66714135,          0
 22581,   115,   86000000,   24397430,        0,  -61602570,          0
 22581,   116,   86000000,   19304113,        0,  -66695887,          0
 22581,   117,   86000000,   19320359,        0,  -66679641,          0
 22581,   118,   86000000,   19282091,        0,  -66717909,          0
 22581,   119,   86000000,   19273678,        0,  -66726322,          0
 22581,   120,   86000000,   19288718,        0,  -66711282,          0
