573 582 0
295 295 1
822 848 0
374 376 0
386 386 1
492 493 0
382 382 1
326 326 1
414 414 1
506 508 0
437 437 1
308 308 1
703 707 0
358 358 1
406 407 0
385 385 1
845 845 1
922 929 0
481 481 1
372 372 1
383 386 0
264 264 1
726 770 0
661 661 1
668 738 0
 
753 944 0
754 829 0
953 1138 0
709 761 0
743 858 0
997 1165 0
1374 1986 0
1322 1554 0
971 1038 0
414 418 0
495 525 0
861 1033 0
464 475 0
1181 1429 0
472 473 0
430 431 0
629 629 1
449 454 0
985 1002 0
661 689 0
901 1084 0
594 706 0
1160 1315 0
1284 1577 0
703 743 0
 
601 1991 0
704 1318 0
593 1617 0
552 997 0
253 658 0
580 1684 0
520 858 0
389 921 0
400 635 0
676 1752 0
607 1938 0
482 1085 0
738 1602 0
579 1216 0
519 1309 0
268 647 0
441 1594 0
971 1914 0
436 701 0
534 1485 0
557 1151 0
552 2279 0
531 786 0
402 667 0
565 1006 0
 
61 1038 0
42 773 0
89 723 0
122 669 0
125 1553 0
40 908 0
500 1206 0
116 803 0
116 1132 0
130 976 0
49 747 0
69 685 0
47 797 0
57 789 0
51 731 0
217 1146 0
303 992 0
55 716 0
38 643 0
24 547 0
22 483 0
107 673 0
204 976 0
548 1289 0
115 981 0
 
213 914 0
79 1139 0
151 838 0
38 703 0
64 737 0
53 925 0
90 713 0
57 678 0
65 1005 0
129 539 0
51 1372 0
396 1117 0
40 944 0
45 912 0
286 1595 0
240 1027 0
63 955 0
36 744 0
42 747 0
95 652 0
23 580 0
95 1044 0
46 594 0
78 1249 0
150 751 0
 
===
