# Task,   Job,     Period,   Response, DL Miss?,   Lateness,  Tardiness
# task NAME=myapp PID=1020 COST=23144000 PERIOD=91000000 CPU=0
  1020,     2,   91000000,       2872,        0,  -90997128,          0
  1020,     3,   91000000,     319119,        0,  -90680881,          0
  1020,     4,   91000000,   22994291,        0,  -68005709,          0
  1020,     5,   91000000,   22900505,        0,  -68099495,          0
  1020,     6,   91000000,   28499641,        0,  -62500359,          0
  1020,     7,   91000000,   29242586,        0,  -61757414,          0
  1020,     8,   91000000,   22915525,        0,  -68084475,          0
  1020,     9,   91000000,   22912854,        0,  -68087146,          0
  1020,    10,   91000000,   22924489,        0,  -68075511,          0
  1020,    11,   91000000,   23369458,        0,  -67630542,          0
  1020,    12,   91000000,   23203269,        0,  -67796731,          0
  1020,    13,   91000000,   25201217,        0,  -65798783,          0
  1020,    14,   91000000,   22908374,        0,  -68091626,          0
  1020,    15,   91000000,   22901003,        0,  -68098997,          0
  1020,    16,   91000000,   22992915,        0,  -68007085,          0
  1020,    17,   91000000,   23186384,        0,  -67813616,          0
  1020,    18,   91000000,   28140566,        0,  -62859434,          0
  1020,    19,   91000000,   40863262,        0,  -50136738,          0
  1020,    20,   91000000,   23454718,        0,  -67545282,          0
  1020,    21,   91000000,   22912422,        0,  -68087578,          0
  1020,    22,   91000000,   31954265,        0,  -59045735,          0
  1020,    23,   91000000,   22911968,        0,  -68088032,          0
  1020,    24,   91000000,   23312247,        0,  -67687753,          0
  1020,    25,   91000000,   22903797,        0,  -68096203,          0
  1020,    26,   91000000,   22899212,        0,  -68100788,          0
  1020,    27,   91000000,   22937706,        0,  -68062294,          0
  1020,    28,   91000000,   23196510,        0,  -67803490,          0
  1020,    29,   91000000,   22890070,        0,  -68109930,          0
  1020,    30,   91000000,   22941801,        0,  -68058199,          0
  1020,    31,   91000000,   22915190,        0,  -68084810,          0
  1020,    32,   91000000,   28440018,        0,  -62559982,          0
  1020,    33,   91000000,   32349853,        0,  -58650147,          0
  1020,    34,   91000000,   23376067,        0,  -67623933,          0
  1020,    35,   91000000,   23375023,        0,  -67624977,          0
  1020,    36,   91000000,   22924963,        0,  -68075037,          0
  1020,    37,   91000000,   22961512,        0,  -68038488,          0
  1020,    38,   91000000,   22926456,        0,  -68073544,          0
  1020,    39,   91000000,   23202676,        0,  -67797324,          0
  1020,    40,   91000000,   28814599,        0,  -62185401,          0
  1020,    41,   91000000,   22914025,        0,  -68085975,          0
  1020,    42,   91000000,   24952197,        0,  -66047803,          0
  1020,    43,   91000000,   22910047,        0,  -68089953,          0
  1020,    44,   91000000,   22888852,        0,  -68111148,          0
  1020,    45,   91000000,   22892039,        0,  -68107961,          0
  1020,    46,   91000000,   23511812,        0,  -67488188,          0
  1020,    47,   91000000,   36761021,        0,  -54238979,          0
  1020,    48,   91000000,   23000981,        0,  -67999019,          0
  1020,    49,   91000000,   25041732,        0,  -65958268,          0
  1020,    50,   91000000,   23206886,        0,  -67793114,          0
  1020,    51,   91000000,   22914957,        0,  -68085043,          0
  1020,    52,   91000000,   22996479,        0,  -68003521,          0
  1020,    53,   91000000,   22970387,        0,  -68029613,          0
  1020,    54,   91000000,   22979100,        0,  -68020900,          0
  1020,    55,   91000000,   22947524,        0,  -68052476,          0
  1020,    56,   91000000,   23170891,        0,  -67829109,          0
  1020,    57,   91000000,   25478166,        0,  -65521834,          0
  1020,    58,   91000000,   23025169,        0,  -67974831,          0
  1020,    59,   91000000,   29395525,        0,  -61604475,          0
  1020,    60,   91000000,   22976405,        0,  -68023595,          0
  1020,    61,   91000000,   23311616,        0,  -67688384,          0
  1020,    62,   91000000,   26633425,        0,  -64366575,          0
  1020,    63,   91000000,   22911430,        0,  -68088570,          0
  1020,    64,   91000000,   22944541,        0,  -68055459,          0
  1020,    65,   91000000,   22896900,        0,  -68103100,          0
  1020,    66,   91000000,   23176125,        0,  -67823875,          0
  1020,    67,   91000000,   22909178,        0,  -68090822,          0
  1020,    68,   91000000,   23248968,        0,  -67751032,          0
  1020,    69,   91000000,   23015625,        0,  -67984375,          0
  1020,    70,   91000000,   22917240,        0,  -68082760,          0
  1020,    71,   91000000,   23239680,        0,  -67760320,          0
  1020,    72,   91000000,   23196950,        0,  -67803050,          0
  1020,    73,   91000000,   22923427,        0,  -68076573,          0
  1020,    74,   91000000,   22932653,        0,  -68067347,          0
  1020,    75,   91000000,   22906105,        0,  -68093895,          0
  1020,    76,   91000000,   22907613,        0,  -68092387,          0
  1020,    77,   91000000,   22913814,        0,  -68086186,          0
  1020,    78,   91000000,   24651959,        0,  -66348041,          0
  1020,    79,   91000000,   23204220,        0,  -67795780,          0
  1020,    80,   91000000,   22915688,        0,  -68084312,          0
  1020,    81,   91000000,   22915212,        0,  -68084788,          0
  1020,    82,   91000000,   22925379,        0,  -68074621,          0
  1020,    83,   91000000,   27067096,        0,  -63932904,          0
  1020,    84,   91000000,   22895687,        0,  -68104313,          0
  1020,    85,   91000000,   22890161,        0,  -68109839,          0
  1020,    86,   91000000,   22899107,        0,  -68100893,          0
  1020,    87,   91000000,   22896617,        0,  -68103383,          0
  1020,    88,   91000000,   22977849,        0,  -68022151,          0
  1020,    89,   91000000,   22920695,        0,  -68079305,          0
  1020,    90,   91000000,   23658295,        0,  -67341705,          0
  1020,    91,   91000000,   23268221,        0,  -67731779,          0
  1020,    92,   91000000,   22969883,        0,  -68030117,          0
  1020,    93,   91000000,   26712112,        0,  -64287888,          0
  1020,    94,   91000000,   23360460,        0,  -67639540,          0
  1020,    95,   91000000,   22901084,        0,  -68098916,          0
  1020,    96,   91000000,   22894723,        0,  -68105277,          0
  1020,    97,   91000000,   23083505,        0,  -67916495,          0
  1020,    98,   91000000,   22984300,        0,  -68015700,          0
  1020,    99,   91000000,   22884507,        0,  -68115493,          0
  1020,   100,   91000000,   22887536,        0,  -68112464,          0
  1020,   101,   91000000,   24722064,        0,  -66277936,          0
  1020,   102,   91000000,   22880465,        0,  -68119535,          0
  1020,   103,   91000000,   22918102,        0,  -68081898,          0
  1020,   104,   91000000,   23077340,        0,  -67922660,          0
  1020,   105,   91000000,   23202438,        0,  -67797562,          0
  1020,   106,   91000000,   23178534,        0,  -67821466,          0
  1020,   107,   91000000,   22895740,        0,  -68104260,          0
  1020,   108,   91000000,   22941668,        0,  -68058332,          0
  1020,   109,   91000000,   22961072,        0,  -68038928,          0
  1020,   110,   91000000,   22895248,        0,  -68104752,          0
  1020,   111,   91000000,   23868849,        0,  -67131151,          0
  1020,   112,   91000000,   25937090,        0,  -65062910,          0
  1020,   113,   91000000,   22969296,        0,  -68030704,          0
# task NAME=myapp PID=1024 COST=29206000 PERIOD=86000000 CPU=0
  1024,     2,   86000000,      13707,        0,  -85986293,          0
  1024,     3,   86000000,     310091,        0,  -85689909,          0
  1024,     4,   86000000,   28888751,        0,  -57111249,          0
  1024,     5,   86000000,   32805512,        0,  -53194488,          0
  1024,     6,   86000000,   28888204,        0,  -57111796,          0
  1024,     7,   86000000,   28878056,        0,  -57121944,          0
  1024,     8,   86000000,   35501351,        0,  -50498649,          0
  1024,     9,   86000000,   29180377,        0,  -56819623,          0
  1024,    10,   86000000,   29190032,        0,  -56809968,          0
  1024,    11,   86000000,   28901609,        0,  -57098391,          0
  1024,    12,   86000000,   29181548,        0,  -56818452,          0
  1024,    13,   86000000,   28903202,        0,  -57096798,          0
  1024,    14,   86000000,   29164400,        0,  -56835600,          0
  1024,    15,   86000000,   29666718,        0,  -56333282,          0
  1024,    16,   86000000,   32652684,        0,  -53347316,          0
  1024,    17,   86000000,   28887074,        0,  -57112926,          0
  1024,    18,   86000000,   34412217,        0,  -51587783,          0
  1024,    19,   86000000,   29519037,        0,  -56480963,          0
  1024,    20,   86000000,   30111381,        0,  -55888619,          0
  1024,    21,   86000000,   28950743,        0,  -57049257,          0
  1024,    22,   86000000,   28956505,        0,  -57043495,          0
  1024,    23,   86000000,   28884258,        0,  -57115742,          0
  1024,    24,   86000000,   28917312,        0,  -57082688,          0
  1024,    25,   86000000,   29195565,        0,  -56804435,          0
  1024,    26,   86000000,   28909929,        0,  -57090071,          0
  1024,    27,   86000000,   28887213,        0,  -57112787,          0
  1024,    28,   86000000,   29193832,        0,  -56806168,          0
  1024,    29,   86000000,   28905617,        0,  -57094383,          0
  1024,    30,   86000000,   28944259,        0,  -57055741,          0
  1024,    31,   86000000,   29227117,        0,  -56772883,          0
  1024,    32,   86000000,   28894428,        0,  -57105572,          0
  1024,    33,   86000000,   28887900,        0,  -57112100,          0
  1024,    34,   86000000,   36776313,        0,  -49223687,          0
  1024,    35,   86000000,   28884929,        0,  -57115071,          0
  1024,    36,   86000000,   29117974,        0,  -56882026,          0
  1024,    37,   86000000,   37706531,        0,  -48293469,          0
  1024,    38,   86000000,   28902727,        0,  -57097273,          0
  1024,    39,   86000000,   28915742,        0,  -57084258,          0
  1024,    40,   86000000,   28899124,        0,  -57100876,          0
  1024,    41,   86000000,   29201787,        0,  -56798213,          0
  1024,    42,   86000000,   28894022,        0,  -57105978,          0
  1024,    43,   86000000,   28903238,        0,  -57096762,          0
  1024,    44,   86000000,   29587510,        0,  -56412490,          0
  1024,    45,   86000000,   28887673,        0,  -57112327,          0
  1024,    46,   86000000,   29021264,        0,  -56978736,          0
  1024,    47,   86000000,   29209505,        0,  -56790495,          0
  1024,    48,   86000000,   28877209,        0,  -57122791,          0
  1024,    49,   86000000,   28927166,        0,  -57072834,          0
  1024,    50,   86000000,   29186702,        0,  -56813298,          0
  1024,    51,   86000000,   28876683,        0,  -57123317,          0
  1024,    52,   86000000,   28888315,        0,  -57111685,          0
  1024,    53,   86000000,   28898886,        0,  -57101114,          0
  1024,    54,   86000000,   28911897,        0,  -57088103,          0
  1024,    55,   86000000,   31706547,        0,  -54293453,          0
  1024,    56,   86000000,   37427401,        0,  -48572599,          0
  1024,    57,   86000000,   29203563,        0,  -56796437,          0
  1024,    58,   86000000,   28913154,        0,  -57086846,          0
  1024,    59,   86000000,   32528061,        0,  -53471939,          0
  1024,    60,   86000000,   29220523,        0,  -56779477,          0
  1024,    61,   86000000,   28922189,        0,  -57077811,          0
  1024,    62,   86000000,   28880032,        0,  -57119968,          0
  1024,    63,   86000000,   29190070,        0,  -56809930,          0
  1024,    64,   86000000,   28892156,        0,  -57107844,          0
  1024,    65,   86000000,   28882670,        0,  -57117330,          0
  1024,    66,   86000000,   29175942,        0,  -56824058,          0
  1024,    67,   86000000,   28940066,        0,  -57059934,          0
  1024,    68,   86000000,   31259215,        0,  -54740785,          0
  1024,    69,   86000000,   29084742,        0,  -56915258,          0
  1024,    70,   86000000,   28972173,        0,  -57027827,          0
  1024,    71,   86000000,   31184158,        0,  -54815842,          0
  1024,    72,   86000000,   30190340,        0,  -55809660,          0
  1024,    73,   86000000,   35116146,        0,  -50883854,          0
  1024,    74,   86000000,   28879622,        0,  -57120378,          0
  1024,    75,   86000000,   28880663,        0,  -57119337,          0
  1024,    76,   86000000,   29187844,        0,  -56812156,          0
  1024,    77,   86000000,   29136833,        0,  -56863167,          0
  1024,    78,   86000000,   28883676,        0,  -57116324,          0
  1024,    79,   86000000,   29207386,        0,  -56792614,          0
  1024,    80,   86000000,   28916597,        0,  -57083403,          0
  1024,    81,   86000000,   28983913,        0,  -57016087,          0
  1024,    82,   86000000,   29269062,        0,  -56730938,          0
  1024,    83,   86000000,   28884684,        0,  -57115316,          0
  1024,    84,   86000000,   28877834,        0,  -57122166,          0
  1024,    85,   86000000,   31927275,        0,  -54072725,          0
  1024,    86,   86000000,   28908608,        0,  -57091392,          0
  1024,    87,   86000000,   28877177,        0,  -57122823,          0
  1024,    88,   86000000,   29238863,        0,  -56761137,          0
  1024,    89,   86000000,   29411607,        0,  -56588393,          0
  1024,    90,   86000000,   28895447,        0,  -57104553,          0
  1024,    91,   86000000,   32772543,        0,  -53227457,          0
  1024,    92,   86000000,   29177112,        0,  -56822888,          0
  1024,    93,   86000000,   28873567,        0,  -57126433,          0
  1024,    94,   86000000,   28899519,        0,  -57100481,          0
  1024,    95,   86000000,   29196390,        0,  -56803610,          0
  1024,    96,   86000000,   28931709,        0,  -57068291,          0
  1024,    97,   86000000,   35595254,        0,  -50404746,          0
  1024,    98,   86000000,   31392632,        0,  -54607368,          0
  1024,    99,   86000000,   30060967,        0,  -55939033,          0
  1024,   100,   86000000,   28964645,        0,  -57035355,          0
  1024,   101,   86000000,   31058826,        0,  -54941174,          0
  1024,   102,   86000000,   28909974,        0,  -57090026,          0
  1024,   103,   86000000,   28900112,        0,  -57099888,          0
  1024,   104,   86000000,   30345506,        0,  -55654494,          0
  1024,   105,   86000000,   29205264,        0,  -56794736,          0
  1024,   106,   86000000,   29197882,        0,  -56802118,          0
  1024,   107,   86000000,   30138750,        0,  -55861250,          0
  1024,   108,   86000000,   29302453,        0,  -56697547,          0
  1024,   109,   86000000,   28975932,        0,  -57024068,          0
  1024,   110,   86000000,   28946878,        0,  -57053122,          0
  1024,   111,   86000000,   29208048,        0,  -56791952,          0
  1024,   112,   86000000,   33789774,        0,  -52210226,          0
  1024,   113,   86000000,   29132307,        0,  -56867693,          0
  1024,   114,   86000000,   28983113,        0,  -57016887,          0
  1024,   115,   86000000,   28996655,        0,  -57003345,          0
  1024,   116,   86000000,   29144014,        0,  -56855986,          0
  1024,   117,   86000000,   28907017,        0,  -57092983,          0
  1024,   118,   86000000,   30831829,        0,  -55168171,          0
  1024,   119,   86000000,   29001759,        0,  -56998241,          0
  1024,   120,   86000000,   28917430,        0,  -57082570,          0
# task NAME=myapp PID=1027 COST=17853000 PERIOD=80000000 CPU=0
  1027,     2,   80000000,      20632,        0,  -79979368,          0
  1027,     3,   80000000,     307122,        0,  -79692878,          0
  1027,     4,   80000000,   17712611,        0,  -62287389,          0
  1027,     5,   80000000,   17958294,        0,  -62041706,          0
  1027,     6,   80000000,   17677776,        0,  -62322224,          0
  1027,     7,   80000000,   17679763,        0,  -62320237,          0
  1027,     8,   80000000,   19147159,        0,  -60852841,          0
  1027,     9,   80000000,   17805789,        0,  -62194211,          0
  1027,    10,   80000000,   17768142,        0,  -62231858,          0
  1027,    11,   80000000,   17681871,        0,  -62318129,          0
  1027,    12,   80000000,   17738563,        0,  -62261437,          0
  1027,    13,   80000000,   17773967,        0,  -62226033,          0
  1027,    14,   80000000,   17724924,        0,  -62275076,          0
  1027,    15,   80000000,   17687177,        0,  -62312823,          0
  1027,    16,   80000000,   17976127,        0,  -62023873,          0
  1027,    17,   80000000,   17680026,        0,  -62319974,          0
  1027,    18,   80000000,   19184088,        0,  -60815912,          0
  1027,    19,   80000000,   18014468,        0,  -61985532,          0
  1027,    20,   80000000,   17699708,        0,  -62300292,          0
  1027,    21,   80000000,   17697371,        0,  -62302629,          0
  1027,    22,   80000000,   24560566,        0,  -55439434,          0
  1027,    23,   80000000,   17703169,        0,  -62296831,          0
  1027,    24,   80000000,   17671547,        0,  -62328453,          0
  1027,    25,   80000000,   26983146,        0,  -53016854,          0
  1027,    26,   80000000,   20091513,        0,  -59908487,          0
  1027,    27,   80000000,   17764980,        0,  -62235020,          0
  1027,    28,   80000000,   17690820,        0,  -62309180,          0
  1027,    29,   80000000,   18458133,        0,  -61541867,          0
  1027,    30,   80000000,   17949425,        0,  -62050575,          0
  1027,    31,   80000000,   22151284,        0,  -57848716,          0
  1027,    32,   80000000,   17707057,        0,  -62292943,          0
  1027,    33,   80000000,   18976815,        0,  -61023185,          0
  1027,    34,   80000000,   17671917,        0,  -62328083,          0
  1027,    35,   80000000,   17672237,        0,  -62327763,          0
  1027,    36,   80000000,   22948735,        0,  -57051265,          0
  1027,    37,   80000000,   17848083,        0,  -62151917,          0
  1027,    38,   80000000,   17689292,        0,  -62310708,          0
  1027,    39,   80000000,   17684203,        0,  -62315797,          0
  1027,    40,   80000000,   18088727,        0,  -61911273,          0
  1027,    41,   80000000,   17945916,        0,  -62054084,          0
  1027,    42,   80000000,   18972522,        0,  -61027478,          0
  1027,    43,   80000000,   18313851,        0,  -61686149,          0
  1027,    44,   80000000,   19758580,        0,  -60241420,          0
  1027,    45,   80000000,   17701986,        0,  -62298014,          0
  1027,    46,   80000000,   17703672,        0,  -62296328,          0
  1027,    47,   80000000,   17676179,        0,  -62323821,          0
  1027,    48,   80000000,   17676552,        0,  -62323448,          0
  1027,    49,   80000000,   18034892,        0,  -61965108,          0
  1027,    50,   80000000,   17734775,        0,  -62265225,          0
  1027,    51,   80000000,   18908206,        0,  -61091794,          0
  1027,    52,   80000000,   22693519,        0,  -57306481,          0
  1027,    53,   80000000,   17732256,        0,  -62267744,          0
  1027,    54,   80000000,   17668668,        0,  -62331332,          0
  1027,    55,   80000000,   17963411,        0,  -62036589,          0
  1027,    56,   80000000,   17784170,        0,  -62215830,          0
  1027,    57,   80000000,   17661159,        0,  -62338841,          0
  1027,    58,   80000000,   17858876,        0,  -62141124,          0
  1027,    59,   80000000,   19971908,        0,  -60028092,          0
  1027,    60,   80000000,   17679526,        0,  -62320474,          0
  1027,    61,   80000000,   17674913,        0,  -62325087,          0
  1027,    62,   80000000,   17678451,        0,  -62321549,          0
  1027,    63,   80000000,   17716500,        0,  -62283500,          0
  1027,    64,   80000000,   18115573,        0,  -61884427,          0
  1027,    65,   80000000,   21473626,        0,  -58526374,          0
  1027,    66,   80000000,   17943512,        0,  -62056488,          0
  1027,    67,   80000000,   17668385,        0,  -62331615,          0
  1027,    68,   80000000,   17704985,        0,  -62295015,          0
  1027,    69,   80000000,   17954001,        0,  -62045999,          0
  1027,    70,   80000000,   17669948,        0,  -62330052,          0
  1027,    71,   80000000,   17683933,        0,  -62316067,          0
  1027,    72,   80000000,   17677832,        0,  -62322168,          0
  1027,    73,   80000000,   17697970,        0,  -62302030,          0
  1027,    74,   80000000,   19941044,        0,  -60058956,          0
  1027,    75,   80000000,   20592195,        0,  -59407805,          0
  1027,    76,   80000000,   18727182,        0,  -61272818,          0
  1027,    77,   80000000,   17717510,        0,  -62282490,          0
  1027,    78,   80000000,   17712416,        0,  -62287584,          0
  1027,    79,   80000000,   17684046,        0,  -62315954,          0
  1027,    80,   80000000,   17951201,        0,  -62048799,          0
  1027,    81,   80000000,   17690356,        0,  -62309644,          0
  1027,    82,   80000000,   17833291,        0,  -62166709,          0
  1027,    83,   80000000,   17708247,        0,  -62291753,          0
  1027,    84,   80000000,   17705255,        0,  -62294745,          0
  1027,    85,   80000000,   17679214,        0,  -62320786,          0
  1027,    86,   80000000,   19554375,        0,  -60445625,          0
  1027,    87,   80000000,   17767277,        0,  -62232723,          0
  1027,    88,   80000000,   17706459,        0,  -62293541,          0
  1027,    89,   80000000,   17692638,        0,  -62307362,          0
  1027,    90,   80000000,   17924163,        0,  -62075837,          0
  1027,    91,   80000000,   18054430,        0,  -61945570,          0
  1027,    92,   80000000,   17721298,        0,  -62278702,          0
  1027,    93,   80000000,   21246553,        0,  -58753447,          0
  1027,    94,   80000000,   26132311,        0,  -53867689,          0
  1027,    95,   80000000,   17681736,        0,  -62318264,          0
  1027,    96,   80000000,   17666072,        0,  -62333928,          0
  1027,    97,   80000000,   17676133,        0,  -62323867,          0
  1027,    98,   80000000,   17678487,        0,  -62321513,          0
  1027,    99,   80000000,   20837511,        0,  -59162489,          0
  1027,   100,   80000000,   21246405,        0,  -58753595,          0
  1027,   101,   80000000,   26312182,        0,  -53687818,          0
  1027,   102,   80000000,   28270365,        0,  -51729635,          0
  1027,   103,   80000000,   29948848,        0,  -50051152,          0
  1027,   104,   80000000,   17830223,        0,  -62169777,          0
  1027,   105,   80000000,   17947991,        0,  -62052009,          0
  1027,   106,   80000000,   17676350,        0,  -62323650,          0
  1027,   107,   80000000,   17695097,        0,  -62304903,          0
  1027,   108,   80000000,   17677740,        0,  -62322260,          0
  1027,   109,   80000000,   17685192,        0,  -62314808,          0
  1027,   110,   80000000,   17674923,        0,  -62325077,          0
  1027,   111,   80000000,   17696717,        0,  -62303283,          0
  1027,   112,   80000000,   17682991,        0,  -62317009,          0
  1027,   113,   80000000,   19678530,        0,  -60321470,          0
  1027,   114,   80000000,   17665154,        0,  -62334846,          0
  1027,   115,   80000000,   17674068,        0,  -62325932,          0
  1027,   116,   80000000,   19858013,        0,  -60141987,          0
  1027,   117,   80000000,   19747533,        0,  -60252467,          0
  1027,   118,   80000000,   17989998,        0,  -62010002,          0
  1027,   119,   80000000,   17948181,        0,  -62051819,          0
  1027,   120,   80000000,   17677922,        0,  -62322078,          0
  1027,   121,   80000000,   17673250,        0,  -62326750,          0
  1027,   122,   80000000,   17675439,        0,  -62324561,          0
  1027,   123,   80000000,   17701124,        0,  -62298876,          0
  1027,   124,   80000000,   17687560,        0,  -62312440,          0
  1027,   125,   80000000,   17764916,        0,  -62235084,          0
  1027,   126,   80000000,   18642815,        0,  -61357185,          0
  1027,   127,   80000000,   17743748,        0,  -62256252,          0
  1027,   128,   80000000,   19604975,        0,  -60395025,          0
  1027,   129,   80000000,   17698374,        0,  -62301626,          0
# task NAME=myapp PID=1031 COST=11888000 PERIOD=65000000 CPU=0
  1031,     2,   65000000,       6772,        0,  -64993228,          0
  1031,     3,   65000000,     326850,        0,  -64673150,          0
  1031,     4,   65000000,   11783851,        0,  -53216149,          0
  1031,     5,   65000000,   12080272,        0,  -52919728,          0
  1031,     6,   65000000,   19126483,        0,  -45873517,          0
  1031,     7,   65000000,   19428056,        0,  -45571944,          0
  1031,     8,   65000000,   11790791,        0,  -53209209,          0
  1031,     9,   65000000,   11779197,        0,  -53220803,          0
  1031,    10,   65000000,   11795687,        0,  -53204313,          0
  1031,    11,   65000000,   11801126,        0,  -53198874,          0
  1031,    12,   65000000,   11803944,        0,  -53196056,          0
  1031,    13,   65000000,   11781320,        0,  -53218680,          0
  1031,    14,   65000000,   11786395,        0,  -53213605,          0
  1031,    15,   65000000,   11786197,        0,  -53213803,          0
  1031,    16,   65000000,   11836698,        0,  -53163302,          0
  1031,    17,   65000000,   12298847,        0,  -52701153,          0
  1031,    18,   65000000,   11793227,        0,  -53206773,          0
  1031,    19,   65000000,   12088884,        0,  -52911116,          0
  1031,    20,   65000000,   11778157,        0,  -53221843,          0
  1031,    21,   65000000,   11777290,        0,  -53222710,          0
  1031,    22,   65000000,   11793218,        0,  -53206782,          0
  1031,    23,   65000000,   11801040,        0,  -53198960,          0
  1031,    24,   65000000,   11790108,        0,  -53209892,          0
  1031,    25,   65000000,   11783228,        0,  -53216772,          0
  1031,    26,   65000000,   11781381,        0,  -53218619,          0
  1031,    27,   65000000,   17716614,        0,  -47283386,          0
  1031,    28,   65000000,   11863846,        0,  -53136154,          0
  1031,    29,   65000000,   11821462,        0,  -53178538,          0
  1031,    30,   65000000,   11779838,        0,  -53220162,          0
  1031,    31,   65000000,   11786794,        0,  -53213206,          0
  1031,    32,   65000000,   11811923,        0,  -53188077,          0
  1031,    33,   65000000,   11798927,        0,  -53201073,          0
  1031,    34,   65000000,   13602715,        0,  -51397285,          0
  1031,    35,   65000000,   15616403,        0,  -49383597,          0
  1031,    36,   65000000,   11778159,        0,  -53221841,          0
  1031,    37,   65000000,   11850462,        0,  -53149538,          0
  1031,    38,   65000000,   11790989,        0,  -53209011,          0
  1031,    39,   65000000,   11778655,        0,  -53221345,          0
  1031,    40,   65000000,   12081352,        0,  -52918648,          0
  1031,    41,   65000000,   11821688,        0,  -53178312,          0
  1031,    42,   65000000,   12064754,        0,  -52935246,          0
  1031,    43,   65000000,   17789864,        0,  -47210136,          0
  1031,    44,   65000000,   20526148,        0,  -44473852,          0
  1031,    45,   65000000,   11810989,        0,  -53189011,          0
  1031,    46,   65000000,   11775036,        0,  -53224964,          0
  1031,    47,   65000000,   11795066,        0,  -53204934,          0
  1031,    48,   65000000,   24179873,        0,  -40820127,          0
  1031,    49,   65000000,   13691457,        0,  -51308543,          0
  1031,    50,   65000000,   11797991,        0,  -53202009,          0
  1031,    51,   65000000,   14540606,        0,  -50459394,          0
  1031,    52,   65000000,   11800182,        0,  -53199818,          0
  1031,    53,   65000000,   13040542,        0,  -51959458,          0
  1031,    54,   65000000,   11788840,        0,  -53211160,          0
  1031,    55,   65000000,   14092019,        0,  -50907981,          0
  1031,    56,   65000000,   11797791,        0,  -53202209,          0
  1031,    57,   65000000,   11834048,        0,  -53165952,          0
  1031,    58,   65000000,   11782099,        0,  -53217901,          0
  1031,    59,   65000000,   11793948,        0,  -53206052,          0
  1031,    60,   65000000,   11825623,        0,  -53174377,          0
  1031,    61,   65000000,   11802104,        0,  -53197896,          0
  1031,    62,   65000000,   11814382,        0,  -53185618,          0
  1031,    63,   65000000,   11901458,        0,  -53098542,          0
  1031,    64,   65000000,   11797207,        0,  -53202793,          0
  1031,    65,   65000000,   11958607,        0,  -53041393,          0
  1031,    66,   65000000,   11933919,        0,  -53066081,          0
  1031,    67,   65000000,   12086487,        0,  -52913513,          0
  1031,    68,   65000000,   17591487,        0,  -47408513,          0
  1031,    69,   65000000,   12068033,        0,  -52931967,          0
  1031,    70,   65000000,   12484465,        0,  -52515535,          0
  1031,    71,   65000000,   13731289,        0,  -51268711,          0
  1031,    72,   65000000,   20350181,        0,  -44649819,          0
  1031,    73,   65000000,   11869671,        0,  -53130329,          0
  1031,    74,   65000000,   12095108,        0,  -52904892,          0
  1031,    75,   65000000,   11785439,        0,  -53214561,          0
  1031,    76,   65000000,   11840662,        0,  -53159338,          0
  1031,    77,   65000000,   11946800,        0,  -53053200,          0
  1031,    78,   65000000,   11781348,        0,  -53218652,          0
  1031,    79,   65000000,   11896903,        0,  -53103097,          0
  1031,    80,   65000000,   11806390,        0,  -53193610,          0
  1031,    81,   65000000,   11864882,        0,  -53135118,          0
  1031,    82,   65000000,   11880695,        0,  -53119305,          0
  1031,    83,   65000000,   11821782,        0,  -53178218,          0
  1031,    84,   65000000,   11859502,        0,  -53140498,          0
  1031,    85,   65000000,   11844328,        0,  -53155672,          0
  1031,    86,   65000000,   11842222,        0,  -53157778,          0
  1031,    87,   65000000,   11906117,        0,  -53093883,          0
  1031,    88,   65000000,   11786569,        0,  -53213431,          0
  1031,    89,   65000000,   11850714,        0,  -53149286,          0
  1031,    90,   65000000,   11806158,        0,  -53193842,          0
  1031,    91,   65000000,   11797411,        0,  -53202589,          0
  1031,    92,   65000000,   12350807,        0,  -52649193,          0
  1031,    93,   65000000,   11790977,        0,  -53209023,          0
  1031,    94,   65000000,   12100589,        0,  -52899411,          0
  1031,    95,   65000000,   11804972,        0,  -53195028,          0
  1031,    96,   65000000,   11780674,        0,  -53219326,          0
  1031,    97,   65000000,   11870660,        0,  -53129340,          0
  1031,    98,   65000000,   11778973,        0,  -53221027,          0
  1031,    99,   65000000,   11796589,        0,  -53203411,          0
  1031,   100,   65000000,   13706749,        0,  -51293251,          0
  1031,   101,   65000000,   11795569,        0,  -53204431,          0
  1031,   102,   65000000,   11831368,        0,  -53168632,          0
  1031,   103,   65000000,   12175114,        0,  -52824886,          0
  1031,   104,   65000000,   11798134,        0,  -53201866,          0
  1031,   105,   65000000,   11796371,        0,  -53203629,          0
  1031,   106,   65000000,   11806924,        0,  -53193076,          0
  1031,   107,   65000000,   16961815,        0,  -48038185,          0
  1031,   108,   65000000,   11789233,        0,  -53210767,          0
  1031,   109,   65000000,   13562381,        0,  -51437619,          0
  1031,   110,   65000000,   11774511,        0,  -53225489,          0
  1031,   111,   65000000,   14266243,        0,  -50733757,          0
  1031,   112,   65000000,   11791523,        0,  -53208477,          0
  1031,   113,   65000000,   17234263,        0,  -47765737,          0
  1031,   114,   65000000,   19184201,        0,  -45815799,          0
  1031,   115,   65000000,   13159407,        0,  -51840593,          0
  1031,   116,   65000000,   11789445,        0,  -53210555,          0
  1031,   117,   65000000,   12100932,        0,  -52899068,          0
  1031,   118,   65000000,   14101161,        0,  -50898839,          0
  1031,   119,   65000000,   12633248,        0,  -52366752,          0
  1031,   120,   65000000,   13492222,        0,  -51507778,          0
  1031,   121,   65000000,   11869691,        0,  -53130309,          0
  1031,   122,   65000000,   11836895,        0,  -53163105,          0
  1031,   123,   65000000,   11777101,        0,  -53222899,          0
  1031,   124,   65000000,   11931738,        0,  -53068262,          0
  1031,   125,   65000000,   16045857,        0,  -48954143,          0
  1031,   126,   65000000,   11854791,        0,  -53145209,          0
  1031,   127,   65000000,   11788946,        0,  -53211054,          0
  1031,   128,   65000000,   11825857,        0,  -53174143,          0
  1031,   129,   65000000,   16326425,        0,  -48673575,          0
  1031,   130,   65000000,   14113601,        0,  -50886399,          0
  1031,   131,   65000000,   11789501,        0,  -53210499,          0
  1031,   132,   65000000,   11776483,        0,  -53223517,          0
  1031,   133,   65000000,   11798024,        0,  -53201976,          0
  1031,   134,   65000000,   11773481,        0,  -53226519,          0
  1031,   135,   65000000,   11775146,        0,  -53224854,          0
  1031,   136,   65000000,   11901606,        0,  -53098394,          0
  1031,   137,   65000000,   11995594,        0,  -53004406,          0
  1031,   138,   65000000,   11870151,        0,  -53129849,          0
  1031,   139,   65000000,   13899364,        0,  -51100636,          0
  1031,   140,   65000000,   11778444,        0,  -53221556,          0
  1031,   141,   65000000,   11902385,        0,  -53097615,          0
  1031,   142,   65000000,   12071790,        0,  -52928210,          0
  1031,   143,   65000000,   11784866,        0,  -53215134,          0
  1031,   144,   65000000,   12084699,        0,  -52915301,          0
  1031,   145,   65000000,   11781187,        0,  -53218813,          0
  1031,   146,   65000000,   19510084,        0,  -45489916,          0
  1031,   147,   65000000,   11792848,        0,  -53207152,          0
  1031,   148,   65000000,   11775994,        0,  -53224006,          0
  1031,   149,   65000000,   11773526,        0,  -53226474,          0
  1031,   150,   65000000,   11820007,        0,  -53179993,          0
  1031,   151,   65000000,   11890442,        0,  -53109558,          0
  1031,   152,   65000000,   11823736,        0,  -53176264,          0
  1031,   153,   65000000,   11775753,        0,  -53224247,          0
  1031,   154,   65000000,   11818040,        0,  -53181960,          0
  1031,   155,   65000000,   11777307,        0,  -53222693,          0
  1031,   156,   65000000,   13345824,        0,  -51654176,          0
  1031,   157,   65000000,   11788903,        0,  -53211097,          0
