# Task,   Job,     Period,   Response, DL Miss?,   Lateness,  Tardiness
# task NAME=myapp PID=4001 COST=64452000 PERIOD=79000000 CPU=0
  4001,     2,   79000000,       6042,        0,  -78993958,          0
  4001,     3,   79000000,     132990,        0,  -78867010,          0
  4001,     4,   79000000,  119905584,        1,   40905584,   40905584
  4001,     5,   79000000,  163964666,        1,   84964666,   84964666
  4001,     6,   79000000,  204026437,        1,  125026437,  125026437
  4001,     7,   79000000,  248385462,        1,  169385462,  169385462
  4001,     8,   79000000,  290954444,        1,  211954444,  211954444
  4001,     9,   79000000,  334776455,        1,  255776455,  255776455
  4001,    10,   79000000,  381254866,        1,  302254866,  302254866
  4001,    11,   79000000,  421585141,        1,  342585141,  342585141
  4001,    12,   79000000,  465982575,        1,  386982575,  386982575
  4001,    13,   79000000,  510358456,        1,  431358456,  431358456
  4001,    14,   79000000,  552395454,        1,  473395454,  473395454
  4001,    15,   79000000,  596750764,        1,  517750764,  517750764
  4001,    16,   79000000,  641097255,        1,  562097255,  562097255
  4001,    17,   79000000,  683219259,        1,  604219259,  604219259
  4001,    18,   79000000,  727347303,        1,  648347303,  648347303
  4001,    19,   79000000,  769420984,        1,  690420984,  690420984
  4001,    20,   79000000,  813885133,        1,  734885133,  734885133
  4001,    21,   79000000,  858099995,        1,  779099995,  779099995
  4001,    22,   79000000,  900572520,        1,  821572520,  821572520
  4001,    23,   79000000,  947371006,        1,  868371006,  868371006
  4001,    24,   79000000,  986233178,        1,  907233178,  907233178
  4001,    25,   79000000, 1030219083,        1,  951219083,  951219083
  4001,    26,   79000000, 1074510186,        1,  995510186,  995510186
  4001,    27,   79000000, 1116847109,        1, 1037847109, 1037847109
  4001,    28,   79000000, 1163413240,        1, 1084413240, 1084413240
  4001,    29,   79000000, 1203471175,        1, 1124471175, 1124471175
  4001,    30,   79000000, 1247535637,        1, 1168535637, 1168535637
  4001,    31,   79000000, 1289663859,        1, 1210663859, 1210663859
  4001,    32,   79000000, 1334045652,        1, 1255045652, 1255045652
  4001,    33,   79000000, 1378388226,        1, 1299388226, 1299388226
  4001,    34,   79000000, 1420567279,        1, 1341567279, 1341567279
  4001,    35,   79000000, 1464898296,        1, 1385898296, 1385898296
  4001,    36,   79000000, 1511273912,        1, 1432273912, 1432273912
  4001,    37,   79000000, 1551764664,        1, 1472764664, 1472764664
  4001,    38,   79000000, 1596292462,        1, 1517292462, 1517292462
  4001,    39,   79000000, 1640322419,        1, 1561322419, 1561322419
  4001,    40,   79000000, 1682400444,        1, 1603400444, 1603400444
  4001,    41,   79000000, 1726840109,        1, 1647840109, 1647840109
  4001,    42,   79000000, 1770897583,        1, 1691897583, 1691897583
  4001,    43,   79000000, 1812903032,        1, 1733903032, 1733903032
  4001,    44,   79000000, 1859385683,        1, 1780385683, 1780385683
  4001,    45,   79000000, 1901378971,        1, 1822378971, 1822378971
  4001,    46,   79000000, 1943395829,        1, 1864395829, 1864395829
  4001,    47,   79000000, 1985415783,        1, 1906415783, 1906415783
  4001,    48,   79000000, 2029851394,        1, 1950851394, 1950851394
  4001,    49,   79000000, 2076166898,        1, 1997166898, 1997166898
  4001,    50,   79000000, 2116442164,        1, 2037442164, 2037442164
  4001,    51,   79000000, 2160745861,        1, 2081745861, 2081745861
  4001,    52,   79000000, 2205126658,        1, 2126126658, 2126126658
  4001,    53,   79000000, 2247524321,        1, 2168524321, 2168524321
  4001,    54,   79000000, 2291843676,        1, 2212843676, 2212843676
  4001,    55,   79000000, 2335990781,        1, 2256990781, 2256990781
  4001,    56,   79000000, 2378408433,        1, 2299408433, 2299408433
  4001,    57,   79000000, 2422775146,        1, 2343775146, 2343775146
# task NAME=myapp PID=4004 COST=35413000 PERIOD=54000000 CPU=0
  4004,     2,   54000000,       7157,        0,  -53992843,          0
  4004,     3,   54000000,     144905,        0,  -53855095,          0
  4004,     4,   54000000,   66852470,        1,   12852470,   12852470
  4004,     5,   54000000,   82118971,        1,   28118971,   28118971
  4004,     6,   54000000,   91600756,        1,   37600756,   37600756
  4004,     7,   54000000,  105156538,        1,   51156538,   51156538
  4004,     8,   54000000,  118757767,        1,   64757767,   64757767
  4004,     9,   54000000,  132484800,        1,   78484800,   78484800
  4004,    10,   54000000,  146436977,        1,   92436977,   92436977
  4004,    11,   54000000,  159989317,        1,  105989317,  105989317
  4004,    12,   54000000,  173880649,        1,  119880649,  119880649
  4004,    13,   54000000,  187449027,        1,  133449027,  133449027
  4004,    14,   54000000,  201219658,        1,  147219658,  147219658
  4004,    15,   54000000,  214818465,        1,  160818465,  160818465
  4004,    16,   54000000,  228678685,        1,  174678685,  174678685
  4004,    17,   54000000,  240241203,        1,  186241203,  186241203
  4004,    18,   54000000,  256166662,        1,  202166662,  202166662
  4004,    19,   54000000,  267854394,        1,  213854394,  213854394
  4004,    20,   54000000,  281793345,        1,  227793345,  227793345
  4004,    21,   54000000,  295277620,        1,  241277620,  241277620
  4004,    22,   54000000,  306934112,        1,  252934112,  252934112
  4004,    23,   54000000,  322803537,        1,  268803537,  268803537
  4004,    24,   54000000,  336273933,        1,  282273933,  282273933
  4004,    25,   54000000,  347975554,        1,  293975554,  293975554
  4004,    26,   54000000,  361512590,        1,  307512590,  307512590
  4004,    27,   54000000,  373046613,        1,  319046613,  319046613
  4004,    28,   54000000,  386728866,        1,  332728866,  332728866
  4004,    29,   54000000,  402511333,        1,  348511333,  348511333
  4004,    30,   54000000,  414058826,        1,  360058826,  360058826
  4004,    31,   54000000,  425652534,        1,  371652534,  371652534
  4004,    32,   54000000,  439233392,        1,  385233392,  385233392
  4004,    33,   54000000,  453111948,        1,  399111948,  399111948
  4004,    34,   54000000,  469054700,        1,  415054700,  415054700
  4004,    35,   54000000,  480664845,        1,  426664845,  426664845
  4004,    36,   54000000,  494365899,        1,  440365899,  440365899
  4004,    37,   54000000,  507929769,        1,  453929769,  453929769
  4004,    38,   54000000,  519504164,        1,  465504164,  465504164
  4004,    39,   54000000,  533142677,        1,  479142677,  479142677
  4004,    40,   54000000,  547515942,        1,  493515942,  493515942
  4004,    41,   54000000,  560384385,        1,  506384385,  506384385
  4004,    42,   54000000,  574230367,        1,  520230367,  520230367
  4004,    43,   54000000,  589920756,        1,  535920756,  535920756
  4004,    44,   54000000,  599549383,        1,  545549383,  545549383
  4004,    45,   54000000,  613077356,        1,  559077356,  559077356
  4004,    46,   54000000,  626722924,        1,  572722924,  572722924
  4004,    47,   54000000,  640495120,        1,  586495120,  586495120
  4004,    48,   54000000,  654302238,        1,  600302238,  600302238
  4004,    49,   54000000,  665573533,        1,  611573533,  611573533
  4004,    50,   54000000,  679217954,        1,  625217954,  625217954
  4004,    51,   54000000,  693200851,        1,  639200851,  639200851
  4004,    52,   54000000,  708733539,        1,  654733539,  654733539
  4004,    53,   54000000,  722400588,        1,  668400588,  668400588
  4004,    54,   54000000,  736068162,        1,  682068162,  682068162
  4004,    55,   54000000,  747556093,        1,  693556093,  693556093
  4004,    56,   54000000,  759126073,        1,  705126073,  705126073
  4004,    57,   54000000,  772641495,        1,  718641495,  718641495
  4004,    58,   54000000,  788514598,        1,  734514598,  734514598
  4004,    59,   54000000,  800125425,        1,  746125425,  746125425
  4004,    60,   54000000,  811746727,        1,  757746727,  757746727
  4004,    61,   54000000,  827399272,        1,  773399272,  773399272
  4004,    62,   54000000,  839323167,        1,  785323167,  785323167
  4004,    63,   54000000,  852907576,        1,  798907576,  798907576
  4004,    64,   54000000,  868722658,        1,  814722658,  814722658
  4004,    65,   54000000,  880510857,        1,  826510857,  826510857
  4004,    66,   54000000,  896297518,        1,  842297518,  842297518
  4004,    67,   54000000,  907851488,        1,  853851488,  853851488
  4004,    68,   54000000,  921359088,        1,  867359088,  867359088
  4004,    69,   54000000,  932996840,        1,  878996840,  878996840
  4004,    70,   54000000,  946589622,        1,  892589622,  892589622
  4004,    71,   54000000,  960194858,        1,  906194858,  906194858
  4004,    72,   54000000,  974115373,        1,  920115373,  920115373
  4004,    73,   54000000,  985681743,        1,  931681743,  931681743
  4004,    74,   54000000,  999276742,        1,  945276742,  945276742
  4004,    75,   54000000, 1012855902,        1,  958855902,  958855902
  4004,    76,   54000000, 1028580689,        1,  974580689,  974580689
  4004,    77,   54000000, 1042082246,        1,  988082246,  988082246
  4004,    78,   54000000, 1051587563,        1,  997587563,  997587563
  4004,    79,   54000000, 1065489329,        1, 1011489329, 1011489329
  4004,    80,   54000000, 1081074895,        1, 1027074895, 1027074895
  4004,    81,   54000000, 1094836428,        1, 1040836428, 1040836428
  4004,    82,   54000000, 1108476449,        1, 1054476449, 1054476449
  4004,    83,   54000000, 1120120838,        1, 1066120838, 1066120838
  4004,    84,   54000000, 1133794605,        1, 1079794605, 1079794605
  4004,    85,   54000000, 1145580964,        1, 1091580964, 1091580964
  4004,    86,   54000000, 1159508405,        1, 1105508405, 1105508405
  4004,    87,   54000000, 1174956297,        1, 1120956297, 1120956297
  4004,    88,   54000000, 1186510815,        1, 1132510815, 1132510815
  4004,    89,   54000000, 1200157325,        1, 1146157325, 1146157325
  4004,    90,   54000000, 1213385836,        1, 1159385836, 1159385836
  4004,    91,   54000000, 1225309330,        1, 1171309330, 1171309330
  4004,    92,   54000000, 1239184301,        1, 1185184301, 1185184301
  4004,    93,   54000000, 1252779692,        1, 1198779692, 1198779692
  4004,    94,   54000000, 1268733720,        1, 1214733720, 1214733720
  4004,    95,   54000000, 1282324498,        1, 1228324498, 1228324498
  4004,    96,   54000000, 1294171841,        1, 1240171841, 1240171841
  4004,    97,   54000000, 1305701241,        1, 1251701241, 1251701241
  4004,    98,   54000000, 1319353140,        1, 1265353140, 1265353140
  4004,    99,   54000000, 1333257609,        1, 1279257609, 1279257609
# task NAME=myapp PID=4009 COST=30039000 PERIOD=50000000 CPU=0
  4009,     2,   50000000,       7209,        0,  -49992791,          0
  4009,     3,   50000000,      96524,        0,  -49903476,          0
  4009,     4,   50000000,   56402036,        1,    6402036,    6402036
  4009,     5,   50000000,   61180299,        1,   11180299,   11180299
  4009,     6,   50000000,   69733002,        1,   19733002,   19733002
  4009,     7,   50000000,   76091907,        1,   26091907,   26091907
  4009,     8,   50000000,   82622046,        1,   32622046,   32622046
  4009,     9,   50000000,   89120398,        1,   39120398,   39120398
  4009,    10,   50000000,   95613350,        1,   45613350,   45613350
  4009,    11,   50000000,  104124803,        1,   54124803,   54124803
  4009,    12,   50000000,  112841750,        1,   62841750,   62841750
  4009,    13,   50000000,  117287728,        1,   67287728,   67287728
  4009,    14,   50000000,  126018204,        1,   76018204,   76018204
  4009,    15,   50000000,  132510972,        1,   82510972,   82510972
  4009,    16,   50000000,  138999840,        1,   88999840,   88999840
  4009,    17,   50000000,  145503539,        1,   95503539,   95503539
  4009,    18,   50000000,  154128488,        1,  104128488,  104128488
  4009,    19,   50000000,  160651380,        1,  110651380,  110651380
  4009,    20,   50000000,  169080949,        1,  119080949,  119080949
  4009,    21,   50000000,  173674355,        1,  123674355,  123674355
  4009,    22,   50000000,  182610816,        1,  132610816,  132610816
  4009,    23,   50000000,  188904632,        1,  138904632,  138904632
  4009,    24,   50000000,  195370320,        1,  145370320,  145370320
  4009,    25,   50000000,  203920584,        1,  153920584,  153920584
  4009,    26,   50000000,  210382826,        1,  160382826,  160382826
  4009,    27,   50000000,  217108584,        1,  167108584,  167108584
  4009,    28,   50000000,  223556721,        1,  173556721,  173556721
  4009,    29,   50000000,  234412700,        1,  184412700,  184412700
  4009,    30,   50000000,  238773269,        1,  188773269,  188773269
  4009,    31,   50000000,  245569728,        1,  195569728,  195569728
  4009,    32,   50000000,  256067268,        1,  206067268,  206067268
  4009,    33,   50000000,  261035879,        1,  211035879,  211035879
  4009,    34,   50000000,  266937582,        1,  216937582,  216937582
  4009,    35,   50000000,  273390556,        1,  223390556,  223390556
  4009,    36,   50000000,  283948137,        1,  233948137,  233948137
  4009,    37,   50000000,  288265713,        1,  238265713,  238265713
  4009,    38,   50000000,  294700596,        1,  244700596,  244700596
  4009,    39,   50000000,  301283317,        1,  251283317,  251283317
  4009,    40,   50000000,  312070577,        1,  262070577,  262070577
  4009,    41,   50000000,  318610621,        1,  268610621,  268610621
  4009,    42,   50000000,  323087133,        1,  273087133,  273087133
  4009,    43,   50000000,  330198135,        1,  280198135,  280198135
  4009,    44,   50000000,  337927289,        1,  287927289,  287927289
  4009,    45,   50000000,  346048250,        1,  296048250,  296048250
  4009,    46,   50000000,  351311592,        1,  301311592,  301311592
  4009,    47,   50000000,  357338729,        1,  307338729,  307338729
  4009,    48,   50000000,  366245239,        1,  316245239,  316245239
  4009,    49,   50000000,  372222964,        1,  322222964,  322222964
  4009,    50,   50000000,  378660489,        1,  328660489,  328660489
  4009,    51,   50000000,  385181774,        1,  335181774,  335181774
  4009,    52,   50000000,  391719044,        1,  341719044,  341719044
  4009,    53,   50000000,  400266441,        1,  350266441,  350266441
  4009,    54,   50000000,  406742179,        1,  356742179,  356742179
  4009,    55,   50000000,  413416041,        1,  363416041,  363416041
  4009,    56,   50000000,  424281467,        1,  374281467,  374281467
  4009,    57,   50000000,  428341977,        1,  378341977,  378341977
  4009,    58,   50000000,  435145648,        1,  385145648,  385145648
  4009,    59,   50000000,  443562089,        1,  393562089,  393562089
  4009,    60,   50000000,  450376009,        1,  400376009,  400376009
  4009,    61,   50000000,  458076612,        1,  408076612,  408076612
  4009,    62,   50000000,  463279021,        1,  413279021,  413279021
  4009,    63,   50000000,  469768692,        1,  419768692,  419768692
  4009,    64,   50000000,  480536606,        1,  430536606,  430536606
  4009,    65,   50000000,  484942761,        1,  434942761,  434942761
  4009,    66,   50000000,  491693645,        1,  441693645,  441693645
  4009,    67,   50000000,  500153151,        1,  450153151,  450153151
  4009,    68,   50000000,  508839749,        1,  458839749,  458839749
  4009,    69,   50000000,  515216943,        1,  465216943,  465216943
  4009,    70,   50000000,  519694233,        1,  469694233,  469694233
  4009,    71,   50000000,  530218845,        1,  480218845,  480218845
  4009,    72,   50000000,  534616917,        1,  484616917,  484616917
  4009,    73,   50000000,  541393400,        1,  491393400,  491393400
  4009,    74,   50000000,  551830893,        1,  501830893,  501830893
  4009,    75,   50000000,  557721884,        1,  507721884,  507721884
  4009,    76,   50000000,  563096298,        1,  513096298,  513096298
  4009,    77,   50000000,  569742291,        1,  519742291,  519742291
  4009,    78,   50000000,  578291355,        1,  528291355,  528291355
  4009,    79,   50000000,  584768315,        1,  534768315,  534768315
  4009,    80,   50000000,  591195213,        1,  541195213,  541195213
  4009,    81,   50000000,  599772950,        1,  549772950,  549772950
  4009,    82,   50000000,  606566192,        1,  556566192,  556566192
  4009,    83,   50000000,  615080464,        1,  565080464,  565080464
  4009,    84,   50000000,  623863288,        1,  573863288,  573863288
  4009,    85,   50000000,  628330227,        1,  578330227,  578330227
  4009,    86,   50000000,  634836565,        1,  584836565,  584836565
  4009,    87,   50000000,  641349257,        1,  591349257,  591349257
  4009,    88,   50000000,  647727776,        1,  597727776,  597727776
  4009,    89,   50000000,  658745765,        1,  608745765,  608745765
  4009,    90,   50000000,  663067253,        1,  613067253,  613067253
  4009,    91,   50000000,  671571599,        1,  621571599,  621571599
  4009,    92,   50000000,  679964184,        1,  629964184,  629964184
  4009,    93,   50000000,  684664265,        1,  634664265,  634664265
  4009,    94,   50000000,  693148834,        1,  643148834,  643148834
  4009,    95,   50000000,  697601999,        1,  647601999,  647601999
  4009,    96,   50000000,  706070639,        1,  656070639,  656070639
  4009,    97,   50000000,  714535146,        1,  664535146,  664535146
  4009,    98,   50000000,  718970292,        1,  668970292,  668970292
  4009,    99,   50000000,  725683257,        1,  675683257,  675683257
  4009,   100,   50000000,  734229392,        1,  684229392,  684229392
  4009,   101,   50000000,  740932447,        1,  690932447,  690932447
  4009,   102,   50000000,  747329023,        1,  697329023,  697329023
  4009,   103,   50000000,  755710064,        1,  705710064,  705710064
  4009,   104,   50000000,  763050523,        1,  713050523,  713050523
  4009,   105,   50000000,  768713659,        1,  718713659,  718713659
  4009,   106,   50000000,  775239184,        1,  725239184,  725239184
  4009,   107,   50000000,  783692394,        1,  733692394,  733692394
  4009,   108,   50000000,  792116436,        1,  742116436,  742116436
  4009,   109,   50000000,  797110901,        1,  747110901,  747110901
  4009,   110,   50000000,  803405699,        1,  753405699,  753405699
  4009,   111,   50000000,  811862889,        1,  761862889,  761862889
  4009,   112,   50000000,  818305429,        1,  768305429,  768305429
  4009,   113,   50000000,  826803049,        1,  776803049,  776803049
  4009,   114,   50000000,  831191849,        1,  781191849,  781191849
  4009,   115,   50000000,  839660011,        1,  789660011,  789660011
  4009,   116,   50000000,  845983742,        1,  795983742,  795983742
  4009,   117,   50000000,  854779972,        1,  804779972,  804779972
  4009,   118,   50000000,  859240183,        1,  809240183,  809240183
  4009,   119,   50000000,  868015999,        1,  818015999,  818015999
  4009,   120,   50000000,  874518438,        1,  824518438,  824518438
  4009,   121,   50000000,  881221142,        1,  831221142,  831221142
  4009,   122,   50000000,  889665857,        1,  839665857,  839665857
  4009,   123,   50000000,  898479472,        1,  848479472,  848479472
  4009,   124,   50000000,  902852855,        1,  852852855,  852852855
  4009,   125,   50000000,  909597204,        1,  859597204,  859597204
  4009,   126,   50000000,  920087837,        1,  870087837,  870087837
  4009,   127,   50000000,  924545290,        1,  874545290,  874545290
  4009,   128,   50000000,  931346265,        1,  881346265,  881346265
  4009,   129,   50000000,  941813331,        1,  891813331,  891813331
  4009,   130,   50000000,  946522991,        1,  896522991,  896522991
  4009,   131,   50000000,  953121553,        1,  903121553,  903121553
  4009,   132,   50000000,  959578371,        1,  909578371,  909578371
  4009,   133,   50000000,  970049262,        1,  920049262,  920049262
  4009,   134,   50000000,  974870376,        1,  924870376,  924870376
  4009,   135,   50000000,  981298878,        1,  931298878,  931298878
  4009,   136,   50000000,  990054489,        1,  940054489,  940054489
  4009,   137,   50000000,  996467390,        1,  946467390,  946467390
  4009,   138,   50000000, 1002878435,        1,  952878435,  952878435
  4009,   139,   50000000, 1009692858,        1,  959692858,  959692858
  4009,   140,   50000000, 1018127950,        1,  968127950,  968127950
  4009,   141,   50000000, 1025156077,        1,  975156077,  975156077
  4009,   142,   50000000, 1032583983,        1,  982583983,  982583983
  4009,   143,   50000000, 1037872597,        1,  987872597,  987872597
  4009,   144,   50000000, 1047987256,        1,  997987256,  997987256
  4009,   145,   50000000, 1053033473,        1, 1003033473, 1003033473
  4009,   146,   50000000, 1061111719,        1, 1011111719, 1011111719
  4009,   147,   50000000, 1065609191,        1, 1015609191, 1015609191
  4009,   148,   50000000, 1076048513,        1, 1026048513, 1026048513
  4009,   149,   50000000, 1080458802,        1, 1030458802, 1030458802
  4009,   150,   50000000, 1086957781,        1, 1036957781, 1036957781
  4009,   151,   50000000, 1093416754,        1, 1043416754, 1043416754
  4009,   152,   50000000, 1102185650,        1, 1052185650, 1052185650
  4009,   153,   50000000, 1109395647,        1, 1059395647, 1059395647
  4009,   154,   50000000, 1115106065,        1, 1065106065, 1065106065
  4009,   155,   50000000, 1121549113,        1, 1071549113, 1071549113
  4009,   156,   50000000, 1130091765,        1, 1080091765, 1080091765
  4009,   157,   50000000, 1136473708,        1, 1086473708, 1086473708
# task NAME=myapp PID=4013 COST=30265000 PERIOD=51000000 CPU=0
  4013,     2,   51000000,       7432,        0,  -50992568,          0
  4013,     3,   51000000,     157106,        0,  -50842894,          0
  4013,     4,   51000000,   55520094,        1,    4520094,    4520094
  4013,     5,   51000000,   59457752,        1,    8457752,    8457752
  4013,     6,   51000000,   67157398,        1,   16157398,   16157398
  4013,     7,   51000000,   73103548,        1,   22103548,   22103548
  4013,     8,   51000000,   78770774,        1,   27770774,   27770774
  4013,     9,   51000000,   88545845,        1,   37545845,   37545845
  4013,    10,   51000000,   92607057,        1,   41607057,   41607057
  4013,    11,   51000000,  100556176,        1,   49556176,   49556176
  4013,    12,   51000000,  105633514,        1,   54633514,   54633514
  4013,    13,   51000000,  113340602,        1,   62340602,   62340602
  4013,    14,   51000000,  119219855,        1,   68219855,   68219855
  4013,    15,   51000000,  124888530,        1,   73888530,   73888530
  4013,    16,   51000000,  132512358,        1,   81512358,   81512358
  4013,    17,   51000000,  138240877,        1,   87240877,   87240877
  4013,    18,   51000000,  144012719,        1,   93012719,   93012719
  4013,    19,   51000000,  149668866,        1,   98668866,   98668866
  4013,    20,   51000000,  157357139,        1,  106357139,  106357139
  4013,    21,   51000000,  162998050,        1,  111998050,  111998050
  4013,    22,   51000000,  168763691,        1,  117763691,  117763691
  4013,    23,   51000000,  176508847,        1,  125508847,  125508847
  4013,    24,   51000000,  182220075,        1,  131220075,  131220075
  4013,    25,   51000000,  190244549,        1,  139244549,  139244549
  4013,    26,   51000000,  195886952,        1,  144886952,  144886952
  4013,    27,   51000000,  203518212,        1,  152518212,  152518212
  4013,    28,   51000000,  209082320,        1,  158082320,  158082320
  4013,    29,   51000000,  215158633,        1,  164158633,  164158633
  4013,    30,   51000000,  222860067,        1,  171860067,  171860067
  4013,    31,   51000000,  228612862,        1,  177612862,  177612862
  4013,    32,   51000000,  234342758,        1,  183342758,  183342758
  4013,    33,   51000000,  242246524,        1,  191246524,  191246524
  4013,    34,   51000000,  247871633,        1,  196871633,  196871633
  4013,    35,   51000000,  253598556,        1,  202598556,  202598556
  4013,    36,   51000000,  261260818,        1,  210260818,  210260818
  4013,    37,   51000000,  266976051,        1,  215976051,  215976051
  4013,    38,   51000000,  274955251,        1,  223955251,  223955251
  4013,    39,   51000000,  280782559,        1,  229782559,  229782559
  4013,    40,   51000000,  286442279,        1,  235442279,  235442279
  4013,    41,   51000000,  296179392,        1,  245179392,  245179392
  4013,    42,   51000000,  299920008,        1,  248920008,  248920008
  4013,    43,   51000000,  307592706,        1,  256592706,  256592706
  4013,    44,   51000000,  315897141,        1,  264897141,  264897141
  4013,    45,   51000000,  319095958,        1,  268095958,  268095958
  4013,    46,   51000000,  326901739,        1,  275901739,  275901739
  4013,    47,   51000000,  332581281,        1,  281581281,  281581281
  4013,    48,   51000000,  340239086,        1,  289239086,  289239086
  4013,    49,   51000000,  345882583,        1,  294882583,  294882583
  4013,    50,   51000000,  353503224,        1,  302503224,  302503224
  4013,    51,   51000000,  357500509,        1,  306500509,  306500509
  4013,    52,   51000000,  365275551,        1,  314275551,  314275551
  4013,    53,   51000000,  371057150,        1,  320057150,  320057150
  4013,    54,   51000000,  376634736,        1,  325634736,  325634736
  4013,    55,   51000000,  386595581,        1,  335595581,  335595581
  4013,    56,   51000000,  390307615,        1,  339307615,  339307615
  4013,    57,   51000000,  400174312,        1,  349174312,  349174312
  4013,    58,   51000000,  403835118,        1,  352835118,  352835118
  4013,    59,   51000000,  411939468,        1,  360939468,  360939468
  4013,    60,   51000000,  417523105,        1,  366523105,  366523105
  4013,    61,   51000000,  423164294,        1,  372164294,  372164294
  4013,    62,   51000000,  430899541,        1,  379899541,  379899541
  4013,    63,   51000000,  437077163,        1,  386077163,  386077163
  4013,    64,   51000000,  442553964,        1,  391553964,  391553964
  4013,    65,   51000000,  450316680,        1,  399316680,  399316680
  4013,    66,   51000000,  456336902,        1,  405336902,  405336902
  4013,    67,   51000000,  463986660,        1,  412986660,  412986660
  4013,    68,   51000000,  469677722,        1,  418677722,  418677722
  4013,    69,   51000000,  477327778,        1,  426327778,  426327778
  4013,    70,   51000000,  482984615,        1,  431984615,  431984615
  4013,    71,   51000000,  489249664,        1,  438249664,  438249664
  4013,    72,   51000000,  494643205,        1,  443643205,  443643205
  4013,    73,   51000000,  502340546,        1,  451340546,  451340546
  4013,    74,   51000000,  509938818,        1,  458938818,  458938818
  4013,    75,   51000000,  517146612,        1,  466146612,  466146612
  4013,    76,   51000000,  521530582,        1,  470530582,  470530582
  4013,    77,   51000000,  527277440,        1,  476277440,  476277440
  4013,    78,   51000000,  536973911,        1,  485973911,  485973911
  4013,    79,   51000000,  542899859,        1,  491899859,  491899859
  4013,    80,   51000000,  546595624,        1,  495595624,  495595624
  4013,    81,   51000000,  555020259,        1,  504020259,  504020259
  4013,    82,   51000000,  562226870,        1,  511226870,  511226870
  4013,    83,   51000000,  568230877,        1,  517230877,  517230877
  4013,    84,   51000000,  573894807,        1,  522894807,  522894807
  4013,    85,   51000000,  579617584,        1,  528617584,  528617584
  4013,    86,   51000000,  589354948,        1,  538354948,  538354948
  4013,    87,   51000000,  592909011,        1,  541909011,  541909011
  4013,    88,   51000000,  600847106,        1,  549847106,  549847106
  4013,    89,   51000000,  606590159,        1,  555590159,  555590159
  4013,    90,   51000000,  612587404,        1,  561587404,  561587404
  4013,    91,   51000000,  619908856,        1,  568908856,  568908856
  4013,    92,   51000000,  625837216,        1,  574837216,  574837216
  4013,    93,   51000000,  631219065,        1,  580219065,  580219065
  4013,    94,   51000000,  640887273,        1,  589887273,  589887273
  4013,    95,   51000000,  645889530,        1,  594889530,  594889530
  4013,    96,   51000000,  650560917,        1,  599560917,  599560917
  4013,    97,   51000000,  658300745,        1,  607300745,  607300745
  4013,    98,   51000000,  664308941,        1,  613308941,  613308941
  4013,    99,   51000000,  673993299,        1,  622993299,  622993299
  4013,   100,   51000000,  677656894,        1,  626656894,  626656894
  4013,   101,   51000000,  683572712,        1,  632572712,  632572712
  4013,   102,   51000000,  691189020,        1,  640189020,  640189020
  4013,   103,   51000000,  699187390,        1,  648187390,  648187390
  4013,   104,   51000000,  705050982,        1,  654050982,  654050982
  4013,   105,   51000000,  710824719,        1,  659824719,  659824719
  4013,   106,   51000000,  716447174,        1,  665447174,  665447174
  4013,   107,   51000000,  726444365,        1,  675444365,  675444365
  4013,   108,   51000000,  731687184,        1,  680687184,  680687184
  4013,   109,   51000000,  738219060,        1,  687219060,  687219060
  4013,   110,   51000000,  743945812,        1,  692945812,  692945812
  4013,   111,   51000000,  753862585,        1,  702862585,  702862585
  4013,   112,   51000000,  759575300,        1,  708575300,  708575300
  4013,   113,   51000000,  763296694,        1,  712296694,  712296694
  4013,   114,   51000000,  771046923,        1,  720046923,  720046923
  4013,   115,   51000000,  776722676,        1,  725722676,  725722676
  4013,   116,   51000000,  782753605,        1,  731753605,  731753605
  4013,   117,   51000000,  790417543,        1,  739417543,  739417543
  4013,   118,   51000000,  798412751,        1,  747412751,  747412751
  4013,   119,   51000000,  806166412,        1,  755166412,  755166412
  4013,   120,   51000000,  809836530,        1,  758836530,  758836530
  4013,   121,   51000000,  817564997,        1,  766564997,  766564997
  4013,   122,   51000000,  825496941,        1,  774496941,  774496941
  4013,   123,   51000000,  829142453,        1,  778142453,  778142453
  4013,   124,   51000000,  834759824,        1,  783759824,  783759824
  4013,   125,   51000000,  844685736,        1,  793685736,  793685736
  4013,   126,   51000000,  848317431,        1,  797317431,  797317431
  4013,   127,   51000000,  856391100,        1,  805391100,  805391100
  4013,   128,   51000000,  862175395,        1,  811175395,  811175395
  4013,   129,   51000000,  870060254,        1,  819060254,  819060254
  4013,   130,   51000000,  875878957,        1,  824878957,  824878957
  4013,   131,   51000000,  881514964,        1,  830514964,  830514964
  4013,   132,   51000000,  889199663,        1,  838199663,  838199663
  4013,   133,   51000000,  897117974,        1,  846117974,  846117974
  4013,   134,   51000000,  900732262,        1,  849732262,  849732262
  4013,   135,   51000000,  908362545,        1,  857362545,  857362545
  4013,   136,   51000000,  913965837,        1,  862965837,  862965837
  4013,   137,   51000000,  919652406,        1,  868652406,  868652406
  4013,   138,   51000000,  929338278,        1,  878338278,  878338278
  4013,   139,   51000000,  933038503,        1,  882038503,  882038503
  4013,   140,   51000000,  938786813,        1,  887786813,  887786813
  4013,   141,   51000000,  946474417,        1,  895474417,  895474417
  4013,   142,   51000000,  952404014,        1,  901404014,  901404014
  4013,   143,   51000000,  962119143,        1,  911119143,  911119143
  4013,   144,   51000000,  966013959,        1,  915013959,  915013959
  4013,   145,   51000000,  973798162,        1,  922798162,  922798162
  4013,   146,   51000000,  979583502,        1,  928583502,  928583502
  4013,   147,   51000000,  985274690,        1,  934274690,  934274690
  4013,   148,   51000000,  993084106,        1,  942084106,  942084106
  4013,   149,   51000000, 1000722685,        1,  949722685,  949722685
  4013,   150,   51000000, 1004447906,        1,  953447906,  953447906
  4013,   151,   51000000, 1012405388,        1,  961405388,  961405388
  4013,   152,   51000000, 1018060458,        1,  967060458,  967060458
  4013,   153,   51000000, 1025996444,        1,  974996444,  974996444
  4013,   154,   51000000, 1031680293,        1,  980680293,  980680293
  4013,   155,   51000000, 1037562882,        1,  986562882,  986562882
  4013,   156,   51000000, 1045230775,        1,  994230775,  994230775
  4013,   157,   51000000, 1050901140,        1,  999901140,  999901140
  4013,   158,   51000000, 1056532043,        1, 1005532043, 1005532043
  4013,   159,   51000000, 1064507412,        1, 1013507412, 1013507412
  4013,   160,   51000000, 1073269433,        1, 1022269433, 1022269433
  4013,   161,   51000000, 1078201984,        1, 1027201984, 1027201984
  4013,   162,   51000000, 1083902697,        1, 1032902697, 1032902697
  4013,   163,   51000000, 1091637954,        1, 1040637954, 1040637954
  4013,   164,   51000000, 1099226334,        1, 1048226334, 1048226334
  4013,   165,   51000000, 1102786611,        1, 1051786611, 1051786611
  4013,   166,   51000000, 1108472682,        1, 1057472682, 1057472682
  4013,   167,   51000000, 1116183771,        1, 1065183771, 1065183771
  4013,   168,   51000000, 1124238330,        1, 1073238330, 1073238330
  4013,   169,   51000000, 1129894267,        1, 1078894267, 1078894267
  4013,   170,   51000000, 1135489150,        1, 1084489150, 1084489150
  4013,   171,   51000000, 1141143396,        1, 1090143396, 1090143396
  4013,   172,   51000000, 1148886274,        1, 1097886274, 1097886274
# task NAME=myapp PID=4016 COST=15144000 PERIOD=26000000 CPU=0
  4016,     2,   26000000,       6086,        0,  -25993914,          0
  4016,     3,   26000000,     106824,        0,  -25893176,          0
  4016,     4,   26000000,   28152400,        1,    2152400,    2152400
  4016,     5,   26000000,   28506518,        1,    2506518,    2506518
  4016,     6,   26000000,   30853576,        1,    4853576,    4853576
  4016,     7,   26000000,   33450202,        1,    7450202,    7450202
  4016,     8,   26000000,   39852674,        1,   13852674,   13852674
  4016,     9,   26000000,   42220294,        1,   16220294,   16220294
  4016,    10,   26000000,   42581544,        1,   16581544,   16581544
  4016,    11,   26000000,   46894026,        1,   20894026,   20894026
  4016,    12,   26000000,   49513472,        1,   23513472,   23513472
  4016,    13,   26000000,   51838434,        1,   25838434,   25838434
  4016,    14,   26000000,   54254671,        1,   28254671,   28254671
  4016,    15,   26000000,   58633411,        1,   32633411,   32633411
  4016,    16,   26000000,   59210725,        1,   33210725,   33210725
  4016,    17,   26000000,   61620613,        1,   35620613,   35620613
  4016,    18,   26000000,   68032078,        1,   42032078,   42032078
  4016,    19,   26000000,   68387812,        1,   42387812,   42387812
  4016,    20,   26000000,   71221864,        1,   45221864,   45221864
  4016,    21,   26000000,   73299127,        1,   47299127,   47299127
  4016,    22,   26000000,   75621206,        1,   49621206,   49621206
  4016,    23,   26000000,   80030547,        1,   54030547,   54030547
  4016,    24,   26000000,   82495418,        1,   56495418,   56495418
  4016,    25,   26000000,   84661671,        1,   58661671,   58661671
  4016,    26,   26000000,   87036202,        1,   61036202,   61036202
  4016,    27,   26000000,   89412366,        1,   63412366,   63412366
  4016,    28,   26000000,   91742170,        1,   65742170,   65742170
  4016,    29,   26000000,   96047072,        1,   70047072,   70047072
  4016,    30,   26000000,  100412344,        1,   74412344,   74412344
  4016,    31,   26000000,  102755347,        1,   76755347,   76755347
  4016,    32,   26000000,  103178895,        1,   77178895,   77178895
  4016,    33,   26000000,  105589004,        1,   79589004,   79589004
  4016,    34,   26000000,  112011955,        1,   86011955,   86011955
  4016,    35,   26000000,  114392349,        1,   88392349,   88392349
  4016,    36,   26000000,  116656468,        1,   90656468,   90656468
  4016,    37,   26000000,  116987471,        1,   90987471,   90987471
  4016,    38,   26000000,  121030603,        1,   95030603,   95030603
  4016,    39,   26000000,  123715827,        1,   97715827,   97715827
  4016,    40,   26000000,  126094012,        1,  100094012,  100094012
  4016,    41,   26000000,  128526227,        1,  102526227,  102526227
  4016,    42,   26000000,  131156097,        1,  105156097,  105156097
  4016,    43,   26000000,  133549289,        1,  107549289,  107549289
  4016,    44,   26000000,  137977743,        1,  111977743,  111977743
  4016,    45,   26000000,  140398910,        1,  114398910,  114398910
  4016,    46,   26000000,  142710747,        1,  116710747,  116710747
  4016,    47,   26000000,  145130095,        1,  119130095,  119130095
  4016,    48,   26000000,  149469682,        1,  123469682,  123469682
  4016,    49,   26000000,  151795713,        1,  125795713,  125795713
  4016,    50,   26000000,  154158437,        1,  128158437,  128158437
  4016,    51,   26000000,  158457128,        1,  132457128,  132457128
  4016,    52,   26000000,  158731869,        1,  132731869,  132731869
  4016,    53,   26000000,  163069527,        1,  137069527,  137069527
  4016,    54,   26000000,  163407789,        1,  137407789,  137407789
  4016,    55,   26000000,  168124265,        1,  142124265,  142124265
  4016,    56,   26000000,  170476853,        1,  144476853,  144476853
  4016,    57,   26000000,  172795626,        1,  146795626,  146795626
  4016,    58,   26000000,  175180922,        1,  149180922,  149180922
  4016,    59,   26000000,  181866298,        1,  155866298,  155866298
  4016,    60,   26000000,  184171016,        1,  158171016,  158171016
  4016,    61,   26000000,  184582829,        1,  158582829,  158582829
  4016,    62,   26000000,  186887140,        1,  160887140,  160887140
  4016,    63,   26000000,  189203064,        1,  163203064,  163203064
  4016,    64,   26000000,  191521892,        1,  165521892,  165521892
  4016,    65,   26000000,  195927656,        1,  169927656,  169927656
  4016,    66,   26000000,  200723136,        1,  174723136,  174723136
  4016,    67,   26000000,  202602187,        1,  176602187,  176602187
  4016,    68,   26000000,  202963116,        1,  176963116,  176963116
  4016,    69,   26000000,  205455909,        1,  179455909,  179455909
  4016,    70,   26000000,  207688004,        1,  181688004,  181688004
  4016,    71,   26000000,  212107481,        1,  186107481,  186107481
  4016,    72,   26000000,  214734705,        1,  188734705,  188734705
  4016,    73,   26000000,  217134235,        1,  191134235,  191134235
  4016,    74,   26000000,  219494557,        1,  193494557,  193494557
  4016,    75,   26000000,  223929159,        1,  197929159,  197929159
  4016,    76,   26000000,  228335032,        1,  202335032,  202335032
  4016,    77,   26000000,  230646137,        1,  204646137,  204646137
  4016,    78,   26000000,  230965153,        1,  204965153,  204965153
  4016,    79,   26000000,  235348853,        1,  209348853,  209348853
  4016,    80,   26000000,  235686581,        1,  209686581,  209686581
  4016,    81,   26000000,  241359151,        1,  215359151,  215359151
  4016,    82,   26000000,  242420296,        1,  216420296,  216420296
  4016,    83,   26000000,  245105332,        1,  219105332,  219105332
  4016,    84,   26000000,  249031252,        1,  223031252,  223031252
  4016,    85,   26000000,  251591970,        1,  225591970,  225591970
  4016,    86,   26000000,  254537158,        1,  228537158,  228537158
  4016,    87,   26000000,  258309461,        1,  232309461,  232309461
  4016,    88,   26000000,  260626222,        1,  234626222,  234626222
  4016,    89,   26000000,  260974397,        1,  234974397,  234974397
  4016,    90,   26000000,  265674162,        1,  239674162,  239674162
  4016,    91,   26000000,  267918671,        1,  241918671,  241918671
  4016,    92,   26000000,  270320895,        1,  244320895,  244320895
  4016,    93,   26000000,  272664266,        1,  246664266,  246664266
  4016,    94,   26000000,  275255050,        1,  249255050,  249255050
  4016,    95,   26000000,  277579146,        1,  251579146,  251579146
  4016,    96,   26000000,  283936024,        1,  257936024,  257936024
  4016,    97,   26000000,  284239409,        1,  258239409,  258239409
  4016,    98,   26000000,  288862142,        1,  262862142,  262862142
  4016,    99,   26000000,  291191689,        1,  265191689,  265191689
  4016,   100,   26000000,  293546288,        1,  267546288,  267546288
  4016,   101,   26000000,  295964925,        1,  269964925,  269964925
  4016,   102,   26000000,  298238004,        1,  272238004,  272238004
  4016,   103,   26000000,  300684593,        1,  274684593,  274684593
  4016,   104,   26000000,  303063411,        1,  277063411,  277063411
  4016,   105,   26000000,  305355138,        1,  279355138,  279355138
  4016,   106,   26000000,  309707986,        1,  283707986,  283707986
  4016,   107,   26000000,  312780262,        1,  286780262,  286780262
  4016,   108,   26000000,  316455149,        1,  290455149,  290455149
  4016,   109,   26000000,  316824543,        1,  290824543,  290824543
  4016,   110,   26000000,  319230407,        1,  293230407,  293230407
  4016,   111,   26000000,  321588400,        1,  295588400,  295588400
  4016,   112,   26000000,  326241327,        1,  300241327,  300241327
  4016,   113,   26000000,  328625346,        1,  302625346,  302625346
  4016,   114,   26000000,  330988845,        1,  304988845,  304988845
  4016,   115,   26000000,  333406343,        1,  307406343,  307406343
  4016,   116,   26000000,  335781539,        1,  309781539,  309781539
  4016,   117,   26000000,  340134981,        1,  314134981,  314134981
  4016,   118,   26000000,  342455470,        1,  316455470,  316455470
  4016,   119,   26000000,  344770483,        1,  318770483,  318770483
  4016,   120,   26000000,  347201910,        1,  321201910,  321201910
  4016,   121,   26000000,  349533558,        1,  323533558,  323533558
  4016,   122,   26000000,  353908948,        1,  327908948,  327908948
  4016,   123,   26000000,  356324431,        1,  330324431,  330324431
  4016,   124,   26000000,  358709870,        1,  332709870,  332709870
  4016,   125,   26000000,  361312995,        1,  335312995,  335312995
  4016,   126,   26000000,  364848774,        1,  338848774,  338848774
  4016,   127,   26000000,  368033393,        1,  342033393,  342033393
  4016,   128,   26000000,  370379303,        1,  344379303,  344379303
  4016,   129,   26000000,  373002612,        1,  347002612,  347002612
  4016,   130,   26000000,  375358966,        1,  349358966,  349358966
  4016,   131,   26000000,  377703078,        1,  351703078,  351703078
  4016,   132,   26000000,  382053707,        1,  356053707,  356053707
  4016,   133,   26000000,  384448172,        1,  358448172,  358448172
  4016,   134,   26000000,  386774465,        1,  360774465,  360774465
  4016,   135,   26000000,  389132536,        1,  363132536,  363132536
  4016,   136,   26000000,  391460439,        1,  365460439,  365460439
  4016,   137,   26000000,  397896509,        1,  371896509,  371896509
  4016,   138,   26000000,  398485180,        1,  372485180,  372485180
  4016,   139,   26000000,  400815665,        1,  374815665,  374815665
  4016,   140,   26000000,  403158143,        1,  377158143,  377158143
  4016,   141,   26000000,  405528503,        1,  379528503,  379528503
  4016,   142,   26000000,  410186001,        1,  384186001,  384186001
  4016,   143,   26000000,  412561183,        1,  386561183,  386561183
  4016,   144,   26000000,  415405667,        1,  389405667,  389405667
  4016,   145,   26000000,  417227590,        1,  391227590,  391227590
  4016,   146,   26000000,  421836982,        1,  395836982,  395836982
  4016,   147,   26000000,  424188826,        1,  398188826,  398188826
  4016,   148,   26000000,  426568364,        1,  400568364,  400568364
  4016,   149,   26000000,  429030796,        1,  403030796,  403030796
  4016,   150,   26000000,  431436879,        1,  405436879,  405436879
  4016,   151,   26000000,  435859195,        1,  409859195,  409859195
  4016,   152,   26000000,  438214992,        1,  412214992,  412214992
  4016,   153,   26000000,  442499981,        1,  416499981,  416499981
  4016,   154,   26000000,  443361063,        1,  417361063,  417361063
  4016,   155,   26000000,  445632450,        1,  419632450,  419632450
  4016,   156,   26000000,  449946699,        1,  423946699,  423946699
  4016,   157,   26000000,  452328959,        1,  426328959,  426328959
  4016,   158,   26000000,  454748516,        1,  428748516,  428748516
  4016,   159,   26000000,  457354355,        1,  431354355,  431354355
  4016,   160,   26000000,  459711596,        1,  433711596,  433711596
  4016,   161,   26000000,  466078926,        1,  440078926,  440078926
  4016,   162,   26000000,  468462450,        1,  442462450,  442462450
  4016,   163,   26000000,  470777189,        1,  444777189,  444777189
  4016,   164,   26000000,  471131183,        1,  445131183,  445131183
  4016,   165,   26000000,  475444551,        1,  449444551,  449444551
  4016,   166,   26000000,  475756572,        1,  449756572,  449756572
  4016,   167,   26000000,  480163525,        1,  454163525,  454163525
  4016,   168,   26000000,  483158866,        1,  457158866,  457158866
  4016,   169,   26000000,  487038470,        1,  461038470,  461038470
  4016,   170,   26000000,  489437777,        1,  463437777,  463437777
  4016,   171,   26000000,  489716734,        1,  463716734,  463716734
  4016,   172,   26000000,  494053043,        1,  468053043,  468053043
  4016,   173,   26000000,  496428593,        1,  470428593,  470428593
  4016,   174,   26000000,  498811840,        1,  472811840,  472811840
  4016,   175,   26000000,  501168445,        1,  475168445,  475168445
  4016,   176,   26000000,  503530209,        1,  477530209,  477530209
  4016,   177,   26000000,  510194649,        1,  484194649,  484194649
  4016,   178,   26000000,  510545328,        1,  484545328,  484545328
  4016,   179,   26000000,  514955407,        1,  488955407,  488955407
  4016,   180,   26000000,  517339309,        1,  491339309,  491339309
  4016,   181,   26000000,  521940828,        1,  495940828,  495940828
  4016,   182,   26000000,  522326934,        1,  496326934,  496326934
  4016,   183,   26000000,  524716445,        1,  498716445,  498716445
  4016,   184,   26000000,  527072240,        1,  501072240,  501072240
  4016,   185,   26000000,  529694585,        1,  503694585,  503694585
  4016,   186,   26000000,  534033250,        1,  508033250,  508033250
  4016,   187,   26000000,  536448438,        1,  510448438,  510448438
  4016,   188,   26000000,  538794960,        1,  512794960,  512794960
  4016,   189,   26000000,  541199723,        1,  515199723,  515199723
  4016,   190,   26000000,  543562682,        1,  517562682,  517562682
  4016,   191,   26000000,  547917601,        1,  521917601,  521917601
  4016,   192,   26000000,  550245999,        1,  524245999,  524245999
  4016,   193,   26000000,  552609146,        1,  526609146,  526609146
  4016,   194,   26000000,  555816796,        1,  529816796,  529816796
  4016,   195,   26000000,  557294992,        1,  531294992,  531294992
  4016,   196,   26000000,  561564679,        1,  535564679,  535564679
  4016,   197,   26000000,  563926294,        1,  537926294,  537926294
  4016,   198,   26000000,  568473753,        1,  542473753,  542473753
  4016,   199,   26000000,  568792432,        1,  542792432,  542792432
  4016,   200,   26000000,  573129685,        1,  547129685,  547129685
# task NAME=myapp PID=4021 COST=15650000 PERIOD=27000000 CPU=0
  4021,     2,   27000000,      14180,        0,  -26985820,          0
  4021,     3,   27000000,     187436,        0,  -26812564,          0
  4021,     4,   27000000,   25751706,        0,   -1248294,          0
  4021,     5,   27000000,   26698775,        0,    -301225,          0
  4021,     6,   27000000,   29665249,        1,    2665249,    2665249
  4021,     7,   27000000,   29747316,        1,    2747316,    2747316
  4021,     8,   27000000,   33705815,        1,    6705815,    6705815
  4021,     9,   27000000,   37027141,        1,   10027141,   10027141
  4021,    10,   27000000,   41411390,        1,   14411390,   14411390
  4021,    11,   27000000,   43495347,        1,   16495347,   16495347
  4021,    12,   27000000,   45341311,        1,   18341311,   18341311
  4021,    13,   27000000,   47172675,        1,   20172675,   20172675
  4021,    14,   27000000,   51059209,        1,   24059209,   24059209
  4021,    15,   27000000,   52913581,        1,   25913581,   25913581
  4021,    16,   27000000,   55986893,        1,   28986893,   28986893
  4021,    17,   27000000,   60570420,        1,   33570420,   33570420
  4021,    18,   27000000,   60457335,        1,   33457335,   33457335
  4021,    19,   27000000,   64350507,        1,   37350507,   37350507
  4021,    20,   27000000,   66906609,        1,   39906609,   39906609
  4021,    21,   27000000,   70805406,        1,   43805406,   43805406
  4021,    22,   27000000,   72100371,        1,   45100371,   45100371
  4021,    23,   27000000,   77995361,        1,   50995361,   50995361
  4021,    24,   27000000,   79790206,        1,   52790206,   52790206
  4021,    25,   27000000,   81561785,        1,   54561785,   54561785
  4021,    26,   27000000,   83446850,        1,   56446850,   56446850
  4021,    27,   27000000,   85270497,        1,   58270497,   58270497
  4021,    28,   27000000,   91067781,        1,   64067781,   64067781
  4021,    29,   27000000,   90896342,        1,   63896342,   63896342
  4021,    30,   27000000,   92718293,        1,   65718293,   65718293
  4021,    31,   27000000,   96546555,        1,   69546555,   69546555
  4021,    32,   27000000,   98386978,        1,   71386978,   71386978
  4021,    33,   27000000,  102277680,        1,   75277680,   75277680
  4021,    34,   27000000,  104099429,        1,   77099429,   77099429
  4021,    35,   27000000,  109903144,        1,   82903144,   82903144
  4021,    36,   27000000,  111711757,        1,   84711757,   84711757
  4021,    37,   27000000,  113248589,        1,   86248589,   86248589
  4021,    38,   27000000,  115655031,        1,   88655031,   88655031
  4021,    39,   27000000,  117473441,        1,   90473441,   90473441
  4021,    40,   27000000,  121350473,        1,   94350473,   94350473
  4021,    41,   27000000,  123131583,        1,   96131583,   96131583
  4021,    42,   27000000,  127037898,        1,  100037898,  100037898
  4021,    43,   27000000,  128864739,        1,  101864739,  101864739
  4021,    44,   27000000,  131708029,        1,  104708029,  104708029
  4021,    45,   27000000,  134438083,        1,  107438083,  107438083
  4021,    46,   27000000,  136296102,        1,  109296102,  109296102
  4021,    47,   27000000,  140156145,        1,  113156145,  113156145
  4021,    48,   27000000,  143943217,        1,  116943217,  116943217
  4021,    49,   27000000,  146026295,        1,  119026295,  119026295
  4021,    50,   27000000,  149843148,        1,  122843148,  122843148
  4021,    51,   27000000,  149626068,        1,  122626068,  122626068
  4021,    52,   27000000,  155447325,        1,  128447325,  128447325
  4021,    53,   27000000,  155589084,        1,  128589084,  128589084
  4021,    54,   27000000,  161432955,        1,  134432955,  134432955
  4021,    55,   27000000,  161218297,        1,  134218297,  134218297
  4021,    56,   27000000,  165112547,        1,  138112547,  138112547
  4021,    57,   27000000,  168945536,        1,  141945536,  141945536
  4021,    58,   27000000,  170767137,        1,  143767137,  143767137
  4021,    59,   27000000,  172589208,        1,  145589208,  145589208
  4021,    60,   27000000,  176452559,        1,  149452559,  149452559
  4021,    61,   27000000,  178264438,        1,  151264438,  151264438
  4021,    62,   27000000,  180090363,        1,  153090363,  153090363
  4021,    63,   27000000,  183971019,        1,  156971019,  156971019
  4021,    64,   27000000,  185828591,        1,  158828591,  158828591
  4021,    65,   27000000,  187640961,        1,  160640961,  160640961
  4021,    66,   27000000,  193797835,        1,  166797835,  166797835
  4021,    67,   27000000,  193570175,        1,  166570175,  166570175
  4021,    68,   27000000,  197414392,        1,  170414392,  170414392
  4021,    69,   27000000,  199302691,        1,  172302691,  172302691
  4021,    70,   27000000,  203432014,        1,  176432014,  176432014
  4021,    71,   27000000,  205308908,        1,  178308908,  178308908
  4021,    72,   27000000,  211001630,        1,  184001630,  184001630
  4021,    73,   27000000,  212957695,        1,  185957695,  185957695
  4021,    74,   27000000,  214853542,        1,  187853542,  187853542
  4021,    75,   27000000,  216907570,        1,  189907570,  189907570
  4021,    76,   27000000,  218770085,        1,  191770085,  191770085
  4021,    77,   27000000,  222631590,        1,  195631590,  195631590
  4021,    78,   27000000,  226410387,        1,  199410387,  199410387
  4021,    79,   27000000,  230340078,        1,  203340078,  203340078
  4021,    80,   27000000,  232115779,        1,  205115779,  205115779
  4021,    81,   27000000,  235897384,        1,  208897384,  208897384
  4021,    82,   27000000,  237645193,        1,  210645193,  210645193
  4021,    83,   27000000,  237712625,        1,  210712625,  210712625
  4021,    84,   27000000,  241553747,        1,  214553747,  214553747
  4021,    85,   27000000,  243427002,        1,  216427002,  216427002
  4021,    86,   27000000,  247232707,        1,  220232707,  220232707
  4021,    87,   27000000,  249360643,        1,  222360643,  222360643
  4021,    88,   27000000,  253213070,        1,  226213070,  226213070
  4021,    89,   27000000,  255058944,        1,  228058944,  228058944
  4021,    90,   27000000,  258939208,        1,  231939208,  231939208
  4021,    91,   27000000,  261022231,        1,  234022231,  234022231
  4021,    92,   27000000,  264826831,        1,  237826831,  237826831
  4021,    93,   27000000,  268662472,        1,  241662472,  241662472
  4021,    94,   27000000,  270466472,        1,  243466472,  243466472
  4021,    95,   27000000,  272269809,        1,  245269809,  245269809
  4021,    96,   27000000,  275699799,        1,  248699799,  248699799
  4021,    97,   27000000,  277869468,        1,  250869468,  250869468
  4021,    98,   27000000,  281688602,        1,  254688602,  254688602
  4021,    99,   27000000,  281489900,        1,  254489900,  254489900
  4021,   100,   27000000,  285410197,        1,  258410197,  258410197
  4021,   101,   27000000,  287253117,        1,  260253117,  260253117
  4021,   102,   27000000,  291038443,        1,  264038443,  264038443
  4021,   103,   27000000,  293723950,        1,  266723950,  266723950
  4021,   104,   27000000,  296650183,        1,  269650183,  269650183
  4021,   105,   27000000,  298534458,        1,  271534458,  271534458
  4021,   106,   27000000,  300391971,        1,  273391971,  273391971
  4021,   107,   27000000,  306281796,        1,  279281796,  279281796
  4021,   108,   27000000,  306064407,        1,  279064407,  279064407
  4021,   109,   27000000,  311605940,        1,  284605940,  284605940
  4021,   110,   27000000,  311843250,        1,  284843250,  284843250
  4021,   111,   27000000,  313650141,        1,  286650141,  286650141
  4021,   112,   27000000,  319510088,        1,  292510088,  292510088
  4021,   113,   27000000,  319361435,        1,  292361435,  292361435
  4021,   114,   27000000,  323185882,        1,  296185882,  296185882
  4021,   115,   27000000,  326986402,        1,  299986402,  299986402
  4021,   116,   27000000,  326793734,        1,  299793734,  299793734
  4021,   117,   27000000,  330710891,        1,  303710891,  303710891
  4021,   118,   27000000,  334883104,        1,  307883104,  307883104
  4021,   119,   27000000,  337742735,        1,  310742735,  310742735
  4021,   120,   27000000,  340213898,        1,  313213898,  313213898
  4021,   121,   27000000,  342073287,        1,  315073287,  315073287
  4021,   122,   27000000,  345850656,        1,  318850656,  318850656
  4021,   123,   27000000,  345699590,        1,  318699590,  318699590
  4021,   124,   27000000,  351521262,        1,  324521262,  324521262
  4021,   125,   27000000,  353340268,        1,  326340268,  326340268
  4021,   126,   27000000,  355256465,        1,  328256465,  328256465
  4021,   127,   27000000,  357025219,        1,  330025219,  330025219
  4021,   128,   27000000,  360835952,        1,  333835952,  333835952
  4021,   129,   27000000,  364993131,        1,  337993131,  337993131
  4021,   130,   27000000,  364792328,        1,  337792328,  337792328
  4021,   131,   27000000,  368636544,        1,  341636544,  341636544
  4021,   132,   27000000,  372444876,        1,  345444876,  345444876
  4021,   133,   27000000,  376491240,        1,  349491240,  349491240
  4021,   134,   27000000,  378336352,        1,  351336352,  351336352
  4021,   135,   27000000,  382120233,        1,  355120233,  355120233
  4021,   136,   27000000,  381892861,        1,  354892861,  354892861
  4021,   137,   27000000,  385731020,        1,  358731020,  358731020
  4021,   138,   27000000,  387542935,        1,  360542935,  360542935
  4021,   139,   27000000,  391350378,        1,  364350378,  364350378
  4021,   140,   27000000,  393166050,        1,  366166050,  366166050
  4021,   141,   27000000,  394959890,        1,  367959890,  367959890
  4021,   142,   27000000,  399504360,        1,  372504360,  372504360
  4021,   143,   27000000,  400938379,        1,  373938379,  373938379
  4021,   144,   27000000,  404775909,        1,  377775909,  377775909
  4021,   145,   27000000,  406712677,        1,  379712677,  379712677
  4021,   146,   27000000,  408887622,        1,  381887622,  381887622
  4021,   147,   27000000,  412961179,        1,  385961179,  385961179
  4021,   148,   27000000,  414369152,        1,  387369152,  387369152
  4021,   149,   27000000,  418252513,        1,  391252513,  391252513
  4021,   150,   27000000,  420077784,        1,  393077784,  393077784
  4021,   151,   27000000,  423862268,        1,  396862268,  396862268
  4021,   152,   27000000,  425691735,        1,  398691735,  398691735
  4021,   153,   27000000,  427634513,        1,  400634513,  400634513
  4021,   154,   27000000,  431747872,        1,  404747872,  404747872
  4021,   155,   27000000,  433546076,        1,  406546076,  406546076
  4021,   156,   27000000,  439384657,        1,  412384657,  412384657
  4021,   157,   27000000,  441204457,        1,  414204457,  414204457
  4021,   158,   27000000,  443023994,        1,  416023994,  416023994
  4021,   159,   27000000,  445157042,        1,  418157042,  418157042
  4021,   160,   27000000,  449048099,        1,  422048099,  422048099
  4021,   161,   27000000,  450856482,        1,  423856482,  423856482
  4021,   162,   27000000,  452696143,        1,  425696143,  425696143
  4021,   163,   27000000,  456543967,        1,  429543967,  429543967
  4021,   164,   27000000,  460385673,        1,  433385673,  433385673
  4021,   165,   27000000,  462212612,        1,  435212612,  435212612
  4021,   166,   27000000,  465980605,        1,  438980605,  438980605
  4021,   167,   27000000,  470045038,        1,  443045038,  443045038
  4021,   168,   27000000,  471885743,        1,  444885743,  444885743
  4021,   169,   27000000,  471650833,        1,  444650833,  444650833
  4021,   170,   27000000,  475509826,        1,  448509826,  448509826
  4021,   171,   27000000,  477629585,        1,  450629585,  450629585
  4021,   172,   27000000,  481476603,        1,  454476603,  454476603
  4021,   173,   27000000,  483337014,        1,  456337014,  456337014
  4021,   174,   27000000,  489151761,        1,  462151761,  462151761
  4021,   175,   27000000,  489053684,        1,  462053684,  462053684
  4021,   176,   27000000,  493171073,        1,  466171073,  466171073
  4021,   177,   27000000,  495039019,        1,  468039019,  468039019
  4021,   178,   27000000,  498868380,        1,  471868380,  471868380
  4021,   179,   27000000,  500703631,        1,  473703631,  473703631
  4021,   180,   27000000,  504509032,        1,  477509032,  477509032
  4021,   181,   27000000,  506359980,        1,  479359980,  479359980
  4021,   182,   27000000,  510552189,        1,  483552189,  483552189
  4021,   183,   27000000,  513975509,        1,  486975509,  486975509
  4021,   184,   27000000,  513813474,        1,  486813474,  486813474
  4021,   185,   27000000,  515638454,        1,  488638454,  488638454
  4021,   186,   27000000,  519860626,        1,  492860626,  492860626
  4021,   187,   27000000,  522837924,        1,  495837924,  495837924
  4021,   188,   27000000,  526041849,        1,  499041849,  499041849
  4021,   189,   27000000,  528972630,        1,  501972630,  501972630
  4021,   190,   27000000,  528755402,        1,  501755402,  501755402
  4021,   191,   27000000,  532657303,        1,  505657303,  505657303
  4021,   192,   27000000,  534736401,        1,  507736401,  507736401
  4021,   193,   27000000,  538618010,        1,  511618010,  511618010
  4021,   194,   27000000,  540447045,        1,  513447045,  513447045
  4021,   195,   27000000,  546307728,        1,  519307728,  519307728
  4021,   196,   27000000,  546112625,        1,  519112625,  519112625
  4021,   197,   27000000,  549928309,        1,  522928309,  522928309
  4021,   198,   27000000,  551756140,        1,  524756140,  524756140
  4021,   199,   27000000,  553655437,        1,  526655437,  526655437
  4021,   200,   27000000,  557501715,        1,  530501715,  530501715
  4021,   201,   27000000,  559341563,        1,  532341563,  532341563
  4021,   202,   27000000,  563216710,        1,  536216710,  536216710
  4021,   203,   27000000,  566445905,        1,  539445905,  539445905
  4021,   204,   27000000,  568897069,        1,  541897069,  541897069
  4021,   205,   27000000,  572915927,        1,  545915927,  545915927
  4021,   206,   27000000,  573237062,        1,  546237062,  546237062
  4021,   207,   27000000,  577803663,        1,  550803663,  550803663
  4021,   208,   27000000,  578384146,        1,  551384146,  551384146
  4021,   209,   27000000,  582560631,        1,  555560631,  555560631
  4021,   210,   27000000,  586355213,        1,  559355213,  559355213
  4021,   211,   27000000,  588578149,        1,  561578149,  561578149
  4021,   212,   27000000,  590035097,        1,  563035097,  563035097
  4021,   213,   27000000,  596622226,        1,  569622226,  569622226
# task NAME=myapp PID=4024 COST=37205000 PERIOD=100000000 CPU=0
  4024,     2,  100000000,       8402,        0,  -99991598,          0
  4024,     3,  100000000,     120813,        0,  -99879187,          0
  4024,     4,  100000000,   70992915,        0,  -29007085,          0
  4024,     5,  100000000,   69332751,        0,  -30667249,          0
  4024,     6,  100000000,   69139315,        0,  -30860685,          0
  4024,     7,  100000000,   69102351,        0,  -30897649,          0
  4024,     8,  100000000,   71675243,        0,  -28324757,          0
  4024,     9,  100000000,   69294358,        0,  -30705642,          0
  4024,    10,  100000000,   69009331,        0,  -30990669,          0
  4024,    11,  100000000,   71046721,        0,  -28953279,          0
  4024,    12,  100000000,   71038760,        0,  -28961240,          0
  4024,    13,  100000000,   71306236,        0,  -28693764,          0
  4024,    14,  100000000,   70752366,        0,  -29247634,          0
  4024,    15,  100000000,   68940974,        0,  -31059026,          0
  4024,    16,  100000000,   69019916,        0,  -30980084,          0
  4024,    17,  100000000,   68978040,        0,  -31021960,          0
  4024,    18,  100000000,   69787822,        0,  -30212178,          0
  4024,    19,  100000000,   71354219,        0,  -28645781,          0
  4024,    20,  100000000,   69283560,        0,  -30716440,          0
  4024,    21,  100000000,   70011357,        0,  -29988643,          0
  4024,    22,  100000000,   69022770,        0,  -30977230,          0
  4024,    23,  100000000,   71339923,        0,  -28660077,          0
  4024,    24,  100000000,   69107239,        0,  -30892761,          0
  4024,    25,  100000000,   69081247,        0,  -30918753,          0
  4024,    26,  100000000,   69050287,        0,  -30949713,          0
  4024,    27,  100000000,   69199395,        0,  -30800605,          0
  4024,    28,  100000000,   71258268,        0,  -28741732,          0
  4024,    29,  100000000,   71048884,        0,  -28951116,          0
  4024,    30,  100000000,   71584685,        0,  -28415315,          0
  4024,    31,  100000000,   69131386,        0,  -30868614,          0
  4024,    32,  100000000,   69020745,        0,  -30979255,          0
  4024,    33,  100000000,   69119807,        0,  -30880193,          0
  4024,    34,  100000000,   71035803,        0,  -28964197,          0
  4024,    35,  100000000,   69059108,        0,  -30940892,          0
  4024,    36,  100000000,   70984273,        0,  -29015727,          0
  4024,    37,  100000000,   69128385,        0,  -30871615,          0
  4024,    38,  100000000,   69077752,        0,  -30922248,          0
  4024,    39,  100000000,   69577189,        0,  -30422811,          0
  4024,    40,  100000000,   69642728,        0,  -30357272,          0
  4024,    41,  100000000,   69061387,        0,  -30938613,          0
  4024,    42,  100000000,   69129449,        0,  -30870551,          0
  4024,    43,  100000000,   69082158,        0,  -30917842,          0
  4024,    44,  100000000,   69343714,        0,  -30656286,          0
  4024,    45,  100000000,   69617542,        0,  -30382458,          0
  4024,    46,  100000000,   71193359,        0,  -28806641,          0
  4024,    47,  100000000,   69112478,        0,  -30887522,          0
  4024,    48,  100000000,   69409434,        0,  -30590566,          0
  4024,    49,  100000000,   71013268,        0,  -28986732,          0
  4024,    50,  100000000,   69094644,        0,  -30905356,          0
  4024,    51,  100000000,   69135938,        0,  -30864062,          0
  4024,    52,  100000000,   69537219,        0,  -30462781,          0
  4024,    53,  100000000,   69066471,        0,  -30933529,          0
  4024,    54,  100000000,   69442875,        0,  -30557125,          0
  4024,    55,  100000000,   69467431,        0,  -30532569,          0
  4024,    56,  100000000,   69192049,        0,  -30807951,          0
  4024,    57,  100000000,   71095712,        0,  -28904288,          0
  4024,    58,  100000000,   69125975,        0,  -30874025,          0
  4024,    59,  100000000,   71045447,        0,  -28954553,          0
  4024,    60,  100000000,   71355887,        0,  -28644113,          0
  4024,    61,  100000000,   69080067,        0,  -30919933,          0
  4024,    62,  100000000,   69112897,        0,  -30887103,          0
  4024,    63,  100000000,   69502762,        0,  -30497238,          0
  4024,    64,  100000000,   69426619,        0,  -30573381,          0
  4024,    65,  100000000,   71198886,        0,  -28801114,          0
  4024,    66,  100000000,   69028587,        0,  -30971413,          0
  4024,    67,  100000000,   69111612,        0,  -30888388,          0
  4024,    68,  100000000,   71115355,        0,  -28884645,          0
  4024,    69,  100000000,   69374901,        0,  -30625099,          0
  4024,    70,  100000000,   71035762,        0,  -28964238,          0
  4024,    71,  100000000,   71177041,        0,  -28822959,          0
  4024,    72,  100000000,   71050669,        0,  -28949331,          0
  4024,    73,  100000000,   69209883,        0,  -30790117,          0
  4024,    74,  100000000,   69403261,        0,  -30596739,          0
  4024,    75,  100000000,   69170995,        0,  -30829005,          0
  4024,    76,  100000000,   71185591,        0,  -28814409,          0
  4024,    77,  100000000,   69164764,        0,  -30835236,          0
  4024,    78,  100000000,   71113742,        0,  -28886258,          0
  4024,    79,  100000000,   71308759,        0,  -28691241,          0
  4024,    80,  100000000,   69359165,        0,  -30640835,          0
  4024,    81,  100000000,   69112876,        0,  -30887124,          0
  4024,    82,  100000000,   69042393,        0,  -30957607,          0
  4024,    83,  100000000,   69057659,        0,  -30942341,          0
  4024,    84,  100000000,   69048022,        0,  -30951978,          0
  4024,    85,  100000000,   71138992,        0,  -28861008,          0
  4024,    86,  100000000,   71094853,        0,  -28905147,          0
  4024,    87,  100000000,   69065191,        0,  -30934809,          0
  4024,    88,  100000000,   68989844,        0,  -31010156,          0
  4024,    89,  100000000,   69429381,        0,  -30570619,          0
  4024,    90,  100000000,   69321204,        0,  -30678796,          0
  4024,    91,  100000000,   69047088,        0,  -30952912,          0
  4024,    92,  100000000,   69101546,        0,  -30898454,          0
  4024,    93,  100000000,   71078505,        0,  -28921495,          0
  4024,    94,  100000000,   69327056,        0,  -30672944,          0
  4024,    95,  100000000,   71046593,        0,  -28953407,          0
  4024,    96,  100000000,   70020916,        0,  -29979084,          0
  4024,    97,  100000000,   71474257,        0,  -28525743,          0
  4024,    98,  100000000,   69137466,        0,  -30862534,          0
  4024,    99,  100000000,   70004312,        0,  -29995688,          0
  4024,   100,  100000000,   71797861,        0,  -28202139,          0
  4024,   101,  100000000,   69059974,        0,  -30940026,          0
  4024,   102,  100000000,   71006495,        0,  -28993505,          0
  4024,   103,  100000000,   69118285,        0,  -30881715,          0
  4024,   104,  100000000,   71035919,        0,  -28964081,          0
