# Task,   Job,     Period,   Response, DL Miss?,   Lateness,  Tardiness
# task NAME=myapp PID=941 COST=38297000 PERIOD=49000000 CPU=0
   941,     2,   49000000,       8278,        0,  -48991722,          0
   941,     3,   49000000,      40779,        0,  -48959221,          0
   941,     4,   49000000,   37475956,        0,  -11524044,          0
   941,     5,   49000000,   37533654,        0,  -11466346,          0
   941,     6,   49000000,   37610717,        0,  -11389283,          0
   941,     7,   49000000,   37773722,        0,  -11226278,          0
   941,     8,   49000000,   37515452,        0,  -11484548,          0
   941,     9,   49000000,   37472935,        0,  -11527065,          0
   941,    10,   49000000,   37754088,        0,  -11245912,          0
   941,    11,   49000000,   37483940,        0,  -11516060,          0
   941,    12,   49000000,   37732385,        0,  -11267615,          0
   941,    13,   49000000,   61085550,        1,   12085550,   12085550
   941,    14,   49000000,   49543668,        1,     543668,     543668
   941,    15,   49000000,   38273776,        0,  -10726224,          0
   941,    16,   49000000,   37489615,        0,  -11510385,          0
   941,    17,   49000000,   37741269,        0,  -11258731,          0
   941,    18,   49000000,   47255387,        0,   -1744613,          0
   941,    19,   49000000,   37455986,        0,  -11544014,          0
   941,    20,   49000000,   37793800,        0,  -11206200,          0
   941,    21,   49000000,   37481479,        0,  -11518521,          0
   941,    22,   49000000,   37496799,        0,  -11503201,          0
   941,    23,   49000000,   37473244,        0,  -11526756,          0
   941,    24,   49000000,   62132824,        1,   13132824,   13132824
   941,    25,   49000000,   50853106,        1,    1853106,    1853106
   941,    26,   49000000,   39401242,        0,   -9598758,          0
   941,    27,   49000000,   37724196,        0,  -11275804,          0
   941,    28,   49000000,   37480612,        0,  -11519388,          0
   941,    29,   49000000,   37478274,        0,  -11521726,          0
   941,    30,   49000000,   37742955,        0,  -11257045,          0
   941,    31,   49000000,   37510509,        0,  -11489491,          0
   941,    32,   49000000,   37462054,        0,  -11537946,          0
   941,    33,   49000000,   37769831,        0,  -11230169,          0
   941,    34,   49000000,   37472139,        0,  -11527861,          0
   941,    35,   49000000,   37768166,        0,  -11231834,          0
   941,    36,   49000000,   37494482,        0,  -11505518,          0
   941,    37,   49000000,   37516646,        0,  -11483354,          0
   941,    38,   49000000,   37774646,        0,  -11225354,          0
   941,    39,   49000000,   37497941,        0,  -11502059,          0
   941,    40,   49000000,   42753489,        0,   -6246511,          0
   941,    41,   49000000,   37503555,        0,  -11496445,          0
   941,    42,   49000000,   37458945,        0,  -11541055,          0
   941,    43,   49000000,   37827372,        0,  -11172628,          0
   941,    44,   49000000,   37517540,        0,  -11482460,          0
   941,    45,   49000000,   37462438,        0,  -11537562,          0
   941,    46,   49000000,   56038546,        1,    7038546,    7038546
   941,    47,   49000000,   44494832,        0,   -4505168,          0
   941,    48,   49000000,   37793562,        0,  -11206438,          0
   941,    49,   49000000,   37480527,        0,  -11519473,          0
   941,    50,   49000000,   37463114,        0,  -11536886,          0
   941,    51,   49000000,   37471180,        0,  -11528820,          0
   941,    52,   49000000,   37452612,        0,  -11547388,          0
   941,    53,   49000000,   37763252,        0,  -11236748,          0
   941,    54,   49000000,   37487206,        0,  -11512794,          0
   941,    55,   49000000,   37458440,        0,  -11541560,          0
   941,    56,   49000000,   37481781,        0,  -11518219,          0
   941,    57,   49000000,   37472173,        0,  -11527827,          0
   941,    58,   49000000,   37751455,        0,  -11248545,          0
   941,    59,   49000000,   37480610,        0,  -11519390,          0
   941,    60,   49000000,   37461649,        0,  -11538351,          0
   941,    61,   49000000,   37804543,        0,  -11195457,          0
   941,    62,   49000000,   37484736,        0,  -11515264,          0
   941,    63,   49000000,   37768940,        0,  -11231060,          0
   941,    64,   49000000,   37488404,        0,  -11511596,          0
   941,    65,   49000000,   37464401,        0,  -11535599,          0
   941,    66,   49000000,   37778256,        0,  -11221744,          0
   941,    67,   49000000,   37566534,        0,  -11433466,          0
   941,    68,   49000000,   37779655,        0,  -11220345,          0
   941,    69,   49000000,   37495324,        0,  -11504676,          0
   941,    70,   49000000,   37480056,        0,  -11519944,          0
   941,    71,   49000000,   37749152,        0,  -11250848,          0
   941,    72,   49000000,   37477787,        0,  -11522213,          0
   941,    73,   49000000,   37492323,        0,  -11507677,          0
   941,    74,   49000000,   37482740,        0,  -11517260,          0
   941,    75,   49000000,   37495311,        0,  -11504689,          0
   941,    76,   49000000,   37775144,        0,  -11224856,          0
   941,    77,   49000000,   37478017,        0,  -11521983,          0
   941,    78,   49000000,   37467510,        0,  -11532490,          0
   941,    79,   49000000,   37488240,        0,  -11511760,          0
   941,    80,   49000000,   37463102,        0,  -11536898,          0
   941,    81,   49000000,   37737883,        0,  -11262117,          0
   941,    82,   49000000,   37475587,        0,  -11524413,          0
   941,    83,   49000000,   37477904,        0,  -11522096,          0
   941,    84,   49000000,   37805426,        0,  -11194574,          0
   941,    85,   49000000,   37492281,        0,  -11507719,          0
   941,    86,   49000000,   37773539,        0,  -11226461,          0
   941,    87,   49000000,   37574090,        0,  -11425910,          0
   941,    88,   49000000,   37495267,        0,  -11504733,          0
   941,    89,   49000000,   53034630,        1,    4034630,    4034630
   941,    90,   49000000,   41476432,        0,   -7523568,          0
   941,    91,   49000000,   37754717,        0,  -11245283,          0
   941,    92,   49000000,   37498044,        0,  -11501956,          0
   941,    93,   49000000,   37457616,        0,  -11542384,          0
   941,    94,   49000000,   49800646,        1,     800646,     800646
   941,    95,   49000000,   38243717,        0,  -10756283,          0
   941,    96,   49000000,   37483277,        0,  -11516723,          0
   941,    97,   49000000,   37507714,        0,  -11492286,          0
   941,    98,   49000000,   37463409,        0,  -11536591,          0
   941,    99,   49000000,   47864782,        0,   -1135218,          0
   941,   100,   49000000,   37482483,        0,  -11517517,          0
   941,   101,   49000000,   37474411,        0,  -11525589,          0
   941,   102,   49000000,   37472410,        0,  -11527590,          0
   941,   103,   49000000,   37471489,        0,  -11528511,          0
   941,   104,   49000000,   42892523,        0,   -6107477,          0
   941,   105,   49000000,   37485046,        0,  -11514954,          0
   941,   106,   49000000,   37455564,        0,  -11544436,          0
   941,   107,   49000000,   37561424,        0,  -11438576,          0
   941,   108,   49000000,   37550093,        0,  -11449907,          0
   941,   109,   49000000,   37796530,        0,  -11203470,          0
   941,   110,   49000000,   37463572,        0,  -11536428,          0
   941,   111,   49000000,   56277928,        1,    7277928,    7277928
   941,   112,   49000000,   44747297,        0,   -4252703,          0
   941,   113,   49000000,   37457688,        0,  -11542312,          0
   941,   114,   49000000,   37756322,        0,  -11243678,          0
   941,   115,   49000000,   37484214,        0,  -11515786,          0
   941,   116,   49000000,   37458442,        0,  -11541558,          0
   941,   117,   49000000,   37758377,        0,  -11241623,          0
   941,   118,   49000000,   37473549,        0,  -11526451,          0
   941,   119,   49000000,   41104077,        0,   -7895923,          0
   941,   120,   49000000,   37537295,        0,  -11462705,          0
   941,   121,   49000000,   37450058,        0,  -11549942,          0
   941,   122,   49000000,   37792637,        0,  -11207363,          0
   941,   123,   49000000,   37479795,        0,  -11520205,          0
   941,   124,   49000000,   37476603,        0,  -11523397,          0
   941,   125,   49000000,   37479130,        0,  -11520870,          0
   941,   126,   49000000,   37489823,        0,  -11510177,          0
   941,   127,   49000000,   38470040,        0,  -10529960,          0
   941,   128,   49000000,   37544287,        0,  -11455713,          0
   941,   129,   49000000,   37481386,        0,  -11518614,          0
   941,   130,   49000000,   37506049,        0,  -11493951,          0
   941,   131,   49000000,   37472706,        0,  -11527294,          0
   941,   132,   49000000,   37784757,        0,  -11215243,          0
   941,   133,   49000000,   37572639,        0,  -11427361,          0
   941,   134,   49000000,   37488432,        0,  -11511568,          0
   941,   135,   49000000,   37761641,        0,  -11238359,          0
   941,   136,   49000000,   37518367,        0,  -11481633,          0
   941,   137,   49000000,   37776986,        0,  -11223014,          0
   941,   138,   49000000,   37466127,        0,  -11533873,          0
   941,   139,   49000000,   37480358,        0,  -11519642,          0
   941,   140,   49000000,   37765822,        0,  -11234178,          0
   941,   141,   49000000,   40707822,        0,   -8292178,          0
   941,   142,   49000000,   37769997,        0,  -11230003,          0
   941,   143,   49000000,   37442656,        0,  -11557344,          0
   941,   144,   49000000,   37497026,        0,  -11502974,          0
   941,   145,   49000000,   37777595,        0,  -11222405,          0
   941,   146,   49000000,   37463606,        0,  -11536394,          0
   941,   147,   49000000,   37491610,        0,  -11508390,          0
   941,   148,   49000000,   37492044,        0,  -11507956,          0
   941,   149,   49000000,   37468374,        0,  -11531626,          0
   941,   150,   49000000,   37764098,        0,  -11235902,          0
   941,   151,   49000000,   37494559,        0,  -11505441,          0
   941,   152,   49000000,   37491132,        0,  -11508868,          0
   941,   153,   49000000,   37500375,        0,  -11499625,          0
   941,   154,   49000000,   37469239,        0,  -11530761,          0
   941,   155,   49000000,   37766674,        0,  -11233326,          0
   941,   156,   49000000,   37495727,        0,  -11504273,          0
   941,   157,   49000000,   37542986,        0,  -11457014,          0
   941,   158,   49000000,   37761450,        0,  -11238550,          0
   941,   159,   49000000,   37488141,        0,  -11511859,          0
   941,   160,   49000000,   37757127,        0,  -11242873,          0
   941,   161,   49000000,   37470586,        0,  -11529414,          0
   941,   162,   49000000,   51051534,        1,    2051534,    2051534
   941,   163,   49000000,   39783001,        0,   -9216999,          0
   941,   164,   49000000,   37473837,        0,  -11526163,          0
   941,   165,   49000000,   37781800,        0,  -11218200,          0
   941,   166,   49000000,   37485339,        0,  -11514661,          0
   941,   167,   49000000,   38003770,        0,  -10996230,          0
   941,   168,   49000000,   37786125,        0,  -11213875,          0
   941,   169,   49000000,   37585706,        0,  -11414294,          0
   941,   170,   49000000,   37499358,        0,  -11500642,          0
   941,   171,   49000000,   37457981,        0,  -11542019,          0
   941,   172,   49000000,   37523021,        0,  -11476979,          0
   941,   173,   49000000,   37766694,        0,  -11233306,          0
   941,   174,   49000000,   59724519,        1,   10724519,   10724519
   941,   175,   49000000,   48463708,        0,    -536292,          0
   941,   176,   49000000,   37520839,        0,  -11479161,          0
   941,   177,   49000000,   37478298,        0,  -11521702,          0
   941,   178,   49000000,   37725264,        0,  -11274736,          0
   941,   179,   49000000,   37485552,        0,  -11514448,          0
   941,   180,   49000000,   37510531,        0,  -11489469,          0
   941,   181,   49000000,   37471722,        0,  -11528278,          0
   941,   182,   49000000,   37516772,        0,  -11483228,          0
   941,   183,   49000000,   37768838,        0,  -11231162,          0
   941,   184,   49000000,   37476199,        0,  -11523801,          0
   941,   185,   49000000,   37485964,        0,  -11514036,          0
   941,   186,   49000000,   37753217,        0,  -11246783,          0
   941,   187,   49000000,   37500032,        0,  -11499968,          0
   941,   188,   49000000,   37748174,        0,  -11251826,          0
   941,   189,   49000000,   37476377,        0,  -11523623,          0
   941,   190,   49000000,   37479443,        0,  -11520557,          0
   941,   191,   49000000,   37763707,        0,  -11236293,          0
   941,   192,   49000000,   37464436,        0,  -11535564,          0
   941,   193,   49000000,   37849031,        0,  -11150969,          0
   941,   194,   49000000,   37484495,        0,  -11515505,          0
   941,   195,   49000000,   50800123,        1,    1800123,    1800123
   941,   196,   49000000,   39538521,        0,   -9461479,          0
   941,   197,   49000000,   43744784,        0,   -5255216,          0
   941,   198,   49000000,   37509001,        0,  -11490999,          0
   941,   199,   49000000,   37459435,        0,  -11540565,          0
   941,   200,   49000000,   37494591,        0,  -11505409,          0
   941,   201,   49000000,   37768867,        0,  -11231133,          0
   941,   202,   49000000,   37483997,        0,  -11516003,          0
   941,   203,   49000000,   37506688,        0,  -11493312,          0
   941,   204,   49000000,   37458133,        0,  -11541867,          0
   941,   205,   49000000,   37503211,        0,  -11496789,          0
   941,   206,   49000000,   37800888,        0,  -11199112,          0
   941,   207,   49000000,   37462572,        0,  -11537428,          0
   941,   208,   49000000,   38656695,        0,  -10343305,          0
# task NAME=myapp PID=944 COST=17605000 PERIOD=81000000 CPU=0
   944,     2,   81000000,       8242,        0,  -80991758,          0
   944,     3,   81000000,      30687,        0,  -80969313,          0
   944,     4,   81000000,   24843479,        0,  -56156521,          0
   944,     5,   81000000,   17265945,        0,  -63734055,          0
   944,     6,   81000000,   17290758,        0,  -63709242,          0
   944,     7,   81000000,   17281099,        0,  -63718901,          0
   944,     8,   81000000,   17294358,        0,  -63705642,          0
   944,     9,   81000000,   29823480,        0,  -51176520,          0
   944,    10,   81000000,   17304136,        0,  -63695864,          0
   944,    11,   81000000,   24795744,        0,  -56204256,          0
   944,    12,   81000000,   32969641,        0,  -48030359,          0
   944,    13,   81000000,   17270647,        0,  -63729353,          0
   944,    14,   81000000,   17304657,        0,  -63695343,          0
   944,    15,   81000000,   17296314,        0,  -63703686,          0
   944,    16,   81000000,   17897816,        0,  -63102184,          0
   944,    17,   81000000,   21168488,        0,  -59831512,          0
   944,    18,   81000000,   17560786,        0,  -63439214,          0
   944,    19,   81000000,   31375305,        0,  -49624695,          0
   944,    20,   81000000,   18485096,        0,  -62514904,          0
   944,    21,   81000000,   17570230,        0,  -63429770,          0
   944,    22,   81000000,   17461966,        0,  -63538034,          0
   944,    23,   81000000,   17292083,        0,  -63707917,          0
   944,    24,   81000000,   18181332,        0,  -62818668,          0
   944,    25,   81000000,   17456756,        0,  -63543244,          0
   944,    26,   81000000,   17271833,        0,  -63728167,          0
   944,    27,   81000000,   21719279,        0,  -59280721,          0
   944,    28,   81000000,   17285684,        0,  -63714316,          0
   944,    29,   81000000,   45292248,        0,  -35707752,          0
   944,    30,   81000000,   17270087,        0,  -63729913,          0
   944,    31,   81000000,   17248628,        0,  -63751372,          0
   944,    32,   81000000,   17285463,        0,  -63714537,          0
   944,    33,   81000000,   17257224,        0,  -63742776,          0
   944,    34,   81000000,   20085456,        0,  -60914544,          0
   944,    35,   81000000,   17551903,        0,  -63448097,          0
   944,    36,   81000000,   18056406,        0,  -62943594,          0
   944,    37,   81000000,   17295108,        0,  -63704892,          0
   944,    38,   81000000,   17564648,        0,  -63435352,          0
   944,    39,   81000000,   17283090,        0,  -63716910,          0
   944,    40,   81000000,   17280929,        0,  -63719071,          0
   944,    41,   81000000,   17282978,        0,  -63717022,          0
   944,    42,   81000000,   17301393,        0,  -63698607,          0
   944,    43,   81000000,   17264409,        0,  -63735591,          0
   944,    44,   81000000,   17293560,        0,  -63706440,          0
   944,    45,   81000000,   17324814,        0,  -63675186,          0
   944,    46,   81000000,   17274828,        0,  -63725172,          0
   944,    47,   81000000,   17277412,        0,  -63722588,          0
   944,    48,   81000000,   17286879,        0,  -63713121,          0
   944,    49,   81000000,   17275997,        0,  -63724003,          0
   944,    50,   81000000,   17253759,        0,  -63746241,          0
   944,    51,   81000000,   17333417,        0,  -63666583,          0
   944,    52,   81000000,   42247715,        0,  -38752285,          0
   944,    53,   81000000,   17278275,        0,  -63721725,          0
   944,    54,   81000000,   30315758,        0,  -50684242,          0
   944,    55,   81000000,   17531461,        0,  -63468539,          0
   944,    56,   81000000,   17267062,        0,  -63732938,          0
   944,    57,   81000000,   17309961,        0,  -63690039,          0
   944,    58,   81000000,   17582759,        0,  -63417241,          0
   944,    59,   81000000,   17294004,        0,  -63705996,          0
   944,    60,   81000000,   17275877,        0,  -63724123,          0
   944,    61,   81000000,   26384675,        0,  -54615325,          0
   944,    62,   81000000,   17295167,        0,  -63704833,          0
   944,    63,   81000000,   21393991,        0,  -59606009,          0
   944,    64,   81000000,   17271172,        0,  -63728828,          0
   944,    65,   81000000,   17271533,        0,  -63728467,          0
   944,    66,   81000000,   17261287,        0,  -63738713,          0
   944,    67,   81000000,   17261563,        0,  -63738437,          0
   944,    68,   81000000,   37495126,        0,  -43504874,          0
   944,    69,   81000000,   25326519,        0,  -55673481,          0
   944,    70,   81000000,   17258897,        0,  -63741103,          0
   944,    71,   81000000,   33047564,        0,  -47952436,          0
   944,    72,   81000000,   17552211,        0,  -63447789,          0
   944,    73,   81000000,   17281801,        0,  -63718199,          0
   944,    74,   81000000,   31301868,        0,  -49698132,          0
   944,    75,   81000000,   17563217,        0,  -63436783,          0
   944,    76,   81000000,   17257867,        0,  -63742133,          0
   944,    77,   81000000,   27531644,        0,  -53468356,          0
   944,    78,   81000000,   18916377,        0,  -62083623,          0
   944,    79,   81000000,   17276648,        0,  -63723352,          0
   944,    80,   81000000,   25276971,        0,  -55723029,          0
   944,    81,   81000000,   17272310,        0,  -63727690,          0
   944,    82,   81000000,   17331446,        0,  -63668554,          0
   944,    83,   81000000,   17272891,        0,  -63727109,          0
   944,    84,   81000000,   17271508,        0,  -63728492,          0
   944,    85,   81000000,   17272444,        0,  -63727556,          0
   944,    86,   81000000,   17275397,        0,  -63724603,          0
   944,    87,   81000000,   17276460,        0,  -63723540,          0
   944,    88,   81000000,   36684306,        0,  -44315694,          0
   944,    89,   81000000,   17547250,        0,  -63452750,          0
   944,    90,   81000000,   17302233,        0,  -63697767,          0
   944,    91,   81000000,   29614055,        0,  -51385945,          0
   944,    92,   81000000,   17567039,        0,  -63432961,          0
   944,    93,   81000000,   17279692,        0,  -63720308,          0
   944,    94,   81000000,   19036720,        0,  -61963280,          0
   944,    95,   81000000,   28020958,        0,  -52979042,          0
   944,    96,   81000000,   17275923,        0,  -63724077,          0
   944,    97,   81000000,   17276868,        0,  -63723132,          0
   944,    98,   81000000,   37038029,        0,  -43961971,          0
   944,    99,   81000000,   45765698,        0,  -35234302,          0
   944,   100,   81000000,   17304082,        0,  -63695918,          0
   944,   101,   81000000,   17270567,        0,  -63729433,          0
   944,   102,   81000000,   17276273,        0,  -63723727,          0
   944,   103,   81000000,   17302410,        0,  -63697590,          0
   944,   104,   81000000,   17296743,        0,  -63703257,          0
   944,   105,   81000000,   31153269,        0,  -49846731,          0
   944,   106,   81000000,   17575368,        0,  -63424632,          0
   944,   107,   81000000,   17262713,        0,  -63737287,          0
   944,   108,   81000000,   29422812,        0,  -51577188,          0
   944,   109,   81000000,   45909210,        0,  -35090790,          0
   944,   110,   81000000,   17314510,        0,  -63685490,          0
   944,   111,   81000000,   18264999,        0,  -62735001,          0
   944,   112,   81000000,   17567510,        0,  -63432490,          0
   944,   113,   81000000,   17300336,        0,  -63699664,          0
   944,   114,   81000000,   17284052,        0,  -63715948,          0
   944,   115,   81000000,   17267585,        0,  -63732415,          0
   944,   116,   81000000,   17327342,        0,  -63672658,          0
   944,   117,   81000000,   17280022,        0,  -63719978,          0
   944,   118,   81000000,   33812319,        0,  -47187681,          0
   944,   119,   81000000,   37522829,        0,  -43477171,          0
   944,   120,   81000000,   17677807,        0,  -63322193,          0
   944,   121,   81000000,   17293220,        0,  -63706780,          0
   944,   122,   81000000,   17286804,        0,  -63713196,          0
   944,   123,   81000000,   21985402,        0,  -59014598,          0
   944,   124,   81000000,   17289800,        0,  -63710200,          0
   944,   125,   81000000,   17280147,        0,  -63719853,          0
   944,   126,   81000000,   17617641,        0,  -63382359,          0
   944,   127,   81000000,   17287675,        0,  -63712325,          0
# task NAME=myapp PID=1009 COST=43033000 PERIOD=81000000 CPU=0
  1009,     2,   81000000,       9021,        0,  -80990979,          0
  1009,     3,   81000000,      34488,        0,  -80965512,          0
  1009,     4,   81000000,   55052407,        0,  -25947593,          0
  1009,     5,   81000000,   42117573,        0,  -38882427,          0
  1009,     6,   81000000,   42166126,        0,  -38833874,          0
  1009,     7,   81000000,   42451300,        0,  -38548700,          0
  1009,     8,   81000000,   42139852,        0,  -38860148,          0
  1009,     9,   81000000,   42173313,        0,  -38826687,          0
  1009,    10,   81000000,   42415933,        0,  -38584067,          0
  1009,    11,   81000000,   49229506,        0,  -31770494,          0
  1009,    12,   81000000,   42151628,        0,  -38848372,          0
  1009,    13,   81000000,   42405428,        0,  -38594572,          0
  1009,    14,   81000000,   42128013,        0,  -38871987,          0
  1009,    15,   81000000,   42182894,        0,  -38817106,          0
  1009,    16,   81000000,   43035096,        0,  -37964904,          0
  1009,    17,   81000000,   42268153,        0,  -38731847,          0
  1009,    18,   81000000,   42391398,        0,  -38608602,          0
  1009,    19,   81000000,   45907889,        0,  -35092111,          0
  1009,    20,   81000000,   42156409,        0,  -38843591,          0
  1009,    21,   81000000,   42447974,        0,  -38552026,          0
  1009,    22,   81000000,   42162794,        0,  -38837206,          0
  1009,    23,   81000000,   42141927,        0,  -38858073,          0
  1009,    24,   81000000,   42436790,        0,  -38563210,          0
  1009,    25,   81000000,   42167898,        0,  -38832102,          0
  1009,    26,   81000000,   42127489,        0,  -38872511,          0
  1009,    27,   81000000,   45998264,        0,  -35001736,          0
  1009,    28,   81000000,   42130352,        0,  -38869648,          0
  1009,    29,   81000000,   70283335,        0,  -10716665,          0
  1009,    30,   81000000,   42391144,        0,  -38608856,          0
  1009,    31,   81000000,   42125311,        0,  -38874689,          0
  1009,    32,   81000000,   42146832,        0,  -38853168,          0
  1009,    33,   81000000,   42419904,        0,  -38580096,          0
  1009,    34,   81000000,   42104559,        0,  -38895441,          0
  1009,    35,   81000000,   42444258,        0,  -38555742,          0
  1009,    36,   81000000,   42142787,        0,  -38857213,          0
  1009,    37,   81000000,   42142663,        0,  -38857337,          0
  1009,    38,   81000000,   42426402,        0,  -38573598,          0
  1009,    39,   81000000,   42156211,        0,  -38843789,          0
  1009,    40,   81000000,   42095407,        0,  -38904593,          0
  1009,    41,   81000000,   42460749,        0,  -38539251,          0
  1009,    42,   81000000,   42148462,        0,  -38851538,          0
  1009,    43,   81000000,   42144226,        0,  -38855774,          0
  1009,    44,   81000000,   42392710,        0,  -38607290,          0
  1009,    45,   81000000,   42139703,        0,  -38860297,          0
  1009,    46,   81000000,   42174183,        0,  -38825817,          0
  1009,    47,   81000000,   42405454,        0,  -38594546,          0
  1009,    48,   81000000,   42136927,        0,  -38863073,          0
  1009,    49,   81000000,   42117724,        0,  -38882276,          0
  1009,    50,   81000000,   42405508,        0,  -38594492,          0
  1009,    51,   81000000,   42129490,        0,  -38870510,          0
  1009,    52,   81000000,   49193403,        0,  -31806597,          0
  1009,    53,   81000000,   42122836,        0,  -38877164,          0
  1009,    54,   81000000,   42203087,        0,  -38796913,          0
  1009,    55,   81000000,   42382211,        0,  -38617789,          0
  1009,    56,   81000000,   42152121,        0,  -38847879,          0
  1009,    57,   81000000,   42129648,        0,  -38870352,          0
  1009,    58,   81000000,   42415666,        0,  -38584334,          0
  1009,    59,   81000000,   42131172,        0,  -38868828,          0
  1009,    60,   81000000,   42165828,        0,  -38834172,          0
  1009,    61,   81000000,   42427114,        0,  -38572886,          0
  1009,    62,   81000000,   42148483,        0,  -38851517,          0
  1009,    63,   81000000,   42177979,        0,  -38822021,          0
  1009,    64,   81000000,   42434870,        0,  -38565130,          0
  1009,    65,   81000000,   42129394,        0,  -38870606,          0
  1009,    66,   81000000,   42140204,        0,  -38859796,          0
  1009,    67,   81000000,   42395767,        0,  -38604233,          0
  1009,    68,   81000000,   91776800,        1,   10776800,   10776800
  1009,    69,   81000000,   52893849,        0,  -28106151,          0
  1009,    70,   81000000,   42104449,        0,  -38895551,          0
  1009,    71,   81000000,   42172345,        0,  -38827655,          0
  1009,    72,   81000000,   42399120,        0,  -38600880,          0
  1009,    73,   81000000,   42158349,        0,  -38841651,          0
  1009,    74,   81000000,   55433991,        0,  -25566009,          0
  1009,    75,   81000000,   42413484,        0,  -38586516,          0
  1009,    76,   81000000,   42130453,        0,  -38869547,          0
  1009,    77,   81000000,   44896104,        0,  -36103896,          0
  1009,    78,   81000000,   42469936,        0,  -38530064,          0
  1009,    79,   81000000,   42143672,        0,  -38856328,          0
  1009,    80,   81000000,   49564120,        0,  -31435880,          0
  1009,    81,   81000000,   42431058,        0,  -38568942,          0
  1009,    82,   81000000,   42177216,        0,  -38822784,          0
  1009,    83,   81000000,   42157804,        0,  -38842196,          0
  1009,    84,   81000000,   42402485,        0,  -38597515,          0
  1009,    85,   81000000,   42141431,        0,  -38858569,          0
  1009,    86,   81000000,   42137831,        0,  -38862169,          0
  1009,    87,   81000000,   42447072,        0,  -38552928,          0
  1009,    88,   81000000,   54634608,        0,  -26365392,          0
  1009,    89,   81000000,   42424842,        0,  -38575158,          0
  1009,    90,   81000000,   42140373,        0,  -38859627,          0
  1009,    91,   81000000,   42230569,        0,  -38769431,          0
  1009,    92,   81000000,   42424609,        0,  -38575391,          0
  1009,    93,   81000000,   42162422,        0,  -38837578,          0
  1009,    94,   81000000,   43503238,        0,  -37496762,          0
  1009,    95,   81000000,   49251608,        0,  -31748392,          0
  1009,    96,   81000000,   42139065,        0,  -38860935,          0
  1009,    97,   81000000,   42141442,        0,  -38858558,          0
  1009,    98,   81000000,   49564985,        0,  -31435015,          0
  1009,    99,   81000000,   46269582,        0,  -34730418,          0
  1009,   100,   81000000,   42148615,        0,  -38851385,          0
  1009,   101,   81000000,   42408719,        0,  -38591281,          0
  1009,   102,   81000000,   42138472,        0,  -38861528,          0
  1009,   103,   81000000,   42163591,        0,  -38836409,          0
  1009,   104,   81000000,   42416435,        0,  -38583565,          0
  1009,   105,   81000000,   49605520,        0,  -31394480,          0
  1009,   106,   81000000,   42406847,        0,  -38593153,          0
  1009,   107,   81000000,   42152916,        0,  -38847084,          0
  1009,   108,   81000000,   54110795,        0,  -26889205,          0
  1009,   109,   81000000,   68888533,        0,  -12111467,          0
  1009,   110,   81000000,   42155348,        0,  -38844652,          0
  1009,   111,   81000000,   42176067,        0,  -38823933,          0
  1009,   112,   81000000,   42392780,        0,  -38607220,          0
  1009,   113,   81000000,   42152979,        0,  -38847021,          0
  1009,   114,   81000000,   42129486,        0,  -38870514,          0
  1009,   115,   81000000,   42410873,        0,  -38589127,          0
  1009,   116,   81000000,   42172394,        0,  -38827606,          0
  1009,   117,   81000000,   42133174,        0,  -38866826,          0
  1009,   118,   81000000,   58599900,        0,  -22400100,          0
  1009,   119,   81000000,   42607275,        0,  -38392725,          0
  1009,   120,   81000000,   42148777,        0,  -38851223,          0
  1009,   121,   81000000,   42443209,        0,  -38556791,          0
  1009,   122,   81000000,   42152029,        0,  -38847971,          0
  1009,   123,   81000000,   46865841,        0,  -34134159,          0
  1009,   124,   81000000,   42144036,        0,  -38855964,          0
  1009,   125,   81000000,   42173726,        0,  -38826274,          0
  1009,   126,   81000000,   42442283,        0,  -38557717,          0
  1009,   127,   81000000,   42176275,        0,  -38823725,          0
# task NAME=myapp PID=1015 COST=20201000 PERIOD=43000000 CPU=0
  1015,     2,   43000000,      15824,        0,  -42984176,          0
  1015,     3,   43000000,      37463,        0,  -42962537,          0
  1015,     4,   43000000,   19792619,        0,  -23207381,          0
  1015,     5,   43000000,   20576721,        0,  -22423279,          0
  1015,     6,   43000000,   19777784,        0,  -23222216,          0
  1015,     7,   43000000,   27089488,        0,  -15910512,          0
  1015,     8,   43000000,   20067270,        0,  -22932730,          0
  1015,     9,   43000000,   19808667,        0,  -23191333,          0
  1015,    10,   43000000,   19808718,        0,  -23191282,          0
  1015,    11,   43000000,   20084408,        0,  -22915592,          0
  1015,    12,   43000000,   19780283,        0,  -23219717,          0
  1015,    13,   43000000,   19793042,        0,  -23206958,          0
  1015,    14,   43000000,   25567205,        0,  -17432795,          0
  1015,    15,   43000000,   19778566,        0,  -23221434,          0
  1015,    16,   43000000,   19819828,        0,  -23180172,          0
  1015,    17,   43000000,   19780878,        0,  -23219122,          0
  1015,    18,   43000000,   30078323,        0,  -12921677,          0
  1015,    19,   43000000,   19786665,        0,  -23213335,          0
  1015,    20,   43000000,   33758500,        0,   -9241500,          0
  1015,    21,   43000000,   19811682,        0,  -23188318,          0
  1015,    22,   43000000,   24246539,        0,  -18753461,          0
  1015,    23,   43000000,   19813405,        0,  -23186595,          0
  1015,    24,   43000000,   19788711,        0,  -23211289,          0
  1015,    25,   43000000,   19801506,        0,  -23198494,          0
  1015,    26,   43000000,   19847296,        0,  -23152704,          0
  1015,    27,   43000000,   41465126,        0,   -1534874,          0
  1015,    28,   43000000,   19803535,        0,  -23196465,          0
  1015,    29,   43000000,   19807200,        0,  -23192800,          0
  1015,    30,   43000000,   19794670,        0,  -23205330,          0
  1015,    31,   43000000,   20357198,        0,  -22642802,          0
  1015,    32,   43000000,   20058368,        0,  -22941632,          0
  1015,    33,   43000000,   19787452,        0,  -23212548,          0
  1015,    34,   43000000,   21320954,        0,  -21679046,          0
  1015,    35,   43000000,   19804906,        0,  -23195094,          0
  1015,    36,   43000000,   19794289,        0,  -23205711,          0
  1015,    37,   43000000,   20071537,        0,  -22928463,          0
  1015,    38,   43000000,   19788672,        0,  -23211328,          0
  1015,    39,   43000000,   19795068,        0,  -23204932,          0
  1015,    40,   43000000,   20083725,        0,  -22916275,          0
  1015,    41,   43000000,   19798296,        0,  -23201704,          0
  1015,    42,   43000000,   19773648,        0,  -23226352,          0
  1015,    43,   43000000,   20112506,        0,  -22887494,          0
  1015,    44,   43000000,   19792030,        0,  -23207970,          0
  1015,    45,   43000000,   19799611,        0,  -23200389,          0
  1015,    46,   43000000,   19797398,        0,  -23202602,          0
  1015,    47,   43000000,   19777962,        0,  -23222038,          0
  1015,    48,   43000000,   19846224,        0,  -23153776,          0
  1015,    49,   43000000,   19805588,        0,  -23194412,          0
  1015,    50,   43000000,   19803614,        0,  -23196386,          0
  1015,    51,   43000000,   19796297,        0,  -23203703,          0
  1015,    52,   43000000,   26567798,        0,  -16432202,          0
  1015,    53,   43000000,   19883796,        0,  -23116204,          0
  1015,    54,   43000000,   19798925,        0,  -23201075,          0
  1015,    55,   43000000,   19777984,        0,  -23222016,          0
  1015,    56,   43000000,   19792950,        0,  -23207050,          0
  1015,    57,   43000000,   19813433,        0,  -23186567,          0
  1015,    58,   43000000,   19792920,        0,  -23207080,          0
  1015,    59,   43000000,   19773485,        0,  -23226515,          0
  1015,    60,   43000000,   19788615,        0,  -23211385,          0
  1015,    61,   43000000,   19787076,        0,  -23212924,          0
  1015,    62,   43000000,   19784710,        0,  -23215290,          0
  1015,    63,   43000000,   20066054,        0,  -22933946,          0
  1015,    64,   43000000,   19831163,        0,  -23168837,          0
  1015,    65,   43000000,   19792077,        0,  -23207923,          0
  1015,    66,   43000000,   20078711,        0,  -22921289,          0
  1015,    67,   43000000,   19811770,        0,  -23188230,          0
  1015,    68,   43000000,   19800837,        0,  -23199163,          0
  1015,    69,   43000000,   20107566,        0,  -22892434,          0
  1015,    70,   43000000,   19771057,        0,  -23228943,          0
  1015,    71,   43000000,   19798907,        0,  -23201093,          0
  1015,    72,   43000000,   20074461,        0,  -22925539,          0
  1015,    73,   43000000,   24068666,        0,  -18931334,          0
  1015,    74,   43000000,   19803389,        0,  -23196611,          0
  1015,    75,   43000000,   19850206,        0,  -23149794,          0
  1015,    76,   43000000,   19862414,        0,  -23137586,          0
  1015,    77,   43000000,   19802819,        0,  -23197181,          0
  1015,    78,   43000000,   19787128,        0,  -23212872,          0
  1015,    79,   43000000,   19786547,        0,  -23213453,          0
  1015,    80,   43000000,   19804175,        0,  -23195825,          0
  1015,    81,   43000000,   19798067,        0,  -23201933,          0
  1015,    82,   43000000,   19793228,        0,  -23206772,          0
  1015,    83,   43000000,   19787539,        0,  -23212461,          0
  1015,    84,   43000000,   19801208,        0,  -23198792,          0
  1015,    85,   43000000,   19798387,        0,  -23201613,          0
  1015,    86,   43000000,   19807231,        0,  -23192769,          0
  1015,    87,   43000000,   19774193,        0,  -23225807,          0
  1015,    88,   43000000,   19814669,        0,  -23185331,          0
  1015,    89,   43000000,   19781098,        0,  -23218902,          0
  1015,    90,   43000000,   22069716,        0,  -20930284,          0
  1015,    91,   43000000,   19784998,        0,  -23215002,          0
  1015,    92,   43000000,   20066367,        0,  -22933633,          0
  1015,    93,   43000000,   19771021,        0,  -23228979,          0
  1015,    94,   43000000,   19791312,        0,  -23208688,          0
  1015,    95,   43000000,   20054857,        0,  -22945143,          0
  1015,    96,   43000000,   19803162,        0,  -23196838,          0
  1015,    97,   43000000,   19795176,        0,  -23204824,          0
  1015,    98,   43000000,   20110359,        0,  -22889641,          0
  1015,    99,   43000000,   19805453,        0,  -23194547,          0
  1015,   100,   43000000,   19781049,        0,  -23218951,          0
  1015,   101,   43000000,   20099131,        0,  -22900869,          0
  1015,   102,   43000000,   19780645,        0,  -23219355,          0
  1015,   103,   43000000,   19787702,        0,  -23212298,          0
  1015,   104,   43000000,   20059882,        0,  -22940118,          0
  1015,   105,   43000000,   19790577,        0,  -23209423,          0
  1015,   106,   43000000,   19770456,        0,  -23229544,          0
  1015,   107,   43000000,   20423266,        0,  -22576734,          0
  1015,   108,   43000000,   19800879,        0,  -23199121,          0
  1015,   109,   43000000,   19784596,        0,  -23215404,          0
  1015,   110,   43000000,   19811260,        0,  -23188740,          0
  1015,   111,   43000000,   19775850,        0,  -23224150,          0
  1015,   112,   43000000,   19791792,        0,  -23208208,          0
  1015,   113,   43000000,   19875573,        0,  -23124427,          0
  1015,   114,   43000000,   19793629,        0,  -23206371,          0
  1015,   115,   43000000,   25330540,        0,  -17669460,          0
  1015,   116,   43000000,   19811819,        0,  -23188181,          0
  1015,   117,   43000000,   19786423,        0,  -23213577,          0
  1015,   118,   43000000,   29210032,        0,  -13789968,          0
  1015,   119,   43000000,   19764258,        0,  -23235742,          0
  1015,   120,   43000000,   19796440,        0,  -23203560,          0
  1015,   121,   43000000,   19796436,        0,  -23203564,          0
  1015,   122,   43000000,   19783171,        0,  -23216829,          0
  1015,   123,   43000000,   19770744,        0,  -23229256,          0
  1015,   124,   43000000,   20069998,        0,  -22930002,          0
  1015,   125,   43000000,   19770590,        0,  -23229410,          0
  1015,   126,   43000000,   45030995,        1,    2030995,    2030995
  1015,   127,   43000000,   22067566,        0,  -20932434,          0
  1015,   128,   43000000,   19786992,        0,  -23213008,          0
  1015,   129,   43000000,   19780378,        0,  -23219622,          0
  1015,   130,   43000000,   20074737,        0,  -22925263,          0
  1015,   131,   43000000,   19793165,        0,  -23206835,          0
  1015,   132,   43000000,   19778299,        0,  -23221701,          0
  1015,   133,   43000000,   20150940,        0,  -22849060,          0
  1015,   134,   43000000,   19776926,        0,  -23223074,          0
  1015,   135,   43000000,   19787389,        0,  -23212611,          0
  1015,   136,   43000000,   20060172,        0,  -22939828,          0
  1015,   137,   43000000,   22115477,        0,  -20884523,          0
  1015,   138,   43000000,   19785915,        0,  -23214085,          0
  1015,   139,   43000000,   21419484,        0,  -21580516,          0
  1015,   140,   43000000,   19804648,        0,  -23195352,          0
  1015,   141,   43000000,   19778681,        0,  -23221319,          0
  1015,   142,   43000000,   19756693,        0,  -23243307,          0
  1015,   143,   43000000,   19784876,        0,  -23215124,          0
  1015,   144,   43000000,   19773034,        0,  -23226966,          0
  1015,   145,   43000000,   24813962,        0,  -18186038,          0
  1015,   146,   43000000,   19878159,        0,  -23121841,          0
  1015,   147,   43000000,   19766277,        0,  -23233723,          0
  1015,   148,   43000000,   19798909,        0,  -23201091,          0
  1015,   149,   43000000,   19783723,        0,  -23216277,          0
  1015,   150,   43000000,   19802368,        0,  -23197632,          0
  1015,   151,   43000000,   19779195,        0,  -23220805,          0
  1015,   152,   43000000,   20374110,        0,  -22625890,          0
  1015,   153,   43000000,   19769960,        0,  -23230040,          0
  1015,   154,   43000000,   24077702,        0,  -18922298,          0
  1015,   155,   43000000,   19790072,        0,  -23209928,          0
  1015,   156,   43000000,   20091265,        0,  -22908735,          0
  1015,   157,   43000000,   19809988,        0,  -23190012,          0
  1015,   158,   43000000,   19799600,        0,  -23200400,          0
  1015,   159,   43000000,   20091149,        0,  -22908851,          0
  1015,   160,   43000000,   19827154,        0,  -23172846,          0
  1015,   161,   43000000,   19813033,        0,  -23186967,          0
  1015,   162,   43000000,   20068619,        0,  -22931381,          0
  1015,   163,   43000000,   44246517,        1,    1246517,    1246517
  1015,   164,   43000000,   21019298,        0,  -21980702,          0
  1015,   165,   43000000,   20101722,        0,  -22898278,          0
  1015,   166,   43000000,   19815450,        0,  -23184550,          0
  1015,   167,   43000000,   19788998,        0,  -23211002,          0
  1015,   168,   43000000,   20049165,        0,  -22950835,          0
  1015,   169,   43000000,   22359137,        0,  -20640863,          0
  1015,   170,   43000000,   19822634,        0,  -23177366,          0
  1015,   171,   43000000,   19805153,        0,  -23194847,          0
  1015,   172,   43000000,   19771965,        0,  -23228035,          0
  1015,   173,   43000000,   19800832,        0,  -23199168,          0
  1015,   174,   43000000,   19772729,        0,  -23227271,          0
  1015,   175,   43000000,   19821485,        0,  -23178515,          0
  1015,   176,   43000000,   19794281,        0,  -23205719,          0
  1015,   177,   43000000,   19828332,        0,  -23171668,          0
  1015,   178,   43000000,   19778266,        0,  -23221734,          0
  1015,   179,   43000000,   19816440,        0,  -23183560,          0
  1015,   180,   43000000,   19813279,        0,  -23186721,          0
  1015,   181,   43000000,   19780733,        0,  -23219267,          0
  1015,   182,   43000000,   25264481,        0,  -17735519,          0
  1015,   183,   43000000,   19794167,        0,  -23205833,          0
  1015,   184,   43000000,   41324933,        0,   -1675067,          0
  1015,   185,   43000000,   19790038,        0,  -23209962,          0
  1015,   186,   43000000,   19785321,        0,  -23214679,          0
  1015,   187,   43000000,   19806247,        0,  -23193753,          0
  1015,   188,   43000000,   20122660,        0,  -22877340,          0
  1015,   189,   43000000,   19786054,        0,  -23213946,          0
  1015,   190,   43000000,   19805601,        0,  -23194399,          0
  1015,   191,   43000000,   20118354,        0,  -22881646,          0
  1015,   192,   43000000,   20336679,        0,  -22663321,          0
  1015,   193,   43000000,   19800073,        0,  -23199927,          0
  1015,   194,   43000000,   20101881,        0,  -22898119,          0
  1015,   195,   43000000,   19822538,        0,  -23177462,          0
  1015,   196,   43000000,   19789775,        0,  -23210225,          0
  1015,   197,   43000000,   20105135,        0,  -22894865,          0
  1015,   198,   43000000,   20215198,        0,  -22784802,          0
  1015,   199,   43000000,   19812328,        0,  -23187672,          0
  1015,   200,   43000000,   19939647,        0,  -23060353,          0
  1015,   201,   43000000,   20310929,        0,  -22689071,          0
  1015,   202,   43000000,   19774253,        0,  -23225747,          0
  1015,   203,   43000000,   34410677,        0,   -8589323,          0
  1015,   204,   43000000,   19796863,        0,  -23203137,          0
  1015,   205,   43000000,   19783558,        0,  -23216442,          0
  1015,   206,   43000000,   19782377,        0,  -23217623,          0
  1015,   207,   43000000,   33965754,        0,   -9034246,          0
  1015,   208,   43000000,   19785177,        0,  -23214823,          0
  1015,   209,   43000000,   19800507,        0,  -23199493,          0
  1015,   210,   43000000,   19793768,        0,  -23206232,          0
  1015,   211,   43000000,   19805235,        0,  -23194765,          0
  1015,   212,   43000000,   19802348,        0,  -23197652,          0
  1015,   213,   43000000,   19803339,        0,  -23196661,          0
  1015,   214,   43000000,   19832635,        0,  -23167365,          0
  1015,   215,   43000000,   19781741,        0,  -23218259,          0
  1015,   216,   43000000,   19791185,        0,  -23208815,          0
  1015,   217,   43000000,   20055550,        0,  -22944450,          0
  1015,   218,   43000000,   19778397,        0,  -23221603,          0
  1015,   219,   43000000,   19791659,        0,  -23208341,          0
  1015,   220,   43000000,   20082880,        0,  -22917120,          0
  1015,   221,   43000000,   19791776,        0,  -23208224,          0
  1015,   222,   43000000,   25083122,        0,  -17916878,          0
  1015,   223,   43000000,   20069611,        0,  -22930389,          0
  1015,   224,   43000000,   19778670,        0,  -23221330,          0
  1015,   225,   43000000,   19804688,        0,  -23195312,          0
  1015,   226,   43000000,   20107999,        0,  -22892001,          0
  1015,   227,   43000000,   19797692,        0,  -23202308,          0
  1015,   228,   43000000,   19786520,        0,  -23213480,          0
  1015,   229,   43000000,   20145836,        0,  -22854164,          0
  1015,   230,   43000000,   19787737,        0,  -23212263,          0
  1015,   231,   43000000,   19808994,        0,  -23191006,          0
  1015,   232,   43000000,   19786393,        0,  -23213607,          0
  1015,   233,   43000000,   19850834,        0,  -23149166,          0
  1015,   234,   43000000,   19775303,        0,  -23224697,          0
  1015,   235,   43000000,   19781466,        0,  -23218534,          0
  1015,   236,   43000000,   19787377,        0,  -23212623,          0
