# Task,   Job,     Period,   Response, DL Miss?,   Lateness,  Tardiness
# task NAME=myapp PID=22279 COST=11613000 PERIOD=16000000 CPU=0
 22279,     2,   16000000,       6654,        0,  -15993346,          0
 22279,     3,   16000000,      58624,        0,  -15941376,          0
 22279,     4,   16000000,   17078174,        1,    1078174,    1078174
 22279,     5,   16000000,   21189783,        1,    5189783,    5189783
 22279,     6,   16000000,   28359727,        1,   12359727,   12359727
 22279,     7,   16000000,   32621772,        1,   16621772,   16621772
 22279,     8,   16000000,   38382187,        1,   22382187,   22382187
 22279,     9,   16000000,   44851304,        1,   28851304,   28851304
 22279,    10,   16000000,   46122906,        1,   30122906,   30122906
 22279,    11,   16000000,   49382227,        1,   33382227,   33382227
 22279,    12,   16000000,   55851927,        1,   39851927,   39851927
 22279,    13,   16000000,   60979905,        1,   44979905,   44979905
 22279,    14,   16000000,   66244996,        1,   50244996,   50244996
 22279,    15,   16000000,   69474928,        1,   53474928,   53474928
 22279,    16,   16000000,   76584435,        1,   60584435,   60584435
 22279,    17,   16000000,   82405890,        1,   66405890,   66405890
 22279,    18,   16000000,   88843217,        1,   72843217,   72843217
 22279,    19,   16000000,   93947463,        1,   77947463,   77947463
 22279,    20,   16000000,  101086075,        1,   85086075,   85086075
 22279,    21,   16000000,  104389334,        1,   88389334,   88389334
 22279,    22,   16000000,  109762277,        1,   93762277,   93762277
 22279,    23,   16000000,  113763642,        1,   97763642,   97763642
 22279,    24,   16000000,  118826905,        1,  102826905,  102826905
 22279,    25,   16000000,  124982554,        1,  108982554,  108982554
 22279,    26,   16000000,  130038701,        1,  114038701,  114038701
 22279,    27,   16000000,  137099913,        1,  121099913,  121099913
 22279,    28,   16000000,  141451440,        1,  125451440,  125451440
 22279,    29,   16000000,  145754951,        1,  129754951,  129754951
 22279,    30,   16000000,  149803718,        1,  133803718,  133803718
 22279,    31,   16000000,  154213505,        1,  138213505,  138213505
 22279,    32,   16000000,  158138622,        1,  142138622,  142138622
 22279,    33,   16000000,  165227552,        1,  149227552,  149227552
 22279,    34,   16000000,  169402378,        1,  153402378,  153402378
 22279,    35,   16000000,  176539308,        1,  160539308,  160539308
 22279,    36,   16000000,  181596946,        1,  165596946,  165596946
 22279,    37,   16000000,  184864068,        1,  168864068,  168864068
 22279,    38,   16000000,  189044256,        1,  173044256,  173044256
 22279,    39,   16000000,  194109683,        1,  178109683,  178109683
 22279,    40,   16000000,  201375045,        1,  185375045,  185375045
 22279,    41,   16000000,  204639091,        1,  188639091,  188639091
 22279,    42,   16000000,  209657847,        1,  193657847,  193657847
 22279,    43,   16000000,  216820414,        1,  200820414,  200820414
 22279,    44,   16000000,  221015614,        1,  205015614,  205015614
 22279,    45,   16000000,  225542885,        1,  209542885,  209542885
 22279,    46,   16000000,  232637862,        1,  216637862,  216637862
 22279,    47,   16000000,  237766777,        1,  221766777,  221766777
 22279,    48,   16000000,  241965722,        1,  225965722,  225965722
 22279,    49,   16000000,  249112782,        1,  233112782,  233112782
 22279,    50,   16000000,  254168944,        1,  238168944,  238168944
 22279,    51,   16000000,  261485303,        1,  245485303,  245485303
 22279,    52,   16000000,  268599989,        1,  252599989,  252599989
 22279,    53,   16000000,  273753626,        1,  257753626,  257753626
 22279,    54,   16000000,  280882038,        1,  264882038,  264882038
 22279,    55,   16000000,  286033349,        1,  270033349,  270033349
 22279,    56,   16000000,  293138835,        1,  277138835,  277138835
 22279,    57,   16000000,  298133974,        1,  282133974,  282133974
 22279,    58,   16000000,  302555517,        1,  286555517,  286555517
 22279,    59,   16000000,  308729670,        1,  292729670,  292729670
 22279,    60,   16000000,  313759452,        1,  297759452,  297759452
 22279,    61,   16000000,  317982192,        1,  301982192,  301982192
 22279,    62,   16000000,  321335273,        1,  305335273,  305335273
 22279,    63,   16000000,  324598632,        1,  308598632,  308598632
 22279,    64,   16000000,  329641416,        1,  313641416,  313641416
 22279,    65,   16000000,  336752393,        1,  320752393,  320752393
 22279,    66,   16000000,  341820852,        1,  325820852,  325820852
 22279,    67,   16000000,  346148977,        1,  330148977,  330148977
 22279,    68,   16000000,  353240093,        1,  337240093,  337240093
 22279,    69,   16000000,  360665520,        1,  344665520,  344665520
 22279,    70,   16000000,  365698881,        1,  349698881,  349698881
 22279,    71,   16000000,  372861672,        1,  356861672,  356861672
 22279,    72,   16000000,  377971734,        1,  361971734,  361971734
 22279,    73,   16000000,  385150876,        1,  369150876,  369150876
 22279,    74,   16000000,  389704179,        1,  373704179,  373704179
 22279,    75,   16000000,  393812620,        1,  377812620,  377812620
 22279,    76,   16000000,  400741628,        1,  384741628,  384741628
 22279,    77,   16000000,  404876873,        1,  388876873,  388876873
 22279,    78,   16000000,  406030066,        1,  390030066,  390030066
 22279,    79,   16000000,  413886709,        1,  397886709,  397886709
 22279,    80,   16000000,  417534196,        1,  401534196,  401534196
 22279,    81,   16000000,  424607942,        1,  408607942,  408607942
# task NAME=myapp PID=22283 COST=12612000 PERIOD=46000000 CPU=0
 22283,     2,   46000000,      15912,        0,  -45984088,          0
 22283,     3,   46000000,      73576,        0,  -45926424,          0
 22283,     4,   46000000,   22369875,        0,  -23630125,          0
 22283,     5,   46000000,   20339911,        0,  -25660089,          0
 22283,     6,   46000000,   19695606,        0,  -26304394,          0
 22283,     7,   46000000,   18137698,        0,  -27862302,          0
 22283,     8,   46000000,   19797217,        0,  -26202783,          0
 22283,     9,   46000000,   17127305,        0,  -28872695,          0
 22283,    10,   46000000,   23213465,        0,  -22786535,          0
 22283,    11,   46000000,   17535598,        0,  -28464402,          0
 22283,    12,   46000000,   19478477,        0,  -26521523,          0
 22283,    13,   46000000,   20333295,        0,  -25666705,          0
 22283,    14,   46000000,   19587577,        0,  -26412423,          0
 22283,    15,   46000000,   17629441,        0,  -28370559,          0
 22283,    16,   46000000,   19635794,        0,  -26364206,          0
 22283,    17,   46000000,   17615855,        0,  -28384145,          0
 22283,    18,   46000000,   20423027,        0,  -25576973,          0
 22283,    19,   46000000,   18289391,        0,  -27710609,          0
 22283,    20,   46000000,   20418876,        0,  -25581124,          0
 22283,    21,   46000000,   21154858,        0,  -24845142,          0
 22283,    22,   46000000,   19553969,        0,  -26446031,          0
 22283,    23,   46000000,   20478540,        0,  -25521460,          0
 22283,    24,   46000000,   22370438,        0,  -23629562,          0
 22283,    25,   46000000,   20525191,        0,  -25474809,          0
 22283,    26,   46000000,   19456168,        0,  -26543832,          0
 22283,    27,   46000000,   19055937,        0,  -26944063,          0
 22283,    28,   46000000,   22409084,        0,  -23590916,          0
 22283,    29,   46000000,   18299601,        0,  -27700399,          0
 22283,    30,   46000000,   19426057,        0,  -26573943,          0
 22283,    31,   46000000,   18256391,        0,  -27743609,          0
 22283,    32,   46000000,   21286148,        0,  -24713852,          0
 22283,    33,   46000000,   20619097,        0,  -25380903,          0
 22283,    34,   46000000,   20256175,        0,  -25743825,          0
 22283,    35,   46000000,   18237337,        0,  -27762663,          0
 22283,    36,   46000000,   22670339,        0,  -23329661,          0
 22283,    37,   46000000,   20342408,        0,  -25657592,          0
 22283,    38,   46000000,   20258101,        0,  -25741899,          0
 22283,    39,   46000000,   18511585,        0,  -27488415,          0
 22283,    40,   46000000,   22362894,        0,  -23637106,          0
 22283,    41,   46000000,   17485592,        0,  -28514408,          0
 22283,    42,   46000000,   20314445,        0,  -25685555,          0
 22283,    43,   46000000,   18322265,        0,  -27677735,          0
 22283,    44,   46000000,   22563332,        0,  -23436668,          0
 22283,    45,   46000000,   20379810,        0,  -25620190,          0
 22283,    46,   46000000,   20286893,        0,  -25713107,          0
 22283,    47,   46000000,   20322083,        0,  -25677917,          0
 22283,    48,   46000000,   19413037,        0,  -26586963,          0
 22283,    49,   46000000,   20397228,        0,  -25602772,          0
 22283,    50,   46000000,   18867128,        0,  -27132872,          0
 22283,    51,   46000000,   20362670,        0,  -25637330,          0
 22283,    52,   46000000,   20356176,        0,  -25643824,          0
 22283,    53,   46000000,   17441522,        0,  -28558478,          0
 22283,    54,   46000000,   22374458,        0,  -23625542,          0
 22283,    55,   46000000,   17506171,        0,  -28493829,          0
 22283,    56,   46000000,   19528903,        0,  -26471097,          0
 22283,    57,   46000000,   18229722,        0,  -27770278,          0
 22283,    58,   46000000,   19531054,        0,  -26468946,          0
 22283,    59,   46000000,   18251293,        0,  -27748707,          0
 22283,    60,   46000000,   22376624,        0,  -23623376,          0
 22283,    61,   46000000,   18270615,        0,  -27729385,          0
 22283,    62,   46000000,   20248271,        0,  -25751729,          0
 22283,    63,   46000000,   17478236,        0,  -28521764,          0
 22283,    64,   46000000,   18815782,        0,  -27184218,          0
 22283,    65,   46000000,   18510512,        0,  -27489488,          0
 22283,    66,   46000000,   23411021,        0,  -22588979,          0
 22283,    67,   46000000,   20464544,        0,  -25535456,          0
 22283,    68,   46000000,   20274797,        0,  -25725203,          0
 22283,    69,   46000000,   16556764,        0,  -29443236,          0
 22283,    70,   46000000,   19598568,        0,  -26401432,          0
 22283,    71,   46000000,   20315808,        0,  -25684192,          0
 22283,    72,   46000000,   19474530,        0,  -26525470,          0
 22283,    73,   46000000,   18298511,        0,  -27701489,          0
 22283,    74,   46000000,   21056438,        0,  -24943562,          0
 22283,    75,   46000000,   17402114,        0,  -28597886,          0
 22283,    76,   46000000,   22397558,        0,  -23602442,          0
 22283,    77,   46000000,   19319725,        0,  -26680275,          0
 22283,    78,   46000000,   19494996,        0,  -26505004,          0
 22283,    79,   46000000,   18200069,        0,  -27799931,          0
 22283,    80,   46000000,   22426938,        0,  -23573062,          0
 22283,    81,   46000000,   20328482,        0,  -25671518,          0
 22283,    82,   46000000,   22376547,        0,  -23623453,          0
 22283,    83,   46000000,   20341547,        0,  -25658453,          0
 22283,    84,   46000000,   22323921,        0,  -23676079,          0
 22283,    85,   46000000,   17474914,        0,  -28525086,          0
 22283,    86,   46000000,   22401285,        0,  -23598715,          0
 22283,    87,   46000000,   20351588,        0,  -25648412,          0
 22283,    88,   46000000,   22402674,        0,  -23597326,          0
 22283,    89,   46000000,   18258106,        0,  -27741894,          0
 22283,    90,   46000000,   22566573,        0,  -23433427,          0
 22283,    91,   46000000,   20324895,        0,  -25675105,          0
 22283,    92,   46000000,   20802494,        0,  -25197506,          0
 22283,    93,   46000000,   18287898,        0,  -27712102,          0
 22283,    94,   46000000,   19089043,        0,  -26910957,          0
 22283,    95,   46000000,   20355398,        0,  -25644602,          0
 22283,    96,   46000000,   22365540,        0,  -23634460,          0
 22283,    97,   46000000,   16676781,        0,  -29323219,          0
 22283,    98,   46000000,   19301760,        0,  -26698240,          0
 22283,    99,   46000000,   16477459,        0,  -29522541,          0
 22283,   100,   46000000,   20424690,        0,  -25575310,          0
 22283,   101,   46000000,   17698719,        0,  -28301281,          0
 22283,   102,   46000000,   22439759,        0,  -23560241,          0
 22283,   103,   46000000,   18232490,        0,  -27767510,          0
 22283,   104,   46000000,   20262747,        0,  -25737253,          0
 22283,   105,   46000000,   20377266,        0,  -25622734,          0
 22283,   106,   46000000,   23170573,        0,  -22829427,          0
 22283,   107,   46000000,   19067239,        0,  -26932761,          0
 22283,   108,   46000000,   20462908,        0,  -25537092,          0
 22283,   109,   46000000,   16585116,        0,  -29414884,          0
 22283,   110,   46000000,   19455496,        0,  -26544504,          0
 22283,   111,   46000000,   18261232,        0,  -27738768,          0
 22283,   112,   46000000,   20612820,        0,  -25387180,          0
 22283,   113,   46000000,   20339795,        0,  -25660205,          0
 22283,   114,   46000000,   22324813,        0,  -23675187,          0
 22283,   115,   46000000,   20322734,        0,  -25677266,          0
 22283,   116,   46000000,   18530810,        0,  -27469190,          0
 22283,   117,   46000000,   17947315,        0,  -28052685,          0
 22283,   118,   46000000,   20414981,        0,  -25585019,          0
 22283,   119,   46000000,   17503576,        0,  -28496424,          0
 22283,   120,   46000000,   22649230,        0,  -23350770,          0
 22283,   121,   46000000,   18274759,        0,  -27725241,          0
 22283,   122,   46000000,   19525065,        0,  -26474935,          0
 22283,   123,   46000000,   20771786,        0,  -25228214,          0
 22283,   124,   46000000,   19226270,        0,  -26773730,          0
 22283,   125,   46000000,   20540419,        0,  -25459581,          0
 22283,   126,   46000000,   22407245,        0,  -23592755,          0
 22283,   127,   46000000,   20340430,        0,  -25659570,          0
 22283,   128,   46000000,   22342883,        0,  -23657117,          0
 22283,   129,   46000000,   18887678,        0,  -27112322,          0
 22283,   130,   46000000,   20163885,        0,  -25836115,          0
 22283,   131,   46000000,   16778505,        0,  -29221495,          0
 22283,   132,   46000000,   22362935,        0,  -23637065,          0
 22283,   133,   46000000,   20335657,        0,  -25664343,          0
 22283,   134,   46000000,   16629951,        0,  -29370049,          0
 22283,   135,   46000000,   20432511,        0,  -25567489,          0
 22283,   136,   46000000,   19353612,        0,  -26646388,          0
 22283,   137,   46000000,   16688441,        0,  -29311559,          0
 22283,   138,   46000000,   18638837,        0,  -27361163,          0
 22283,   139,   46000000,   20540438,        0,  -25459562,          0
 22283,   140,   46000000,   19496193,        0,  -26503807,          0
 22283,   141,   46000000,   21227566,        0,  -24772434,          0
 22283,   142,   46000000,   16724715,        0,  -29275285,          0
 22283,   143,   46000000,   17508589,        0,  -28491411,          0
 22283,   144,   46000000,   16277241,        0,  -29722759,          0
 22283,   145,   46000000,   20379439,        0,  -25620561,          0
 22283,   146,   46000000,   21006680,        0,  -24993320,          0
 22283,   147,   46000000,   20386612,        0,  -25613388,          0
 22283,   148,   46000000,   19562736,        0,  -26437264,          0
 22283,   149,   46000000,   21155907,        0,  -24844093,          0
 22283,   150,   46000000,   22304388,        0,  -23695612,          0
 22283,   151,   46000000,   20427819,        0,  -25572181,          0
 22283,   152,   46000000,   18581113,        0,  -27418887,          0
 22283,   153,   46000000,   18285055,        0,  -27714945,          0
 22283,   154,   46000000,   22438656,        0,  -23561344,          0
 22283,   155,   46000000,   18010001,        0,  -27989999,          0
 22283,   156,   46000000,   20362105,        0,  -25637895,          0
 22283,   157,   46000000,   21187213,        0,  -24812787,          0
 22283,   158,   46000000,   22323917,        0,  -23676083,          0
 22283,   159,   46000000,   18283243,        0,  -27716757,          0
 22283,   160,   46000000,   22334228,        0,  -23665772,          0
 22283,   161,   46000000,   17692161,        0,  -28307839,          0
 22283,   162,   46000000,   20274591,        0,  -25725409,          0
 22283,   163,   46000000,   17397808,        0,  -28602192,          0
 22283,   164,   46000000,   21342599,        0,  -24657401,          0
 22283,   165,   46000000,   20407664,        0,  -25592336,          0
 22283,   166,   46000000,   22314809,        0,  -23685191,          0
 22283,   167,   46000000,   20369965,        0,  -25630035,          0
 22283,   168,   46000000,   22340990,        0,  -23659010,          0
 22283,   169,   46000000,   18314085,        0,  -27685915,          0
 22283,   170,   46000000,   22346438,        0,  -23653562,          0
 22283,   171,   46000000,   18387259,        0,  -27612741,          0
 22283,   172,   46000000,   20521512,        0,  -25478488,          0
 22283,   173,   46000000,   18344632,        0,  -27655368,          0
 22283,   174,   46000000,   20413571,        0,  -25586429,          0
 22283,   175,   46000000,   20349813,        0,  -25650187,          0
 22283,   176,   46000000,   22418950,        0,  -23581050,          0
 22283,   177,   46000000,   18611884,        0,  -27388116,          0
 22283,   178,   46000000,   19463954,        0,  -26536046,          0
 22283,   179,   46000000,   17470689,        0,  -28529311,          0
 22283,   180,   46000000,   20693122,        0,  -25306878,          0
 22283,   181,   46000000,   18505028,        0,  -27494972,          0
 22283,   182,   46000000,   23152421,        0,  -22847579,          0
 22283,   183,   46000000,   20407561,        0,  -25592439,          0
 22283,   184,   46000000,   20239017,        0,  -25760983,          0
 22283,   185,   46000000,   17521025,        0,  -28478975,          0
 22283,   186,   46000000,   23131759,        0,  -22868241,          0
 22283,   187,   46000000,   20334874,        0,  -25665126,          0
 22283,   188,   46000000,   22481248,        0,  -23518752,          0
 22283,   189,   46000000,   17834643,        0,  -28165357,          0
 22283,   190,   46000000,   20635294,        0,  -25364706,          0
 22283,   191,   46000000,   20373637,        0,  -25626363,          0
 22283,   192,   46000000,   22373691,        0,  -23626309,          0
 22283,   193,   46000000,   20464128,        0,  -25535872,          0
 22283,   194,   46000000,   20025566,        0,  -25974434,          0
 22283,   195,   46000000,   20365568,        0,  -25634432,          0
 22283,   196,   46000000,   20516481,        0,  -25483519,          0
 22283,   197,   46000000,   18232850,        0,  -27767150,          0
 22283,   198,   46000000,   19500003,        0,  -26499997,          0
 22283,   199,   46000000,   20688055,        0,  -25311945,          0
 22283,   200,   46000000,   23013837,        0,  -22986163,          0
 22283,   201,   46000000,   20739684,        0,  -25260316,          0
 22283,   202,   46000000,   19273544,        0,  -26726456,          0
 22283,   203,   46000000,   20316149,        0,  -25683851,          0
 22283,   204,   46000000,   19430925,        0,  -26569075,          0
 22283,   205,   46000000,   20403099,        0,  -25596901,          0
 22283,   206,   46000000,   19454230,        0,  -26545770,          0
 22283,   207,   46000000,   20635151,        0,  -25364849,          0
 22283,   208,   46000000,   20290390,        0,  -25709610,          0
 22283,   209,   46000000,   17391411,        0,  -28608589,          0
 22283,   210,   46000000,   19565288,        0,  -26434712,          0
 22283,   211,   46000000,   19255164,        0,  -26744836,          0
 22283,   212,   46000000,   19481337,        0,  -26518663,          0
 22283,   213,   46000000,   20347118,        0,  -25652882,          0
 22283,   214,   46000000,   19463265,        0,  -26536735,          0
 22283,   215,   46000000,   17416505,        0,  -28583495,          0
 22283,   216,   46000000,   21400168,        0,  -24599832,          0
 22283,   217,   46000000,   17451977,        0,  -28548023,          0
 22283,   218,   46000000,   22546665,        0,  -23453335,          0
 22283,   219,   46000000,   18352188,        0,  -27647812,          0
 22283,   220,   46000000,   22414139,        0,  -23585861,          0
 22283,   221,   46000000,   18461861,        0,  -27538139,          0
