# Task,   Job,     Period,   Response, DL Miss?,   Lateness,  Tardiness
# task NAME=myapp PID=9120 COST=17141000 PERIOD=22000000 CPU=0
  9120,     2,   22000000,       8310,        0,  -21991690,          0
  9120,     3,   22000000,      56510,        0,  -21943490,          0
  9120,     4,   22000000,   16837936,        0,   -5162064,          0
  9120,     5,   22000000,   16825790,        0,   -5174210,          0
  9120,     6,   22000000,   16826981,        0,   -5173019,          0
  9120,     7,   22000000,   18826257,        0,   -3173743,          0
  9120,     8,   22000000,   20120930,        0,   -1879070,          0
  9120,     9,   22000000,   16780727,        0,   -5219273,          0
  9120,    10,   22000000,   29819229,        1,    7819229,    7819229
  9120,    11,   22000000,   24599641,        1,    2599641,    2599641
  9120,    12,   22000000,   19378748,        0,   -2621252,          0
  9120,    13,   22000000,   16797977,        0,   -5202023,          0
  9120,    14,   22000000,   27852676,        1,    5852676,    5852676
  9120,    15,   22000000,   23708484,        1,    1708484,    1708484
  9120,    16,   22000000,   18481549,        0,   -3518451,          0
  9120,    17,   22000000,   20182665,        0,   -1817335,          0
  9120,    18,   22000000,   16794983,        0,   -5205017,          0
  9120,    19,   22000000,   19489250,        0,   -2510750,          0
  9120,    20,   22000000,   16808346,        0,   -5191654,          0
  9120,    21,   22000000,   48184865,        1,   26184865,   26184865
  9120,    22,   22000000,   42953844,        1,   20953844,   20953844
  9120,    23,   22000000,   37743045,        1,   15743045,   15743045
  9120,    24,   22000000,   32809000,        1,   10809000,   10809000
  9120,    25,   22000000,   54991654,        1,   32991654,   32991654
  9120,    26,   22000000,   49779301,        1,   27779301,   27779301
  9120,    27,   22000000,   44545063,        1,   22545063,   22545063
  9120,    28,   22000000,   99362206,        1,   77362206,   77362206
  9120,    29,   22000000,   94128761,        1,   72128761,   72128761
  9120,    30,   22000000,   88897419,        1,   66897419,   66897419
  9120,    31,   22000000,   83676373,        1,   61676373,   61676373
  9120,    32,   22000000,   78460446,        1,   56460446,   56460446
  9120,    33,   22000000,   73241143,        1,   51241143,   51241143
  9120,    34,   22000000,   68293244,        1,   46293244,   46293244
  9120,    35,   22000000,   79739824,        1,   57739824,   57739824
  9120,    36,   22000000,   74538954,        1,   52538954,   52538954
  9120,    37,   22000000,   79906024,        1,   57906024,   57906024
  9120,    38,   22000000,   74689468,        1,   52689468,   52689468
  9120,    39,   22000000,   69479497,        1,   47479497,   47479497
  9120,    40,   22000000,   64549187,        1,   42549187,   42549187
  9120,    41,   22000000,  119338244,        1,   97338244,   97338244
  9120,    42,   22000000,  114099490,        1,   92099490,   92099490
  9120,    43,   22000000,  108919631,        1,   86919631,   86919631
  9120,    44,   22000000,  133997223,        1,  111997223,  111997223
  9120,    45,   22000000,  128769742,        1,  106769742,  106769742
  9120,    46,   22000000,  144447273,        1,  122447273,  122447273
  9120,    47,   22000000,  139224714,        1,  117224714,  117224714
  9120,    48,   22000000,  134289077,        1,  112289077,  112289077
  9120,    49,   22000000,  129059995,        1,  107059995,  107059995
  9120,    50,   22000000,  123905051,        1,  101905051,  101905051
  9120,    51,   22000000,  118677448,        1,   96677448,   96677448
  9120,    52,   22000000,  159589377,        1,  137589377,  137589377
  9120,    53,   22000000,  154868444,        1,  132868444,  132868444
  9120,    54,   22000000,  149662556,        1,  127662556,  127662556
  9120,    55,   22000000,  144465093,        1,  122465093,  122465093
  9120,    56,   22000000,  139282884,        1,  117282884,  117282884
  9120,    57,   22000000,  134043503,        1,  112043503,  112043503
  9120,    58,   22000000,  188965393,        1,  166965393,  166965393
  9120,    59,   22000000,  183752465,        1,  161752465,  161752465
  9120,    60,   22000000,  178541057,        1,  156541057,  156541057
  9120,    61,   22000000,  173324426,        1,  151324426,  151324426
  9120,    62,   22000000,  168100660,        1,  146100660,  146100660
  9120,    63,   22000000,  162860722,        1,  140860722,  140860722
  9120,    64,   22000000,  187657796,        1,  165657796,  165657796
  9120,    65,   22000000,  212455540,        1,  190455540,  190455540
  9120,    66,   22000000,  207237889,        1,  185237889,  185237889
  9120,    67,   22000000,  220965745,        1,  198965745,  198965745
  9120,    68,   22000000,  215743140,        1,  193743140,  193743140
  9120,    69,   22000000,  210519977,        1,  188519977,  188519977
  9120,    70,   22000000,  205294291,        1,  183294291,  183294291
  9120,    71,   22000000,  200178767,        1,  178178767,  178178767
  9120,    72,   22000000,  194943265,        1,  172943265,  172943265
  9120,    73,   22000000,  219644481,        1,  197644481,  197644481
  9120,    74,   22000000,  214409697,        1,  192409697,  192409697
  9120,    75,   22000000,  209174644,        1,  187174644,  187174644
  9120,    76,   22000000,  203940640,        1,  181940640,  181940640
  9120,    77,   22000000,  214700877,        1,  192700877,  192700877
  9120,    78,   22000000,  229270885,        1,  207270885,  207270885
  9120,    79,   22000000,  224179589,        1,  202179589,  202179589
  9120,    80,   22000000,  218943122,        1,  196943122,  196943122
  9120,    81,   22000000,  213718517,        1,  191718517,  191718517
  9120,    82,   22000000,  208494759,        1,  186494759,  186494759
  9120,    83,   22000000,  217841705,        1,  195841705,  195841705
  9120,    84,   22000000,  212911073,        1,  190911073,  190911073
  9120,    85,   22000000,  267719826,        1,  245719826,  245719826
  9120,    86,   22000000,  262503312,        1,  240503312,  240503312
  9120,    87,   22000000,  257268405,        1,  235268405,  235268405
  9120,    88,   22000000,  252314436,        1,  230314436,  230314436
  9120,    89,   22000000,  247094421,        1,  225094421,  225094421
  9120,    90,   22000000,  241940422,        1,  219940422,  219940422
  9120,    91,   22000000,  236720579,        1,  214720579,  214720579
  9120,    92,   22000000,  291814048,        1,  269814048,  269814048
  9120,    93,   22000000,  286609263,        1,  264609263,  264609263
  9120,    94,   22000000,  281384411,        1,  259384411,  259384411
  9120,    95,   22000000,  276157267,        1,  254157267,  254157267
  9120,    96,   22000000,  270924678,        1,  248924678,  248924678
  9120,    97,   22000000,  265778294,        1,  243778294,  243778294
  9120,    98,   22000000,  260537977,        1,  238537977,  238537977
  9120,    99,   22000000,  315326917,        1,  293326917,  293326917
  9120,   100,   22000000,  310101148,        1,  288101148,  288101148
  9120,   101,   22000000,  304881260,        1,  282881260,  282881260
  9120,   102,   22000000,  299665383,        1,  277665383,  277665383
  9120,   103,   22000000,  294722577,        1,  272722577,  272722577
  9120,   104,   22000000,  295558019,        1,  273558019,  273558019
  9120,   105,   22000000,  290900014,        1,  268900014,  268900014
  9120,   106,   22000000,  345728825,        1,  323728825,  323728825
  9120,   107,   22000000,  340787860,        1,  318787860,  318787860
  9120,   108,   22000000,  335564503,        1,  313564503,  313564503
  9120,   109,   22000000,  331425313,        1,  309425313,  309425313
  9120,   110,   22000000,  326546721,        1,  304546721,  304546721
  9120,   111,   22000000,  321317390,        1,  299317390,  299317390
  9120,   112,   22000000,  321633413,        1,  299633413,  299633413
  9120,   113,   22000000,  316426353,        1,  294426353,  294426353
  9120,   114,   22000000,  371532562,        1,  349532562,  349532562
  9120,   115,   22000000,  366311579,        1,  344311579,  344311579
  9120,   116,   22000000,  361101897,        1,  339101897,  339101897
  9120,   117,   22000000,  355881793,        1,  333881793,  333881793
  9120,   118,   22000000,  350933050,        1,  328933050,  328933050
  9120,   119,   22000000,  391577506,        1,  369577506,  369577506
  9120,   120,   22000000,  386356962,        1,  364356962,  364356962
  9120,   121,   22000000,  381124212,        1,  359124212,  359124212
  9120,   122,   22000000,  376187977,        1,  354187977,  354187977
  9120,   123,   22000000,  370967351,        1,  348967351,  348967351
  9120,   124,   22000000,  365763538,        1,  343763538,  343763538
  9120,   125,   22000000,  360555532,        1,  338555532,  338555532
  9120,   126,   22000000,  355329835,        1,  333329835,  333329835
  9120,   127,   22000000,  413825911,        1,  391825911,  391825911
  9120,   128,   22000000,  408690272,        1,  386690272,  386690272
  9120,   129,   22000000,  403477388,        1,  381477388,  381477388
  9120,   130,   22000000,  398246078,        1,  376246078,  376246078
  9120,   131,   22000000,  393027357,        1,  371027357,  371027357
  9120,   132,   22000000,  387804136,        1,  365804136,  365804136
  9120,   133,   22000000,  382869440,        1,  360869440,  360869440
  9120,   134,   22000000,  377658990,        1,  355658990,  355658990
  9120,   135,   22000000,  372452056,        1,  350452056,  350452056
  9120,   136,   22000000,  427271715,        1,  405271715,  405271715
  9120,   137,   22000000,  422329505,        1,  400329505,  400329505
  9120,   138,   22000000,  417098182,        1,  395098182,  395098182
  9120,   139,   22000000,  411872056,        1,  389872056,  389872056
  9120,   140,   22000000,  406652328,        1,  384652328,  384652328
  9120,   141,   22000000,  461512070,        1,  439512070,  439512070
  9120,   142,   22000000,  456299826,        1,  434299826,  434299826
  9120,   143,   22000000,  451098976,        1,  429098976,  429098976
  9120,   144,   22000000,  445890637,        1,  423890637,  423890637
  9120,   145,   22000000,  470696757,        1,  448696757,  448696757
  9120,   146,   22000000,  465480295,        1,  443480295,  443480295
  9120,   147,   22000000,  460544121,        1,  438544121,  438544121
  9120,   148,   22000000,  455316667,        1,  433316667,  433316667
  9120,   149,   22000000,  450103364,        1,  428103364,  428103364
  9120,   150,   22000000,  474901122,        1,  452901122,  452901122
  9120,   151,   22000000,  469697480,        1,  447697480,  447697480
  9120,   152,   22000000,  473939803,        1,  451939803,  451939803
  9120,   153,   22000000,  498694739,        1,  476694739,  476694739
  9120,   154,   22000000,  493467214,        1,  471467214,  471467214
  9120,   155,   22000000,  488234537,        1,  466234537,  466234537
  9120,   156,   22000000,  482997869,        1,  460997869,  460997869
  9120,   157,   22000000,  507296623,        1,  485296623,  485296623
  9120,   158,   22000000,  502068483,        1,  480068483,  480068483
  9120,   159,   22000000,  496847403,        1,  474847403,  474847403
  9120,   160,   22000000,  501964540,        1,  479964540,  479964540
# task NAME=myapp PID=9123 COST=62456000 PERIOD=80000000 CPU=0
  9123,     2,   80000000,       8763,        0,  -79991237,          0
  9123,     3,   80000000,     140532,        0,  -79859468,          0
  9123,     4,   80000000,   99251475,        1,   19251475,   19251475
  9123,     5,   80000000,   97380515,        1,   17380515,   17380515
  9123,     6,   80000000,  132627062,        1,   52627062,   52627062
  9123,     7,   80000000,  113724602,        1,   33724602,   33724602
  9123,     8,   80000000,  125120392,        1,   45120392,   45120392
  9123,     9,   80000000,  166552063,        1,   86552063,   86552063
  9123,    10,   80000000,  147673472,        1,   67673472,   67673472
  9123,    11,   80000000,  188836162,        1,  108836162,  108836162
  9123,    12,   80000000,  170297051,        1,   90297051,   90297051
  9123,    13,   80000000,  211774976,        1,  131774976,  131774976
  9123,    14,   80000000,  253199408,        1,  173199408,  173199408
  9123,    15,   80000000,  259770362,        1,  179770362,  179770362
  9123,    16,   80000000,  241235632,        1,  161235632,  161235632
  9123,    17,   80000000,  282736495,        1,  202736495,  202736495
  9123,    18,   80000000,  294157043,        1,  214157043,  214157043
  9123,    19,   80000000,  307540320,        1,  227540320,  227540320
  9123,    20,   80000000,  317766246,        1,  237766246,  237766246
  9123,    21,   80000000,  326335415,        1,  246335415,  246335415
  9123,    22,   80000000,  337465737,        1,  257465737,  257465737
  9123,    23,   80000000,  319167918,        1,  239167918,  239167918
  9123,    24,   80000000,  360302051,        1,  280302051,  280302051
  9123,    25,   80000000,  402043342,        1,  322043342,  322043342
  9123,    26,   80000000,  383349558,        1,  303349558,  303349558
  9123,    27,   80000000,  372548220,        1,  292548220,  292548220
  9123,    28,   80000000,  414331468,        1,  334331468,  334331468
  9123,    29,   80000000,  422195619,        1,  342195619,  342195619
  9123,    30,   80000000,  432576884,        1,  352576884,  352576884
  9123,    31,   80000000,  474277732,        1,  394277732,  394277732
  9123,    32,   80000000,  485703139,        1,  405703139,  405703139
  9123,    33,   80000000,  467099043,        1,  387099043,  387099043
  9123,    34,   80000000,  482078004,        1,  402078004,  402078004
  9123,    35,   80000000,  506925281,        1,  426925281,  426925281
  9123,    36,   80000000,  488297034,        1,  408297034,  408297034
  9123,    37,   80000000,  529797394,        1,  449797394,  449797394
  9123,    38,   80000000,  510905044,        1,  430905044,  430905044
  9123,    39,   80000000,  552048643,        1,  472048643,  472048643
  9123,    40,   80000000,  533423282,        1,  453423282,  453423282
  9123,    41,   80000000,  574587845,        1,  494587845,  494587845
  9123,    42,   80000000,  602175315,        1,  522175315,  522175315
  9123,    43,   80000000,  583619883,        1,  503619883,  503619883
  9123,    44,   80000000,  598142159,        1,  518142159,  518142159
  9123,    45,   80000000,  579754295,        1,  499754295,  499754295
  9123,    46,   80000000,  621057723,        1,  541057723,  541057723
  9123,    47,   80000000,  618488809,        1,  538488809,  538488809
  9123,    48,   80000000,  659994354,        1,  579994354,  579994354
  9123,    49,   80000000,  641145115,        1,  561145115,  561145115
  9123,    50,   80000000,  682264745,        1,  602264745,  602264745
  9123,    51,   80000000,  695159632,        1,  615159632,  615159632
  9123,    52,   80000000,  696835215,        1,  616835215,  616835215
  9123,    53,   80000000,  737974666,        1,  657974666,  657974666
  9123,    54,   80000000,  719345965,        1,  639345965,  639345965
  9123,    55,   80000000,  760512435,        1,  680512435,  680512435
  9123,    56,   80000000,  741622124,        1,  661622124,  661622124
  9123,    57,   80000000,  734256379,        1,  654256379,  654256379
  9123,    58,   80000000,  775754138,        1,  695754138,  695754138
  9123,    59,   80000000,  817159537,        1,  737159537,  737159537
  9123,    60,   80000000,  798284841,        1,  718284841,  718284841
  9123,    61,   80000000,  808864042,        1,  728864042,  728864042
  9123,    62,   80000000,  850664009,        1,  770664009,  770664009
  9123,    63,   80000000,  832052277,        1,  752052277,  752052277
  9123,    64,   80000000,  873474928,        1,  793474928,  793474928
  9123,    65,   80000000,  875300225,        1,  795300225,  795300225
  9123,    66,   80000000,  865614495,        1,  785614495,  785614495
  9123,    67,   80000000,  907516094,        1,  827516094,  827516094
  9123,    68,   80000000,  888625251,        1,  808625251,  808625251
  9123,    69,   80000000,  930072701,        1,  850072701,  850072701
  9123,    70,   80000000,  911484708,        1,  831484708,  831484708
  9123,    71,   80000000,  939247829,        1,  859247829,  859247829
  9123,    72,   80000000,  980545148,        1,  900545148,  900545148
  9123,    73,   80000000,  991664457,        1,  911664457,  911664457
  9123,    74,   80000000,  973068320,        1,  893068320,  893068320
  9123,    75,   80000000, 1001201678,        1,  921201678,  921201678
  9123,    76,   80000000,  982405770,        1,  902405770,  902405770
  9123,    77,   80000000,  964386253,        1,  884386253,  884386253
  9123,    78,   80000000, 1005822509,        1,  925822509,  925822509
  9123,    79,   80000000, 1046389073,        1,  966389073,  966389073
  9123,    80,   80000000, 1027630135,        1,  947630135,  947630135
  9123,    81,   80000000, 1069534106,        1,  989534106,  989534106
  9123,    82,   80000000, 1059108255,        1,  979108255,  979108255
  9123,    83,   80000000, 1100974486,        1, 1020974486, 1020974486
  9123,    84,   80000000, 1082065906,        1, 1002065906, 1002065906
  9123,    85,   80000000, 1123233939,        1, 1043233939, 1043233939
  9123,    86,   80000000, 1134629561,        1, 1054629561, 1054629561
  9123,    87,   80000000, 1115705604,        1, 1035705604, 1035705604
  9123,    88,   80000000, 1127799550,        1, 1047799550, 1047799550
  9123,    89,   80000000, 1139197526,        1, 1059197526, 1059197526
  9123,    90,   80000000, 1150321239,        1, 1070321239, 1070321239
  9123,    91,   80000000, 1131805427,        1, 1051805427, 1051805427
  9123,    92,   80000000, 1173204935,        1, 1093204935, 1093204935
  9123,    93,   80000000, 1214341522,        1, 1134341522, 1134341522
  9123,    94,   80000000, 1195546642,        1, 1115546642, 1115546642
  9123,    95,   80000000, 1241619078,        1, 1161619078, 1161619078
  9123,    96,   80000000, 1223010129,        1, 1143010129, 1143010129
  9123,    97,   80000000, 1216679630,        1, 1136679630, 1136679630
  9123,    98,   80000000, 1258072118,        1, 1178072118, 1178072118
  9123,    99,   80000000, 1239478452,        1, 1159478452, 1159478452
  9123,   100,   80000000, 1280909482,        1, 1200909482, 1200909482
  9123,   101,   80000000, 1262037937,        1, 1182037937, 1182037937
  9123,   102,   80000000, 1303242834,        1, 1223242834, 1223242834
  9123,   103,   80000000, 1284672084,        1, 1204672084, 1204672084
  9123,   104,   80000000, 1326096056,        1, 1246096056, 1246096056
  9123,   105,   80000000, 1367384213,        1, 1287384213, 1287384213
  9123,   106,   80000000, 1348488862,        1, 1268488862, 1268488862
  9123,   107,   80000000, 1359969423,        1, 1279969423, 1279969423
  9123,   108,   80000000, 1401128015,        1, 1321128015, 1321128015
  9123,   109,   80000000, 1382416466,        1, 1302416466, 1302416466
  9123,   110,   80000000, 1393872814,        1, 1313872814, 1313872814
  9123,   111,   80000000, 1405040464,        1, 1325040464, 1325040464
  9123,   112,   80000000, 1445715942,        1, 1365715942, 1365715942
  9123,   113,   80000000, 1426846042,        1, 1346846042, 1346846042
  9123,   114,   80000000, 1408241819,        1, 1328241819, 1328241819
  9123,   115,   80000000, 1389441059,        1, 1309441059, 1309441059
  9123,   116,   80000000, 1370811216,        1, 1290811216, 1290811216
  9123,   117,   80000000, 1351900356,        1, 1271900356, 1271900356
  9123,   118,   80000000, 1333274019,        1, 1253274019, 1253274019
  9123,   119,   80000000, 1314369370,        1, 1234369370, 1234369370
  9123,   120,   80000000, 1295739729,        1, 1215739729, 1215739729
  9123,   121,   80000000, 1276841726,        1, 1196841726, 1196841726
  9123,   122,   80000000, 1258204333,        1, 1178204333, 1178204333
  9123,   123,   80000000, 1239275185,        1, 1159275185, 1159275185
  9123,   124,   80000000, 1220617291,        1, 1140617291, 1140617291
  9123,   125,   80000000, 1201696888,        1, 1121696888, 1121696888
  9123,   126,   80000000, 1183035949,        1, 1103035949, 1103035949
  9123,   127,   80000000, 1164125151,        1, 1084125151, 1084125151
  9123,   128,   80000000, 1145465745,        1, 1065465745, 1065465745
  9123,   129,   80000000, 1126613392,        1, 1046613392, 1046613392
# task NAME=myapp PID=9128 COST=17894000 PERIOD=24000000 CPU=0
  9128,     2,   24000000,       8640,        0,  -23991360,          0
  9128,     3,   24000000,     162406,        0,  -23837594,          0
  9128,     4,   24000000,   17534422,        0,   -6465578,          0
  9128,     5,   24000000,   17547595,        0,   -6452405,          0
  9128,     6,   24000000,   17543419,        0,   -6456581,          0
  9128,     7,   24000000,   17853755,        0,   -6146245,          0
  9128,     8,   24000000,   27655072,        1,    3655072,    3655072
  9128,     9,   24000000,   21246988,        0,   -2753012,          0
  9128,    10,   24000000,   17822483,        0,   -6177517,          0
  9128,    11,   24000000,   17539018,        0,   -6460982,          0
  9128,    12,   24000000,   17543908,        0,   -6456092,          0
  9128,    13,   24000000,   17942342,        0,   -6057658,          0
  9128,    14,   24000000,   17580360,        0,   -6419640,          0
  9128,    15,   24000000,   18263434,        0,   -5736566,          0
  9128,    16,   24000000,   17532837,        0,   -6467163,          0
  9128,    17,   24000000,   18398359,        0,   -5601641,          0
  9128,    18,   24000000,   17845188,        0,   -6154812,          0
  9128,    19,   24000000,   17571252,        0,   -6428748,          0
  9128,    20,   24000000,   31516405,        1,    7516405,    7516405
  9128,    21,   24000000,   25040014,        1,    1040014,    1040014
  9128,    22,   24000000,   18572324,        0,   -5427676,          0
  9128,    23,   24000000,   18178314,        0,   -5821686,          0
  9128,    24,   24000000,   25927446,        1,    1927446,    1927446
  9128,    25,   24000000,   19480399,        0,   -4519601,          0
  9128,    26,   24000000,   17548811,        0,   -6451189,          0
  9128,    27,   24000000,   17556279,        0,   -6443721,          0
  9128,    28,   24000000,   17856222,        0,   -6143778,          0
  9128,    29,   24000000,   23129491,        0,    -870509,          0
  9128,    30,   24000000,   17519914,        0,   -6480086,          0
  9128,    31,   24000000,   17563732,        0,   -6436268,          0
  9128,    32,   24000000,   17727157,        0,   -6272843,          0
  9128,    33,   24000000,   17579188,        0,   -6420812,          0
  9128,    34,   24000000,   17547511,        0,   -6452489,          0
  9128,    35,   24000000,   31105797,        1,    7105797,    7105797
  9128,    36,   24000000,   24610371,        1,     610371,     610371
  9128,    37,   24000000,   18124678,        0,   -5875322,          0
  9128,    38,   24000000,   17557696,        0,   -6442304,          0
  9128,    39,   24000000,   17832175,        0,   -6167825,          0
  9128,    40,   24000000,   17557070,        0,   -6442930,          0
  9128,    41,   24000000,   17528861,        0,   -6471139,          0
  9128,    42,   24000000,   57860200,        1,   33860200,   33860200
  9128,    43,   24000000,   63666201,        1,   39666201,   39666201
  9128,    44,   24000000,   57174939,        1,   33174939,   33174939
  9128,    45,   24000000,   50713700,        1,   26713700,   26713700
  9128,    46,   24000000,   44230978,        1,   20230978,   20230978
  9128,    47,   24000000,   37723298,        1,   13723298,   13723298
  9128,    48,   24000000,   61256336,        1,   37256336,   37256336
  9128,    49,   24000000,   54844575,        1,   30844575,   30844575
  9128,    50,   24000000,   48357697,        1,   24357697,   24357697
  9128,    51,   24000000,   71900212,        1,   47900212,   47900212
  9128,    52,   24000000,   65699050,        1,   41699050,   41699050
  9128,    53,   24000000,   59224937,        1,   35224937,   35224937
  9128,    54,   24000000,   52744183,        1,   28744183,   28744183
  9128,    55,   24000000,   46299654,        1,   22299654,   22299654
  9128,    56,   24000000,  100139848,        1,   76139848,   76139848
  9128,    57,   24000000,   93660649,        1,   69660649,   69660649
  9128,    58,   24000000,   94324091,        1,   70324091,   70324091
  9128,    59,   24000000,   87839555,        1,   63839555,   63839555
  9128,    60,   24000000,   81358980,        1,   57358980,   57358980
  9128,    61,   24000000,   97761027,        1,   73761027,   73761027
  9128,    62,   24000000,   91556862,        1,   67556862,   67556862
  9128,    63,   24000000,   85076251,        1,   61076251,   61076251
  9128,    64,   24000000,   78595612,        1,   54595612,   54595612
  9128,    65,   24000000,  102254237,        1,   78254237,   78254237
  9128,    66,   24000000,  125992957,        1,  101992957,  101992957
  9128,    67,   24000000,  119521532,        1,   95521532,   95521532
  9128,    68,   24000000,  141397749,        1,  117397749,  117397749
  9128,    69,   24000000,  134907555,        1,  110907555,  110907555
  9128,    70,   24000000,  128424217,        1,  104424217,  104424217
  9128,    71,   24000000,  122216101,        1,   98216101,   98216101
  9128,    72,   24000000,  115743998,        1,   91743998,   91743998
  9128,    73,   24000000,  109258479,        1,   85258479,   85258479
  9128,    74,   24000000,  102766976,        1,   78766976,   78766976
  9128,    75,   24000000,  105652408,        1,   81652408,   81652408
  9128,    76,   24000000,   99455039,        1,   75455039,   75455039
  9128,    77,   24000000,   93242191,        1,   69242191,   69242191
  9128,    78,   24000000,  146776016,        1,  122776016,  122776016
  9128,    79,   24000000,  140286654,        1,  116286654,  116286654
  9128,    80,   24000000,  133792312,        1,  109792312,  109792312
  9128,    81,   24000000,  127608901,        1,  103608901,  103608901
  9128,    82,   24000000,  121121618,        1,   97121618,   97121618
  9128,    83,   24000000,  115798109,        1,   91798109,   91798109
  9128,    84,   24000000,  124899357,        1,  100899357,  100899357
  9128,    85,   24000000,  178839844,        1,  154839844,  154839844
  9128,    86,   24000000,  172442304,        1,  148442304,  148442304
  9128,    87,   24000000,  165956839,        1,  141956839,  141956839
  9128,    88,   24000000,  159470861,        1,  135470861,  135470861
  9128,    89,   24000000,  152967021,        1,  128967021,  128967021
  9128,    90,   24000000,  146472302,        1,  122472302,  122472302
  9128,    91,   24000000,  140283235,        1,  116283235,  116283235
  9128,    92,   24000000,  133810613,        1,  109810613,  109810613
  9128,    93,   24000000,  127323621,        1,  103323621,  103323621
  9128,    94,   24000000,  180868875,        1,  156868875,  156868875
  9128,    95,   24000000,  174657769,        1,  150657769,  150657769
  9128,    96,   24000000,  168190476,        1,  144190476,  144190476
  9128,    97,   24000000,  191718107,        1,  167718107,  167718107
  9128,    98,   24000000,  185248575,        1,  161248575,  161248575
  9128,    99,   24000000,  178761745,        1,  154761745,  154761745
  9128,   100,   24000000,  172565609,        1,  148565609,  148565609
  9128,   101,   24000000,  166081389,        1,  142081389,  142081389
  9128,   102,   24000000,  219601006,        1,  195601006,  195601006
  9128,   103,   24000000,  213126534,        1,  189126534,  189126534
  9128,   104,   24000000,  206913177,        1,  182913177,  182913177
  9128,   105,   24000000,  200432925,        1,  176432925,  176432925
  9128,   106,   24000000,  194292588,        1,  170292588,  170292588
  9128,   107,   24000000,  188169457,        1,  164169457,  164169457
  9128,   108,   24000000,  181940110,        1,  157940110,  157940110
  9128,   109,   24000000,  175703741,        1,  151703741,  151703741
  9128,   110,   24000000,  169243492,        1,  145243492,  145243492
  9128,   111,   24000000,  223085238,        1,  199085238,  199085238
  9128,   112,   24000000,  216595990,        1,  192595990,  192595990
  9128,   113,   24000000,  210123988,        1,  186123988,  186123988
  9128,   114,   24000000,  203913333,        1,  179913333,  179913333
  9128,   115,   24000000,  197416888,        1,  173416888,  173416888
  9128,   116,   24000000,  220994497,        1,  196994497,  196994497
  9128,   117,   24000000,  214511979,        1,  190511979,  190511979
  9128,   118,   24000000,  238333301,        1,  214333301,  214333301
  9128,   119,   24000000,  231857307,        1,  207857307,  207857307
  9128,   120,   24000000,  225383005,        1,  201383005,  201383005
  9128,   121,   24000000,  218896715,        1,  194896715,  194896715
  9128,   122,   24000000,  212407732,        1,  188407732,  188407732
  9128,   123,   24000000,  235905967,        1,  211905967,  211905967
  9128,   124,   24000000,  229694587,        1,  205694587,  205694587
  9128,   125,   24000000,  223289838,        1,  199289838,  199289838
  9128,   126,   24000000,  246839979,        1,  222839979,  222839979
  9128,   127,   24000000,  240353169,        1,  216353169,  216353169
  9128,   128,   24000000,  263877547,        1,  239877547,  239877547
  9128,   129,   24000000,  257415738,        1,  233415738,  233415738
  9128,   130,   24000000,  250924616,        1,  226924616,  226924616
  9128,   131,   24000000,  244426528,        1,  220426528,  220426528
  9128,   132,   24000000,  237929381,        1,  213929381,  213929381
  9128,   133,   24000000,  231455408,        1,  207455408,  207455408
  9128,   134,   24000000,  225259084,        1,  201259084,  201259084
  9128,   135,   24000000,  278843976,        1,  254843976,  254843976
  9128,   136,   24000000,  272352860,        1,  248352860,  248352860
  9128,   137,   24000000,  265867466,        1,  241867466,  241867466
  9128,   138,   24000000,  259661360,        1,  235661360,  235661360
  9128,   139,   24000000,  253172778,        1,  229172778,  229172778
  9128,   140,   24000000,  246692536,        1,  222692536,  222692536
  9128,   141,   24000000,  240218069,        1,  216218069,  216218069
  9128,   142,   24000000,  294033033,        1,  270033033,  270033033
  9128,   143,   24000000,  287539233,        1,  263539233,  263539233
  9128,   144,   24000000,  281051334,        1,  257051334,  257051334
  9128,   145,   24000000,  304582001,        1,  280582001,  280582001
  9128,   146,   24000000,  298104672,        1,  274104672,  274104672
  9128,   147,   24000000,  291898191,        1,  267898191,  267898191
  9128,   148,   24000000,  285410237,        1,  261410237,  261410237
  9128,   149,   24000000,  278914113,        1,  254914113,  254914113
  9128,   150,   24000000,  302500837,        1,  278500837,  278500837
  9128,   151,   24000000,  296015254,        1,  272015254,  272015254
  9128,   152,   24000000,  305830387,        1,  281830387,  281830387
  9128,   153,   24000000,  329457970,        1,  305457970,  305457970
  9128,   154,   24000000,  322961407,        1,  298961407,  298961407
  9128,   155,   24000000,  316462346,        1,  292462346,  292462346
  9128,   156,   24000000,  309970695,        1,  285970695,  285970695
  9128,   157,   24000000,  303758116,        1,  279758116,  279758116
  9128,   158,   24000000,  327280016,        1,  303280016,  303280016
  9128,   159,   24000000,  320781823,        1,  296781823,  296781823
  9128,   160,   24000000,  314290522,        1,  290290522,  290290522
  9128,   161,   24000000,  307800371,        1,  283800371,  283800371
  9128,   162,   24000000,  301584105,        1,  277584105,  277584105
  9128,   163,   24000000,  355137791,        1,  331137791,  331137791
  9128,   164,   24000000,  348646210,        1,  324646210,  324646210
  9128,   165,   24000000,  342164585,        1,  318164585,  318164585
  9128,   166,   24000000,  347824410,        1,  323824410,  323824410
  9128,   167,   24000000,  341713655,        1,  317713655,  317713655
  9128,   168,   24000000,  340383287,        1,  316383287,  316383287
  9128,   169,   24000000,  333904297,        1,  309904297,  309904297
  9128,   170,   24000000,  327418973,        1,  303418973,  303418973
  9128,   171,   24000000,  320940355,        1,  296940355,  296940355
  9128,   172,   24000000,  374511871,        1,  350511871,  350511871
  9128,   173,   24000000,  368040741,        1,  344040741,  344040741
  9128,   174,   24000000,  391840905,        1,  367840905,  367840905
  9128,   175,   24000000,  385361908,        1,  361361908,  361361908
  9128,   176,   24000000,  378873739,        1,  354873739,  354873739
  9128,   177,   24000000,  372389665,        1,  348389665,  348389665
  9128,   178,   24000000,  365902928,        1,  341902928,  341902928
  9128,   179,   24000000,  359423738,        1,  335423738,  335423738
  9128,   180,   24000000,  352925888,        1,  328925888,  328925888
  9128,   181,   24000000,  376860354,        1,  352860354,  352860354
  9128,   182,   24000000,  370384612,        1,  346384612,  346384612
  9128,   183,   24000000,  363895411,        1,  339895411,  339895411
  9128,   184,   24000000,  387030981,        1,  363030981,  363030981
  9128,   185,   24000000,  380811866,        1,  356811866,  356811866
  9128,   186,   24000000,  374339535,        1,  350339535,  350339535
  9128,   187,   24000000,  367835895,        1,  343835895,  343835895
  9128,   188,   24000000,  361364530,        1,  337364530,  337364530
  9128,   189,   24000000,  414913405,        1,  390913405,  390913405
  9128,   190,   24000000,  408435921,        1,  384435921,  384435921
  9128,   191,   24000000,  401944129,        1,  377944129,  377944129
  9128,   192,   24000000,  395448432,        1,  371448432,  371448432
  9128,   193,   24000000,  389270466,        1,  365270466,  365270466
  9128,   194,   24000000,  382995745,        1,  358995745,  358995745
  9128,   195,   24000000,  376503279,        1,  352503279,  352503279
  9128,   196,   24000000,  430334005,        1,  406334005,  406334005
  9128,   197,   24000000,  423837420,        1,  399837420,  399837420
  9128,   198,   24000000,  417337794,        1,  393337794,  393337794
  9128,   199,   24000000,  410835850,        1,  386835850,  386835850
  9128,   200,   24000000,  404622661,        1,  380622661,  380622661
  9128,   201,   24000000,  458166998,        1,  434166998,  434166998
  9128,   202,   24000000,  451666412,        1,  427666412,  427666412
  9128,   203,   24000000,  445454003,        1,  421454003,  421454003
  9128,   204,   24000000,  438962214,        1,  414962214,  414962214
  9128,   205,   24000000,  447073287,        1,  423073287,  423073287
  9128,   206,   24000000,  440596252,        1,  416596252,  416596252
  9128,   207,   24000000,  434293617,        1,  410293617,  410293617
  9128,   208,   24000000,  428287874,        1,  404287874,  404287874
  9128,   209,   24000000,  422964680,        1,  398964680,  398964680
  9128,   210,   24000000,  416485464,        1,  392485464,  392485464
  9128,   211,   24000000,  425871021,        1,  401871021,  401871021
  9128,   212,   24000000,  419808485,        1,  395808485,  395808485
  9128,   213,   24000000,  479196199,        1,  455196199,  455196199
  9128,   214,   24000000,  472731067,        1,  448731067,  448731067
  9128,   215,   24000000,  466237437,        1,  442237437,  442237437
  9128,   216,   24000000,  459736622,        1,  435736622,  435736622
  9128,   217,   24000000,  453249401,        1,  429249401,  429249401
  9128,   218,   24000000,  447060819,        1,  423060819,  423060819
  9128,   219,   24000000,  441235095,        1,  417235095,  417235095
  9128,   220,   24000000,  494830027,        1,  470830027,  470830027
  9128,   221,   24000000,  488340254,        1,  464340254,  464340254
  9128,   222,   24000000,  481848595,        1,  457848595,  457848595
  9128,   223,   24000000,  475761430,        1,  451761430,  451761430
  9128,   224,   24000000,  469267389,        1,  445267389,  445267389
  9128,   225,   24000000,  476608143,        1,  452608143,  452608143
  9128,   226,   24000000,  471228573,        1,  447228573,  447228573
  9128,   227,   24000000,  476580742,        1,  452580742,  452580742
  9128,   228,   24000000,  470576070,        1,  446576070,  446576070
  9128,   229,   24000000,  464088680,        1,  440088680,  440088680
  9128,   230,   24000000,  517622896,        1,  493622896,  493622896
  9128,   231,   24000000,  511145517,        1,  487145517,  487145517
  9128,   232,   24000000,  504923441,        1,  480923441,  480923441
  9128,   233,   24000000,  498430188,        1,  474430188,  474430188
  9128,   234,   24000000,  491925153,        1,  467925153,  467925153
  9128,   235,   24000000,  485432708,        1,  461432708,  461432708
  9128,   236,   24000000,  478931772,        1,  454931772,  454931772
  9128,   237,   24000000,  532475715,        1,  508475715,  508475715
  9128,   238,   24000000,  526161883,        1,  502161883,  502161883
  9128,   239,   24000000,  519660458,        1,  495660458,  495660458
  9128,   243,   24000000,  516449449,        1,  492449449,  492449449
  9128,   244,   24000000,  509954901,        1,  485954901,  485954901
  9128,   245,   24000000,  503462519,        1,  479462519,  479462519
  9128,   246,   24000000,  496967965,        1,  472967965,  472967965
  9128,   247,   24000000,  550506431,        1,  526506431,  526506431
  9128,   248,   24000000,  544015271,        1,  520015271,  520015271
  9128,   249,   24000000,  537516088,        1,  513516088,  513516088
  9128,   256,   24000000,  552662993,        1,  528662993,  528662993
# task NAME=myapp PID=9132 COST=46800000 PERIOD=85000000 CPU=0
  9132,     2,   85000000,       7684,        0,  -84992316,          0
  9132,     3,   85000000,      81527,        0,  -84918473,          0
  9132,     4,   85000000,   46207145,        0,  -38792855,          0
  9132,     5,   85000000,   45909333,        0,  -39090667,          0
  9132,     6,   85000000,   47903978,        0,  -37096022,          0
  9132,     7,   85000000,   48788102,        0,  -36211898,          0
  9132,     8,   85000000,   55318118,        0,  -29681882,          0
  9132,     9,   85000000,   51408805,        0,  -33591195,          0
  9132,    10,   85000000,   46077030,        0,  -38922970,          0
  9132,    11,   85000000,   45889086,        0,  -39110914,          0
  9132,    12,   85000000,   61672863,        0,  -23327137,          0
  9132,    13,   85000000,   46179017,        0,  -38820983,          0
  9132,    14,   85000000,  118193190,        1,   33193190,   33193190
  9132,    15,   85000000,  104437771,        1,   19437771,   19437771
  9132,    16,   85000000,   65328088,        0,  -19671912,          0
  9132,    17,   85000000,   45863425,        0,  -39136575,          0
  9132,    18,   85000000,   45917553,        0,  -39082447,          0
  9132,    19,   85000000,   84715370,        0,    -284630,          0
  9132,    20,   85000000,   74814477,        0,  -10185523,          0
  9132,    21,   85000000,   45876283,        0,  -39123717,          0
  9132,    22,   85000000,   46137898,        0,  -38862102,          0
  9132,    23,   85000000,   46199386,        0,  -38800614,          0
  9132,    24,   85000000,   45891091,        0,  -39108909,          0
  9132,    25,   85000000,   51022886,        0,  -33977114,          0
  9132,    26,   85000000,   46163583,        0,  -38836417,          0
  9132,    27,   85000000,   45898067,        0,  -39101933,          0
  9132,    28,   85000000,   45976382,        0,  -39023618,          0
  9132,    29,   85000000,   46216535,        0,  -38783465,          0
  9132,    30,   85000000,   45854850,        0,  -39145150,          0
  9132,    31,   85000000,   46583387,        0,  -38416613,          0
  9132,    32,   85000000,   46171462,        0,  -38828538,          0
  9132,    33,   85000000,   45980487,        0,  -39019513,          0
  9132,    34,   85000000,   45823505,        0,  -39176495,          0
  9132,    35,   85000000,   46172061,        0,  -38827939,          0
  9132,    36,   85000000,   45889217,        0,  -39110783,          0
  9132,    37,   85000000,   51189598,        0,  -33810402,          0
  9132,    38,   85000000,   46135613,        0,  -38864387,          0
  9132,    39,   85000000,   45892862,        0,  -39107138,          0
  9132,    40,   85000000,   60733781,        0,  -24266219,          0
  9132,    41,   85000000,   46283896,        0,  -38716104,          0
  9132,    42,   85000000,   45904051,        0,  -39095949,          0
  9132,    43,   85000000,   45861854,        0,  -39138146,          0
  9132,    44,   85000000,   55355122,        0,  -29644878,          0
  9132,    45,   85000000,   62670353,        0,  -22329647,          0
  9132,    46,   85000000,   94739618,        1,    9739618,    9739618
  9132,    47,   85000000,   55519702,        0,  -29480298,          0
  9132,    48,   85000000,   46621595,        0,  -38378405,          0
  9132,    49,   85000000,   45873582,        0,  -39126418,          0
  9132,    50,   85000000,   51939828,        0,  -33060172,          0
  9132,    51,   85000000,   56504809,        0,  -28495191,          0
  9132,    52,   85000000,   59846180,        0,  -25153820,          0
  9132,    53,   85000000,   45849790,        0,  -39150210,          0
  9132,    54,   85000000,   46124854,        0,  -38875146,          0
  9132,    55,   85000000,   45853853,        0,  -39146147,          0
  9132,    56,   85000000,   45857343,        0,  -39142657,          0
  9132,    57,   85000000,   54294338,        0,  -30705662,          0
  9132,    58,   85000000,   45845997,        0,  -39154003,          0
  9132,    59,   85000000,   45842667,        0,  -39157333,          0
  9132,    60,   85000000,   46137991,        0,  -38862009,          0
  9132,    61,   85000000,   45892364,        0,  -39107636,          0
  9132,    62,   85000000,   45851502,        0,  -39148498,          0
  9132,    63,   85000000,   46173661,        0,  -38826339,          0
  9132,    64,   85000000,   45848181,        0,  -39151819,          0
  9132,    65,   85000000,   45846497,        0,  -39153503,          0
  9132,    66,   85000000,   46140009,        0,  -38859991,          0
  9132,    67,   85000000,   45915743,        0,  -39084257,          0
  9132,    68,   85000000,   56588896,        0,  -28411104,          0
  9132,    69,   85000000,   46201293,        0,  -38798707,          0
  9132,    70,   85000000,   45887743,        0,  -39112257,          0
  9132,    71,   85000000,   45864501,        0,  -39135499,          0
  9132,    72,   85000000,   46174320,        0,  -38825680,          0
  9132,    73,   85000000,   46177914,        0,  -38822086,          0
  9132,    74,   85000000,   56699866,        0,  -28300134,          0
  9132,    75,   85000000,   45962580,        0,  -39037420,          0
  9132,    76,   85000000,   46265210,        0,  -38734790,          0
  9132,    77,   85000000,   45911470,        0,  -39088530,          0
  9132,    78,   85000000,   72984959,        0,  -12015041,          0
  9132,    79,   85000000,   46182097,        0,  -38817903,          0
  9132,    80,   85000000,   56926049,        0,  -28073951,          0
  9132,    81,   85000000,   45906272,        0,  -39093728,          0
  9132,    82,   85000000,   46136339,        0,  -38863661,          0
  9132,    83,   85000000,   45909322,        0,  -39090678,          0
  9132,    84,   85000000,   45836222,        0,  -39163778,          0
  9132,    85,   85000000,   76192047,        0,   -8807953,          0
  9132,    86,   85000000,   45875124,        0,  -39124876,          0
  9132,    87,   85000000,   45985204,        0,  -39014796,          0
  9132,    88,   85000000,   46165388,        0,  -38834612,          0
  9132,    89,   85000000,   64393886,        0,  -20606114,          0
  9132,    90,   85000000,   45954499,        0,  -39045501,          0
  9132,    91,   85000000,   46165708,        0,  -38834292,          0
  9132,    92,   85000000,   45911544,        0,  -39088456,          0
  9132,    93,   85000000,   63064454,        0,  -21935546,          0
  9132,    94,   85000000,   76195279,        0,   -8804721,          0
  9132,    95,   85000000,  100478102,        1,   15478102,   15478102
  9132,    96,   85000000,   64161765,        0,  -20838235,          0
  9132,    97,   85000000,   52021832,        0,  -32978168,          0
  9132,    98,   85000000,   62217559,        0,  -22782441,          0
  9132,    99,   85000000,   45858026,        0,  -39141974,          0
  9132,   100,   85000000,   45866115,        0,  -39133885,          0
  9132,   101,   85000000,   68395999,        0,  -16604001,          0
  9132,   102,   85000000,   45898365,        0,  -39101635,          0
  9132,   103,   85000000,   45910669,        0,  -39089331,          0
  9132,   104,   85000000,   46143960,        0,  -38856040,          0
  9132,   105,   85000000,   45851405,        0,  -39148595,          0
  9132,   106,   85000000,   45865791,        0,  -39134209,          0
  9132,   107,   85000000,   46182232,        0,  -38817768,          0
  9132,   108,   85000000,   45837317,        0,  -39162683,          0
  9132,   109,   85000000,   45894296,        0,  -39105704,          0
  9132,   110,   85000000,   57474713,        0,  -27525287,          0
  9132,   111,   85000000,   45908351,        0,  -39091649,          0
  9132,   112,   85000000,   45874821,        0,  -39125179,          0
  9132,   113,   85000000,   46210988,        0,  -38789012,          0
  9132,   114,   85000000,   45878557,        0,  -39121443,          0
  9132,   115,   85000000,   45869230,        0,  -39130770,          0
  9132,   116,   85000000,   46213088,        0,  -38786912,          0
  9132,   117,   85000000,   45891576,        0,  -39108424,          0
  9132,   118,   85000000,   46242908,        0,  -38757092,          0
  9132,   119,   85000000,   46159080,        0,  -38840920,          0
  9132,   120,   85000000,   47831653,        0,  -37168347,          0
  9132,   121,   85000000,   45929611,        0,  -39070389,          0
# task NAME=myapp PID=9135 COST=32895000 PERIOD=64000000 CPU=0
  9135,     2,   64000000,      10461,        0,  -63989539,          0
  9135,     3,   64000000,     106918,        0,  -63893082,          0
  9135,     4,   64000000,   32221502,        0,  -31778498,          0
  9135,     5,   64000000,   39468851,        0,  -24531149,          0
  9135,     6,   64000000,   60348840,        0,   -3651160,          0
  9135,     7,   64000000,   50813419,        0,  -13186581,          0
  9135,     8,   64000000,   40436214,        0,  -23563786,          0
  9135,     9,   64000000,   37972839,        0,  -26027161,          0
  9135,    10,   64000000,   45924698,        0,  -18075302,          0
  9135,    11,   64000000,   35787861,        0,  -28212139,          0
  9135,    12,   64000000,   35453756,        0,  -28546244,          0
  9135,    13,   64000000,   67338232,        1,    3338232,    3338232
  9135,    14,   64000000,   65587226,        1,    1587226,    1587226
  9135,    15,   64000000,   33798099,        0,  -30201901,          0
  9135,    16,   64000000,   32292167,        0,  -31707833,          0
  9135,    17,   64000000,   32262946,        0,  -31737054,          0
  9135,    18,   64000000,   62340997,        0,   -1659003,          0
  9135,    19,   64000000,   61247675,        0,   -2752325,          0
  9135,    20,   64000000,   39669678,        0,  -24330322,          0
  9135,    21,   64000000,   50637129,        0,  -13362871,          0
  9135,    22,   64000000,   32541496,        0,  -31458504,          0
  9135,    23,   64000000,   32285812,        0,  -31714188,          0
  9135,    24,   64000000,   54794537,        0,   -9205463,          0
  9135,    25,   64000000,   35326793,        0,  -28673207,          0
  9135,    26,   64000000,   52003163,        0,  -11996837,          0
  9135,    27,   64000000,   41415355,        0,  -22584645,          0
  9135,    28,   64000000,   40535094,        0,  -23464906,          0
  9135,    29,   64000000,   32262660,        0,  -31737340,          0
  9135,    30,   64000000,   32579831,        0,  -31420169,          0
  9135,    31,   64000000,   32241338,        0,  -31758662,          0
  9135,    32,   64000000,   32531721,        0,  -31468279,          0
  9135,    33,   64000000,   32256184,        0,  -31743816,          0
  9135,    34,   64000000,   32552449,        0,  -31447551,          0
  9135,    35,   64000000,   39506423,        0,  -24493577,          0
  9135,    36,   64000000,   32561287,        0,  -31438713,          0
  9135,    37,   64000000,   32291283,        0,  -31708717,          0
  9135,    38,   64000000,   32570969,        0,  -31429031,          0
  9135,    39,   64000000,   32269795,        0,  -31730205,          0
  9135,    40,   64000000,   32265619,        0,  -31734381,          0
  9135,    41,   64000000,   32316055,        0,  -31683945,          0
  9135,    42,   64000000,   32330273,        0,  -31669727,          0
  9135,    43,   64000000,   37612893,        0,  -26387107,          0
  9135,    44,   64000000,   32296922,        0,  -31703078,          0
  9135,    45,   64000000,   54651362,        0,   -9348638,          0
  9135,    46,   64000000,   32254967,        0,  -31745033,          0
  9135,    47,   64000000,   51910220,        0,  -12089780,          0
  9135,    48,   64000000,   47579420,        0,  -16420580,          0
  9135,    49,   64000000,   43609884,        0,  -20390116,          0
  9135,    50,   64000000,   32303920,        0,  -31696080,          0
  9135,    51,   64000000,   32259088,        0,  -31740912,          0
  9135,    52,   64000000,   33381313,        0,  -30618687,          0
  9135,    53,   64000000,   32296172,        0,  -31703828,          0
  9135,    54,   64000000,   32278133,        0,  -31721867,          0
  9135,    55,   64000000,   32305230,        0,  -31694770,          0
  9135,    56,   64000000,   32295505,        0,  -31704495,          0
  9135,    57,   64000000,   32275389,        0,  -31724611,          0
  9135,    58,   64000000,   32334125,        0,  -31665875,          0
  9135,    59,   64000000,   34042823,        0,  -29957177,          0
  9135,    60,   64000000,   64308743,        1,     308743,     308743
  9135,    61,   64000000,   32814504,        0,  -31185496,          0
  9135,    62,   64000000,   42300073,        0,  -21699927,          0
  9135,    63,   64000000,   48320070,        0,  -15679930,          0
  9135,    64,   64000000,   32269174,        0,  -31730826,          0
  9135,    65,   64000000,   32528448,        0,  -31471552,          0
  9135,    66,   64000000,   32300676,        0,  -31699324,          0
  9135,    67,   64000000,   53697303,        0,  -10302697,          0
  9135,    68,   64000000,   32251079,        0,  -31748921,          0
  9135,    69,   64000000,   33406200,        0,  -30593800,          0
  9135,    70,   64000000,   32268338,        0,  -31731662,          0
  9135,    71,   64000000,   32518542,        0,  -31481458,          0
  9135,    72,   64000000,   32258307,        0,  -31741693,          0
  9135,    73,   64000000,   38273195,        0,  -25726805,          0
  9135,    74,   64000000,   33930201,        0,  -30069799,          0
  9135,    75,   64000000,   53099623,        0,  -10900377,          0
  9135,    76,   64000000,   32269218,        0,  -31730782,          0
  9135,    77,   64000000,   32552302,        0,  -31447698,          0
  9135,    78,   64000000,   38122845,        0,  -25877155,          0
  9135,    79,   64000000,   32538303,        0,  -31461697,          0
  9135,    80,   64000000,   32279968,        0,  -31720032,          0
  9135,    81,   64000000,   32264117,        0,  -31735883,          0
  9135,    82,   64000000,   32271675,        0,  -31728325,          0
  9135,    83,   64000000,   57979649,        0,   -6020351,          0
  9135,    84,   64000000,   32269181,        0,  -31730819,          0
  9135,    85,   64000000,   32259454,        0,  -31740546,          0
  9135,    86,   64000000,   32272178,        0,  -31727822,          0
  9135,    87,   64000000,   32297461,        0,  -31702539,          0
  9135,    88,   64000000,   32282886,        0,  -31717114,          0
  9135,    89,   64000000,   32231478,        0,  -31768522,          0
  9135,    90,   64000000,   45879898,        0,  -18120102,          0
  9135,    91,   64000000,   32239133,        0,  -31760867,          0
  9135,    92,   64000000,   52412599,        0,  -11587401,          0
  9135,    93,   64000000,   32304358,        0,  -31695642,          0
  9135,    94,   64000000,   32269223,        0,  -31730777,          0
  9135,    95,   64000000,   32240238,        0,  -31759762,          0
  9135,    96,   64000000,   32285779,        0,  -31714221,          0
  9135,    97,   64000000,   32248741,        0,  -31751259,          0
  9135,    98,   64000000,   32261495,        0,  -31738505,          0
  9135,    99,   64000000,   32313734,        0,  -31686266,          0
  9135,   100,   64000000,   50421531,        0,  -13578469,          0
  9135,   101,   64000000,   32322874,        0,  -31677126,          0
  9135,   102,   64000000,   32527804,        0,  -31472196,          0
  9135,   103,   64000000,   32243064,        0,  -31756936,          0
  9135,   104,   64000000,   34455248,        0,  -29544752,          0
  9135,   105,   64000000,   32232893,        0,  -31767107,          0
  9135,   106,   64000000,   42462377,        0,  -21537623,          0
  9135,   107,   64000000,   52188972,        0,  -11811028,          0
  9135,   108,   64000000,   32550846,        0,  -31449154,          0
  9135,   109,   64000000,   32250034,        0,  -31749966,          0
  9135,   110,   64000000,   32522752,        0,  -31477248,          0
  9135,   111,   64000000,   32243986,        0,  -31756014,          0
  9135,   112,   64000000,   62191731,        0,   -1808269,          0
  9135,   113,   64000000,   58219419,        0,   -5780581,          0
  9135,   114,   64000000,   32507172,        0,  -31492828,          0
  9135,   115,   64000000,   32238838,        0,  -31761162,          0
  9135,   116,   64000000,   32553396,        0,  -31446604,          0
  9135,   117,   64000000,   32228453,        0,  -31771547,          0
  9135,   118,   64000000,   32550552,        0,  -31449448,          0
  9135,   119,   64000000,   32271921,        0,  -31728079,          0
  9135,   120,   64000000,   32526686,        0,  -31473314,          0
  9135,   121,   64000000,   32274241,        0,  -31725759,          0
  9135,   122,   64000000,   83526781,        1,   19526781,   19526781
  9135,   123,   64000000,   51707676,        0,  -12292324,          0
  9135,   124,   64000000,   51282549,        0,  -12717451,          0
  9135,   125,   64000000,   35387310,        0,  -28612690,          0
  9135,   126,   64000000,   32252278,        0,  -31747722,          0
  9135,   127,   64000000,   32250957,        0,  -31749043,          0
  9135,   128,   64000000,   59278365,        0,   -4721635,          0
  9135,   129,   64000000,   32422131,        0,  -31577869,          0
  9135,   130,   64000000,   32351866,        0,  -31648134,          0
  9135,   131,   64000000,   46247564,        0,  -17752436,          0
  9135,   132,   64000000,   32219439,        0,  -31780561,          0
  9135,   133,   64000000,   32230329,        0,  -31769671,          0
  9135,   134,   64000000,   32224030,        0,  -31775970,          0
  9135,   135,   64000000,   32242308,        0,  -31757692,          0
  9135,   136,   64000000,   32273038,        0,  -31726962,          0
  9135,   137,   64000000,   32248078,        0,  -31751922,          0
  9135,   138,   64000000,   32279060,        0,  -31720940,          0
  9135,   139,   64000000,   32228659,        0,  -31771341,          0
  9135,   140,   64000000,   40408638,        0,  -23591362,          0
  9135,   141,   64000000,   32251397,        0,  -31748603,          0
  9135,   142,   64000000,   32282544,        0,  -31717456,          0
  9135,   143,   64000000,   32521631,        0,  -31478369,          0
  9135,   144,   64000000,   32251065,        0,  -31748935,          0
  9135,   145,   64000000,   50786062,        0,  -13213938,          0
  9135,   146,   64000000,   32294321,        0,  -31705679,          0
  9135,   147,   64000000,   42414340,        0,  -21585660,          0
  9135,   148,   64000000,   38551498,        0,  -25448502,          0
  9135,   149,   64000000,   32553133,        0,  -31446867,          0
  9135,   150,   64000000,   32260431,        0,  -31739569,          0
  9135,   151,   64000000,   32527948,        0,  -31472052,          0
  9135,   152,   64000000,   32249934,        0,  -31750066,          0
  9135,   153,   64000000,   32531286,        0,  -31468714,          0
  9135,   154,   64000000,   32313330,        0,  -31686670,          0
  9135,   155,   64000000,   32516500,        0,  -31483500,          0
  9135,   156,   64000000,   32266086,        0,  -31733914,          0
  9135,   157,   64000000,   33159182,        0,  -30840818,          0
  9135,   158,   64000000,   59967306,        0,   -4032694,          0
  9135,   159,   64000000,   41242011,        0,  -22757989,          0
  9135,   160,   64000000,   32284480,        0,  -31715520,          0
# task NAME=myapp PID=9139 COST=45650000 PERIOD=55000000 CPU=0
  9139,     2,   55000000,      12107,        0,  -54987893,          0
  9139,     3,   55000000,     182826,        0,  -54817174,          0
  9139,     4,   55000000,   65054883,        1,   10054883,   10054883
  9139,     5,   55000000,   84810462,        1,   29810462,   29810462
  9139,     6,   55000000,  106115001,        1,   51115001,   51115001
  9139,     7,   55000000,   95787288,        1,   40787288,   40787288
  9139,     8,   55000000,  111515166,        1,   56515166,   56515166
  9139,     9,   55000000,  132926276,        1,   77926276,   77926276
  9139,    10,   55000000,  149714061,        1,   94714061,   94714061
  9139,    11,   55000000,  152965641,        1,   97965641,   97965641
  9139,    12,   55000000,  143993641,        1,   88993641,   88993641
  9139,    13,   55000000,  193976290,        1,  138976290,  138976290
  9139,    14,   55000000,  183631230,        1,  128631230,  128631230
  9139,    15,   55000000,  201153018,        1,  146153018,  146153018
  9139,    16,   55000000,  191153384,        1,  136153384,  136153384
  9139,    17,   55000000,  241167264,        1,  186167264,  186167264
  9139,    18,   55000000,  230808278,        1,  175808278,  175808278
  9139,    19,   55000000,  300994173,        1,  245994173,  245994173
  9139,    20,   55000000,  290658994,        1,  235658994,  235658994
  9139,    21,   55000000,  280629576,        1,  225629576,  225629576
  9139,    22,   55000000,  330672057,        1,  275672057,  275672057
  9139,    23,   55000000,  320367071,        1,  265367071,  265367071
  9139,    24,   55000000,  372087753,        1,  317087753,  317087753
  9139,    25,   55000000,  361760156,        1,  306760156,  306760156
  9139,    26,   55000000,  381457382,        1,  326457382,  326457382
  9139,    27,   55000000,  371149773,        1,  316149773,  316149773
  9139,    28,   55000000,  388173298,        1,  333173298,  333173298
  9139,    29,   55000000,  402859066,        1,  347859066,  347859066
  9139,    30,   55000000,  422541059,        1,  367541059,  367541059
  9139,    31,   55000000,  412215649,        1,  357215649,  357215649
  9139,    32,   55000000,  461922314,        1,  406922314,  406922314
  9139,    33,   55000000,  452271512,        1,  397271512,  397271512
  9139,    34,   55000000,  442232679,        1,  387232679,  387232679
  9139,    35,   55000000,  492309684,        1,  437309684,  437309684
  9139,    36,   55000000,  481994000,        1,  426994000,  426994000
  9139,    37,   55000000,  531720253,        1,  476720253,  476720253
  9139,    38,   55000000,  522131200,        1,  467131200,  467131200
  9139,    39,   55000000,  512728778,        1,  457728778,  457728778
  9139,    40,   55000000,  535036581,        1,  480036581,  480036581
  9139,    41,   55000000,  524722897,        1,  469722897,  469722897
  9139,    42,   55000000,  574960750,        1,  519960750,  519960750
  9139,    43,   55000000,  564936754,        1,  509936754,  509936754
  9139,    44,   55000000,  614884050,        1,  559884050,  559884050
  9139,    45,   55000000,  604548767,        1,  549548767,  549548767
  9139,    46,   55000000,  597938881,        1,  542938881,  542938881
  9139,    47,   55000000,  604438193,        1,  549438193,  549438193
  9139,    48,   55000000,  654419048,        1,  599419048,  599419048
  9139,    49,   55000000,  648494375,        1,  593494375,  593494375
  9139,    50,   55000000,  668941199,        1,  613941199,  613941199
  9139,    51,   55000000,  688738841,        1,  633738841,  633738841
  9139,    52,   55000000,  678714566,        1,  623714566,  623714566
  9139,    53,   55000000,  728465442,        1,  673465442,  673465442
  9139,    54,   55000000,  718419921,        1,  663419921,  663419921
  9139,    55,   55000000,  708101280,        1,  653101280,  653101280
  9139,    56,   55000000,  757788536,        1,  702788536,  702788536
  9139,    57,   55000000,  747440216,        1,  692440216,  692440216
  9139,    58,   55000000,  767193343,        1,  712193343,  712193343
  9139,    59,   55000000,  787155186,        1,  732155186,  732155186
  9139,    60,   55000000,  776820513,        1,  721820513,  721820513
  9139,    61,   55000000,  796480732,        1,  741480732,  741480732
  9139,    62,   55000000,  786441048,        1,  731441048,  731441048
  9139,    63,   55000000,  787735334,        1,  732735334,  732735334
  9139,    64,   55000000,  837440722,        1,  782440722,  782440722
  9139,    65,   55000000,  827116417,        1,  772116417,  772116417
  9139,    66,   55000000,  847173507,        1,  792173507,  792173507
  9139,    67,   55000000,  836823395,        1,  781823395,  781823395
  9139,    68,   55000000,  886590732,        1,  831590732,  831590732
  9139,    69,   55000000,  906199906,        1,  851199906,  851199906
  9139,    70,   55000000,  928266513,        1,  873266513,  873266513
  9139,    71,   55000000,  922321822,        1,  867321822,  867321822
  9139,    72,   55000000,  912019237,        1,  857019237,  857019237
  9139,    73,   55000000,  961705174,        1,  906705174,  906705174
  9139,    74,   55000000,  981437844,        1,  926437844,  926437844
  9139,    75,   55000000,  971077229,        1,  916077229,  916077229
  9139,    76,   55000000,  990408190,        1,  935408190,  935408190
  9139,    77,   55000000, 1010101298,        1,  955101298,  955101298
  9139,    78,   55000000, 1000041467,        1,  945041467,  945041467
  9139,    79,   55000000, 1019736823,        1,  964736823,  964736823
  9139,    80,   55000000, 1009921638,        1,  954921638,  954921638
  9139,    81,   55000000, 1059612862,        1, 1004612862, 1004612862
  9139,    82,   55000000, 1049552985,        1,  994552985,  994552985
  9139,    83,   55000000, 1039189839,        1,  984189839,  984189839
  9139,    84,   55000000, 1088892573,        1, 1033892573, 1033892573
  9139,    85,   55000000, 1078561596,        1, 1023561596, 1023561596
  9139,    86,   55000000, 1133054292,        1, 1078054292, 1078054292
  9139,    87,   55000000, 1123014611,        1, 1068014611, 1068014611
  9139,    88,   55000000, 1142679712,        1, 1087679712, 1087679712
  9139,    89,   55000000, 1132361205,        1, 1077361205, 1077361205
  9139,    90,   55000000, 1152047861,        1, 1097047861, 1097047861
  9139,    91,   55000000, 1141726221,        1, 1086726221, 1086726221
  9139,    92,   55000000, 1192062514,        1, 1137062514, 1137062514
  9139,    93,   55000000, 1182024501,        1, 1127024501, 1127024501
  9139,    94,   55000000, 1201726920,        1, 1146726920, 1146726920
  9139,    95,   55000000, 1191712152,        1, 1136712152, 1136712152
  9139,    96,   55000000, 1241537944,        1, 1186537944, 1186537944
  9139,    97,   55000000, 1231475078,        1, 1176475078, 1176475078
  9139,    98,   55000000, 1221167268,        1, 1166167268, 1166167268
  9139,    99,   55000000, 1270842125,        1, 1215842125, 1215842125
  9139,   100,   55000000, 1290807952,        1, 1235807952, 1235807952
  9139,   101,   55000000, 1280501596,        1, 1225501596, 1225501596
  9139,   102,   55000000, 1330805237,        1, 1275805237, 1275805237
  9139,   103,   55000000, 1320473507,        1, 1265473507, 1265473507
  9139,   104,   55000000, 1310437645,        1, 1255437645, 1255437645
  9139,   105,   55000000, 1361935561,        1, 1306935561, 1306935561
