139 111 28
923 679 244
396 309 87
297 219 78
309 246 63
142 106 36
266 227 39
168 133 35
178 156 22
118 106 12
1007 687 320
202 165 37
853 606 247
125 110 15
218 190 28
123 94 29
202 154 48
195 149 46
341 258 83
223 190 33
224 186 38
147 128 19
191 167 24
539 381 158
363 280 83
132 104 28
142 114 28
569 409 160
135 115 20
148 128 20
153 118 35
130 102 28
127 91 36
676 473 203
783 537 246
236 189 47
929 634 295
168 130 38
256 219 37
230 196 34
220 165 55
205 170 35
299 255 44
234 192 42
132 103 29
125 98 27
449 342 107
300 243 57
250 201 49
126 92 34
446 341 105
134 100 34
445 341 104
178 149 29
139 108 31
