121 3 118
106 3 103
68 2 66
107 4 103
94 8 86
93 7 86
70 2 68
104 2 102
97 6 91
68 2 66
112 3 109
82 2 80
83 5 78
90 3 87
75 4 71
102 3 99
95 3 92
95 2 93
112 3 109
108 3 105
92 5 87
75 2 73
103 8 95
103 5 98
74 2 72
101 3 98
100 3 97
91 6 85
67 2 65
88 5 83
63 2 61
100 2 98
104 4 100
102 3 99
104 3 101
85 5 80
91 6 85
90 3 87
102 3 99
75 2 73
98 3 95
61 2 59
95 8 87
98 3 95
88 2 86
64 2 62
101 3 98
71 2 69
88 2 86
101 3 98
93 2 91
101 3 98
86 5 81
91 2 89
102 3 99
73 2 71
96 3 93
90 6 84
91 4 87
103 3 100
99 3 96
94 2 92
73 3 70
102 2 100
114 3 111
95 6 89
109 2 107
81 2 79
83 2 81
90 5 85
67 2 65
83 2 81
109 3 106
101 3 98
101 2 99
81 2 79
77 2 75
91 5 86
70 2 68
102 3 99
86 5 81
100 3 97
82 2 80
76 2 74
69 2 67
90 5 85
65 2 63
105 3 102
101 3 98
94 4 90
88 7 81
108 2 106
86 6 80
