# Task,   Job,     Period,   Response, DL Miss?,   Lateness,  Tardiness
# task NAME=myapp PID=6003 COST=6231000 PERIOD=16000000 CPU=0
  6003,     2,   16000000,       8891,        0,  -15991109,          0
  6003,     3,   16000000,      45039,        0,  -15954961,          0
  6003,     4,   16000000,    6157446,        0,   -9842554,          0
  6003,     5,   16000000,    6415995,        0,   -9584005,          0
  6003,     6,   16000000,    6150259,        0,   -9849741,          0
  6003,     7,   16000000,    6159167,        0,   -9840833,          0
  6003,     8,   16000000,    6121169,        0,   -9878831,          0
  6003,     9,   16000000,   19050267,        1,    3050267,    3050267
  6003,    10,   16000000,    9144013,        0,   -6855987,          0
  6003,    11,   16000000,    6126364,        0,   -9873636,          0
  6003,    12,   16000000,    6138750,        0,   -9861250,          0
  6003,    13,   16000000,    6126062,        0,   -9873938,          0
  6003,    14,   16000000,    6116510,        0,   -9883490,          0
  6003,    15,   16000000,    6114147,        0,   -9885853,          0
  6003,    16,   16000000,    6113780,        0,   -9886220,          0
  6003,    17,   16000000,    6131318,        0,   -9868682,          0
  6003,    18,   16000000,    6129675,        0,   -9870325,          0
  6003,    19,   16000000,    6129739,        0,   -9870261,          0
  6003,    20,   16000000,    6150526,        0,   -9849474,          0
  6003,    21,   16000000,    6143288,        0,   -9856712,          0
  6003,    22,   16000000,    6135852,        0,   -9864148,          0
  6003,    23,   16000000,   10264964,        0,   -5735036,          0
  6003,    24,   16000000,    6141168,        0,   -9858832,          0
  6003,    25,   16000000,    6151198,        0,   -9848802,          0
  6003,    26,   16000000,    6135661,        0,   -9864339,          0
  6003,    27,   16000000,    6121608,        0,   -9878392,          0
  6003,    28,   16000000,    6133182,        0,   -9866818,          0
  6003,    29,   16000000,    6136881,        0,   -9863119,          0
  6003,    30,   16000000,    6175739,        0,   -9824261,          0
  6003,    31,   16000000,    6132124,        0,   -9867876,          0
  6003,    32,   16000000,    6118446,        0,   -9881554,          0
  6003,    33,   16000000,    6140154,        0,   -9859846,          0
  6003,    34,   16000000,    6128982,        0,   -9871018,          0
  6003,    35,   16000000,    6120037,        0,   -9879963,          0
  6003,    36,   16000000,    6398672,        0,   -9601328,          0
  6003,    37,   16000000,    6251448,        0,   -9748552,          0
  6003,    38,   16000000,    6215930,        0,   -9784070,          0
  6003,    39,   16000000,    6127363,        0,   -9872637,          0
  6003,    40,   16000000,    6127876,        0,   -9872124,          0
  6003,    41,   16000000,    6137750,        0,   -9862250,          0
  6003,    42,   16000000,    6116368,        0,   -9883632,          0
  6003,    43,   16000000,   20610983,        1,    4610983,    4610983
  6003,    44,   16000000,   10710072,        0,   -5289928,          0
  6003,    45,   16000000,    6170046,        0,   -9829954,          0
  6003,    46,   16000000,    6128458,        0,   -9871542,          0
  6003,    47,   16000000,    6121626,        0,   -9878374,          0
  6003,    48,   16000000,    6133781,        0,   -9866219,          0
  6003,    49,   16000000,    6123116,        0,   -9876884,          0
  6003,    50,   16000000,    6155371,        0,   -9844629,          0
  6003,    51,   16000000,   10009496,        0,   -5990504,          0
  6003,    52,   16000000,    6123476,        0,   -9876524,          0
  6003,    53,   16000000,    6149722,        0,   -9850278,          0
  6003,    54,   16000000,    6171073,        0,   -9828927,          0
  6003,    55,   16000000,    6159085,        0,   -9840915,          0
  6003,    56,   16000000,    6135303,        0,   -9864697,          0
  6003,    57,   16000000,    6118778,        0,   -9881222,          0
  6003,    58,   16000000,    6165631,        0,   -9834369,          0
  6003,    59,   16000000,    6132704,        0,   -9867296,          0
  6003,    60,   16000000,    6145021,        0,   -9854979,          0
  6003,    61,   16000000,    6115405,        0,   -9884595,          0
  6003,    62,   16000000,    6124728,        0,   -9875272,          0
  6003,    63,   16000000,    6144820,        0,   -9855180,          0
  6003,    64,   16000000,    6129171,        0,   -9870829,          0
  6003,    65,   16000000,   28318727,        1,   12318727,   12318727
  6003,    66,   16000000,   18418730,        1,    2418730,    2418730
  6003,    67,   16000000,    8514989,        0,   -7485011,          0
  6003,    68,   16000000,    6138837,        0,   -9861163,          0
  6003,    69,   16000000,    6133960,        0,   -9866040,          0
  6003,    70,   16000000,    6135899,        0,   -9864101,          0
  6003,    71,   16000000,    6141055,        0,   -9858945,          0
  6003,    72,   16000000,    6120549,        0,   -9879451,          0
  6003,    73,   16000000,   11088891,        0,   -4911109,          0
  6003,    74,   16000000,    6372064,        0,   -9627936,          0
  6003,    75,   16000000,    6127869,        0,   -9872131,          0
  6003,    76,   16000000,    6142109,        0,   -9857891,          0
  6003,    77,   16000000,    6137340,        0,   -9862660,          0
  6003,    78,   16000000,    6118314,        0,   -9881686,          0
  6003,    79,   16000000,    6176057,        0,   -9823943,          0
  6003,    80,   16000000,    6125710,        0,   -9874290,          0
  6003,    81,   16000000,    6159556,        0,   -9840444,          0
  6003,    82,   16000000,    6161579,        0,   -9838421,          0
  6003,    83,   16000000,    6414371,        0,   -9585629,          0
  6003,    84,   16000000,    6113163,        0,   -9886837,          0
  6003,    85,   16000000,    6152609,        0,   -9847391,          0
  6003,    86,   16000000,    6519842,        0,   -9480158,          0
  6003,    87,   16000000,    6126708,        0,   -9873292,          0
  6003,    88,   16000000,    6136191,        0,   -9863809,          0
  6003,    89,   16000000,    6130035,        0,   -9869965,          0
  6003,    90,   16000000,    6148743,        0,   -9851257,          0
  6003,    91,   16000000,    6417784,        0,   -9582216,          0
  6003,    92,   16000000,    6157685,        0,   -9842315,          0
  6003,    93,   16000000,    6139891,        0,   -9860109,          0
  6003,    94,   16000000,    6151038,        0,   -9848962,          0
  6003,    95,   16000000,    6137737,        0,   -9862263,          0
  6003,    96,   16000000,    6148250,        0,   -9851750,          0
  6003,    97,   16000000,    6174901,        0,   -9825099,          0
  6003,    98,   16000000,    6185114,        0,   -9814886,          0
  6003,    99,   16000000,    6145350,        0,   -9854650,          0
  6003,   100,   16000000,    6154598,        0,   -9845402,          0
  6003,   101,   16000000,    6177266,        0,   -9822734,          0
  6003,   102,   16000000,    6118383,        0,   -9881617,          0
  6003,   103,   16000000,    6125831,        0,   -9874169,          0
  6003,   104,   16000000,    6135105,        0,   -9864895,          0
  6003,   105,   16000000,    6125010,        0,   -9874990,          0
  6003,   106,   16000000,    6114768,        0,   -9885232,          0
  6003,   107,   16000000,    6129387,        0,   -9870613,          0
  6003,   108,   16000000,    6139557,        0,   -9860443,          0
  6003,   109,   16000000,    6157255,        0,   -9842745,          0
  6003,   110,   16000000,    6130105,        0,   -9869895,          0
  6003,   111,   16000000,    6117446,        0,   -9882554,          0
  6003,   112,   16000000,   23405173,        1,    7405173,    7405173
  6003,   113,   16000000,   13503054,        0,   -2496946,          0
  6003,   114,   16000000,    6138831,        0,   -9861169,          0
  6003,   115,   16000000,    6150607,        0,   -9849393,          0
  6003,   116,   16000000,    6117982,        0,   -9882018,          0
  6003,   117,   16000000,    6133299,        0,   -9866701,          0
  6003,   118,   16000000,    6138427,        0,   -9861573,          0
  6003,   119,   16000000,    8593310,        0,   -7406690,          0
  6003,   120,   16000000,    6147760,        0,   -9852240,          0
  6003,   121,   16000000,    6118205,        0,   -9881795,          0
  6003,   122,   16000000,    6410061,        0,   -9589939,          0
  6003,   123,   16000000,    6138182,        0,   -9861818,          0
  6003,   124,   16000000,    6114813,        0,   -9885187,          0
  6003,   125,   16000000,    6128262,        0,   -9871738,          0
  6003,   126,   16000000,    6114752,        0,   -9885248,          0
  6003,   127,   16000000,    6142590,        0,   -9857410,          0
  6003,   128,   16000000,    6138336,        0,   -9861664,          0
  6003,   129,   16000000,    6137384,        0,   -9862616,          0
  6003,   130,   16000000,    6396221,        0,   -9603779,          0
  6003,   131,   16000000,    6140444,        0,   -9859556,          0
  6003,   132,   16000000,    6128961,        0,   -9871039,          0
  6003,   133,   16000000,    6119317,        0,   -9880683,          0
  6003,   134,   16000000,    6126598,        0,   -9873402,          0
  6003,   135,   16000000,    6142635,        0,   -9857365,          0
  6003,   136,   16000000,    6151299,        0,   -9848701,          0
  6003,   137,   16000000,   16772343,        1,     772343,     772343
  6003,   138,   16000000,    6866563,        0,   -9133437,          0
  6003,   139,   16000000,    6567490,        0,   -9432510,          0
  6003,   140,   16000000,    6118615,        0,   -9881385,          0
  6003,   141,   16000000,    6129036,        0,   -9870964,          0
  6003,   142,   16000000,    6122696,        0,   -9877304,          0
  6003,   143,   16000000,    6115826,        0,   -9884174,          0
  6003,   144,   16000000,    6132900,        0,   -9867100,          0
  6003,   145,   16000000,    6125744,        0,   -9874256,          0
  6003,   146,   16000000,    6137799,        0,   -9862201,          0
  6003,   147,   16000000,    6150363,        0,   -9849637,          0
  6003,   148,   16000000,    6134760,        0,   -9865240,          0
  6003,   149,   16000000,    6146727,        0,   -9853273,          0
  6003,   150,   16000000,    6192160,        0,   -9807840,          0
  6003,   151,   16000000,    6143468,        0,   -9856532,          0
  6003,   152,   16000000,    6145707,        0,   -9854293,          0
  6003,   153,   16000000,    6219929,        0,   -9780071,          0
  6003,   154,   16000000,    6123367,        0,   -9876633,          0
  6003,   155,   16000000,    6144978,        0,   -9855022,          0
  6003,   156,   16000000,    6161841,        0,   -9838159,          0
  6003,   157,   16000000,    6170403,        0,   -9829597,          0
  6003,   158,   16000000,    6111382,        0,   -9888618,          0
  6003,   159,   16000000,    6136476,        0,   -9863524,          0
  6003,   160,   16000000,    6129403,        0,   -9870597,          0
  6003,   161,   16000000,    6421228,        0,   -9578772,          0
  6003,   162,   16000000,    6212585,        0,   -9787415,          0
  6003,   163,   16000000,    6125177,        0,   -9874823,          0
  6003,   164,   16000000,    6132613,        0,   -9867387,          0
  6003,   165,   16000000,    6128167,        0,   -9871833,          0
  6003,   166,   16000000,   28309044,        1,   12309044,   12309044
  6003,   167,   16000000,   18404226,        1,    2404226,    2404226
  6003,   168,   16000000,    8499244,        0,   -7500756,          0
  6003,   169,   16000000,    6394848,        0,   -9605152,          0
  6003,   170,   16000000,    6125598,        0,   -9874402,          0
  6003,   171,   16000000,    6120641,        0,   -9879359,          0
  6003,   172,   16000000,   15440289,        0,    -559711,          0
  6003,   173,   16000000,    6107099,        0,   -9892901,          0
  6003,   174,   16000000,    6125772,        0,   -9874228,          0
  6003,   175,   16000000,    6131508,        0,   -9868492,          0
  6003,   176,   16000000,    6117806,        0,   -9882194,          0
  6003,   177,   16000000,    6130201,        0,   -9869799,          0
  6003,   178,   16000000,    6152129,        0,   -9847871,          0
  6003,   179,   16000000,   13943350,        0,   -2056650,          0
  6003,   180,   16000000,    6163222,        0,   -9836778,          0
  6003,   181,   16000000,   11324841,        0,   -4675159,          0
  6003,   182,   16000000,    7388312,        0,   -8611688,          0
  6003,   183,   16000000,    6123978,        0,   -9876022,          0
  6003,   184,   16000000,    6126452,        0,   -9873548,          0
  6003,   185,   16000000,    6137162,        0,   -9862838,          0
  6003,   186,   16000000,    6122528,        0,   -9877472,          0
  6003,   187,   16000000,    6147960,        0,   -9852040,          0
  6003,   188,   16000000,    6125920,        0,   -9874080,          0
  6003,   189,   16000000,    6150379,        0,   -9849621,          0
  6003,   190,   16000000,    6115931,        0,   -9884069,          0
  6003,   191,   16000000,    6122838,        0,   -9877162,          0
  6003,   192,   16000000,    6116736,        0,   -9883264,          0
  6003,   193,   16000000,    6126052,        0,   -9873948,          0
  6003,   194,   16000000,    6131704,        0,   -9868296,          0
  6003,   195,   16000000,    6183282,        0,   -9816718,          0
  6003,   196,   16000000,    6116813,        0,   -9883187,          0
  6003,   197,   16000000,    6146003,        0,   -9853997,          0
  6003,   198,   16000000,    6118572,        0,   -9881428,          0
  6003,   199,   16000000,    6178129,        0,   -9821871,          0
  6003,   200,   16000000,    6131866,        0,   -9868134,          0
  6003,   201,   16000000,   12693432,        0,   -3306568,          0
  6003,   202,   16000000,    6255189,        0,   -9744811,          0
  6003,   203,   16000000,    6125885,        0,   -9874115,          0
  6003,   204,   16000000,    6116473,        0,   -9883527,          0
  6003,   205,   16000000,    6120581,        0,   -9879419,          0
  6003,   206,   16000000,    6130351,        0,   -9869649,          0
  6003,   207,   16000000,    6120993,        0,   -9879007,          0
  6003,   208,   16000000,    6399512,        0,   -9600488,          0
  6003,   209,   16000000,    6115957,        0,   -9884043,          0
  6003,   210,   16000000,    6193571,        0,   -9806429,          0
  6003,   211,   16000000,   26091026,        1,   10091026,   10091026
  6003,   212,   16000000,   16189704,        1,     189704,     189704
  6003,   213,   16000000,    6287571,        0,   -9712429,          0
  6003,   214,   16000000,    6169967,        0,   -9830033,          0
  6003,   215,   16000000,    6156245,        0,   -9843755,          0
  6003,   216,   16000000,    6426708,        0,   -9573292,          0
  6003,   217,   16000000,   12757709,        0,   -3242291,          0
  6003,   218,   16000000,    6125876,        0,   -9874124,          0
  6003,   219,   16000000,    6137892,        0,   -9862108,          0
  6003,   220,   16000000,    6140304,        0,   -9859696,          0
  6003,   221,   16000000,    6123898,        0,   -9876102,          0
  6003,   222,   16000000,    7245978,        0,   -8754022,          0
  6003,   223,   16000000,    6127920,        0,   -9872080,          0
  6003,   224,   16000000,    6124986,        0,   -9875014,          0
  6003,   225,   16000000,    7172180,        0,   -8827820,          0
  6003,   226,   16000000,    6149935,        0,   -9850065,          0
  6003,   227,   16000000,    6141307,        0,   -9858693,          0
  6003,   228,   16000000,    6117026,        0,   -9882974,          0
  6003,   229,   16000000,    6144024,        0,   -9855976,          0
  6003,   230,   16000000,   28906920,        1,   12906920,   12906920
  6003,   231,   16000000,   19020331,        1,    3020331,    3020331
  6003,   232,   16000000,    9121139,        0,   -6878861,          0
  6003,   233,   16000000,    6132418,        0,   -9867582,          0
  6003,   234,   16000000,    6195313,        0,   -9804687,          0
  6003,   235,   16000000,    6754668,        0,   -9245332,          0
  6003,   236,   16000000,    6137832,        0,   -9862168,          0
  6003,   237,   16000000,    6115012,        0,   -9884988,          0
  6003,   238,   16000000,    6130716,        0,   -9869284,          0
  6003,   239,   16000000,    6128519,        0,   -9871481,          0
  6003,   240,   16000000,    6158678,        0,   -9841322,          0
  6003,   241,   16000000,    6138148,        0,   -9861852,          0
  6003,   242,   16000000,    6138489,        0,   -9861511,          0
  6003,   243,   16000000,    6171594,        0,   -9828406,          0
  6003,   244,   16000000,    6183787,        0,   -9816213,          0
  6003,   245,   16000000,    6150318,        0,   -9849682,          0
  6003,   246,   16000000,    6138591,        0,   -9861409,          0
  6003,   247,   16000000,    6413952,        0,   -9586048,          0
  6003,   248,   16000000,    6126583,        0,   -9873417,          0
  6003,   249,   16000000,    6145402,        0,   -9854598,          0
  6003,   250,   16000000,    6158168,        0,   -9841832,          0
  6003,   251,   16000000,    6119948,        0,   -9880052,          0
  6003,   252,   16000000,    6118273,        0,   -9881727,          0
  6003,   253,   16000000,    6116324,        0,   -9883676,          0
  6003,   254,   16000000,    6142080,        0,   -9857920,          0
  6003,   255,   16000000,    6400214,        0,   -9599786,          0
  6003,   256,   16000000,    6153253,        0,   -9846747,          0
  6003,   257,   16000000,    6126033,        0,   -9873967,          0
  6003,   258,   16000000,    6170239,        0,   -9829761,          0
  6003,   259,   16000000,    6153827,        0,   -9846173,          0
  6003,   260,   16000000,    9062040,        0,   -6937960,          0
  6003,   261,   16000000,    6184466,        0,   -9815534,          0
  6003,   262,   16000000,    6141525,        0,   -9858475,          0
  6003,   263,   16000000,    6147192,        0,   -9852808,          0
  6003,   264,   16000000,    6116009,        0,   -9883991,          0
  6003,   265,   16000000,    6121184,        0,   -9878816,          0
  6003,   266,   16000000,    6140345,        0,   -9859655,          0
  6003,   267,   16000000,    6125823,        0,   -9874177,          0
  6003,   268,   16000000,    6119715,        0,   -9880285,          0
  6003,   269,   16000000,    6126363,        0,   -9873637,          0
  6003,   270,   16000000,    6137648,        0,   -9862352,          0
  6003,   271,   16000000,    6139830,        0,   -9860170,          0
  6003,   272,   16000000,    6128116,        0,   -9871884,          0
  6003,   273,   16000000,    6128836,        0,   -9871164,          0
  6003,   274,   16000000,    6167696,        0,   -9832304,          0
  6003,   275,   16000000,   22954109,        1,    6954109,    6954109
  6003,   276,   16000000,   13059703,        0,   -2940297,          0
  6003,   277,   16000000,    6117264,        0,   -9882736,          0
  6003,   278,   16000000,    6125185,        0,   -9874815,          0
  6003,   279,   16000000,    6141773,        0,   -9858227,          0
  6003,   280,   16000000,    6130939,        0,   -9869061,          0
  6003,   281,   16000000,   19416688,        1,    3416688,    3416688
  6003,   282,   16000000,    9512550,        0,   -6487450,          0
  6003,   283,   16000000,    6148035,        0,   -9851965,          0
  6003,   284,   16000000,    6128856,        0,   -9871144,          0
  6003,   285,   16000000,    6125410,        0,   -9874590,          0
  6003,   286,   16000000,    6441957,        0,   -9558043,          0
  6003,   287,   16000000,    6212600,        0,   -9787400,          0
  6003,   288,   16000000,    6145459,        0,   -9854541,          0
  6003,   289,   16000000,    6116309,        0,   -9883691,          0
  6003,   290,   16000000,    6119535,        0,   -9880465,          0
  6003,   291,   16000000,    6120814,        0,   -9879186,          0
  6003,   292,   16000000,    6128797,        0,   -9871203,          0
  6003,   293,   16000000,    6146596,        0,   -9853404,          0
  6003,   294,   16000000,   24784658,        1,    8784658,    8784658
  6003,   295,   16000000,   14885582,        0,   -1114418,          0
  6003,   296,   16000000,    6138758,        0,   -9861242,          0
  6003,   297,   16000000,    6144075,        0,   -9855925,          0
  6003,   298,   16000000,    6133388,        0,   -9866612,          0
  6003,   299,   16000000,    6144958,        0,   -9855042,          0
  6003,   300,   16000000,    6132719,        0,   -9867281,          0
  6003,   301,   16000000,    6134058,        0,   -9865942,          0
  6003,   302,   16000000,    6167383,        0,   -9832617,          0
  6003,   303,   16000000,    6123929,        0,   -9876071,          0
  6003,   304,   16000000,    6118645,        0,   -9881355,          0
  6003,   305,   16000000,    6122703,        0,   -9877297,          0
  6003,   306,   16000000,    6144944,        0,   -9855056,          0
  6003,   307,   16000000,    6146387,        0,   -9853613,          0
  6003,   308,   16000000,    6114731,        0,   -9885269,          0
  6003,   309,   16000000,    6153780,        0,   -9846220,          0
  6003,   310,   16000000,    6127778,        0,   -9872222,          0
  6003,   311,   16000000,    6144847,        0,   -9855153,          0
  6003,   312,   16000000,    6135842,        0,   -9864158,          0
  6003,   313,   16000000,    6136879,        0,   -9863121,          0
  6003,   314,   16000000,    6121617,        0,   -9878383,          0
  6003,   315,   16000000,    6126743,        0,   -9873257,          0
  6003,   316,   16000000,    6147924,        0,   -9852076,          0
  6003,   317,   16000000,    6127237,        0,   -9872763,          0
  6003,   318,   16000000,    6142377,        0,   -9857623,          0
  6003,   319,   16000000,    6156573,        0,   -9843427,          0
  6003,   320,   16000000,    6144784,        0,   -9855216,          0
  6003,   321,   16000000,    6151191,        0,   -9848809,          0
  6003,   322,   16000000,    6123741,        0,   -9876259,          0
  6003,   323,   16000000,    6115461,        0,   -9884539,          0
  6003,   324,   16000000,    6134717,        0,   -9865283,          0
  6003,   325,   16000000,    6125411,        0,   -9874589,          0
  6003,   326,   16000000,    6154767,        0,   -9845233,          0
  6003,   327,   16000000,    6121878,        0,   -9878122,          0
  6003,   328,   16000000,    6130150,        0,   -9869850,          0
  6003,   329,   16000000,    6123861,        0,   -9876139,          0
  6003,   330,   16000000,    6131175,        0,   -9868825,          0
  6003,   331,   16000000,    6119888,        0,   -9880112,          0
  6003,   332,   16000000,    6133553,        0,   -9866447,          0
  6003,   333,   16000000,   24437730,        1,    8437730,    8437730
  6003,   334,   16000000,   14535624,        0,   -1464376,          0
  6003,   335,   16000000,    6131639,        0,   -9868361,          0
  6003,   336,   16000000,    6158764,        0,   -9841236,          0
  6003,   337,   16000000,    6152457,        0,   -9847543,          0
  6003,   338,   16000000,    6121230,        0,   -9878770,          0
  6003,   339,   16000000,   24821764,        1,    8821764,    8821764
  6003,   340,   16000000,   14919917,        0,   -1080083,          0
  6003,   341,   16000000,    6444100,        0,   -9555900,          0
  6003,   342,   16000000,    6123300,        0,   -9876700,          0
  6003,   343,   16000000,    6184832,        0,   -9815168,          0
  6003,   344,   16000000,    6132001,        0,   -9867999,          0
  6003,   345,   16000000,    6123501,        0,   -9876499,          0
  6003,   346,   16000000,    6115234,        0,   -9884766,          0
  6003,   347,   16000000,    6139259,        0,   -9860741,          0
  6003,   348,   16000000,    6170251,        0,   -9829749,          0
  6003,   349,   16000000,    9458905,        0,   -6541095,          0
  6003,   350,   16000000,   14080378,        0,   -1919622,          0
  6003,   351,   16000000,    6105834,        0,   -9894166,          0
  6003,   352,   16000000,    6166863,        0,   -9833137,          0
  6003,   353,   16000000,    6124333,        0,   -9875667,          0
  6003,   354,   16000000,    6170001,        0,   -9829999,          0
  6003,   355,   16000000,    6120663,        0,   -9879337,          0
  6003,   356,   16000000,    6138613,        0,   -9861387,          0
  6003,   357,   16000000,    6156570,        0,   -9843430,          0
  6003,   358,   16000000,    6134721,        0,   -9865279,          0
  6003,   359,   16000000,   28076168,        1,   12076168,   12076168
  6003,   360,   16000000,   18176128,        1,    2176128,    2176128
  6003,   361,   16000000,    8273720,        0,   -7726280,          0
  6003,   362,   16000000,    6117622,        0,   -9882378,          0
  6003,   363,   16000000,    6116543,        0,   -9883457,          0
  6003,   364,   16000000,    6134033,        0,   -9865967,          0
  6003,   365,   16000000,    6145511,        0,   -9854489,          0
  6003,   366,   16000000,    6149615,        0,   -9850385,          0
  6003,   367,   16000000,    6113780,        0,   -9886220,          0
  6003,   368,   16000000,    6119135,        0,   -9880865,          0
  6003,   369,   16000000,   11344066,        0,   -4655934,          0
  6003,   370,   16000000,    6179152,        0,   -9820848,          0
  6003,   371,   16000000,    6124523,        0,   -9875477,          0
  6003,   372,   16000000,    6437401,        0,   -9562599,          0
  6003,   373,   16000000,    6151162,        0,   -9848838,          0
  6003,   374,   16000000,    6141568,        0,   -9858432,          0
  6003,   375,   16000000,    6114633,        0,   -9885367,          0
  6003,   376,   16000000,   33275219,        1,   17275219,   17275219
  6003,   377,   16000000,   23370347,        1,    7370347,    7370347
  6003,   378,   16000000,   13468795,        0,   -2531205,          0
  6003,   379,   16000000,    6128204,        0,   -9871796,          0
  6003,   380,   16000000,    6445198,        0,   -9554802,          0
  6003,   381,   16000000,    6108115,        0,   -9891885,          0
  6003,   382,   16000000,    6136890,        0,   -9863110,          0
  6003,   383,   16000000,    6162226,        0,   -9837774,          0
  6003,   384,   16000000,    6134410,        0,   -9865590,          0
  6003,   385,   16000000,    6114794,        0,   -9885206,          0
  6003,   386,   16000000,    6126987,        0,   -9873013,          0
  6003,   387,   16000000,    6117666,        0,   -9882334,          0
  6003,   388,   16000000,    6141063,        0,   -9858937,          0
  6003,   389,   16000000,    6143034,        0,   -9856966,          0
  6003,   390,   16000000,    6114048,        0,   -9885952,          0
  6003,   391,   16000000,    6125836,        0,   -9874164,          0
  6003,   392,   16000000,    6122845,        0,   -9877155,          0
  6003,   393,   16000000,    6139718,        0,   -9860282,          0
  6003,   394,   16000000,    6120314,        0,   -9879686,          0
  6003,   395,   16000000,    6114378,        0,   -9885622,          0
  6003,   396,   16000000,    6116393,        0,   -9883607,          0
  6003,   397,   16000000,   27859017,        1,   11859017,   11859017
  6003,   398,   16000000,   17962216,        1,    1962216,    1962216
  6003,   399,   16000000,    8068298,        0,   -7931702,          0
  6003,   400,   16000000,    6118073,        0,   -9881927,          0
  6003,   401,   16000000,    6145526,        0,   -9854474,          0
  6003,   402,   16000000,    6148742,        0,   -9851258,          0
  6003,   403,   16000000,    6133552,        0,   -9866448,          0
  6003,   404,   16000000,    6131590,        0,   -9868410,          0
  6003,   405,   16000000,    6165194,        0,   -9834806,          0
  6003,   406,   16000000,   20015010,        1,    4015010,    4015010
  6003,   407,   16000000,   10113733,        0,   -5886267,          0
  6003,   408,   16000000,    6141845,        0,   -9858155,          0
  6003,   409,   16000000,    6129895,        0,   -9870105,          0
  6003,   410,   16000000,    6127672,        0,   -9872328,          0
  6003,   411,   16000000,    6407470,        0,   -9592530,          0
  6003,   412,   16000000,    6220112,        0,   -9779888,          0
  6003,   413,   16000000,    6162655,        0,   -9837345,          0
  6003,   414,   16000000,    6118196,        0,   -9881804,          0
  6003,   415,   16000000,    6150090,        0,   -9849910,          0
  6003,   416,   16000000,    6132442,        0,   -9867558,          0
  6003,   417,   16000000,    6150347,        0,   -9849653,          0
  6003,   418,   16000000,   17155317,        1,    1155317,    1155317
  6003,   419,   16000000,    7537247,        0,   -8462753,          0
  6003,   420,   16000000,    6118968,        0,   -9881032,          0
  6003,   421,   16000000,    6157788,        0,   -9842212,          0
  6003,   422,   16000000,    6115396,        0,   -9884604,          0
  6003,   423,   16000000,    6125326,        0,   -9874674,          0
  6003,   424,   16000000,    6121846,        0,   -9878154,          0
  6003,   425,   16000000,    6137184,        0,   -9862816,          0
  6003,   426,   16000000,    6145240,        0,   -9854760,          0
  6003,   427,   16000000,    6135623,        0,   -9864377,          0
  6003,   428,   16000000,    6130351,        0,   -9869649,          0
  6003,   429,   16000000,   14088717,        0,   -1911283,          0
  6003,   430,   16000000,    9068140,        0,   -6931860,          0
  6003,   431,   16000000,    8255541,        0,   -7744459,          0
  6003,   432,   16000000,    6135072,        0,   -9864928,          0
  6003,   433,   16000000,    6155803,        0,   -9844197,          0
  6003,   434,   16000000,    6123617,        0,   -9876383,          0
  6003,   435,   16000000,    6122938,        0,   -9877062,          0
  6003,   436,   16000000,    6129666,        0,   -9870334,          0
  6003,   437,   16000000,    6118312,        0,   -9881688,          0
  6003,   438,   16000000,    6112849,        0,   -9887151,          0
  6003,   439,   16000000,    6128965,        0,   -9871035,          0
  6003,   440,   16000000,    6146303,        0,   -9853697,          0
  6003,   441,   16000000,    6115723,        0,   -9884277,          0
  6003,   442,   16000000,    6172038,        0,   -9827962,          0
  6003,   443,   16000000,    6159409,        0,   -9840591,          0
  6003,   444,   16000000,    6126451,        0,   -9873549,          0
  6003,   445,   16000000,    6128019,        0,   -9871981,          0
  6003,   446,   16000000,    6115167,        0,   -9884833,          0
  6003,   447,   16000000,    6118784,        0,   -9881216,          0
  6003,   448,   16000000,    6125456,        0,   -9874544,          0
  6003,   449,   16000000,    6129255,        0,   -9870745,          0
  6003,   450,   16000000,    6118530,        0,   -9881470,          0
  6003,   451,   16000000,   28726369,        1,   12726369,   12726369
  6003,   452,   16000000,   18825054,        1,    2825054,    2825054
  6003,   453,   16000000,    8924656,        0,   -7075344,          0
  6003,   454,   16000000,    6132372,        0,   -9867628,          0
  6003,   455,   16000000,    6120216,        0,   -9879784,          0
  6003,   456,   16000000,    6174759,        0,   -9825241,          0
  6003,   457,   16000000,    6501105,        0,   -9498895,          0
  6003,   458,   16000000,    7686324,        0,   -8313676,          0
  6003,   459,   16000000,    6171133,        0,   -9828867,          0
  6003,   460,   16000000,    6120851,        0,   -9879149,          0
  6003,   461,   16000000,    6145171,        0,   -9854829,          0
  6003,   462,   16000000,    6164330,        0,   -9835670,          0
  6003,   463,   16000000,    6165848,        0,   -9834152,          0
  6003,   464,   16000000,    6141100,        0,   -9858900,          0
  6003,   465,   16000000,    6141527,        0,   -9858473,          0
  6003,   466,   16000000,    6398263,        0,   -9601737,          0
  6003,   467,   16000000,    6136550,        0,   -9863450,          0
  6003,   468,   16000000,    6111002,        0,   -9888998,          0
  6003,   469,   16000000,    6126333,        0,   -9873667,          0
  6003,   470,   16000000,    6145230,        0,   -9854770,          0
  6003,   471,   16000000,    6121341,        0,   -9878659,          0
  6003,   472,   16000000,    6163409,        0,   -9836591,          0
  6003,   473,   16000000,   11076551,        0,   -4923449,          0
  6003,   474,   16000000,    6150710,        0,   -9849290,          0
  6003,   475,   16000000,    6167192,        0,   -9832808,          0
  6003,   476,   16000000,    6142289,        0,   -9857711,          0
  6003,   477,   16000000,    6147636,        0,   -9852364,          0
  6003,   478,   16000000,    6128868,        0,   -9871132,          0
  6003,   479,   16000000,    6170274,        0,   -9829726,          0
  6003,   480,   16000000,    6121696,        0,   -9878304,          0
  6003,   481,   16000000,    6152242,        0,   -9847758,          0
  6003,   482,   16000000,    6165273,        0,   -9834727,          0
  6003,   483,   16000000,    6129654,        0,   -9870346,          0
  6003,   484,   16000000,    6121677,        0,   -9878323,          0
  6003,   485,   16000000,    6118790,        0,   -9881210,          0
  6003,   486,   16000000,    6124584,        0,   -9875416,          0
  6003,   487,   16000000,    6219271,        0,   -9780729,          0
  6003,   488,   16000000,    6125309,        0,   -9874691,          0
  6003,   489,   16000000,    6140938,        0,   -9859062,          0
  6003,   490,   16000000,    6129124,        0,   -9870876,          0
  6003,   491,   16000000,    6143411,        0,   -9856589,          0
  6003,   492,   16000000,    6180054,        0,   -9819946,          0
  6003,   493,   16000000,    8109775,        0,   -7890225,          0
  6003,   494,   16000000,    6114126,        0,   -9885874,          0
  6003,   495,   16000000,    6127999,        0,   -9872001,          0
  6003,   496,   16000000,    6149310,        0,   -9850690,          0
  6003,   497,   16000000,    6409975,        0,   -9590025,          0
  6003,   498,   16000000,    6178387,        0,   -9821613,          0
  6003,   499,   16000000,    6117127,        0,   -9882873,          0
  6003,   500,   16000000,    7550845,        0,   -8449155,          0
  6003,   501,   16000000,    6120684,        0,   -9879316,          0
  6003,   502,   16000000,    6132737,        0,   -9867263,          0
  6003,   503,   16000000,    6132988,        0,   -9867012,          0
  6003,   504,   16000000,    6125488,        0,   -9874512,          0
  6003,   505,   16000000,    6416382,        0,   -9583618,          0
  6003,   506,   16000000,    6123853,        0,   -9876147,          0
  6003,   507,   16000000,    6460600,        0,   -9539400,          0
  6003,   508,   16000000,    6130303,        0,   -9869697,          0
  6003,   509,   16000000,    6141023,        0,   -9858977,          0
  6003,   510,   16000000,    6136232,        0,   -9863768,          0
  6003,   511,   16000000,    6147553,        0,   -9852447,          0
  6003,   512,   16000000,    8871716,        0,   -7128284,          0
  6003,   513,   16000000,    6122713,        0,   -9877287,          0
  6003,   514,   16000000,    6132741,        0,   -9867259,          0
  6003,   515,   16000000,    6177503,        0,   -9822497,          0
  6003,   516,   16000000,    6130684,        0,   -9869316,          0
  6003,   517,   16000000,    6166020,        0,   -9833980,          0
  6003,   518,   16000000,    6140123,        0,   -9859877,          0
  6003,   519,   16000000,    6148153,        0,   -9851847,          0
  6003,   520,   16000000,    6141688,        0,   -9858312,          0
  6003,   521,   16000000,    6121147,        0,   -9878853,          0
  6003,   522,   16000000,    6130859,        0,   -9869141,          0
  6003,   523,   16000000,    6139375,        0,   -9860625,          0
  6003,   524,   16000000,    6151241,        0,   -9848759,          0
  6003,   525,   16000000,    6136423,        0,   -9863577,          0
  6003,   526,   16000000,    6117220,        0,   -9882780,          0
  6003,   527,   16000000,    6134681,        0,   -9865319,          0
  6003,   528,   16000000,    6121528,        0,   -9878472,          0
  6003,   529,   16000000,    6120973,        0,   -9879027,          0
  6003,   530,   16000000,    6165780,        0,   -9834220,          0
  6003,   531,   16000000,    7181291,        0,   -8818709,          0
  6003,   532,   16000000,    6163840,        0,   -9836160,          0
  6003,   533,   16000000,    6179836,        0,   -9820164,          0
  6003,   534,   16000000,    6141518,        0,   -9858482,          0
  6003,   535,   16000000,    6142105,        0,   -9857895,          0
  6003,   536,   16000000,    6417074,        0,   -9582926,          0
  6003,   537,   16000000,    6217399,        0,   -9782601,          0
  6003,   538,   16000000,    6118726,        0,   -9881274,          0
  6003,   539,   16000000,    6147045,        0,   -9852955,          0
  6003,   540,   16000000,    6115096,        0,   -9884904,          0
  6003,   541,   16000000,    6118436,        0,   -9881564,          0
  6003,   542,   16000000,    6144988,        0,   -9855012,          0
  6003,   543,   16000000,    7073465,        0,   -8926535,          0
  6003,   544,   16000000,    6422827,        0,   -9577173,          0
  6003,   545,   16000000,    6135658,        0,   -9864342,          0
  6003,   546,   16000000,    6146053,        0,   -9853947,          0
  6003,   547,   16000000,    6138824,        0,   -9861176,          0
  6003,   548,   16000000,    6119407,        0,   -9880593,          0
  6003,   549,   16000000,    6124595,        0,   -9875405,          0
  6003,   550,   16000000,    6130221,        0,   -9869779,          0
  6003,   551,   16000000,    6116351,        0,   -9883649,          0
  6003,   552,   16000000,    6142813,        0,   -9857187,          0
  6003,   553,   16000000,    6122528,        0,   -9877472,          0
  6003,   554,   16000000,    6141710,        0,   -9858290,          0
  6003,   555,   16000000,    6152203,        0,   -9847797,          0
  6003,   556,   16000000,    6148384,        0,   -9851616,          0
  6003,   557,   16000000,    6135476,        0,   -9864524,          0
  6003,   558,   16000000,    6118400,        0,   -9881600,          0
  6003,   559,   16000000,    6119559,        0,   -9880441,          0
  6003,   560,   16000000,    6110285,        0,   -9889715,          0
  6003,   561,   16000000,    6119505,        0,   -9880495,          0
  6003,   562,   16000000,    8683167,        0,   -7316833,          0
  6003,   563,   16000000,    6115348,        0,   -9884652,          0
  6003,   564,   16000000,    6143347,        0,   -9856653,          0
  6003,   565,   16000000,    6127155,        0,   -9872845,          0
  6003,   566,   16000000,    6120986,        0,   -9879014,          0
  6003,   567,   16000000,    6127987,        0,   -9872013,          0
  6003,   568,   16000000,    6143179,        0,   -9856821,          0
  6003,   569,   16000000,    8178093,        0,   -7821907,          0
  6003,   570,   16000000,    7250701,        0,   -8749299,          0
  6003,   571,   16000000,    6128913,        0,   -9871087,          0
  6003,   572,   16000000,    6128825,        0,   -9871175,          0
  6003,   573,   16000000,    6117011,        0,   -9882989,          0
  6003,   574,   16000000,    6116324,        0,   -9883676,          0
  6003,   575,   16000000,    6138877,        0,   -9861123,          0
  6003,   576,   16000000,    6151538,        0,   -9848462,          0
  6003,   577,   16000000,    6117263,        0,   -9882737,          0
  6003,   578,   16000000,    6135973,        0,   -9864027,          0
  6003,   579,   16000000,    6131658,        0,   -9868342,          0
  6003,   580,   16000000,    6154821,        0,   -9845179,          0
  6003,   581,   16000000,    6134870,        0,   -9865130,          0
  6003,   582,   16000000,    6125145,        0,   -9874855,          0
  6003,   583,   16000000,    6450166,        0,   -9549834,          0
  6003,   584,   16000000,    6138487,        0,   -9861513,          0
  6003,   585,   16000000,    6132808,        0,   -9867192,          0
  6003,   586,   16000000,    6126700,        0,   -9873300,          0
  6003,   587,   16000000,    6129625,        0,   -9870375,          0
  6003,   588,   16000000,    6150481,        0,   -9849519,          0
  6003,   589,   16000000,    6137899,        0,   -9862101,          0
  6003,   590,   16000000,    6113761,        0,   -9886239,          0
  6003,   591,   16000000,    6406792,        0,   -9593208,          0
  6003,   592,   16000000,    6200154,        0,   -9799846,          0
  6003,   593,   16000000,    6114768,        0,   -9885232,          0
  6003,   594,   16000000,    6159480,        0,   -9840520,          0
  6003,   595,   16000000,    6136905,        0,   -9863095,          0
  6003,   596,   16000000,    6124432,        0,   -9875568,          0
  6003,   597,   16000000,    6124137,        0,   -9875863,          0
  6003,   598,   16000000,    6118344,        0,   -9881656,          0
  6003,   599,   16000000,    6125158,        0,   -9874842,          0
  6003,   600,   16000000,   29634498,        1,   13634498,   13634498
  6003,   601,   16000000,   19735927,        1,    3735927,    3735927
  6003,   602,   16000000,    9833589,        0,   -6166411,          0
  6003,   603,   16000000,    6141782,        0,   -9858218,          0
  6003,   604,   16000000,    6118484,        0,   -9881516,          0
  6003,   605,   16000000,    6112784,        0,   -9887216,          0
  6003,   606,   16000000,    6130434,        0,   -9869566,          0
  6003,   607,   16000000,    6115279,        0,   -9884721,          0
  6003,   608,   16000000,    6136183,        0,   -9863817,          0
  6003,   609,   16000000,    6121111,        0,   -9878889,          0
  6003,   610,   16000000,    6140369,        0,   -9859631,          0
  6003,   611,   16000000,    6138704,        0,   -9861296,          0
  6003,   612,   16000000,    6127088,        0,   -9872912,          0
  6003,   613,   16000000,    6130593,        0,   -9869407,          0
  6003,   614,   16000000,   35587358,        1,   19587358,   19587358
  6003,   615,   16000000,   25687985,        1,    9687985,    9687985
  6003,   616,   16000000,   15785050,        0,    -214950,          0
  6003,   617,   16000000,    6169681,        0,   -9830319,          0
  6003,   618,   16000000,    6132806,        0,   -9867194,          0
  6003,   619,   16000000,    6129055,        0,   -9870945,          0
  6003,   620,   16000000,    6155157,        0,   -9844843,          0
  6003,   621,   16000000,    6125048,        0,   -9874952,          0
  6003,   622,   16000000,    6416279,        0,   -9583721,          0
  6003,   623,   16000000,    6144290,        0,   -9855710,          0
  6003,   624,   16000000,    6115112,        0,   -9884888,          0
  6003,   625,   16000000,    6117133,        0,   -9882867,          0
  6003,   626,   16000000,    6125118,        0,   -9874882,          0
  6003,   627,   16000000,    6133863,        0,   -9866137,          0
  6003,   628,   16000000,    6142159,        0,   -9857841,          0
  6003,   629,   16000000,   35405234,        1,   19405234,   19405234
# task NAME=myapp PID=6006 COST=12048000 PERIOD=76000000 CPU=0
  6006,     2,   76000000,       8661,        0,  -75991339,          0
  6006,     3,   76000000,      55417,        0,  -75944583,          0
  6006,     4,   76000000,   11835385,        0,  -64164615,          0
  6006,     5,   76000000,   12120546,        0,  -63879454,          0
  6006,     6,   76000000,   11814127,        0,  -64185873,          0
  6006,     7,   76000000,   17954183,        0,  -58045817,          0
  6006,     8,   76000000,   11826828,        0,  -64173172,          0
  6006,     9,   76000000,   11863707,        0,  -64136293,          0
  6006,    10,   76000000,   12102325,        0,  -63897675,          0
  6006,    11,   76000000,   11823817,        0,  -64176183,          0
  6006,    12,   76000000,   11839718,        0,  -64160282,          0
  6006,    13,   76000000,   11815392,        0,  -64184608,          0
  6006,    14,   76000000,   11794360,        0,  -64205640,          0
  6006,    15,   76000000,   11835340,        0,  -64164660,          0
  6006,    16,   76000000,   38036080,        0,  -37963920,          0
  6006,    17,   76000000,   11805956,        0,  -64194044,          0
  6006,    18,   76000000,   11808730,        0,  -64191270,          0
  6006,    19,   76000000,   11854858,        0,  -64145142,          0
  6006,    20,   76000000,   11804102,        0,  -64195898,          0
  6006,    21,   76000000,   11811535,        0,  -64188465,          0
  6006,    22,   76000000,   11813569,        0,  -64186431,          0
  6006,    23,   76000000,   11973260,        0,  -64026740,          0
  6006,    24,   76000000,   11805390,        0,  -64194610,          0
  6006,    25,   76000000,   11840244,        0,  -64159756,          0
  6006,    26,   76000000,   25112191,        0,  -50887809,          0
  6006,    27,   76000000,   11806505,        0,  -64193495,          0
  6006,    28,   76000000,   12139500,        0,  -63860500,          0
  6006,    29,   76000000,   11885862,        0,  -64114138,          0
  6006,    30,   76000000,   11832786,        0,  -64167214,          0
  6006,    31,   76000000,   17979095,        0,  -58020905,          0
  6006,    32,   76000000,   11833244,        0,  -64166756,          0
  6006,    33,   76000000,   12106897,        0,  -63893103,          0
  6006,    34,   76000000,   11800848,        0,  -64199152,          0
  6006,    35,   76000000,   11828183,        0,  -64171817,          0
  6006,    36,   76000000,   11830820,        0,  -64169180,          0
  6006,    37,   76000000,   11848510,        0,  -64151490,          0
  6006,    38,   76000000,   11811969,        0,  -64188031,          0
  6006,    39,   76000000,   14792472,        0,  -61207528,          0
  6006,    40,   76000000,   11813666,        0,  -64186334,          0
  6006,    41,   76000000,   11852377,        0,  -64147623,          0
  6006,    42,   76000000,   11853840,        0,  -64146160,          0
  6006,    43,   76000000,   11824470,        0,  -64175530,          0
  6006,    44,   76000000,   11844928,        0,  -64155072,          0
  6006,    45,   76000000,   11818120,        0,  -64181880,          0
  6006,    46,   76000000,   11858976,        0,  -64141024,          0
  6006,    47,   76000000,   20119027,        0,  -55880973,          0
  6006,    48,   76000000,   19120241,        0,  -56879759,          0
  6006,    49,   76000000,   11836758,        0,  -64163242,          0
  6006,    50,   76000000,   11805636,        0,  -64194364,          0
  6006,    51,   76000000,   18665410,        0,  -57334590,          0
  6006,    52,   76000000,   11815485,        0,  -64184515,          0
  6006,    53,   76000000,   11813463,        0,  -64186537,          0
  6006,    54,   76000000,   11821985,        0,  -64178015,          0
  6006,    55,   76000000,   11839013,        0,  -64160987,          0
  6006,    56,   76000000,   12124628,        0,  -63875372,          0
  6006,    57,   76000000,   11814965,        0,  -64185035,          0
  6006,    58,   76000000,   11869572,        0,  -64130428,          0
  6006,    59,   76000000,   11810054,        0,  -64189946,          0
  6006,    60,   76000000,   11801608,        0,  -64198392,          0
  6006,    61,   76000000,   12101522,        0,  -63898478,          0
  6006,    62,   76000000,   11814148,        0,  -64185852,          0
  6006,    63,   76000000,   11806523,        0,  -64193477,          0
  6006,    64,   76000000,   11824523,        0,  -64175477,          0
  6006,    65,   76000000,   11798150,        0,  -64201850,          0
  6006,    66,   76000000,   11798276,        0,  -64201724,          0
  6006,    67,   76000000,   11852317,        0,  -64147683,          0
  6006,    68,   76000000,   11815241,        0,  -64184759,          0
  6006,    69,   76000000,   11836998,        0,  -64163002,          0
  6006,    70,   76000000,   12392792,        0,  -63607208,          0
  6006,    71,   76000000,   11901987,        0,  -64098013,          0
  6006,    72,   76000000,   11813174,        0,  -64186826,          0
  6006,    73,   76000000,   11811628,        0,  -64188372,          0
  6006,    74,   76000000,   11804358,        0,  -64195642,          0
  6006,    75,   76000000,   11814357,        0,  -64185643,          0
  6006,    76,   76000000,   11846123,        0,  -64153877,          0
  6006,    77,   76000000,   11857135,        0,  -64142865,          0
  6006,    78,   76000000,   36561239,        0,  -39438761,          0
  6006,    79,   76000000,   12118520,        0,  -63881480,          0
  6006,    80,   76000000,   11821721,        0,  -64178279,          0
  6006,    81,   76000000,   11829182,        0,  -64170818,          0
  6006,    82,   76000000,   11841138,        0,  -64158862,          0
  6006,    83,   76000000,   11861085,        0,  -64138915,          0
  6006,    84,   76000000,   12134940,        0,  -63865060,          0
  6006,    85,   76000000,   11814478,        0,  -64185522,          0
  6006,    86,   76000000,   28692349,        0,  -47307651,          0
  6006,    87,   76000000,   11851093,        0,  -64148907,          0
  6006,    88,   76000000,   13902830,        0,  -62097170,          0
  6006,    89,   76000000,   11899818,        0,  -64100182,          0
  6006,    90,   76000000,   11828316,        0,  -64171684,          0
  6006,    91,   76000000,   11848929,        0,  -64151071,          0
  6006,    92,   76000000,   11805171,        0,  -64194829,          0
  6006,    93,   76000000,   12863779,        0,  -63136221,          0
  6006,    94,   76000000,   11802648,        0,  -64197352,          0
  6006,    95,   76000000,   11843524,        0,  -64156476,          0
  6006,    96,   76000000,   11821688,        0,  -64178312,          0
  6006,    97,   76000000,   11853220,        0,  -64146780,          0
  6006,    98,   76000000,   11834517,        0,  -64165483,          0
  6006,    99,   76000000,   12165453,        0,  -63834547,          0
  6006,   100,   76000000,   11828500,        0,  -64171500,          0
  6006,   101,   76000000,   11812704,        0,  -64187296,          0
  6006,   102,   76000000,   12994975,        0,  -63005025,          0
  6006,   103,   76000000,   11861274,        0,  -64138726,          0
  6006,   104,   76000000,   11811953,        0,  -64188047,          0
  6006,   105,   76000000,   11828163,        0,  -64171837,          0
  6006,   106,   76000000,   13979231,        0,  -62020769,          0
  6006,   107,   76000000,   12105807,        0,  -63894193,          0
  6006,   108,   76000000,   11835038,        0,  -64164962,          0
  6006,   109,   76000000,   11840737,        0,  -64159263,          0
  6006,   110,   76000000,   13976969,        0,  -62023031,          0
  6006,   111,   76000000,   12023316,        0,  -63976684,          0
  6006,   112,   76000000,   11828492,        0,  -64171508,          0
  6006,   113,   76000000,   11812610,        0,  -64187390,          0
  6006,   114,   76000000,   13998909,        0,  -62001091,          0
  6006,   115,   76000000,   11822729,        0,  -64177271,          0
  6006,   116,   76000000,   11815886,        0,  -64184114,          0
  6006,   117,   76000000,   11806477,        0,  -64193523,          0
  6006,   118,   76000000,   11818455,        0,  -64181545,          0
  6006,   119,   76000000,   11823149,        0,  -64176851,          0
  6006,   120,   76000000,   11804519,        0,  -64195481,          0
  6006,   121,   76000000,   11820123,        0,  -64179877,          0
  6006,   122,   76000000,   13962769,        0,  -62037231,          0
  6006,   123,   76000000,   11814080,        0,  -64185920,          0
  6006,   124,   76000000,   11810525,        0,  -64189475,          0
  6006,   125,   76000000,   12136517,        0,  -63863483,          0
  6006,   126,   76000000,   11812266,        0,  -64187734,          0
  6006,   127,   76000000,   11915820,        0,  -64084180,          0
  6006,   128,   76000000,   11809958,        0,  -64190042,          0
  6006,   129,   76000000,   14791043,        0,  -61208957,          0
  6006,   130,   76000000,   12105505,        0,  -63894495,          0
  6006,   131,   76000000,   11828872,        0,  -64171128,          0
  6006,   132,   76000000,   13033295,        0,  -62966705,          0
  6006,   133,   76000000,   11810482,        0,  -64189518,          0
  6006,   134,   76000000,   11840702,        0,  -64159298,          0
  6006,   135,   76000000,   21073130,        0,  -54926870,          0
# task NAME=myapp PID=6010 COST=30600000 PERIOD=79000000 CPU=0
  6010,     2,   79000000,       8381,        0,  -78991619,          0
  6010,     3,   79000000,      70805,        0,  -78929195,          0
  6010,     4,   79000000,   29926701,        0,  -49073299,          0
  6010,     5,   79000000,   30243211,        0,  -48756789,          0
  6010,     6,   79000000,   29932437,        0,  -49067563,          0
  6010,     7,   79000000,   35922472,        0,  -43077528,          0
  6010,     8,   79000000,   30212155,        0,  -48787845,          0
  6010,     9,   79000000,   29944950,        0,  -49055050,          0
  6010,    10,   79000000,   29949709,        0,  -49050291,          0
  6010,    11,   79000000,   30249980,        0,  -48750020,          0
  6010,    12,   79000000,   29950684,        0,  -49049316,          0
  6010,    13,   79000000,   30127653,        0,  -48872347,          0
  6010,    14,   79000000,   29958785,        0,  -49041215,          0
  6010,    15,   79000000,   29944745,        0,  -49055255,          0
  6010,    16,   79000000,   30222262,        0,  -48777738,          0
  6010,    17,   79000000,   29940505,        0,  -49059495,          0
  6010,    18,   79000000,   29938006,        0,  -49061994,          0
  6010,    19,   79000000,   30283107,        0,  -48716893,          0
  6010,    20,   79000000,   29968536,        0,  -49031464,          0
  6010,    21,   79000000,   29966839,        0,  -49033161,          0
  6010,    22,   79000000,   29957428,        0,  -49042572,          0
  6010,    23,   79000000,   30024489,        0,  -48975511,          0
  6010,    24,   79000000,   29952568,        0,  -49047432,          0
  6010,    25,   79000000,   29986157,        0,  -49013843,          0
  6010,    26,   79000000,   29971740,        0,  -49028260,          0
  6010,    27,   79000000,   30248738,        0,  -48751262,          0
  6010,    28,   79000000,   29960916,        0,  -49039084,          0
  6010,    29,   79000000,   29974979,        0,  -49025021,          0
  6010,    30,   79000000,   43246835,        0,  -35753165,          0
  6010,    31,   79000000,   29940752,        0,  -49059248,          0
  6010,    32,   79000000,   29952511,        0,  -49047489,          0
  6010,    33,   79000000,   29943334,        0,  -49056666,          0
  6010,    34,   79000000,   29942212,        0,  -49057788,          0
  6010,    35,   79000000,   30365405,        0,  -48634595,          0
  6010,    36,   79000000,   29941600,        0,  -49058400,          0
  6010,    37,   79000000,   29943750,        0,  -49056250,          0
  6010,    38,   79000000,   30275882,        0,  -48724118,          0
  6010,    39,   79000000,   29948631,        0,  -49051369,          0
  6010,    40,   79000000,   29938442,        0,  -49061558,          0
  6010,    41,   79000000,   29959335,        0,  -49040665,          0
  6010,    42,   79000000,   29954442,        0,  -49045558,          0
  6010,    43,   79000000,   29966596,        0,  -49033404,          0
  6010,    44,   79000000,   29972866,        0,  -49027134,          0
  6010,    45,   79000000,   29937934,        0,  -49062066,          0
  6010,    46,   79000000,   30275648,        0,  -48724352,          0
  6010,    47,   79000000,   29948702,        0,  -49051298,          0
  6010,    48,   79000000,   29943112,        0,  -49056888,          0
  6010,    49,   79000000,   50777807,        0,  -28222193,          0
  6010,    50,   79000000,   29948276,        0,  -49051724,          0
  6010,    51,   79000000,   30002690,        0,  -48997310,          0
  6010,    52,   79000000,   29954822,        0,  -49045178,          0
  6010,    53,   79000000,   29968463,        0,  -49031537,          0
  6010,    54,   79000000,   30252927,        0,  -48747073,          0
  6010,    55,   79000000,   30024562,        0,  -48975438,          0
  6010,    56,   79000000,   29938704,        0,  -49061296,          0
  6010,    57,   79000000,   30212911,        0,  -48787089,          0
  6010,    58,   79000000,   53837415,        0,  -25162585,          0
  6010,    59,   79000000,   29913618,        0,  -49086382,          0
  6010,    60,   79000000,   29955400,        0,  -49044600,          0
  6010,    61,   79000000,   29957848,        0,  -49042152,          0
  6010,    62,   79000000,   46945382,        0,  -32054618,          0
  6010,    63,   79000000,   29947748,        0,  -49052252,          0
  6010,    64,   79000000,   29985765,        0,  -49014235,          0
  6010,    65,   79000000,   30246586,        0,  -48753414,          0
  6010,    66,   79000000,   29969023,        0,  -49030977,          0
  6010,    67,   79000000,   29973669,        0,  -49026331,          0
  6010,    68,   79000000,   30233473,        0,  -48766527,          0
  6010,    69,   79000000,   29968463,        0,  -49031537,          0
  6010,    70,   79000000,   35421366,        0,  -43578634,          0
  6010,    71,   79000000,   29936604,        0,  -49063396,          0
  6010,    72,   79000000,   29994881,        0,  -49005119,          0
  6010,    73,   79000000,   30368989,        0,  -48631011,          0
  6010,    74,   79000000,   29985542,        0,  -49014458,          0
  6010,    75,   79000000,   29955125,        0,  -49044875,          0
  6010,    76,   79000000,   30280529,        0,  -48719471,          0
  6010,    77,   79000000,   30016895,        0,  -48983105,          0
  6010,    78,   79000000,   29983349,        0,  -49016651,          0
  6010,    79,   79000000,   31360618,        0,  -47639382,          0
  6010,    80,   79000000,   29944954,        0,  -49055046,          0
  6010,    81,   79000000,   29931644,        0,  -49068356,          0
  6010,    82,   79000000,   29934155,        0,  -49065845,          0
  6010,    83,   79000000,   38167604,        0,  -40832396,          0
  6010,    84,   79000000,   30239896,        0,  -48760104,          0
  6010,    85,   79000000,   29967801,        0,  -49032199,          0
  6010,    86,   79000000,   29947092,        0,  -49052908,          0
  6010,    87,   79000000,   49040333,        0,  -29959667,          0
  6010,    88,   79000000,   29960769,        0,  -49039231,          0
  6010,    89,   79000000,   29920392,        0,  -49079608,          0
  6010,    90,   79000000,   29950992,        0,  -49049008,          0
  6010,    91,   79000000,   29947117,        0,  -49052883,          0
  6010,    92,   79000000,   30273961,        0,  -48726039,          0
  6010,    93,   79000000,   29922902,        0,  -49077098,          0
  6010,    94,   79000000,   31066734,        0,  -47933266,          0
  6010,    95,   79000000,   32751601,        0,  -46248399,          0
  6010,    96,   79000000,   29935459,        0,  -49064541,          0
  6010,    97,   79000000,   29953280,        0,  -49046720,          0
  6010,    98,   79000000,   35514717,        0,  -43485283,          0
  6010,    99,   79000000,   29994964,        0,  -49005036,          0
  6010,   100,   79000000,   29952394,        0,  -49047606,          0
  6010,   101,   79000000,   29959682,        0,  -49040318,          0
  6010,   102,   79000000,   29971902,        0,  -49028098,          0
  6010,   103,   79000000,   30248243,        0,  -48751757,          0
  6010,   104,   79000000,   29954301,        0,  -49045699,          0
  6010,   105,   79000000,   29962517,        0,  -49037483,          0
  6010,   106,   79000000,   39223015,        0,  -39776985,          0
  6010,   107,   79000000,   32341250,        0,  -46658750,          0
  6010,   108,   79000000,   30038953,        0,  -48961047,          0
  6010,   109,   79000000,   29962098,        0,  -49037902,          0
  6010,   110,   79000000,   29959265,        0,  -49040735,          0
  6010,   111,   79000000,   30345809,        0,  -48654191,          0
  6010,   112,   79000000,   29940403,        0,  -49059597,          0
  6010,   113,   79000000,   29932257,        0,  -49067743,          0
  6010,   114,   79000000,   30211890,        0,  -48788110,          0
  6010,   115,   79000000,   30732977,        0,  -48267023,          0
  6010,   116,   79000000,   29950963,        0,  -49049037,          0
  6010,   117,   79000000,   30265072,        0,  -48734928,          0
  6010,   118,   79000000,   29986699,        0,  -49013301,          0
  6010,   119,   79000000,   29974728,        0,  -49025272,          0
  6010,   120,   79000000,   29959094,        0,  -49040906,          0
  6010,   121,   79000000,   29983314,        0,  -49016686,          0
  6010,   122,   79000000,   30242939,        0,  -48757061,          0
  6010,   123,   79000000,   29980265,        0,  -49019735,          0
  6010,   124,   79000000,   54730291,        0,  -24269709,          0
  6010,   125,   79000000,   30255596,        0,  -48744404,          0
  6010,   126,   79000000,   29955702,        0,  -49044298,          0
  6010,   127,   79000000,   42661007,        0,  -36338993,          0
  6010,   128,   79000000,   29946261,        0,  -49053739,          0
  6010,   129,   79000000,   29938494,        0,  -49061506,          0
  6010,   130,   79000000,   43048961,        0,  -35951039,          0
# task NAME=myapp PID=6014 COST=3428000 PERIOD=53000000 CPU=0
  6014,     2,   53000000,      15306,        0,  -52984694,          0
  6014,     3,   53000000,      51101,        0,  -52948899,          0
  6014,     4,   53000000,    3393652,        0,  -49606348,          0
  6014,     5,   53000000,    6701254,        0,  -46298746,          0
  6014,     6,   53000000,    3413352,        0,  -49586648,          0
  6014,     7,   53000000,    3409500,        0,  -49590500,          0
  6014,     8,   53000000,    3402076,        0,  -49597924,          0
  6014,     9,   53000000,    8213833,        0,  -44786167,          0
  6014,    10,   53000000,    3380089,        0,  -49619911,          0
  6014,    11,   53000000,    3409829,        0,  -49590171,          0
  6014,    12,   53000000,    3400298,        0,  -49599702,          0
  6014,    13,   53000000,    3388746,        0,  -49611254,          0
  6014,    14,   53000000,    3391874,        0,  -49608126,          0
  6014,    15,   53000000,   20675568,        0,  -32324432,          0
  6014,    16,   53000000,    3407240,        0,  -49592760,          0
  6014,    17,   53000000,    3378626,        0,  -49621374,          0
  6014,    18,   53000000,    3983489,        0,  -49016511,          0
  6014,    19,   53000000,    3402555,        0,  -49597445,          0
  6014,    20,   53000000,    3415405,        0,  -49584595,          0
  6014,    21,   53000000,    3388631,        0,  -49611369,          0
  6014,    22,   53000000,   21501263,        0,  -31498737,          0
  6014,    23,   53000000,    3375838,        0,  -49624162,          0
  6014,    24,   53000000,   24560888,        0,  -28439112,          0
  6014,    25,   53000000,    3395149,        0,  -49604851,          0
  6014,    26,   53000000,    3395828,        0,  -49604172,          0
  6014,    27,   53000000,    3406399,        0,  -49593601,          0
  6014,    28,   53000000,    3381385,        0,  -49618615,          0
  6014,    29,   53000000,    3382465,        0,  -49617535,          0
  6014,    30,   53000000,    3394303,        0,  -49605697,          0
  6014,    31,   53000000,    3403528,        0,  -49596472,          0
  6014,    32,   53000000,    3419822,        0,  -49580178,          0
  6014,    33,   53000000,    3383028,        0,  -49616972,          0
  6014,    34,   53000000,    3381232,        0,  -49618768,          0
  6014,    35,   53000000,    3417687,        0,  -49582313,          0
  6014,    36,   53000000,    5446586,        0,  -47553414,          0
  6014,    37,   53000000,    3399297,        0,  -49600703,          0
  6014,    38,   53000000,    3475663,        0,  -49524337,          0
  6014,    39,   53000000,    3664094,        0,  -49335906,          0
  6014,    40,   53000000,    3386156,        0,  -49613844,          0
  6014,    41,   53000000,    3384159,        0,  -49615841,          0
  6014,    42,   53000000,    3432766,        0,  -49567234,          0
  6014,    43,   53000000,    3391566,        0,  -49608434,          0
  6014,    44,   53000000,    3407836,        0,  -49592164,          0
  6014,    45,   53000000,    3382351,        0,  -49617649,          0
  6014,    46,   53000000,    3405672,        0,  -49594328,          0
  6014,    47,   53000000,    3413273,        0,  -49586727,          0
  6014,    48,   53000000,    3402297,        0,  -49597703,          0
  6014,    49,   53000000,    3402978,        0,  -49597022,          0
  6014,    50,   53000000,    3381100,        0,  -49618900,          0
  6014,    51,   53000000,    3541337,        0,  -49458663,          0
  6014,    52,   53000000,    3372702,        0,  -49627298,          0
  6014,    53,   53000000,    3409899,        0,  -49590101,          0
  6014,    54,   53000000,   16435661,        0,  -36564339,          0
  6014,    55,   53000000,    3388019,        0,  -49611981,          0
  6014,    56,   53000000,    3386130,        0,  -49613870,          0
  6014,    57,   53000000,    6067582,        0,  -46932418,          0
  6014,    58,   53000000,    3387444,        0,  -49612556,          0
  6014,    59,   53000000,    3389348,        0,  -49610652,          0
  6014,    60,   53000000,    3382068,        0,  -49617932,          0
  6014,    61,   53000000,    4289032,        0,  -48710968,          0
  6014,    62,   53000000,    3379539,        0,  -49620461,          0
  6014,    63,   53000000,    4097438,        0,  -48902562,          0
  6014,    64,   53000000,    3397228,        0,  -49602772,          0
  6014,    65,   53000000,    3399654,        0,  -49600346,          0
  6014,    66,   53000000,   16668856,        0,  -36331144,          0
  6014,    67,   53000000,    3427765,        0,  -49572235,          0
  6014,    68,   53000000,    3389749,        0,  -49610251,          0
  6014,    69,   53000000,    3381477,        0,  -49618523,          0
  6014,    70,   53000000,    3568930,        0,  -49431070,          0
  6014,    71,   53000000,    3416212,        0,  -49583788,          0
  6014,    72,   53000000,    3667039,        0,  -49332961,          0
  6014,    73,   53000000,    3400153,        0,  -49599847,          0
  6014,    74,   53000000,    3402821,        0,  -49597179,          0
  6014,    75,   53000000,    3401848,        0,  -49598152,          0
  6014,    76,   53000000,    3389194,        0,  -49610806,          0
  6014,    77,   53000000,    3426021,        0,  -49573979,          0
  6014,    78,   53000000,    3386242,        0,  -49613758,          0
  6014,    79,   53000000,    3407969,        0,  -49592031,          0
  6014,    80,   53000000,    3403833,        0,  -49596167,          0
  6014,    81,   53000000,    3420468,        0,  -49579532,          0
  6014,    82,   53000000,    3375633,        0,  -49624367,          0
  6014,    83,   53000000,    3434163,        0,  -49565837,          0
  6014,    84,   53000000,    3398220,        0,  -49601780,          0
  6014,    85,   53000000,   27555698,        0,  -25444302,          0
  6014,    86,   53000000,    3418533,        0,  -49581467,          0
  6014,    87,   53000000,   12672315,        0,  -40327685,          0
  6014,    88,   53000000,    3395698,        0,  -49604302,          0
  6014,    89,   53000000,    3389810,        0,  -49610190,          0
  6014,    90,   53000000,    3391797,        0,  -49608203,          0
  6014,    91,   53000000,   13987502,        0,  -39012498,          0
  6014,    92,   53000000,    3400224,        0,  -49599776,          0
  6014,    93,   53000000,    3383085,        0,  -49616915,          0
  6014,    94,   53000000,    3378598,        0,  -49621402,          0
  6014,    95,   53000000,    3399879,        0,  -49600121,          0
  6014,    96,   53000000,    3405262,        0,  -49594738,          0
  6014,    97,   53000000,    3546998,        0,  -49453002,          0
  6014,    98,   53000000,    3413827,        0,  -49586173,          0
  6014,    99,   53000000,    4549937,        0,  -48450063,          0
  6014,   100,   53000000,    3378879,        0,  -49621121,          0
  6014,   101,   53000000,    3393115,        0,  -49606885,          0
  6014,   102,   53000000,    3382864,        0,  -49617136,          0
  6014,   103,   53000000,    4070714,        0,  -48929286,          0
  6014,   104,   53000000,    3415759,        0,  -49584241,          0
  6014,   105,   53000000,    4649907,        0,  -48350093,          0
  6014,   106,   53000000,    3387483,        0,  -49612517,          0
  6014,   107,   53000000,    3380209,        0,  -49619791,          0
  6014,   108,   53000000,    3390633,        0,  -49609367,          0
  6014,   109,   53000000,    3394517,        0,  -49605483,          0
  6014,   110,   53000000,    3375777,        0,  -49624223,          0
  6014,   111,   53000000,    4173963,        0,  -48826037,          0
  6014,   112,   53000000,    3395759,        0,  -49604241,          0
  6014,   113,   53000000,    3379241,        0,  -49620759,          0
  6014,   114,   53000000,    3375735,        0,  -49624265,          0
  6014,   115,   53000000,    3416316,        0,  -49583684,          0
  6014,   116,   53000000,   10405542,        0,  -42594458,          0
  6014,   117,   53000000,    3409882,        0,  -49590118,          0
  6014,   118,   53000000,    6174214,        0,  -46825786,          0
  6014,   119,   53000000,    3378365,        0,  -49621635,          0
  6014,   120,   53000000,    3387379,        0,  -49612621,          0
  6014,   121,   53000000,    3398413,        0,  -49601587,          0
  6014,   122,   53000000,   21161668,        0,  -31838332,          0
  6014,   123,   53000000,    3399384,        0,  -49600616,          0
  6014,   124,   53000000,    3397808,        0,  -49602192,          0
  6014,   125,   53000000,    3397864,        0,  -49602136,          0
  6014,   126,   53000000,    3380152,        0,  -49619848,          0
  6014,   127,   53000000,    3408042,        0,  -49591958,          0
  6014,   128,   53000000,   33338302,        0,  -19661698,          0
  6014,   129,   53000000,    3395896,        0,  -49604104,          0
  6014,   130,   53000000,    3375257,        0,  -49624743,          0
  6014,   131,   53000000,    3409437,        0,  -49590563,          0
  6014,   132,   53000000,   15971464,        0,  -37028536,          0
  6014,   133,   53000000,    3425494,        0,  -49574506,          0
  6014,   134,   53000000,    3410446,        0,  -49589554,          0
  6014,   135,   53000000,    3380327,        0,  -49619673,          0
  6014,   136,   53000000,    3386681,        0,  -49613319,          0
  6014,   137,   53000000,    3414695,        0,  -49585305,          0
  6014,   138,   53000000,    3378108,        0,  -49621892,          0
  6014,   139,   53000000,    3374499,        0,  -49625501,          0
  6014,   140,   53000000,    3373927,        0,  -49626073,          0
  6014,   141,   53000000,    3383782,        0,  -49616218,          0
  6014,   142,   53000000,    3411004,        0,  -49588996,          0
  6014,   143,   53000000,    3381311,        0,  -49618689,          0
  6014,   144,   53000000,    3390747,        0,  -49609253,          0
  6014,   145,   53000000,    8790119,        0,  -44209881,          0
  6014,   146,   53000000,    3392289,        0,  -49607711,          0
  6014,   147,   53000000,    9500493,        0,  -43499507,          0
  6014,   148,   53000000,    3437893,        0,  -49562107,          0
  6014,   149,   53000000,    3436768,        0,  -49563232,          0
  6014,   150,   53000000,    3395891,        0,  -49604109,          0
  6014,   151,   53000000,    7592959,        0,  -45407041,          0
  6014,   152,   53000000,    3416423,        0,  -49583577,          0
  6014,   153,   53000000,    3388941,        0,  -49611059,          0
  6014,   154,   53000000,    3398507,        0,  -49601493,          0
  6014,   155,   53000000,    3406706,        0,  -49593294,          0
  6014,   156,   53000000,    3394507,        0,  -49605493,          0
  6014,   157,   53000000,    3404775,        0,  -49595225,          0
  6014,   158,   53000000,    3380076,        0,  -49619924,          0
  6014,   159,   53000000,    3403946,        0,  -49596054,          0
  6014,   160,   53000000,    3423801,        0,  -49576199,          0
  6014,   161,   53000000,    3407496,        0,  -49592504,          0
  6014,   162,   53000000,    3386014,        0,  -49613986,          0
  6014,   163,   53000000,    3440362,        0,  -49559638,          0
  6014,   164,   53000000,    4847742,        0,  -48152258,          0
  6014,   165,   53000000,    3389198,        0,  -49610802,          0
  6014,   166,   53000000,    3434713,        0,  -49565287,          0
  6014,   167,   53000000,    3399615,        0,  -49600385,          0
  6014,   168,   53000000,    3453757,        0,  -49546243,          0
  6014,   169,   53000000,    3382979,        0,  -49617021,          0
  6014,   170,   53000000,    3477867,        0,  -49522133,          0
  6014,   171,   53000000,    3372092,        0,  -49627908,          0
  6014,   172,   53000000,    3417475,        0,  -49582525,          0
  6014,   173,   53000000,    3418074,        0,  -49581926,          0
  6014,   174,   53000000,    4619855,        0,  -48380145,          0
  6014,   175,   53000000,    3403950,        0,  -49596050,          0
  6014,   176,   53000000,    3393028,        0,  -49606972,          0
  6014,   177,   53000000,    3454893,        0,  -49545107,          0
  6014,   178,   53000000,    3482576,        0,  -49517424,          0
  6014,   179,   53000000,    3381561,        0,  -49618439,          0
  6014,   180,   53000000,    3394874,        0,  -49605126,          0
  6014,   181,   53000000,    3377220,        0,  -49622780,          0
  6014,   182,   53000000,    3392295,        0,  -49607705,          0
  6014,   183,   53000000,    5503442,        0,  -47496558,          0
  6014,   184,   53000000,    5169383,        0,  -47830617,          0
  6014,   185,   53000000,    3378839,        0,  -49621161,          0
  6014,   186,   53000000,    3430790,        0,  -49569210,          0
  6014,   187,   53000000,    3377838,        0,  -49622162,          0
  6014,   188,   53000000,    4425376,        0,  -48574624,          0
  6014,   189,   53000000,    3378899,        0,  -49621101,          0
  6014,   190,   53000000,    3398592,        0,  -49601408,          0
  6014,   191,   53000000,    3379891,        0,  -49620109,          0
  6014,   192,   53000000,   31812402,        0,  -21187598,          0
