# Task,   Job,     Period,   Response, DL Miss?,   Lateness,  Tardiness
# task NAME=myapp PID=2601 COST=46713000 PERIOD=62000000 CPU=0
  2601,     2,   62000000,       9393,        0,  -61990607,          0
  2601,     3,   62000000,      83993,        0,  -61916007,          0
  2601,     4,   62000000,   82474840,        1,   20474840,   20474840
  2601,     5,   62000000,  111398939,        1,   49398939,   49398939
  2601,     6,   62000000,  137826022,        1,   75826022,   75826022
  2601,     7,   62000000,  164325082,        1,  102325082,  102325082
  2601,     8,   62000000,  190012816,        1,  128012816,  128012816
  2601,     9,   62000000,  215642791,        1,  153642791,  153642791
  2601,    10,   62000000,  242224793,        1,  180224793,  180224793
  2601,    11,   62000000,  270812293,        1,  208812293,  208812293
  2601,    12,   62000000,  297701464,        1,  235701464,  235701464
  2601,    13,   62000000,  324269830,        1,  262269830,  262269830
  2601,    14,   62000000,  350765723,        1,  288765723,  288765723
  2601,    15,   62000000,  376463741,        1,  314463741,  314463741
  2601,    16,   62000000,  405034971,        1,  343034971,  343034971
  2601,    17,   62000000,  427718302,        1,  365718302,  365718302
  2601,    18,   62000000,  454517986,        1,  392517986,  392517986
  2601,    19,   62000000,  480494360,        1,  418494360,  418494360
  2601,    20,   62000000,  506103329,        1,  444103329,  444103329
  2601,    21,   62000000,  532678293,        1,  470678293,  470678293
  2601,    22,   62000000,  561238274,        1,  499238274,  499238274
  2601,    23,   62000000,  587132346,        1,  525132346,  525132346
  2601,    24,   62000000,  612828596,        1,  550828596,  550828596
  2601,    25,   62000000,  639736299,        1,  577736299,  577736299
  2601,    26,   62000000,  666469246,        1,  604469246,  604469246
  2601,    27,   62000000,  695002748,        1,  633002748,  633002748
  2601,    28,   62000000,  718495907,        1,  656495907,  656495907
  2601,    29,   62000000,  744467271,        1,  682467271,  682467271
  2601,    30,   62000000,  773278659,        1,  711278659,  711278659
  2601,    31,   62000000,  799292618,        1,  737292618,  737292618
  2601,    32,   62000000,  825836511,        1,  763836511,  763836511
  2601,    33,   62000000,  851514139,        1,  789514139,  789514139
  2601,    34,   62000000,  878075194,        1,  816075194,  816075194
  2601,    35,   62000000,  906923066,        1,  844923066,  844923066
  2601,    36,   62000000,  932123200,        1,  870123200,  870123200
  2601,    37,   62000000,  956432096,        1,  894432096,  894432096
  2601,    38,   62000000,  985083910,        1,  923083910,  923083910
  2601,    39,   62000000, 1011609980,        1,  949609980,  949609980
  2601,    40,   62000000, 1038542091,        1,  976542091,  976542091
  2601,    41,   62000000, 1060313287,        1,  998313287,  998313287
  2601,    42,   62000000, 1086148734,        1, 1024148734, 1024148734
  2601,    43,   62000000, 1109116333,        1, 1047116333, 1047116333
  2601,    44,   62000000, 1134601724,        1, 1072601724, 1072601724
  2601,    45,   62000000, 1159661180,        1, 1097661180, 1097661180
  2601,    46,   62000000, 1186433507,        1, 1124433507, 1124433507
  2601,    47,   62000000, 1212437556,        1, 1150437556, 1150437556
  2601,    48,   62000000, 1240997214,        1, 1178997214, 1178997214
  2601,    49,   62000000, 1267560315,        1, 1205560315, 1205560315
  2601,    50,   62000000, 1294101547,        1, 1232101547, 1232101547
  2601,    51,   62000000, 1319784018,        1, 1257784018, 1257784018
  2601,    52,   62000000, 1342541466,        1, 1280541466, 1280541466
  2601,    53,   62000000, 1371358872,        1, 1309358872, 1309358872
  2601,    54,   62000000, 1397937130,        1, 1335937130, 1335937130
  2601,    55,   62000000, 1423158741,        1, 1361158741, 1361158741
  2601,    56,   62000000, 1449667277,        1, 1387667277, 1387667277
  2601,    57,   62000000, 1476453242,        1, 1414453242, 1414453242
  2601,    58,   62000000, 1505056253,        1, 1443056253, 1443056253
  2601,    59,   62000000, 1531914396,        1, 1469914396, 1469914396
  2601,    60,   62000000, 1558529791,        1, 1496529791, 1496529791
  2601,    61,   62000000, 1587146575,        1, 1525146575, 1525146575
  2601,    62,   62000000, 1613602045,        1, 1551602045, 1551602045
  2601,    63,   62000000, 1640464879,        1, 1578464879, 1578464879
  2601,    64,   62000000, 1669279517,        1, 1607279517, 1607279517
  2601,    65,   62000000, 1695848773,        1, 1633848773, 1633848773
  2601,    66,   62000000, 1722360106,        1, 1660360106, 1660360106
  2601,    67,   62000000, 1750315813,        1, 1688315813, 1688315813
# task NAME=myapp PID=2604 COST=5516000 PERIOD=53000000 CPU=0
  2604,     2,   53000000,       6133,        0,  -52993867,          0
  2604,     3,   53000000,     181202,        0,  -52818798,          0
  2604,     4,   53000000,    7120999,        0,  -45879001,          0
  2604,     5,   53000000,    6072379,        0,  -46927621,          0
  2604,     6,   53000000,    9939127,        0,  -43060873,          0
  2604,     7,   53000000,    7593758,        0,  -45406242,          0
  2604,     8,   53000000,    7048543,        0,  -45951457,          0
  2604,     9,   53000000,    6021328,        0,  -46978672,          0
  2604,    10,   53000000,   10167888,        0,  -42832112,          0
  2604,    11,   53000000,    8072626,        0,  -44927374,          0
  2604,    12,   53000000,    9053438,        0,  -43946562,          0
  2604,    13,   53000000,    7221008,        0,  -45778992,          0
  2604,    14,   53000000,    9430739,        0,  -43569261,          0
  2604,    15,   53000000,    8046566,        0,  -44953434,          0
  2604,    16,   53000000,    7353000,        0,  -45647000,          0
  2604,    17,   53000000,    7927718,        0,  -45072282,          0
  2604,    18,   53000000,    9389733,        0,  -43610267,          0
  2604,    19,   53000000,    8095248,        0,  -44904752,          0
  2604,    20,   53000000,    7023902,        0,  -45976098,          0
  2604,    21,   53000000,    8002088,        0,  -44997912,          0
  2604,    22,   53000000,    9084071,        0,  -43915929,          0
  2604,    23,   53000000,    8109397,        0,  -44890603,          0
  2604,    24,   53000000,    9020591,        0,  -43979409,          0
  2604,    25,   53000000,    6968934,        0,  -46031066,          0
  2604,    26,   53000000,    9052338,        0,  -43947662,          0
  2604,    27,   53000000,    8095771,        0,  -44904229,          0
  2604,    28,   53000000,    7889798,        0,  -45110202,          0
  2604,    29,   53000000,    6077307,        0,  -46922693,          0
  2604,    30,   53000000,    9047186,        0,  -43952814,          0
  2604,    31,   53000000,    8090398,        0,  -44909602,          0
  2604,    32,   53000000,    9038289,        0,  -43961711,          0
  2604,    33,   53000000,    6049589,        0,  -46950411,          0
  2604,    34,   53000000,    9098299,        0,  -43901701,          0
  2604,    35,   53000000,    9672399,        0,  -43327601,          0
  2604,    36,   53000000,    7355985,        0,  -45644015,          0
  2604,    37,   53000000,    6328877,        0,  -46671123,          0
  2604,    38,   53000000,    9062043,        0,  -43937957,          0
  2604,    39,   53000000,    8040546,        0,  -44959454,          0
  2604,    40,   53000000,   13088919,        0,  -39911081,          0
  2604,    41,   53000000,    8056592,        0,  -44943408,          0
  2604,    42,   53000000,    9081439,        0,  -43918561,          0
  2604,    43,   53000000,    8081352,        0,  -44918648,          0
  2604,    44,   53000000,    7020983,        0,  -45979017,          0
  2604,    45,   53000000,    6038054,        0,  -46961946,          0
  2604,    46,   53000000,    9062434,        0,  -43937566,          0
  2604,    47,   53000000,    7623388,        0,  -45376612,          0
  2604,    48,   53000000,    6998203,        0,  -46001797,          0
  2604,    49,   53000000,    7599179,        0,  -45400821,          0
  2604,    50,   53000000,   10564657,        0,  -42435343,          0
  2604,    51,   53000000,    8083510,        0,  -44916490,          0
  2604,    52,   53000000,    7026480,        0,  -45973520,          0
  2604,    53,   53000000,    7986513,        0,  -45013487,          0
  2604,    54,   53000000,    8162206,        0,  -44837794,          0
  2604,    55,   53000000,    8041686,        0,  -44958314,          0
  2604,    56,   53000000,    7039054,        0,  -45960946,          0
  2604,    57,   53000000,    5990274,        0,  -47009726,          0
  2604,    58,   53000000,    9075974,        0,  -43924026,          0
  2604,    59,   53000000,    8423491,        0,  -44576509,          0
  2604,    60,   53000000,    7014439,        0,  -45985561,          0
  2604,    61,   53000000,    6100424,        0,  -46899576,          0
  2604,    62,   53000000,    9022336,        0,  -43977664,          0
  2604,    63,   53000000,    8081244,        0,  -44918756,          0
  2604,    64,   53000000,    8983782,        0,  -44016218,          0
  2604,    65,   53000000,    8468356,        0,  -44531644,          0
  2604,    66,   53000000,    9070641,        0,  -43929359,          0
  2604,    67,   53000000,    8104772,        0,  -44895228,          0
  2604,    68,   53000000,    7031343,        0,  -45968657,          0
  2604,    69,   53000000,    6009952,        0,  -46990048,          0
  2604,    70,   53000000,    9749828,        0,  -43250172,          0
  2604,    71,   53000000,    8113484,        0,  -44886516,          0
  2604,    72,   53000000,    7428140,        0,  -45571860,          0
  2604,    73,   53000000,    6066024,        0,  -46933976,          0
  2604,    74,   53000000,    9061294,        0,  -43938706,          0
  2604,    75,   53000000,    8087984,        0,  -44912016,          0
  2604,    76,   53000000,    7021949,        0,  -45978051,          0
  2604,    77,   53000000,    6702879,        0,  -46297121,          0
  2604,    78,   53000000,    9721036,        0,  -43278964,          0
  2604,    79,   53000000,    8084289,        0,  -44915711,          0
  2604,    80,   53000000,    7074013,        0,  -45925987,          0
  2604,    81,   53000000,    8057346,        0,  -44942654,          0
  2604,    82,   53000000,    9087319,        0,  -43912681,          0
  2604,    83,   53000000,    8067065,        0,  -44932935,          0
  2604,    84,   53000000,    7038761,        0,  -45961239,          0
  2604,    85,   53000000,    6596304,        0,  -46403696,          0
  2604,    86,   53000000,    9055758,        0,  -43944242,          0
  2604,    87,   53000000,    8075581,        0,  -44924419,          0
  2604,    88,   53000000,    9047937,        0,  -43952063,          0
  2604,    89,   53000000,    8019353,        0,  -44980647,          0
  2604,    90,   53000000,    8465293,        0,  -44534707,          0
  2604,    91,   53000000,    8112112,        0,  -44887888,          0
  2604,    92,   53000000,    6404320,        0,  -46595680,          0
  2604,    93,   53000000,    8065278,        0,  -44934722,          0
  2604,    94,   53000000,    9074929,        0,  -43925071,          0
  2604,    95,   53000000,    8077479,        0,  -44922521,          0
  2604,    96,   53000000,    9054409,        0,  -43945591,          0
  2604,    97,   53000000,    6104933,        0,  -46895067,          0
  2604,    98,   53000000,    9078969,        0,  -43921031,          0
  2604,    99,   53000000,    8235089,        0,  -44764911,          0
  2604,   100,   53000000,    7050124,        0,  -45949876,          0
  2604,   101,   53000000,    6023426,        0,  -46976574,          0
  2604,   102,   53000000,    9063588,        0,  -43936412,          0
  2604,   103,   53000000,    8344972,        0,  -44655028,          0
  2604,   104,   53000000,    7890937,        0,  -45109063,          0
  2604,   105,   53000000,    7225238,        0,  -45774762,          0
  2604,   106,   53000000,    9071492,        0,  -43928508,          0
  2604,   107,   53000000,    9056631,        0,  -43943369,          0
  2604,   108,   53000000,    9050001,        0,  -43949999,          0
  2604,   109,   53000000,    8007312,        0,  -44992688,          0
  2604,   110,   53000000,    9344299,        0,  -43655701,          0
  2604,   111,   53000000,   10087663,        0,  -42912337,          0
  2604,   112,   53000000,    7868781,        0,  -45131219,          0
  2604,   113,   53000000,    8008573,        0,  -44991427,          0
  2604,   114,   53000000,    9077487,        0,  -43922513,          0
  2604,   115,   53000000,    8082831,        0,  -44917169,          0
  2604,   116,   53000000,    8660668,        0,  -44339332,          0
  2604,   117,   53000000,    8040475,        0,  -44959525,          0
  2604,   118,   53000000,    9034647,        0,  -43965353,          0
  2604,   119,   53000000,    8075979,        0,  -44924021,          0
  2604,   120,   53000000,    7035042,        0,  -45964958,          0
  2604,   121,   53000000,    8118849,        0,  -44881151,          0
  2604,   122,   53000000,   11057397,        0,  -41942603,          0
  2604,   123,   53000000,    8502442,        0,  -44497558,          0
  2604,   124,   53000000,    7020058,        0,  -45979942,          0
  2604,   125,   53000000,    6088124,        0,  -46911876,          0
  2604,   126,   53000000,    9100964,        0,  -43899036,          0
  2604,   127,   53000000,    8535659,        0,  -44464341,          0
  2604,   128,   53000000,    7064650,        0,  -45935350,          0
  2604,   129,   53000000,    8380771,        0,  -44619229,          0
  2604,   130,   53000000,    9086769,        0,  -43913231,          0
  2604,   131,   53000000,    9147455,        0,  -43852545,          0
  2604,   132,   53000000,    7031942,        0,  -45968058,          0
  2604,   133,   53000000,    6214628,        0,  -46785372,          0
  2604,   134,   53000000,    9104008,        0,  -43895992,          0
  2604,   135,   53000000,    8081965,        0,  -44918035,          0
  2604,   136,   53000000,    7342875,        0,  -45657125,          0
  2604,   137,   53000000,    8064600,        0,  -44935400,          0
  2604,   138,   53000000,    9054528,        0,  -43945472,          0
  2604,   139,   53000000,    8092943,        0,  -44907057,          0
  2604,   140,   53000000,    7043482,        0,  -45956518,          0
  2604,   141,   53000000,    8119456,        0,  -44880544,          0
  2604,   142,   53000000,    8241907,        0,  -44758093,          0
  2604,   143,   53000000,    8348512,        0,  -44651488,          0
  2604,   144,   53000000,    8669266,        0,  -44330734,          0
  2604,   145,   53000000,    5415048,        0,  -47584952,          0
  2604,   146,   53000000,    9085515,        0,  -43914485,          0
  2604,   147,   53000000,    8087695,        0,  -44912305,          0
  2604,   148,   53000000,    7059690,        0,  -45940310,          0
  2604,   149,   53000000,    6371774,        0,  -46628226,          0
  2604,   150,   53000000,   11066153,        0,  -41933847,          0
  2604,   151,   53000000,    8031964,        0,  -44968036,          0
  2604,   152,   53000000,    7032972,        0,  -45967028,          0
  2604,   153,   53000000,    6117381,        0,  -46882619,          0
  2604,   154,   53000000,    9070335,        0,  -43929665,          0
  2604,   155,   53000000,    7655405,        0,  -45344595,          0
  2604,   156,   53000000,    7427031,        0,  -45572969,          0
  2604,   157,   53000000,    6034997,        0,  -46965003,          0
  2604,   158,   53000000,    9058768,        0,  -43941232,          0
  2604,   159,   53000000,    8140414,        0,  -44859586,          0
  2604,   160,   53000000,    9099926,        0,  -43900074,          0
  2604,   161,   53000000,    7991733,        0,  -45008267,          0
  2604,   162,   53000000,    9315696,        0,  -43684304,          0
  2604,   163,   53000000,    8107656,        0,  -44892344,          0
  2604,   164,   53000000,    9020555,        0,  -43979445,          0
  2604,   165,   53000000,    6624047,        0,  -46375953,          0
  2604,   166,   53000000,    8512325,        0,  -44487675,          0
  2604,   167,   53000000,    8108482,        0,  -44891518,          0
  2604,   168,   53000000,    7089759,        0,  -45910241,          0
  2604,   169,   53000000,    8030501,        0,  -44969499,          0
  2604,   170,   53000000,    9081923,        0,  -43918077,          0
  2604,   171,   53000000,    7839651,        0,  -45160349,          0
  2604,   172,   53000000,    7068122,        0,  -45931878,          0
  2604,   173,   53000000,    6486444,        0,  -46513556,          0
  2604,   174,   53000000,    9112794,        0,  -43887206,          0
  2604,   175,   53000000,    8073080,        0,  -44926920,          0
  2604,   176,   53000000,    7354946,        0,  -45645054,          0
  2604,   177,   53000000,    7994837,        0,  -45005163,          0
  2604,   178,   53000000,   11069923,        0,  -41930077,          0
  2604,   179,   53000000,    8089054,        0,  -44910946,          0
  2604,   180,   53000000,    7023412,        0,  -45976588,          0
  2604,   181,   53000000,    8094283,        0,  -44905717,          0
  2604,   182,   53000000,    9077054,        0,  -43922946,          0
  2604,   183,   53000000,    8065743,        0,  -44934257,          0
  2604,   184,   53000000,    7021223,        0,  -45978777,          0
  2604,   185,   53000000,    6062485,        0,  -46937515,          0
  2604,   186,   53000000,    9111666,        0,  -43888334,          0
  2604,   187,   53000000,    8030293,        0,  -44969707,          0
  2604,   188,   53000000,    7045517,        0,  -45954483,          0
  2604,   189,   53000000,    8041499,        0,  -44958501,          0
  2604,   190,   53000000,    9792035,        0,  -43207965,          0
  2604,   191,   53000000,    8081144,        0,  -44918856,          0
  2604,   192,   53000000,    7072471,        0,  -45927529,          0
# task NAME=myapp PID=2609 COST=16846000 PERIOD=67000000 CPU=0
  2609,     2,   67000000,       9960,        0,  -66990040,          0
  2609,     3,   67000000,     155469,        0,  -66844531,          0
  2609,     4,   67000000,   33817079,        0,  -33182921,          0
  2609,     5,   67000000,   26782198,        0,  -40217802,          0
  2609,     6,   67000000,   29839482,        0,  -37160518,          0
  2609,     7,   67000000,   27042783,        0,  -39957217,          0
  2609,     8,   67000000,   31923716,        0,  -35076284,          0
  2609,     9,   67000000,   28778880,        0,  -38221120,          0
  2609,    10,   67000000,   29845653,        0,  -37154347,          0
  2609,    11,   67000000,   28001409,        0,  -38998591,          0
  2609,    12,   67000000,   29974822,        0,  -37025178,          0
  2609,    13,   67000000,   29075613,        0,  -37924387,          0
  2609,    14,   67000000,   27759169,        0,  -39240831,          0
  2609,    15,   67000000,   30934855,        0,  -36065145,          0
  2609,    16,   67000000,   31897816,        0,  -35102184,          0
  2609,    17,   67000000,   26772214,        0,  -40227786,          0
  2609,    18,   67000000,   27757469,        0,  -39242531,          0
  2609,    19,   67000000,   28120648,        0,  -38879352,          0
  2609,    20,   67000000,   32714034,        0,  -34285966,          0
  2609,    21,   67000000,   26771487,        0,  -40228513,          0
  2609,    22,   67000000,   27937754,        0,  -39062246,          0
  2609,    23,   67000000,   27965016,        0,  -39034984,          0
  2609,    24,   67000000,   32147997,        0,  -34852003,          0
  2609,    25,   67000000,   25996279,        0,  -41003721,          0
  2609,    26,   67000000,   28562777,        0,  -38437223,          0
  2609,    27,   67000000,   27024977,        0,  -39975023,          0
  2609,    28,   67000000,   28966520,        0,  -38033480,          0
  2609,    29,   67000000,   26753428,        0,  -40246572,          0
  2609,    30,   67000000,   27064030,        0,  -39935970,          0
  2609,    31,   67000000,   30993400,        0,  -36006600,          0
  2609,    32,   67000000,   31903570,        0,  -35096430,          0
  2609,    33,   67000000,   26765143,        0,  -40234857,          0
  2609,    34,   67000000,   27782909,        0,  -39217091,          0
  2609,    35,   67000000,   30896363,        0,  -36103637,          0
  2609,    36,   67000000,   31862944,        0,  -35137056,          0
  2609,    37,   67000000,   29134787,        0,  -37865213,          0
  2609,    38,   67000000,   29887498,        0,  -37112502,          0
  2609,    39,   67000000,   28255462,        0,  -38744538,          0
  2609,    40,   67000000,   32137267,        0,  -34862733,          0
  2609,    41,   67000000,   30461508,        0,  -36538492,          0
  2609,    42,   67000000,   27776380,        0,  -39223620,          0
  2609,    43,   67000000,   30890900,        0,  -36109100,          0
  2609,    44,   67000000,   31837174,        0,  -35162826,          0
  2609,    45,   67000000,   28846474,        0,  -38153526,          0
  2609,    46,   67000000,   27260255,        0,  -39739745,          0
  2609,    47,   67000000,   30870690,        0,  -36129310,          0
  2609,    48,   67000000,   31889492,        0,  -35110508,          0
  2609,    49,   67000000,   28893500,        0,  -38106500,          0
  2609,    50,   67000000,   30097328,        0,  -36902672,          0
  2609,    51,   67000000,   29651958,        0,  -37348042,          0
  2609,    52,   67000000,   32193192,        0,  -34806808,          0
  2609,    53,   67000000,   28914195,        0,  -38085805,          0
  2609,    54,   67000000,   30157262,        0,  -36842738,          0
  2609,    55,   67000000,   28792937,        0,  -38207063,          0
  2609,    56,   67000000,   32155997,        0,  -34844003,          0
  2609,    57,   67000000,   22130844,        0,  -44869156,          0
  2609,    58,   67000000,   29868587,        0,  -37131413,          0
  2609,    59,   67000000,   28799947,        0,  -38200053,          0
  2609,    60,   67000000,   31908551,        0,  -35091449,          0
  2609,    61,   67000000,   26771971,        0,  -40228029,          0
  2609,    62,   67000000,   29838313,        0,  -37161687,          0
  2609,    63,   67000000,   30886810,        0,  -36113190,          0
  2609,    64,   67000000,   31930049,        0,  -35069951,          0
  2609,    65,   67000000,   26790187,        0,  -40209813,          0
  2609,    66,   67000000,   27478603,        0,  -39521397,          0
  2609,    67,   67000000,   32195175,        0,  -34804825,          0
  2609,    68,   67000000,   31911924,        0,  -35088076,          0
  2609,    69,   67000000,   29107421,        0,  -37892579,          0
  2609,    70,   67000000,   29887909,        0,  -37112091,          0
  2609,    71,   67000000,   30885471,        0,  -36114529,          0
  2609,    72,   67000000,   28958354,        0,  -38041646,          0
  2609,    73,   67000000,   26782120,        0,  -40217880,          0
  2609,    74,   67000000,   28186992,        0,  -38813008,          0
  2609,    75,   67000000,   30914735,        0,  -36085265,          0
  2609,    76,   67000000,   31886247,        0,  -35113753,          0
  2609,    77,   67000000,   28958499,        0,  -38041501,          0
  2609,    78,   67000000,   27137973,        0,  -39862027,          0
  2609,    79,   67000000,   28756967,        0,  -38243033,          0
  2609,    80,   67000000,   32117614,        0,  -34882386,          0
  2609,    81,   67000000,   26768104,        0,  -40231896,          0
  2609,    82,   67000000,   29831208,        0,  -37168792,          0
  2609,    83,   67000000,   28796022,        0,  -38203978,          0
  2609,    84,   67000000,   29285918,        0,  -37714082,          0
  2609,    85,   67000000,   27008437,        0,  -39991563,          0
  2609,    86,   67000000,   26912356,        0,  -40087644,          0
  2609,    87,   67000000,   30882329,        0,  -36117671,          0
  2609,    88,   67000000,   31945441,        0,  -35054559,          0
  2609,    89,   67000000,   26073012,        0,  -40926988,          0
  2609,    90,   67000000,   29818592,        0,  -37181408,          0
  2609,    91,   67000000,   28276173,        0,  -38723827,          0
  2609,    92,   67000000,   31900945,        0,  -35099055,          0
  2609,    93,   67000000,   30479640,        0,  -36520360,          0
  2609,    94,   67000000,   29935010,        0,  -37064990,          0
  2609,    95,   67000000,   30876393,        0,  -36123607,          0
  2609,    96,   67000000,   31880910,        0,  -35119090,          0
  2609,    97,   67000000,   26797459,        0,  -40202541,          0
  2609,    98,   67000000,   29858198,        0,  -37141802,          0
  2609,    99,   67000000,   30967654,        0,  -36032346,          0
  2609,   100,   67000000,   30889323,        0,  -36110677,          0
  2609,   101,   67000000,   26758565,        0,  -40241435,          0
  2609,   102,   67000000,   30119663,        0,  -36880337,          0
  2609,   103,   67000000,   30949240,        0,  -36050760,          0
  2609,   104,   67000000,   29172025,        0,  -37827975,          0
  2609,   105,   67000000,   26777556,        0,  -40222444,          0
  2609,   106,   67000000,   27463281,        0,  -39536719,          0
  2609,   107,   67000000,   30891922,        0,  -36108078,          0
  2609,   108,   67000000,   32181570,        0,  -34818430,          0
  2609,   109,   67000000,   28846024,        0,  -38153976,          0
  2609,   110,   67000000,   29838637,        0,  -37161363,          0
  2609,   111,   67000000,   30866335,        0,  -36133665,          0
  2609,   112,   67000000,   31867696,        0,  -35132304,          0
  2609,   113,   67000000,   28836239,        0,  -38163761,          0
  2609,   114,   67000000,   29848083,        0,  -37151917,          0
  2609,   115,   67000000,   30731594,        0,  -36268406,          0
  2609,   116,   67000000,   31865172,        0,  -35134828,          0
  2609,   117,   67000000,   25977014,        0,  -41022986,          0
  2609,   118,   67000000,   29777083,        0,  -37222917,          0
  2609,   119,   67000000,   28056290,        0,  -38943710,          0
  2609,   120,   67000000,   31883385,        0,  -35116615,          0
  2609,   121,   67000000,   27087504,        0,  -39912496,          0
  2609,   122,   67000000,   29862323,        0,  -37137677,          0
  2609,   123,   67000000,   31039720,        0,  -35960280,          0
  2609,   124,   67000000,   31943959,        0,  -35056041,          0
  2609,   125,   67000000,   28968874,        0,  -38031126,          0
  2609,   126,   67000000,   27784276,        0,  -39215724,          0
  2609,   127,   67000000,   30896548,        0,  -36103452,          0
  2609,   128,   67000000,   31825083,        0,  -35174917,          0
  2609,   129,   67000000,   28884670,        0,  -38115330,          0
  2609,   130,   67000000,   31846894,        0,  -35153106,          0
  2609,   131,   67000000,   27066298,        0,  -39933702,          0
  2609,   132,   67000000,   31889065,        0,  -35110935,          0
  2609,   133,   67000000,   25924787,        0,  -41075213,          0
  2609,   134,   67000000,   29873648,        0,  -37126352,          0
  2609,   135,   67000000,   30935984,        0,  -36064016,          0
  2609,   136,   67000000,   32222098,        0,  -34777902,          0
  2609,   137,   67000000,   28873939,        0,  -38126061,          0
  2609,   138,   67000000,   31916656,        0,  -35083344,          0
  2609,   139,   67000000,   27911539,        0,  -39088461,          0
  2609,   140,   67000000,   33849936,        0,  -33150064,          0
  2609,   141,   67000000,   28870944,        0,  -38129056,          0
  2609,   142,   67000000,   29860285,        0,  -37139715,          0
  2609,   143,   67000000,   28941107,        0,  -38058893,          0
  2609,   144,   67000000,   29472708,        0,  -37527292,          0
  2609,   145,   67000000,   28808249,        0,  -38191751,          0
  2609,   146,   67000000,   29893977,        0,  -37106023,          0
  2609,   147,   67000000,   30880270,        0,  -36119730,          0
  2609,   148,   67000000,   31845464,        0,  -35154536,          0
  2609,   149,   67000000,   29179102,        0,  -37820898,          0
  2609,   150,   67000000,   29850481,        0,  -37149519,          0
  2609,   151,   67000000,   31269569,        0,  -35730431,          0
  2609,   152,   67000000,   31898844,        0,  -35101156,          0
  2609,   153,   67000000,   29028053,        0,  -37971947,          0
# task NAME=myapp PID=2613 COST=2441000 PERIOD=28000000 CPU=0
  2613,     2,   28000000,      10561,        0,  -27989439,          0
  2613,     3,   28000000,     128701,        0,  -27871299,          0
  2613,     4,   28000000,    3453517,        0,  -24546483,          0
  2613,     5,   28000000,    4452078,        0,  -23547922,          0
  2613,     6,   28000000,    5151999,        0,  -22848001,          0
  2613,     7,   28000000,    3169326,        0,  -24830674,          0
  2613,     8,   28000000,    2621953,        0,  -25378047,          0
  2613,     9,   28000000,    3150609,        0,  -24849391,          0
  2613,    10,   28000000,    3116007,        0,  -24883993,          0
  2613,    11,   28000000,    3168700,        0,  -24831300,          0
  2613,    12,   28000000,    3173937,        0,  -24826063,          0
  2613,    13,   28000000,    3160549,        0,  -24839451,          0
  2613,    14,   28000000,    3132460,        0,  -24867540,          0
  2613,    15,   28000000,    4041835,        0,  -23958165,          0
  2613,    16,   28000000,    3244095,        0,  -24755905,          0
  2613,    17,   28000000,    3192775,        0,  -24807225,          0
  2613,    18,   28000000,    3159855,        0,  -24840145,          0
  2613,    19,   28000000,    3179570,        0,  -24820430,          0
  2613,    20,   28000000,    3150876,        0,  -24849124,          0
  2613,    21,   28000000,    3129990,        0,  -24870010,          0
  2613,    22,   28000000,    3912798,        0,  -24087202,          0
  2613,    23,   28000000,    3449634,        0,  -24550366,          0
  2613,    24,   28000000,    3157909,        0,  -24842091,          0
  2613,    25,   28000000,    5111153,        0,  -22888847,          0
  2613,    26,   28000000,    3156601,        0,  -24843399,          0
  2613,    27,   28000000,    5144164,        0,  -22855836,          0
  2613,    28,   28000000,    3133378,        0,  -24866622,          0
  2613,    29,   28000000,    4047033,        0,  -23952967,          0
  2613,    30,   28000000,    3178936,        0,  -24821064,          0
  2613,    31,   28000000,    5163782,        0,  -22836218,          0
  2613,    32,   28000000,    3157722,        0,  -24842278,          0
  2613,    33,   28000000,    4748488,        0,  -23251512,          0
  2613,    34,   28000000,    5232576,        0,  -22767424,          0
  2613,    35,   28000000,    3581431,        0,  -24418569,          0
  2613,    36,   28000000,    3465415,        0,  -24534585,          0
  2613,    37,   28000000,    5139473,        0,  -22860527,          0
  2613,    38,   28000000,    4091056,        0,  -23908944,          0
  2613,    39,   28000000,    3157522,        0,  -24842478,          0
  2613,    40,   28000000,    3837545,        0,  -24162455,          0
  2613,    41,   28000000,    3406032,        0,  -24593968,          0
  2613,    42,   28000000,    3976825,        0,  -24023175,          0
  2613,    43,   28000000,    3159577,        0,  -24840423,          0
  2613,    44,   28000000,    5113197,        0,  -22886803,          0
  2613,    45,   28000000,    3450440,        0,  -24549560,          0
  2613,    46,   28000000,    3152432,        0,  -24847568,          0
  2613,    47,   28000000,    4016332,        0,  -23983668,          0
  2613,    48,   28000000,    3152608,        0,  -24847392,          0
  2613,    49,   28000000,    5678335,        0,  -22321665,          0
  2613,    50,   28000000,    3460295,        0,  -24539705,          0
  2613,    51,   28000000,    3128529,        0,  -24871471,          0
  2613,    52,   28000000,    5165060,        0,  -22834940,          0
  2613,    53,   28000000,    3146293,        0,  -24853707,          0
  2613,    54,   28000000,    3165513,        0,  -24834487,          0
  2613,    55,   28000000,    5215566,        0,  -22784434,          0
  2613,    56,   28000000,    5143200,        0,  -22856800,          0
  2613,    57,   28000000,    3161076,        0,  -24838924,          0
  2613,    58,   28000000,    5148899,        0,  -22851101,          0
  2613,    59,   28000000,    3132986,        0,  -24867014,          0
  2613,    60,   28000000,    3123591,        0,  -24876409,          0
  2613,    61,   28000000,    4673943,        0,  -23326057,          0
  2613,    62,   28000000,    4278513,        0,  -23721487,          0
  2613,    63,   28000000,    3800024,        0,  -24199976,          0
  2613,    64,   28000000,    3172971,        0,  -24827029,          0
  2613,    65,   28000000,    3449552,        0,  -24550448,          0
  2613,    66,   28000000,    3155649,        0,  -24844351,          0
  2613,    67,   28000000,    3566301,        0,  -24433699,          0
  2613,    68,   28000000,    3145020,        0,  -24854980,          0
  2613,    69,   28000000,    5151419,        0,  -22848581,          0
  2613,    70,   28000000,    3207976,        0,  -24792024,          0
  2613,    71,   28000000,    5329398,        0,  -22670602,          0
  2613,    72,   28000000,    5146173,        0,  -22853827,          0
  2613,    73,   28000000,    5138310,        0,  -22861690,          0
  2613,    74,   28000000,    4129527,        0,  -23870473,          0
  2613,    75,   28000000,    3415713,        0,  -24584287,          0
  2613,    76,   28000000,    3127539,        0,  -24872461,          0
  2613,    77,   28000000,    3148591,        0,  -24851409,          0
  2613,    78,   28000000,    4003516,        0,  -23996484,          0
  2613,    79,   28000000,    3151704,        0,  -24848296,          0
  2613,    80,   28000000,    3151413,        0,  -24848587,          0
  2613,    81,   28000000,    3103663,        0,  -24896337,          0
  2613,    82,   28000000,    3161721,        0,  -24838279,          0
  2613,    83,   28000000,    5153702,        0,  -22846298,          0
  2613,    84,   28000000,    5146660,        0,  -22853340,          0
  2613,    85,   28000000,    3174786,        0,  -24825214,          0
  2613,    86,   28000000,    3114768,        0,  -24885232,          0
  2613,    87,   28000000,    4755627,        0,  -23244373,          0
  2613,    88,   28000000,    4344991,        0,  -23655009,          0
  2613,    89,   28000000,    3131221,        0,  -24868779,          0
  2613,    90,   28000000,    5272499,        0,  -22727501,          0
  2613,    91,   28000000,    3110748,        0,  -24889252,          0
  2613,    92,   28000000,    3145501,        0,  -24854499,          0
  2613,    93,   28000000,    5828411,        0,  -22171589,          0
  2613,    94,   28000000,    3127308,        0,  -24872692,          0
  2613,    95,   28000000,    3128330,        0,  -24871670,          0
  2613,    96,   28000000,    3121961,        0,  -24878039,          0
  2613,    97,   28000000,    3162363,        0,  -24837637,          0
  2613,    98,   28000000,    3161228,        0,  -24838772,          0
  2613,    99,   28000000,    3165164,        0,  -24834836,          0
  2613,   100,   28000000,    3221556,        0,  -24778444,          0
  2613,   101,   28000000,    3174035,        0,  -24825965,          0
  2613,   102,   28000000,    5161332,        0,  -22838668,          0
  2613,   103,   28000000,    3388482,        0,  -24611518,          0
  2613,   104,   28000000,    3992299,        0,  -24007701,          0
  2613,   105,   28000000,    4267950,        0,  -23732050,          0
  2613,   106,   28000000,    5136317,        0,  -22863683,          0
  2613,   107,   28000000,    3224745,        0,  -24775255,          0
  2613,   108,   28000000,    3987153,        0,  -24012847,          0
  2613,   109,   28000000,    2419173,        0,  -25580827,          0
  2613,   110,   28000000,    3145757,        0,  -24854243,          0
  2613,   111,   28000000,    3918868,        0,  -24081132,          0
  2613,   112,   28000000,    3427850,        0,  -24572150,          0
  2613,   113,   28000000,    4066962,        0,  -23933038,          0
  2613,   114,   28000000,    3752826,        0,  -24247174,          0
  2613,   115,   28000000,    3095323,        0,  -24904677,          0
  2613,   116,   28000000,    3166569,        0,  -24833431,          0
  2613,   117,   28000000,    4340311,        0,  -23659689,          0
  2613,   118,   28000000,    4086017,        0,  -23913983,          0
  2613,   119,   28000000,    3157910,        0,  -24842090,          0
  2613,   120,   28000000,    3164875,        0,  -24835125,          0
  2613,   121,   28000000,    5167499,        0,  -22832501,          0
  2613,   122,   28000000,    3159746,        0,  -24840254,          0
  2613,   123,   28000000,    4463626,        0,  -23536374,          0
  2613,   124,   28000000,    5185929,        0,  -22814071,          0
  2613,   125,   28000000,    4456062,        0,  -23543938,          0
  2613,   126,   28000000,    3173086,        0,  -24826914,          0
  2613,   127,   28000000,    3118256,        0,  -24881744,          0
  2613,   128,   28000000,    4981254,        0,  -23018746,          0
  2613,   129,   28000000,    3140926,        0,  -24859074,          0
  2613,   130,   28000000,    5178182,        0,  -22821818,          0
  2613,   131,   28000000,    4984408,        0,  -23015592,          0
  2613,   132,   28000000,    3162934,        0,  -24837066,          0
  2613,   133,   28000000,    5177627,        0,  -22822373,          0
  2613,   134,   28000000,    4082094,        0,  -23917906,          0
  2613,   135,   28000000,    3158229,        0,  -24841771,          0
  2613,   136,   28000000,    4817984,        0,  -23182016,          0
  2613,   137,   28000000,    3203689,        0,  -24796311,          0
  2613,   138,   28000000,    5155957,        0,  -22844043,          0
  2613,   139,   28000000,    3190124,        0,  -24809876,          0
  2613,   140,   28000000,    3163718,        0,  -24836282,          0
  2613,   141,   28000000,    5187260,        0,  -22812740,          0
  2613,   142,   28000000,    3158098,        0,  -24841902,          0
  2613,   143,   28000000,    5178952,        0,  -22821048,          0
  2613,   144,   28000000,    3176488,        0,  -24823512,          0
  2613,   145,   28000000,    3169143,        0,  -24830857,          0
  2613,   146,   28000000,    3216599,        0,  -24783401,          0
  2613,   147,   28000000,    5151072,        0,  -22848928,          0
  2613,   148,   28000000,    3472096,        0,  -24527904,          0
  2613,   149,   28000000,    3151265,        0,  -24848735,          0
  2613,   150,   28000000,    5159911,        0,  -22840089,          0
  2613,   151,   28000000,    4985150,        0,  -23014850,          0
  2613,   152,   28000000,    3276649,        0,  -24723351,          0
  2613,   153,   28000000,    3178534,        0,  -24821466,          0
  2613,   154,   28000000,    5187306,        0,  -22812694,          0
  2613,   155,   28000000,    3152347,        0,  -24847653,          0
  2613,   156,   28000000,    3201524,        0,  -24798476,          0
  2613,   157,   28000000,    2373888,        0,  -25626112,          0
  2613,   158,   28000000,    4742762,        0,  -23257238,          0
  2613,   159,   28000000,    3142225,        0,  -24857775,          0
  2613,   160,   28000000,    5153937,        0,  -22846063,          0
  2613,   161,   28000000,    3463511,        0,  -24536489,          0
  2613,   162,   28000000,    5190201,        0,  -22809799,          0
  2613,   163,   28000000,    3677465,        0,  -24322535,          0
  2613,   164,   28000000,    5174751,        0,  -22825249,          0
  2613,   165,   28000000,    5169171,        0,  -22830829,          0
  2613,   166,   28000000,    3160266,        0,  -24839734,          0
  2613,   167,   28000000,    3185931,        0,  -24814069,          0
  2613,   168,   28000000,    3134519,        0,  -24865481,          0
  2613,   169,   28000000,    3828099,        0,  -24171901,          0
  2613,   170,   28000000,    5340879,        0,  -22659121,          0
  2613,   171,   28000000,    3149288,        0,  -24850712,          0
  2613,   172,   28000000,    5179987,        0,  -22820013,          0
  2613,   173,   28000000,    3145220,        0,  -24854780,          0
  2613,   174,   28000000,    4431635,        0,  -23568365,          0
  2613,   175,   28000000,    3167876,        0,  -24832124,          0
  2613,   176,   28000000,    5174107,        0,  -22825893,          0
  2613,   177,   28000000,    3144166,        0,  -24855834,          0
  2613,   178,   28000000,    3171268,        0,  -24828732,          0
  2613,   179,   28000000,    5181799,        0,  -22818201,          0
  2613,   180,   28000000,    4126213,        0,  -23873787,          0
  2613,   181,   28000000,    3179359,        0,  -24820641,          0
  2613,   182,   28000000,    5167876,        0,  -22832124,          0
  2613,   183,   28000000,    2374333,        0,  -25625667,          0
  2613,   184,   28000000,    5166657,        0,  -22833343,          0
  2613,   185,   28000000,    5171596,        0,  -22828404,          0
  2613,   186,   28000000,    3155516,        0,  -24844484,          0
  2613,   187,   28000000,    5195092,        0,  -22804908,          0
  2613,   188,   28000000,    3162559,        0,  -24837441,          0
  2613,   189,   28000000,    5150510,        0,  -22849490,          0
  2613,   190,   28000000,    5176408,        0,  -22823592,          0
  2613,   191,   28000000,    3139779,        0,  -24860221,          0
  2613,   192,   28000000,    5174682,        0,  -22825318,          0
  2613,   193,   28000000,    3166107,        0,  -24833893,          0
  2613,   194,   28000000,    4156974,        0,  -23843026,          0
  2613,   195,   28000000,    3474931,        0,  -24525069,          0
  2613,   196,   28000000,    5089826,        0,  -22910174,          0
  2613,   197,   28000000,    5118819,        0,  -22881181,          0
  2613,   198,   28000000,    4691660,        0,  -23308340,          0
  2613,   199,   28000000,    3174192,        0,  -24825808,          0
  2613,   200,   28000000,    5113151,        0,  -22886849,          0
  2613,   201,   28000000,    3169373,        0,  -24830627,          0
  2613,   202,   28000000,    3176039,        0,  -24823961,          0
  2613,   203,   28000000,    3172049,        0,  -24827951,          0
  2613,   204,   28000000,    5193945,        0,  -22806055,          0
  2613,   205,   28000000,    3154961,        0,  -24845039,          0
  2613,   206,   28000000,    3163122,        0,  -24836878,          0
  2613,   207,   28000000,    5163750,        0,  -22836250,          0
  2613,   208,   28000000,    4874274,        0,  -23125726,          0
  2613,   209,   28000000,    3132812,        0,  -24867188,          0
  2613,   210,   28000000,    3169281,        0,  -24830719,          0
  2613,   211,   28000000,    3187787,        0,  -24812213,          0
  2613,   212,   28000000,    5147740,        0,  -22852260,          0
  2613,   213,   28000000,    3147214,        0,  -24852786,          0
  2613,   214,   28000000,    3163307,        0,  -24836693,          0
  2613,   215,   28000000,    3182632,        0,  -24817368,          0
  2613,   216,   28000000,    5175838,        0,  -22824162,          0
  2613,   217,   28000000,    3163150,        0,  -24836850,          0
  2613,   218,   28000000,    3186993,        0,  -24813007,          0
  2613,   219,   28000000,    3418000,        0,  -24582000,          0
  2613,   220,   28000000,    3174545,        0,  -24825455,          0
  2613,   221,   28000000,    5148289,        0,  -22851711,          0
  2613,   222,   28000000,    3173543,        0,  -24826457,          0
  2613,   223,   28000000,    3875224,        0,  -24124776,          0
  2613,   224,   28000000,    3145045,        0,  -24854955,          0
  2613,   225,   28000000,    5135350,        0,  -22864650,          0
  2613,   226,   28000000,    5027560,        0,  -22972440,          0
  2613,   227,   28000000,    3176255,        0,  -24823745,          0
  2613,   228,   28000000,    5171380,        0,  -22828620,          0
  2613,   229,   28000000,    5163916,        0,  -22836084,          0
  2613,   230,   28000000,    5159383,        0,  -22840617,          0
  2613,   231,   28000000,    3112476,        0,  -24887524,          0
  2613,   232,   28000000,    3156865,        0,  -24843135,          0
  2613,   233,   28000000,    5185904,        0,  -22814096,          0
  2613,   234,   28000000,    3168072,        0,  -24831928,          0
  2613,   235,   28000000,    5171472,        0,  -22828528,          0
  2613,   236,   28000000,    5132768,        0,  -22867232,          0
  2613,   237,   28000000,    3730709,        0,  -24269291,          0
  2613,   238,   28000000,    3158327,        0,  -24841673,          0
  2613,   239,   28000000,    6154329,        0,  -21845671,          0
  2613,   240,   28000000,    3185243,        0,  -24814757,          0
  2613,   241,   28000000,    3158591,        0,  -24841409,          0
  2613,   242,   28000000,    3164602,        0,  -24835398,          0
  2613,   243,   28000000,    4982814,        0,  -23017186,          0
  2613,   244,   28000000,    3115737,        0,  -24884263,          0
  2613,   245,   28000000,    5140097,        0,  -22859903,          0
  2613,   246,   28000000,    3146158,        0,  -24853842,          0
  2613,   247,   28000000,    5168876,        0,  -22831124,          0
  2613,   248,   28000000,    3181405,        0,  -24818595,          0
  2613,   249,   28000000,    3148333,        0,  -24851667,          0
  2613,   250,   28000000,    3170149,        0,  -24829851,          0
  2613,   251,   28000000,    3146013,        0,  -24853987,          0
  2613,   252,   28000000,    4135823,        0,  -23864177,          0
  2613,   253,   28000000,    4479840,        0,  -23520160,          0
  2613,   254,   28000000,    3126308,        0,  -24873692,          0
  2613,   255,   28000000,    3547375,        0,  -24452625,          0
  2613,   256,   28000000,    3200410,        0,  -24799590,          0
  2613,   257,   28000000,    5205603,        0,  -22794397,          0
  2613,   258,   28000000,    3172077,        0,  -24827923,          0
  2613,   259,   28000000,    4921209,        0,  -23078791,          0
  2613,   260,   28000000,    5177719,        0,  -22822281,          0
  2613,   261,   28000000,    3134704,        0,  -24865296,          0
  2613,   262,   28000000,    3184326,        0,  -24815674,          0
  2613,   263,   28000000,    3176814,        0,  -24823186,          0
  2613,   264,   28000000,    3400582,        0,  -24599418,          0
  2613,   265,   28000000,    5149714,        0,  -22850286,          0
  2613,   266,   28000000,    5239724,        0,  -22760276,          0
  2613,   267,   28000000,    3167386,        0,  -24832614,          0
  2613,   268,   28000000,    4828527,        0,  -23171473,          0
  2613,   269,   28000000,    2373696,        0,  -25626304,          0
  2613,   270,   28000000,    3197205,        0,  -24802795,          0
  2613,   271,   28000000,    3943911,        0,  -24056089,          0
  2613,   272,   28000000,    5206312,        0,  -22793688,          0
  2613,   273,   28000000,    3185715,        0,  -24814285,          0
  2613,   274,   28000000,    5140536,        0,  -22859464,          0
  2613,   275,   28000000,    3174737,        0,  -24825263,          0
  2613,   276,   28000000,    5114127,        0,  -22885873,          0
  2613,   277,   28000000,    3145648,        0,  -24854352,          0
  2613,   278,   28000000,    5200064,        0,  -22799936,          0
  2613,   279,   28000000,    3177289,        0,  -24822711,          0
  2613,   280,   28000000,    3155662,        0,  -24844338,          0
  2613,   281,   28000000,    3181886,        0,  -24818114,          0
  2613,   282,   28000000,    5172033,        0,  -22827967,          0
  2613,   283,   28000000,    5185541,        0,  -22814459,          0
  2613,   284,   28000000,    3464782,        0,  -24535218,          0
  2613,   285,   28000000,    5142932,        0,  -22857068,          0
  2613,   286,   28000000,    3171732,        0,  -24828268,          0
  2613,   287,   28000000,    3135282,        0,  -24864718,          0
  2613,   288,   28000000,    3920998,        0,  -24079002,          0
  2613,   289,   28000000,    3204284,        0,  -24795716,          0
  2613,   290,   28000000,    3138287,        0,  -24861713,          0
  2613,   291,   28000000,    3144868,        0,  -24855132,          0
  2613,   292,   28000000,    3159148,        0,  -24840852,          0
  2613,   293,   28000000,    3449051,        0,  -24550949,          0
  2613,   294,   28000000,    3196637,        0,  -24803363,          0
  2613,   295,   28000000,    3455605,        0,  -24544395,          0
  2613,   296,   28000000,    5172099,        0,  -22827901,          0
  2613,   297,   28000000,    4251903,        0,  -23748097,          0
  2613,   298,   28000000,    3160484,        0,  -24839516,          0
  2613,   299,   28000000,    3439055,        0,  -24560945,          0
  2613,   300,   28000000,    3184284,        0,  -24815716,          0
  2613,   301,   28000000,    3137908,        0,  -24862092,          0
  2613,   302,   28000000,    6106267,        0,  -21893733,          0
  2613,   303,   28000000,    3132343,        0,  -24867657,          0
  2613,   304,   28000000,    5179882,        0,  -22820118,          0
  2613,   305,   28000000,    5019523,        0,  -22980477,          0
  2613,   306,   28000000,    3640606,        0,  -24359394,          0
  2613,   307,   28000000,    3181959,        0,  -24818041,          0
  2613,   308,   28000000,    4716499,        0,  -23283501,          0
  2613,   309,   28000000,    4220785,        0,  -23779215,          0
  2613,   310,   28000000,    4081965,        0,  -23918035,          0
  2613,   311,   28000000,    3172159,        0,  -24827841,          0
  2613,   312,   28000000,    3109328,        0,  -24890672,          0
  2613,   313,   28000000,    5162623,        0,  -22837377,          0
  2613,   314,   28000000,    5181241,        0,  -22818759,          0
  2613,   315,   28000000,    5174555,        0,  -22825445,          0
  2613,   316,   28000000,    5114965,        0,  -22885035,          0
  2613,   317,   28000000,    5178751,        0,  -22821249,          0
  2613,   318,   28000000,    3149984,        0,  -24850016,          0
  2613,   319,   28000000,    3169944,        0,  -24830056,          0
  2613,   320,   28000000,    5183384,        0,  -22816616,          0
  2613,   321,   28000000,    3152348,        0,  -24847652,          0
  2613,   322,   28000000,    5158555,        0,  -22841445,          0
  2613,   323,   28000000,    3142839,        0,  -24857161,          0
  2613,   324,   28000000,    4177165,        0,  -23822835,          0
  2613,   325,   28000000,    3161225,        0,  -24838775,          0
  2613,   326,   28000000,    3134608,        0,  -24865392,          0
  2613,   327,   28000000,    5164519,        0,  -22835481,          0
  2613,   328,   28000000,    3101915,        0,  -24898085,          0
  2613,   329,   28000000,    4451949,        0,  -23548051,          0
  2613,   330,   28000000,    3428465,        0,  -24571535,          0
  2613,   331,   28000000,    5175067,        0,  -22824933,          0
  2613,   332,   28000000,    5164271,        0,  -22835729,          0
  2613,   333,   28000000,    4516278,        0,  -23483722,          0
  2613,   334,   28000000,    4916438,        0,  -23083562,          0
  2613,   335,   28000000,    6094944,        0,  -21905056,          0
  2613,   336,   28000000,    5179956,        0,  -22820044,          0
  2613,   337,   28000000,    4277843,        0,  -23722157,          0
  2613,   338,   28000000,    3242345,        0,  -24757655,          0
  2613,   339,   28000000,    3179501,        0,  -24820499,          0
  2613,   340,   28000000,    5111215,        0,  -22888785,          0
  2613,   341,   28000000,    3142313,        0,  -24857687,          0
  2613,   342,   28000000,    3193723,        0,  -24806277,          0
  2613,   343,   28000000,    2400721,        0,  -25599279,          0
  2613,   344,   28000000,    4552937,        0,  -23447063,          0
  2613,   345,   28000000,    3172639,        0,  -24827361,          0
  2613,   346,   28000000,    3191786,        0,  -24808214,          0
  2613,   347,   28000000,    3174794,        0,  -24825206,          0
  2613,   348,   28000000,    3157413,        0,  -24842587,          0
  2613,   349,   28000000,    3486469,        0,  -24513531,          0
  2613,   350,   28000000,    5151761,        0,  -22848239,          0
  2613,   351,   28000000,    3154187,        0,  -24845813,          0
  2613,   352,   28000000,    5171719,        0,  -22828281,          0
  2613,   353,   28000000,    3629132,        0,  -24370868,          0
  2613,   354,   28000000,    3112719,        0,  -24887281,          0
  2613,   355,   28000000,    5177637,        0,  -22822363,          0
  2613,   356,   28000000,    3473484,        0,  -24526516,          0
  2613,   357,   28000000,    5153640,        0,  -22846360,          0
  2613,   358,   28000000,    3227591,        0,  -24772409,          0
  2613,   359,   28000000,    3177252,        0,  -24822748,          0
  2613,   360,   28000000,    3181035,        0,  -24818965,          0
  2613,   361,   28000000,    3137900,        0,  -24862100,          0
# task NAME=myapp PID=2617 COST=21704000 PERIOD=27000000 CPU=0
  2617,     2,   27000000,      16012,        0,  -26983988,          0
  2617,     3,   27000000,      56628,        0,  -26943372,          0
  2617,     4,   27000000,   40577997,        1,   13577997,   13577997
  2617,     5,   27000000,   54434355,        1,   27434355,   27434355
  2617,     6,   27000000,   67219693,        1,   40219693,   40219693
  2617,     7,   27000000,   82915138,        1,   55915138,   55915138
  2617,     8,   27000000,   96633767,        1,   69633767,   69633767
  2617,     9,   27000000,  110337718,        1,   83337718,   83337718
  2617,    10,   27000000,  123404639,        1,   96404639,   96404639
  2617,    11,   27000000,  139204399,        1,  112204399,  112204399
  2617,    12,   27000000,  152936859,        1,  125936859,  125936859
  2617,    13,   27000000,  168887737,        1,  141887737,  141887737
  2617,    14,   27000000,  182540740,        1,  155540740,  155540740
  2617,    15,   27000000,  196266126,        1,  169266126,  169266126
  2617,    16,   27000000,  212001587,        1,  185001587,  185001587
  2617,    17,   27000000,  225726602,        1,  198726602,  198726602
  2617,    18,   27000000,  240225836,        1,  213225836,  213225836
  2617,    19,   27000000,  255198158,        1,  228198158,  228198158
  2617,    20,   27000000,  268921212,        1,  241921212,  241921212
  2617,    21,   27000000,  282567570,        1,  255567570,  255567570
  2617,    22,   27000000,  298652209,        1,  271652209,  271652209
  2617,    23,   27000000,  312510538,        1,  285510538,  285510538
  2617,    24,   27000000,  329047741,        1,  302047741,  302047741
  2617,    25,   27000000,  341233262,        1,  314233262,  314233262
  2617,    26,   27000000,  354891433,        1,  327891433,  327891433
  2617,    27,   27000000,  369769026,        1,  342769026,  342769026
  2617,    28,   27000000,  384386038,        1,  357386038,  357386038
  2617,    29,   27000000,  398160204,        1,  371160204,  371160204
  2617,    30,   27000000,  413872338,        1,  386872338,  386872338
  2617,    31,   27000000,  427522844,        1,  400522844,  400522844
  2617,    32,   27000000,  441235206,        1,  414235206,  414235206
  2617,    33,   27000000,  456955043,        1,  429955043,  429955043
  2617,    34,   27000000,  466189141,        1,  439189141,  439189141
  2617,    35,   27000000,  479841489,        1,  452841489,  452841489
  2617,    36,   27000000,  492602068,        1,  465602068,  465602068
  2617,    37,   27000000,  506336818,        1,  479336818,  479336818
  2617,    38,   27000000,  522374700,        1,  495374700,  495374700
  2617,    39,   27000000,  536037030,        1,  509037030,  509037030
  2617,    40,   27000000,  549730377,        1,  522730377,  522730377
  2617,    41,   27000000,  565401866,        1,  538401866,  538401866
  2617,    42,   27000000,  578166339,        1,  551166339,  551166339
  2617,    43,   27000000,  591821900,        1,  564821900,  564821900
  2617,    44,   27000000,  605450418,        1,  578450418,  578450418
  2617,    45,   27000000,  619613591,        1,  592613591,  592613591
  2617,    46,   27000000,  633969956,        1,  606969956,  606969956
  2617,    47,   27000000,  647892578,        1,  620892578,  620892578
  2617,    48,   27000000,  661658799,        1,  634658799,  634658799
  2617,    49,   27000000,  677335230,        1,  650335230,  650335230
  2617,    50,   27000000,  691301654,        1,  664301654,  664301654
  2617,    51,   27000000,  704075026,        1,  677075026,  677075026
  2617,    52,   27000000,  717694233,        1,  690694233,  690694233
  2617,    53,   27000000,  733548112,        1,  706548112,  706548112
  2617,    54,   27000000,  747230589,        1,  720230589,  720230589
  2617,    55,   27000000,  762904899,        1,  735904899,  735904899
  2617,    56,   27000000,  776613557,        1,  749613557,  749613557
  2617,    57,   27000000,  790273541,        1,  763273541,  763273541
  2617,    58,   27000000,  802371392,        1,  775371392,  775371392
  2617,    59,   27000000,  815987101,        1,  788987101,  788987101
