# Task,   Job,     Period,   Response, DL Miss?,   Lateness,  Tardiness
# task NAME=myapp PID=6824 COST=18502000 PERIOD=26000000 CPU=0
  6824,     2,   26000000,       8733,        0,  -25991267,          0
  6824,     3,   26000000,      69825,        0,  -25930175,          0
  6824,     4,   26000000,   18115324,        0,   -7884676,          0
  6824,     5,   26000000,   18146625,        0,   -7853375,          0
  6824,     6,   26000000,   18155663,        0,   -7844337,          0
  6824,     7,   26000000,   32132201,        1,    6132201,    6132201
  6824,     8,   26000000,   24220236,        0,   -1779764,          0
  6824,     9,   26000000,   18643516,        0,   -7356484,          0
  6824,    10,   26000000,   21538062,        0,   -4461938,          0
  6824,    11,   26000000,   18141977,        0,   -7858023,          0
  6824,    12,   26000000,   32635348,        1,    6635348,    6635348
  6824,    13,   26000000,   24750346,        0,   -1249654,          0
  6824,    14,   26000000,   18159022,        0,   -7840978,          0
  6824,    15,   26000000,   18440069,        0,   -7559931,          0
  6824,    16,   26000000,   18127730,        0,   -7872270,          0
  6824,    17,   26000000,   41155788,        1,   15155788,   15155788
  6824,    18,   26000000,   39817164,        1,   13817164,   13817164
  6824,    19,   26000000,   31925661,        1,    5925661,    5925661
  6824,    20,   26000000,   24329387,        0,   -1670613,          0
  6824,    21,   26000000,   18133081,        0,   -7866919,          0
  6824,    22,   26000000,   74166951,        1,   48166951,   48166951
  6824,    23,   26000000,   66546567,        1,   40546567,   40546567
  6824,    24,   26000000,   58659188,        1,   32659188,   32659188
  6824,    25,   26000000,   80793832,        1,   54793832,   54793832
  6824,    26,   26000000,   72890391,        1,   46890391,   46890391
  6824,    27,   26000000,   64987269,        1,   38987269,   38987269
  6824,    28,   26000000,   57365857,        1,   31365857,   31365857
  6824,    29,   26000000,   49469574,        1,   23469574,   23469574
  6824,    30,   26000000,   64515394,        1,   38515394,   38515394
  6824,    31,   26000000,   56605880,        1,   30605880,   30605880
  6824,    32,   26000000,   78995583,        1,   52995583,   52995583
  6824,    33,   26000000,   71110470,        1,   45110470,   45110470
  6824,    34,   26000000,   63214532,        1,   37214532,   37214532
  6824,    35,   26000000,   83745032,        1,   57745032,   57745032
  6824,    36,   26000000,   75865572,        1,   49865572,   49865572
  6824,    37,   26000000,   68263608,        1,   42263608,   42263608
  6824,    38,   26000000,   90461170,        1,   64461170,   64461170
  6824,    39,   26000000,   82567371,        1,   56567371,   56567371
  6824,    40,   26000000,   74672515,        1,   48672515,   48672515
  6824,    41,   26000000,   66772628,        1,   40772628,   40772628
  6824,    42,   26000000,   58881698,        1,   32881698,   32881698
  6824,    43,   26000000,  111302204,        1,   85302204,   85302204
  6824,    44,   26000000,  103410081,        1,   77410081,   77410081
  6824,    45,   26000000,   95586366,        1,   69586366,   69586366
  6824,    46,   26000000,   87980448,        1,   61980448,   61980448
  6824,    47,   26000000,   80099094,        1,   54099094,   54099094
  6824,    48,   26000000,   72831430,        1,   46831430,   46831430
  6824,    49,   26000000,   64924919,        1,   38924919,   38924919
  6824,    50,   26000000,   57266004,        1,   31266004,   31266004
  6824,    51,   26000000,   49738870,        1,   23738870,   23738870
  6824,    52,   26000000,  101903877,        1,   75903877,   75903877
  6824,    53,   26000000,   94010859,        1,   68010859,   68010859
  6824,    54,   26000000,   86112808,        1,   60112808,   60112808
  6824,    55,   26000000,   78214227,        1,   52214227,   52214227
  6824,    56,   26000000,   70323498,        1,   44323498,   44323498
  6824,    57,   26000000,   62725636,        1,   36725636,   36725636
  6824,    58,   26000000,  114885845,        1,   88885845,   88885845
  6824,    59,   26000000,  107018687,        1,   81018687,   81018687
  6824,    60,   26000000,   99407126,        1,   73407126,   73407126
  6824,    61,   26000000,   91509549,        1,   65509549,   65509549
  6824,    62,   26000000,   90789262,        1,   64789262,   64789262
  6824,    63,   26000000,  105820114,        1,   79820114,   79820114
  6824,    64,   26000000,   97945999,        1,   71945999,   71945999
  6824,    65,   26000000,   90345304,        1,   64345304,   64345304
  6824,    66,   26000000,   82946999,        1,   56946999,   56946999
  6824,    67,   26000000,   90695560,        1,   64695560,   64695560
  6824,    68,   26000000,  102899439,        1,   76899439,   76899439
  6824,    69,   26000000,   95398733,        1,   69398733,   69398733
  6824,    70,   26000000,   94781704,        1,   68781704,   68781704
  6824,    71,   26000000,   97939176,        1,   71939176,   71939176
  6824,    72,   26000000,   90207852,        1,   64207852,   64207852
  6824,    73,   26000000,  142369117,        1,  116369117,  116369117
  6824,    74,   26000000,  134474096,        1,  108474096,  108474096
  6824,    75,   26000000,  126582651,        1,  100582651,  100582651
  6824,    76,   26000000,  118695366,        1,   92695366,   92695366
  6824,    77,   26000000,  110803581,        1,   84803581,   84803581
  6824,    78,   26000000,  102904261,        1,   76904261,   76904261
  6824,    79,   26000000,   95015637,        1,   69015637,   69015637
  6824,    80,   26000000,  147456415,        1,  121456415,  121456415
  6824,    81,   26000000,  139572125,        1,  113572125,  113572125
  6824,    82,   26000000,  131674267,        1,  105674267,  105674267
  6824,    83,   26000000,  124064507,        1,   98064507,   98064507
  6824,    84,   26000000,  116165602,        1,   90165602,   90165602
  6824,    85,   26000000,  108636361,        1,   82636361,   82636361
  6824,    86,   26000000,  101106239,        1,   75106239,   75106239
  6824,    87,   26000000,  153495530,        1,  127495530,  127495530
  6824,    88,   26000000,  145613062,        1,  119613062,  119613062
  6824,    89,   26000000,  137719547,        1,  111719547,  111719547
  6824,    90,   26000000,  129826328,        1,  103826328,  103826328
  6824,    91,   26000000,  121930346,        1,   95930346,   95930346
  6824,    92,   26000000,  114052558,        1,   88052558,   88052558
  6824,    93,   26000000,  166206822,        1,  140206822,  140206822
  6824,    94,   26000000,  158308693,        1,  132308693,  132308693
  6824,    95,   26000000,  150418036,        1,  124418036,  124418036
  6824,    96,   26000000,  142539318,        1,  116539318,  116539318
  6824,    97,   26000000,  134936045,        1,  108936045,  108936045
  6824,    98,   26000000,  141506337,        1,  115506337,  115506337
  6824,    99,   26000000,  134082103,        1,  108082103,  108082103
  6824,   100,   26000000,  136228586,        1,  110228586,  110228586
  6824,   101,   26000000,  128661286,        1,  102661286,  102661286
  6824,   102,   26000000,  120775860,        1,   94775860,   94775860
  6824,   103,   26000000,  173205898,        1,  147205898,  147205898
  6824,   104,   26000000,  165301408,        1,  139301408,  139301408
  6824,   105,   26000000,  157402247,        1,  131402247,  131402247
  6824,   106,   26000000,  149776661,        1,  123776661,  123776661
  6824,   107,   26000000,  141882775,        1,  115882775,  115882775
  6824,   108,   26000000,  133995193,        1,  107995193,  107995193
  6824,   109,   26000000,  126114023,        1,  100114023,  100114023
  6824,   110,   26000000,  178598774,        1,  152598774,  152598774
  6824,   111,   26000000,  170687807,        1,  144687807,  144687807
  6824,   112,   26000000,  162793571,        1,  136793571,  136793571
  6824,   113,   26000000,  154894244,        1,  128894244,  128894244
  6824,   114,   26000000,  146988489,        1,  120988489,  120988489
  6824,   115,   26000000,  139105520,        1,  113105520,  113105520
  6824,   116,   26000000,  131203879,        1,  105203879,  105203879
  6824,   117,   26000000,  183343540,        1,  157343540,  157343540
  6824,   118,   26000000,  175446993,        1,  149446993,  149446993
  6824,   119,   26000000,  167547991,        1,  141547991,  141547991
  6824,   120,   26000000,  159922858,        1,  133922858,  133922858
  6824,   121,   26000000,  152015118,        1,  126015118,  126015118
  6824,   122,   26000000,  149359826,        1,  123359826,  123359826
  6824,   123,   26000000,  141495187,        1,  115495187,  115495187
  6824,   124,   26000000,  133622377,        1,  107622377,  107622377
  6824,   125,   26000000,  185762148,        1,  159762148,  159762148
  6824,   126,   26000000,  177886325,        1,  151886325,  151886325
  6824,   127,   26000000,  170013841,        1,  144013841,  144013841
  6824,   128,   26000000,  162120121,        1,  136120121,  136120121
  6824,   129,   26000000,  214297491,        1,  188297491,  188297491
  6824,   130,   26000000,  206414419,        1,  180414419,  180414419
  6824,   131,   26000000,  198522811,        1,  172522811,  172522811
  6824,   132,   26000000,  190621892,        1,  164621892,  164621892
  6824,   133,   26000000,  182720702,        1,  156720702,  156720702
  6824,   134,   26000000,  205105281,        1,  179105281,  179105281
  6824,   135,   26000000,  197253108,        1,  171253108,  171253108
  6824,   136,   26000000,  189355196,        1,  163355196,  163355196
  6824,   137,   26000000,  181453894,        1,  155453894,  155453894
  6824,   138,   26000000,  173549915,        1,  147549915,  147549915
  6824,   139,   26000000,  225668111,        1,  199668111,  199668111
  6824,   140,   26000000,  217766999,        1,  191766999,  191766999
  6824,   141,   26000000,  240173178,        1,  214173178,  214173178
  6824,   142,   26000000,  232279778,        1,  206279778,  206279778
  6824,   143,   26000000,  224382028,        1,  198382028,  198382028
  6824,   144,   26000000,  216483228,        1,  190483228,  190483228
  6824,   145,   26000000,  208574865,        1,  182574865,  182574865
  6824,   146,   26000000,  230376184,        1,  204376184,  204376184
  6824,   147,   26000000,  222833089,        1,  196833089,  196833089
  6824,   148,   26000000,  214934641,        1,  188934641,  188934641
  6824,   149,   26000000,  207051749,        1,  181051749,  181051749
  6824,   150,   26000000,  199179008,        1,  173179008,  173179008
  6824,   151,   26000000,  251328172,        1,  225328172,  225328172
  6824,   152,   26000000,  243428093,        1,  217428093,  217428093
  6824,   153,   26000000,  235551074,        1,  209551074,  209551074
  6824,   154,   26000000,  227681808,        1,  201681808,  201681808
  6824,   155,   26000000,  219791643,        1,  193791643,  193791643
  6824,   156,   26000000,  211914779,        1,  185914779,  185914779
  6824,   157,   26000000,  204309252,        1,  178309252,  178309252
  6824,   158,   26000000,  217345471,        1,  191345471,  191345471
  6824,   159,   26000000,  209443373,        1,  183443373,  183443373
  6824,   160,   26000000,  261569247,        1,  235569247,  235569247
  6824,   161,   26000000,  253679909,        1,  227679909,  227679909
  6824,   162,   26000000,  245779385,        1,  219779385,  219779385
  6824,   163,   26000000,  237869302,        1,  211869302,  211869302
  6824,   164,   26000000,  229960014,        1,  203960014,  203960014
  6824,   165,   26000000,  252513576,        1,  226513576,  226513576
  6824,   166,   26000000,  244629725,        1,  218629725,  218629725
  6824,   167,   26000000,  236733150,        1,  210733150,  210733150
  6824,   168,   26000000,  256344412,        1,  230344412,  230344412
  6824,   169,   26000000,  258660671,        1,  232660671,  232660671
  6824,   170,   26000000,  251051943,        1,  225051943,  225051943
  6824,   171,   26000000,  243161539,        1,  217161539,  217161539
  6824,   172,   26000000,  235270311,        1,  209270311,  209270311
  6824,   173,   26000000,  280635233,        1,  254635233,  254635233
  6824,   174,   26000000,  272749161,        1,  246749161,  246749161
  6824,   175,   26000000,  264857237,        1,  238857237,  238857237
  6824,   176,   26000000,  256955243,        1,  230955243,  230955243
  6824,   177,   26000000,  249067351,        1,  223067351,  223067351
  6824,   178,   26000000,  241165704,        1,  215165704,  215165704
  6824,   179,   26000000,  296011091,        1,  270011091,  270011091
  6824,   180,   26000000,  288114532,        1,  262114532,  262114532
  6824,   181,   26000000,  280224976,        1,  254224976,  254224976
  6824,   182,   26000000,  272337655,        1,  246337655,  246337655
  6824,   183,   26000000,  264455015,        1,  238455015,  238455015
  6824,   184,   26000000,  256940612,        1,  230940612,  230940612
  6824,   185,   26000000,  249053552,        1,  223053552,  223053552
  6824,   186,   26000000,  301192533,        1,  275192533,  275192533
  6824,   187,   26000000,  293573829,        1,  267573829,  267573829
  6824,   188,   26000000,  285687461,        1,  259687461,  259687461
  6824,   189,   26000000,  306874259,        1,  280874259,  280874259
  6824,   190,   26000000,  298981635,        1,  272981635,  272981635
  6824,   191,   26000000,  291095000,        1,  265095000,  265095000
  6824,   192,   26000000,  283217490,        1,  257217490,  257217490
  6824,   193,   26000000,  275708518,        1,  249708518,  249708518
  6824,   194,   26000000,  327843053,        1,  301843053,  301843053
  6824,   195,   26000000,  319956303,        1,  293956303,  293956303
  6824,   196,   26000000,  312347002,        1,  286347002,  286347002
  6824,   197,   26000000,  304467942,        1,  278467942,  278467942
  6824,   198,   26000000,  296574056,        1,  270574056,  270574056
  6824,   199,   26000000,  288682487,        1,  262682487,  262682487
  6824,   200,   26000000,  280803961,        1,  254803961,  254803961
  6824,   201,   26000000,  332960125,        1,  306960125,  306960125
  6824,   202,   26000000,  325081926,        1,  299081926,  299081926
  6824,   203,   26000000,  317163092,        1,  291163092,  291163092
  6824,   204,   26000000,  309258921,        1,  283258921,  283258921
  6824,   205,   26000000,  301359246,        1,  275359246,  275359246
  6824,   206,   26000000,  293465372,        1,  267465372,  267465372
  6824,   207,   26000000,  285857189,        1,  259857189,  259857189
  6824,   208,   26000000,  337995018,        1,  311995018,  311995018
  6824,   209,   26000000,  330121750,        1,  304121750,  304121750
  6824,   210,   26000000,  322502371,        1,  296502371,  296502371
  6824,   211,   26000000,  314604339,        1,  288604339,  288604339
  6824,   212,   26000000,  306731304,        1,  280731304,  280731304
  6824,   213,   26000000,  298851533,        1,  272851533,  272851533
  6824,   214,   26000000,  350997567,        1,  324997567,  324997567
  6824,   215,   26000000,  343150127,        1,  317150127,  317150127
  6824,   216,   26000000,  335262838,        1,  309262838,  309262838
  6824,   217,   26000000,  327406403,        1,  301406403,  301406403
  6824,   218,   26000000,  319510433,        1,  293510433,  293510433
  6824,   219,   26000000,  333840277,        1,  307840277,  307840277
  6824,   220,   26000000,  326369232,        1,  300369232,  300369232
  6824,   221,   26000000,  318475830,        1,  292475830,  292475830
  6824,   222,   26000000,  310571108,        1,  284571108,  284571108
  6824,   223,   26000000,  302951520,        1,  276951520,  276951520
  6824,   224,   26000000,  355520988,        1,  329520988,  329520988
  6824,   225,   26000000,  347664016,        1,  321664016,  321664016
  6824,   226,   26000000,  339786989,        1,  313786989,  313786989
  6824,   227,   26000000,  331880954,        1,  305880954,  305880954
  6824,   228,   26000000,  324007612,        1,  298007612,  298007612
  6824,   229,   26000000,  376098976,        1,  350098976,  350098976
  6824,   230,   26000000,  368207946,        1,  342207946,  342207946
  6824,   231,   26000000,  360312197,        1,  334312197,  334312197
  6824,   232,   26000000,  352424906,        1,  326424906,  326424906
  6824,   233,   26000000,  344533822,        1,  318533822,  318533822
  6824,   234,   26000000,  336916885,        1,  310916885,  310916885
  6824,   235,   26000000,  329035189,        1,  303035189,  303035189
  6824,   236,   26000000,  351797935,        1,  325797935,  325797935
  6824,   237,   26000000,  343919788,        1,  317919788,  317919788
  6824,   238,   26000000,  367054939,        1,  341054939,  341054939
  6824,   239,   26000000,  375221649,        1,  349221649,  349221649
  6824,   240,   26000000,  367332554,        1,  341332554,  341332554
  6824,   241,   26000000,  359453982,        1,  333453982,  333453982
  6824,   242,   26000000,  351563359,        1,  325563359,  325563359
  6824,   243,   26000000,  373951651,        1,  347951651,  347951651
  6824,   244,   26000000,  366076896,        1,  340076896,  340076896
  6824,   245,   26000000,  358192757,        1,  332192757,  332192757
  6824,   246,   26000000,  350300253,        1,  324300253,  324300253
  6824,   247,   26000000,  342404976,        1,  316404976,  316404976
  6824,   248,   26000000,  334788902,        1,  308788902,  308788902
  6824,   249,   26000000,  326898628,        1,  300898628,  300898628
  6824,   250,   26000000,  379037684,        1,  353037684,  353037684
  6824,   251,   26000000,  371129537,        1,  345129537,  345129537
  6824,   252,   26000000,  363521319,        1,  337521319,  337521319
  6824,   253,   26000000,  360135899,        1,  334135899,  334135899
  6824,   254,   26000000,  364359484,        1,  338359484,  338359484
  6824,   255,   26000000,  356870066,        1,  330870066,  330870066
  6824,   256,   26000000,  371924528,        1,  345924528,  345924528
  6824,   257,   26000000,  364405086,        1,  338405086,  338405086
  6824,   258,   26000000,  372628670,        1,  346628670,  346628670
  6824,   259,   26000000,  367179765,        1,  341179765,  341179765
  6824,   260,   26000000,  359284938,        1,  333284938,  333284938
  6824,   261,   26000000,  370532594,        1,  344532594,  344532594
  6824,   262,   26000000,  362624202,        1,  336624202,  336624202
  6824,   263,   26000000,  379459054,        1,  353459054,  353459054
  6824,   264,   26000000,  372366982,        1,  346366982,  346366982
  6824,   265,   26000000,  364471786,        1,  338471786,  338471786
  6824,   266,   26000000,  360904027,        1,  334904027,  334904027
  6824,   267,   26000000,  387981361,        1,  361981361,  361981361
  6824,   268,   26000000,  380088355,        1,  354088355,  354088355
  6824,   269,   26000000,  372192905,        1,  346192905,  346192905
  6824,   270,   26000000,  364295167,        1,  338295167,  338295167
  6824,   271,   26000000,  356395936,        1,  330395936,  330395936
  6824,   272,   26000000,  408854638,        1,  382854638,  382854638
  6824,   273,   26000000,  400964065,        1,  374964065,  374964065
  6824,   274,   26000000,  393067639,        1,  367067639,  367067639
  6824,   275,   26000000,  385443143,        1,  359443143,  359443143
  6824,   276,   26000000,  377535382,        1,  351535382,  351535382
  6824,   277,   26000000,  398949669,        1,  372949669,  372949669
  6824,   278,   26000000,  391067228,        1,  365067228,  365067228
  6824,   279,   26000000,  383191065,        1,  357191065,  357191065
  6824,   280,   26000000,  375592624,        1,  349592624,  349592624
  6824,   281,   26000000,  367702938,        1,  341702938,  341702938
  6824,   282,   26000000,  390222785,        1,  364222785,  364222785
  6824,   283,   26000000,  382325350,        1,  356325350,  356325350
  6824,   284,   26000000,  374433235,        1,  348433235,  348433235
  6824,   285,   26000000,  390909921,        1,  364909921,  364909921
  6824,   286,   26000000,  405855768,        1,  379855768,  379855768
  6824,   287,   26000000,  397940761,        1,  371940761,  371940761
  6824,   288,   26000000,  390046462,        1,  364046462,  364046462
  6824,   289,   26000000,  382178854,        1,  356178854,  356178854
  6824,   290,   26000000,  374575623,        1,  348575623,  348575623
  6824,   291,   26000000,  426714895,        1,  400714895,  400714895
  6824,   292,   26000000,  418838358,        1,  392838358,  392838358
  6824,   293,   26000000,  411232914,        1,  385232914,  385232914
  6824,   294,   26000000,  403428074,        1,  377428074,  377428074
  6824,   295,   26000000,  395536559,        1,  369536559,  369536559
  6824,   296,   26000000,  387647971,        1,  361647971,  361647971
  6824,   297,   26000000,  439777169,        1,  413777169,  413777169
  6824,   298,   26000000,  431887050,        1,  405887050,  405887050
  6824,   299,   26000000,  423996303,        1,  397996303,  397996303
  6824,   300,   26000000,  416095275,        1,  390095275,  390095275
  6824,   301,   26000000,  408207373,        1,  382207373,  382207373
  6824,   302,   26000000,  404935674,        1,  378935674,  378935674
  6824,   303,   26000000,  397181552,        1,  371181552,  371181552
  6824,   304,   26000000,  406738144,        1,  380738144,  380738144
  6824,   305,   26000000,  423708551,        1,  397708551,  397708551
  6824,   306,   26000000,  415836029,        1,  389836029,  389836029
  6824,   307,   26000000,  407944474,        1,  381944474,  381944474
  6824,   308,   26000000,  400547945,        1,  374547945,  374547945
  6824,   309,   26000000,  393048918,        1,  367048918,  367048918
  6824,   310,   26000000,  445205546,        1,  419205546,  419205546
  6824,   311,   26000000,  437311844,        1,  411311844,  411311844
  6824,   312,   26000000,  429697891,        1,  403697891,  403697891
  6824,   313,   26000000,  447480238,        1,  421480238,  421480238
  6824,   314,   26000000,  439577974,        1,  413577974,  413577974
  6824,   315,   26000000,  431696485,        1,  405696485,  405696485
  6824,   316,   26000000,  423821495,        1,  397821495,  397821495
  6824,   317,   26000000,  416217248,        1,  390217248,  390217248
  6824,   318,   26000000,  437958490,        1,  411958490,  411958490
  6824,   319,   26000000,  430070032,        1,  404070032,  404070032
  6824,   320,   26000000,  423252680,        1,  397252680,  397252680
  6824,   321,   26000000,  415776077,        1,  389776077,  389776077
  6824,   322,   26000000,  431365715,        1,  405365715,  405365715
  6824,   323,   26000000,  431476496,        1,  405476496,  405476496
  6824,   324,   26000000,  423603638,        1,  397603638,  397603638
  6824,   325,   26000000,  424300250,        1,  398300250,  398300250
  6824,   326,   26000000,  416413236,        1,  390413236,  390413236
  6824,   327,   26000000,  468830542,        1,  442830542,  442830542
  6824,   328,   26000000,  460953736,        1,  434953736,  434953736
  6824,   329,   26000000,  453076010,        1,  427076010,  427076010
  6824,   330,   26000000,  445187562,        1,  419187562,  419187562
  6824,   331,   26000000,  438224071,        1,  412224071,  412224071
  6824,   332,   26000000,  453510042,        1,  427510042,  427510042
  6824,   333,   26000000,  445689795,        1,  419689795,  419689795
  6824,   334,   26000000,  438579836,        1,  412579836,  412579836
  6824,   335,   26000000,  430688383,        1,  404688383,  404688383
  6824,   336,   26000000,  482815841,        1,  456815841,  456815841
  6824,   337,   26000000,  474920541,        1,  448920541,  448920541
  6824,   338,   26000000,  467052458,        1,  441052458,  441052458
  6824,   339,   26000000,  460064029,        1,  434064029,  434064029
  6824,   340,   26000000,  452923134,        1,  426923134,  426923134
  6824,   341,   26000000,  466066387,        1,  440066387,  440066387
  6824,   342,   26000000,  458171346,        1,  432171346,  432171346
  6824,   343,   26000000,  450303480,        1,  424303480,  424303480
  6824,   344,   26000000,  442409753,        1,  416409753,  416409753
  6824,   345,   26000000,  494540174,        1,  468540174,  468540174
  6824,   346,   26000000,  486646488,        1,  460646488,  460646488
  6824,   347,   26000000,  478761810,        1,  452761810,  452761810
  6824,   348,   26000000,  470867961,        1,  444867961,  444867961
  6824,   349,   26000000,  463255709,        1,  437255709,  437255709
  6824,   350,   26000000,  478184474,        1,  452184474,  452184474
  6824,   351,   26000000,  470276029,        1,  444276029,  444276029
  6824,   352,   26000000,  462383349,        1,  436383349,  436383349
  6824,   353,   26000000,  458262282,        1,  432262282,  432262282
  6824,   354,   26000000,  450909035,        1,  424909035,  424909035
  6824,   355,   26000000,  503058433,        1,  477058433,  477058433
  6824,   356,   26000000,  495168251,        1,  469168251,  469168251
  6824,   357,   26000000,  487265752,        1,  461265752,  461265752
  6824,   358,   26000000,  485343489,        1,  459343489,  459343489
  6824,   359,   26000000,  477515164,        1,  451515164,  451515164
  6824,   360,   26000000,  482730949,        1,  456730949,  456730949
  6824,   361,   26000000,  475225414,        1,  449225414,  449225414
  6824,   362,   26000000,  496832772,        1,  470832772,  470832772
  6824,   363,   26000000,  488938157,        1,  462938157,  462938157
  6824,   364,   26000000,  481429500,        1,  455429500,  455429500
  6824,   365,   26000000,  474039007,        1,  448039007,  448039007
  6824,   366,   26000000,  483433520,        1,  457433520,  457433520
  6824,   367,   26000000,  475547129,        1,  449547129,  449547129
  6824,   368,   26000000,  485995659,        1,  459995659,  459995659
  6824,   369,   26000000,  478372226,        1,  452372226,  452372226
  6824,   370,   26000000,  470585853,        1,  444585853,  444585853
  6824,   371,   26000000,  462703763,        1,  436703763,  436703763
  6824,   372,   26000000,  514841032,        1,  488841032,  488841032
  6824,   373,   26000000,  506947953,        1,  480947953,  480947953
  6824,   374,   26000000,  499050841,        1,  473050841,  473050841
  6824,   375,   26000000,  491152823,        1,  465152823,  465152823
  6824,   376,   26000000,  483258271,        1,  457258271,  457258271
  6824,   377,   26000000,  475364460,        1,  449364460,  449364460
  6824,   378,   26000000,  467750139,        1,  441750139,  441750139
  6824,   379,   26000000,  459854669,        1,  433854669,  433854669
  6824,   380,   26000000,  451952803,        1,  425952803,  425952803
  6824,   381,   26000000,  444059267,        1,  418059267,  418059267
  6824,   382,   26000000,  436162706,        1,  410162706,  410162706
  6824,   383,   26000000,  428262467,        1,  402262467,  402262467
  6824,   384,   26000000,  420646307,        1,  394646307,  394646307
  6824,   385,   26000000,  412748546,        1,  386748546,  386748546
  6824,   386,   26000000,  404848324,        1,  378848324,  378848324
  6824,   387,   26000000,  396950977,        1,  370950977,  370950977
  6824,   388,   26000000,  389062684,        1,  363062684,  363062684
# task NAME=myapp PID=6827 COST=47304000 PERIOD=71000000 CPU=0
  6827,     2,   71000000,       8041,        0,  -70991959,          0
  6827,     3,   71000000,      65998,        0,  -70934002,          0
  6827,     4,   71000000,   46625895,        0,  -24374105,          0
  6827,     5,   71000000,   63999609,        0,   -7000391,          0
  6827,     6,   71000000,   46281616,        0,  -24718384,          0
  6827,     7,   71000000,   46701150,        0,  -24298850,          0
  6827,     8,   71000000,  108770587,        1,   37770587,   37770587
  6827,     9,   71000000,   84077667,        1,   13077667,   13077667
  6827,    10,   71000000,   59362873,        0,  -11637127,          0
  6827,    11,   71000000,   95355733,        1,   24355733,   24355733
  6827,    12,   71000000,   70924063,        0,     -75937,          0
  6827,    13,   71000000,   97340083,        1,   26340083,   26340083
  6827,    14,   71000000,   73942603,        1,    2942603,    2942603
  6827,    15,   71000000,   76680128,        1,    5680128,    5680128
  6827,    16,   71000000,   82950237,        1,   11950237,   11950237
  6827,    17,   71000000,   58257794,        0,  -12742206,          0
  6827,    18,   71000000,   73758854,        1,    2758854,    2758854
  6827,    19,   71000000,   49063663,        0,  -21936337,          0
  6827,    20,   71000000,   75685346,        1,    4685346,    4685346
  6827,    21,   71000000,   51247612,        0,  -19752388,          0
  6827,    22,   71000000,   52405058,        0,  -18594942,          0
  6827,    23,   71000000,   47165625,        0,  -23834375,          0
  6827,    24,   71000000,   64839772,        0,   -6160228,          0
  6827,    25,   71000000,   46606641,        0,  -24393359,          0
  6827,    26,   71000000,   51934133,        0,  -19065867,          0
  6827,    27,   71000000,   62452365,        0,   -8547635,          0
  6827,    28,   71000000,   46315791,        0,  -24684209,          0
  6827,    29,   71000000,   47355371,        0,  -23644629,          0
  6827,    30,   71000000,   47163197,        0,  -23836803,          0
  6827,    31,   71000000,   47897631,        0,  -23102369,          0
  6827,    32,   71000000,   46633393,        0,  -24366607,          0
  6827,    33,   71000000,   46348398,        0,  -24651602,          0
  6827,    34,   71000000,   74900594,        1,    3900594,    3900594
  6827,    35,   71000000,   80195378,        1,    9195378,    9195378
  6827,    36,   71000000,   55486015,        0,  -15513985,          0
  6827,    37,   71000000,   49988872,        0,  -21011128,          0
  6827,    38,   71000000,   55478728,        0,  -15521272,          0
  6827,    39,   71000000,   50292708,        0,  -20707292,          0
  6827,    40,   71000000,   69017994,        0,   -1982006,          0
  6827,    41,   71000000,   52349254,        0,  -18650746,          0
  6827,    42,   71000000,   46345054,        0,  -24654946,          0
  6827,    43,   71000000,   46779491,        0,  -24220509,          0
  6827,    44,   71000000,   46736327,        0,  -24263673,          0
  6827,    45,   71000000,   46302668,        0,  -24697332,          0
  6827,    46,   71000000,   63311832,        0,   -7688168,          0
  6827,    47,   71000000,   51332913,        0,  -19667087,          0
  6827,    48,   71000000,   71091778,        1,      91778,      91778
  6827,    49,   71000000,   46419465,        0,  -24580535,          0
  6827,    50,   71000000,   46393042,        0,  -24606958,          0
  6827,    51,   71000000,   68611751,        0,   -2388249,          0
  6827,    52,   71000000,   46318299,        0,  -24681701,          0
  6827,    53,   71000000,   46627295,        0,  -24372705,          0
  6827,    54,   71000000,   65209768,        0,   -5790232,          0
  6827,    55,   71000000,   46591439,        0,  -24408561,          0
  6827,    56,   71000000,   73504521,        1,    2504521,    2504521
  6827,    57,   71000000,   78805175,        1,    7805175,    7805175
  6827,    58,   71000000,   54435619,        0,  -16564381,          0
  6827,    59,   71000000,   68372805,        0,   -2627195,          0
  6827,    60,   71000000,   46592510,        0,  -24407490,          0
  6827,    61,   71000000,   79225684,        1,    8225684,    8225684
  6827,    62,   71000000,   54810128,        0,  -16189872,          0
  6827,    63,   71000000,   51318122,        0,  -19681878,          0
  6827,    64,   71000000,   46755481,        0,  -24244519,          0
  6827,    65,   71000000,   64534323,        0,   -6465677,          0
  6827,    66,   71000000,   52165970,        0,  -18834030,          0
  6827,    67,   71000000,   62005064,        0,   -8994936,          0
  6827,    68,   71000000,   46572383,        0,  -24427617,          0
  6827,    69,   71000000,   48647736,        0,  -22352264,          0
  6827,    70,   71000000,   54263770,        0,  -16736230,          0
  6827,    71,   71000000,   46336429,        0,  -24663571,          0
  6827,    72,   71000000,   47410565,        0,  -23589435,          0
  6827,    73,   71000000,   66593971,        0,   -4406029,          0
  6827,    74,   71000000,   46626326,        0,  -24373674,          0
  6827,    75,   71000000,   46317877,        0,  -24682123,          0
  6827,    76,   71000000,   62706550,        0,   -8293450,          0
  6827,    77,   71000000,   46758286,        0,  -24241714,          0
  6827,    78,   71000000,   73671844,        1,    2671844,    2671844
  6827,    79,   71000000,   65743957,        0,   -5256043,          0
  6827,    80,   71000000,   80148107,        1,    9148107,    9148107
  6827,    81,   71000000,   55750015,        0,  -15249985,          0
  6827,    82,   71000000,   52206542,        0,  -18793458,          0
  6827,    83,   71000000,   74900581,        1,    3900581,    3900581
  6827,    84,   71000000,   80249039,        1,    9249039,    9249039
  6827,    85,   71000000,   55564906,        0,  -15435094,          0
  6827,    86,   71000000,   66031408,        0,   -4968592,          0
  6827,    87,   71000000,   57062177,        0,  -13937823,          0
  6827,    88,   71000000,   46617521,        0,  -24382479,          0
  6827,    89,   71000000,   46325000,        0,  -24675000,          0
  6827,    90,   71000000,   96423983,        1,   25423983,   25423983
  6827,    91,   71000000,   71702537,        1,     702537,     702537
  6827,    92,   71000000,   77458432,        1,    6458432,    6458432
  6827,    93,   71000000,   78812541,        1,    7812541,    7812541
  6827,    94,   71000000,   81089181,        1,   10089181,   10089181
  6827,    95,   71000000,   85302120,        1,   14302120,   14302120
  6827,    96,   71000000,   60765957,        0,  -10234043,          0
  6827,    97,   71000000,   62729943,        0,   -8270057,          0
  6827,    98,   71000000,   62375112,        0,   -8624888,          0
  6827,    99,   71000000,   46600679,        0,  -24399321,          0
  6827,   100,   71000000,   76702299,        1,    5702299,    5702299
  6827,   101,   71000000,   51996018,        0,  -19003982,          0
  6827,   102,   71000000,   46654074,        0,  -24345926,          0
  6827,   103,   71000000,   66856663,        0,   -4143337,          0
  6827,   104,   71000000,   76635632,        1,    5635632,    5635632
  6827,   105,   71000000,   51922356,        0,  -19077644,          0
  6827,   106,   71000000,   46621209,        0,  -24378791,          0
  6827,   107,   71000000,   52959784,        0,  -18040216,          0
  6827,   108,   71000000,   54287160,        0,  -16712840,          0
  6827,   109,   71000000,   46376120,        0,  -24623880,          0
  6827,   110,   71000000,   50038621,        0,  -20961379,          0
  6827,   111,   71000000,   48085094,        0,  -22914906,          0
  6827,   112,   71000000,   46516107,        0,  -24483893,          0
  6827,   113,   71000000,   47123322,        0,  -23876678,          0
  6827,   114,   71000000,   64052185,        0,   -6947815,          0
  6827,   115,   71000000,   46394196,        0,  -24605804,          0
  6827,   116,   71000000,   46366550,        0,  -24633450,          0
  6827,   117,   71000000,   46298218,        0,  -24701782,          0
  6827,   118,   71000000,   52343392,        0,  -18656608,          0
  6827,   119,   71000000,   46306340,        0,  -24693660,          0
  6827,   120,   71000000,   60380651,        0,  -10619349,          0
  6827,   121,   71000000,   46350508,        0,  -24649492,          0
  6827,   122,   71000000,   47206824,        0,  -23793176,          0
  6827,   123,   71000000,   57460575,        0,  -13539425,          0
  6827,   124,   71000000,   46381588,        0,  -24618412,          0
  6827,   125,   71000000,   46544630,        0,  -24455370,          0
  6827,   126,   71000000,   46369847,        0,  -24630153,          0
  6827,   127,   71000000,   46596279,        0,  -24403721,          0
  6827,   128,   71000000,   46399071,        0,  -24600929,          0
  6827,   129,   71000000,   46679800,        0,  -24320200,          0
  6827,   130,   71000000,   46384594,        0,  -24615406,          0
  6827,   131,   71000000,   46371071,        0,  -24628929,          0
  6827,   132,   71000000,   46658679,        0,  -24341321,          0
  6827,   133,   71000000,   46349447,        0,  -24650553,          0
  6827,   134,   71000000,   46666896,        0,  -24333104,          0
  6827,   135,   71000000,   46360031,        0,  -24639969,          0
  6827,   136,   71000000,   46663195,        0,  -24336805,          0
  6827,   137,   71000000,   53269928,        0,  -17730072,          0
  6827,   138,   71000000,   46318766,        0,  -24681234,          0
  6827,   139,   71000000,   50350668,        0,  -20649332,          0
  6827,   140,   71000000,   46336561,        0,  -24663439,          0
  6827,   141,   71000000,   63307326,        0,   -7692674,          0
  6827,   142,   71000000,   46333601,        0,  -24666399,          0
  6827,   143,   71000000,   47631835,        0,  -23368165,          0
  6827,   144,   71000000,   46407065,        0,  -24592935,          0
# task NAME=myapp PID=6831 COST=35257000 PERIOD=55000000 CPU=0
  6831,     2,   55000000,       8400,        0,  -54991600,          0
  6831,     3,   55000000,      81360,        0,  -54918640,          0
  6831,     4,   55000000,   34806174,        0,  -20193826,          0
  6831,     5,   55000000,   43560221,        0,  -11439779,          0
  6831,     6,   55000000,   44536633,        0,  -10463367,          0
  6831,     7,   55000000,   63614505,        1,    8614505,    8614505
  6831,     8,   55000000,   43159738,        0,  -11840262,          0
  6831,     9,   55000000,   34554972,        0,  -20445028,          0
  6831,    10,   55000000,   68478009,        1,   13478009,   13478009
  6831,    11,   55000000,   47987527,        0,   -7012473,          0
  6831,    12,   55000000,   89944400,        1,   34944400,   34944400
  6831,    13,   55000000,   69473531,        1,   14473531,   14473531
  6831,    14,   55000000,   48992373,        0,   -6007627,          0
  6831,    15,   55000000,   75533532,        1,   20533532,   20533532
  6831,    16,   55000000,   67095954,        1,   12095954,   12095954
  6831,    17,   55000000,   46587658,        0,   -8412342,          0
  6831,    18,   55000000,   59593194,        1,    4593194,    4593194
  6831,    19,   55000000,   39087191,        0,  -15912809,          0
  6831,    20,   55000000,   40208135,        0,  -14791865,          0
  6831,    21,   55000000,   34510050,        0,  -20489950,          0
  6831,    22,   55000000,   45603854,        0,   -9396146,          0
  6831,    23,   55000000,   34510278,        0,  -20489722,          0
  6831,    24,   55000000,   59315188,        1,    4315188,    4315188
  6831,    25,   55000000,   38806146,        0,  -16193854,          0
  6831,    26,   55000000,   38998355,        0,  -16001645,          0
  6831,    27,   55000000,   34785081,        0,  -20214919,          0
  6831,    28,   55000000,   35036502,        0,  -19963498,          0
  6831,    29,   55000000,   34825679,        0,  -20174321,          0
  6831,    30,   55000000,   34554763,        0,  -20445237,          0
  6831,    31,   55000000,   34568511,        0,  -20431489,          0
  6831,    32,   55000000,   34650874,        0,  -20349126,          0
  6831,    33,   55000000,   57406487,        1,    2406487,    2406487
  6831,    34,   55000000,   36904770,        0,  -18095230,          0
  6831,    35,   55000000,   34574364,        0,  -20425636,          0
  6831,    36,   55000000,   35338576,        0,  -19661424,          0
  6831,    37,   55000000,   34556930,        0,  -20443070,          0
  6831,    38,   55000000,   35374648,        0,  -19625352,          0
  6831,    39,   55000000,   44112378,        0,  -10887622,          0
  6831,    40,   55000000,   34519366,        0,  -20480634,          0
  6831,    41,   55000000,   36976509,        0,  -18023491,          0
  6831,    42,   55000000,   34585982,        0,  -20414018,          0
  6831,    43,   55000000,   34839987,        0,  -20160013,          0
  6831,    44,   55000000,   34540559,        0,  -20459441,          0
  6831,    45,   55000000,   44772389,        0,  -10227611,          0
  6831,    46,   55000000,   34510986,        0,  -20489014,          0
  6831,    47,   55000000,   34828589,        0,  -20171411,          0
  6831,    48,   55000000,   34514366,        0,  -20485634,          0
  6831,    49,   55000000,   35573786,        0,  -19426214,          0
  6831,    50,   55000000,   34547065,        0,  -20452935,          0
  6831,    51,   55000000,   34527526,        0,  -20472474,          0
  6831,    52,   55000000,   36288233,        0,  -18711767,          0
  6831,    53,   55000000,   35896474,        0,  -19103526,          0
  6831,    54,   55000000,   34806001,        0,  -20193999,          0
  6831,    55,   55000000,   34575467,        0,  -20424533,          0
  6831,    56,   55000000,   34537199,        0,  -20462801,          0
  6831,    57,   55000000,   34532000,        0,  -20468000,          0
  6831,    58,   55000000,   34575879,        0,  -20424121,          0
  6831,    59,   55000000,   49490754,        0,   -5509246,          0
  6831,    60,   55000000,   34534721,        0,  -20465279,          0
  6831,    61,   55000000,   34803948,        0,  -20196052,          0
  6831,    62,   55000000,   34552878,        0,  -20447122,          0
  6831,    63,   55000000,   34825541,        0,  -20174459,          0
  6831,    64,   55000000,   34647077,        0,  -20352923,          0
  6831,    65,   55000000,   49665591,        0,   -5334409,          0
  6831,    66,   55000000,   34539393,        0,  -20460607,          0
  6831,    67,   55000000,   34608863,        0,  -20391137,          0
  6831,    68,   55000000,   37759904,        0,  -17240096,          0
  6831,    69,   55000000,   34577209,        0,  -20422791,          0
  6831,    70,   55000000,   34825511,        0,  -20174489,          0
  6831,    71,   55000000,   52651865,        0,   -2348135,          0
  6831,    72,   55000000,   55170054,        1,     170054,     170054
  6831,    73,   55000000,   34663492,        0,  -20336508,          0
  6831,    74,   55000000,   34523581,        0,  -20476419,          0
  6831,    75,   55000000,   44551226,        0,  -10448774,          0
  6831,    76,   55000000,   34541835,        0,  -20458165,          0
  6831,    77,   55000000,   35029175,        0,  -19970825,          0
  6831,    78,   55000000,   34572649,        0,  -20427351,          0
  6831,    79,   55000000,   34845971,        0,  -20154029,          0
  6831,    80,   55000000,   37602416,        0,  -17397584,          0
  6831,    81,   55000000,   34539876,        0,  -20460124,          0
  6831,    82,   55000000,   34529582,        0,  -20470418,          0
  6831,    83,   55000000,   34558436,        0,  -20441564,          0
  6831,    84,   55000000,   34576674,        0,  -20423326,          0
  6831,    85,   55000000,   34574537,        0,  -20425463,          0
  6831,    86,   55000000,   34810313,        0,  -20189687,          0
  6831,    87,   55000000,   34549167,        0,  -20450833,          0
  6831,    88,   55000000,   37866311,        0,  -17133689,          0
  6831,    89,   55000000,   34546702,        0,  -20453298,          0
  6831,    90,   55000000,   34524935,        0,  -20475065,          0
  6831,    91,   55000000,   34729002,        0,  -20270998,          0
  6831,    92,   55000000,   34547575,        0,  -20452425,          0
  6831,    93,   55000000,   34915822,        0,  -20084178,          0
  6831,    94,   55000000,   44498299,        0,  -10501701,          0
  6831,    95,   55000000,   34850617,        0,  -20149383,          0
  6831,    96,   55000000,   35491090,        0,  -19508910,          0
  6831,    97,   55000000,   34856625,        0,  -20143375,          0
  6831,    98,   55000000,   34763401,        0,  -20236599,          0
  6831,    99,   55000000,   44635788,        0,  -10364212,          0
  6831,   100,   55000000,   34552637,        0,  -20447363,          0
  6831,   101,   55000000,   43221313,        0,  -11778687,          0
  6831,   102,   55000000,   35727233,        0,  -19272767,          0
  6831,   103,   55000000,   34611307,        0,  -20388693,          0
  6831,   104,   55000000,   34813868,        0,  -20186132,          0
  6831,   105,   55000000,   34542611,        0,  -20457389,          0
  6831,   106,   55000000,   42992611,        0,  -12007389,          0
  6831,   107,   55000000,   49204284,        0,   -5795716,          0
  6831,   108,   55000000,   34550048,        0,  -20449952,          0
  6831,   109,   55000000,   34571977,        0,  -20428023,          0
  6831,   110,   55000000,   34524815,        0,  -20475185,          0
  6831,   111,   55000000,   39570661,        0,  -15429339,          0
  6831,   112,   55000000,   35161956,        0,  -19838044,          0
  6831,   113,   55000000,   55323709,        1,     323709,     323709
  6831,   114,   55000000,   34866986,        0,  -20133014,          0
  6831,   115,   55000000,   64647447,        1,    9647447,    9647447
  6831,   116,   55000000,   45742048,        0,   -9257952,          0
  6831,   117,   55000000,   68031940,        1,   13031940,   13031940
  6831,   118,   55000000,   47541653,        0,   -7458347,          0
  6831,   119,   55000000,   54981411,        0,     -18589,          0
  6831,   120,   55000000,   64846809,        1,    9846809,    9846809
  6831,   121,   55000000,   48048241,        0,   -6951759,          0
  6831,   122,   55000000,   34869701,        0,  -20130299,          0
  6831,   123,   55000000,   45066475,        0,   -9933525,          0
  6831,   124,   55000000,   35106536,        0,  -19893464,          0
  6831,   125,   55000000,   34615977,        0,  -20384023,          0
  6831,   126,   55000000,   36079509,        0,  -18920491,          0
  6831,   127,   55000000,   34847488,        0,  -20152512,          0
  6831,   128,   55000000,   34538768,        0,  -20461232,          0
  6831,   129,   55000000,   34917906,        0,  -20082094,          0
  6831,   130,   55000000,   34532394,        0,  -20467606,          0
  6831,   131,   55000000,   35040827,        0,  -19959173,          0
  6831,   132,   55000000,   34548335,        0,  -20451665,          0
  6831,   133,   55000000,   34569200,        0,  -20430800,          0
  6831,   134,   55000000,   34517674,        0,  -20482326,          0
  6831,   135,   55000000,   44604990,        0,  -10395010,          0
  6831,   136,   55000000,   38532632,        0,  -16467368,          0
  6831,   137,   55000000,   34574361,        0,  -20425639,          0
  6831,   138,   55000000,   34795502,        0,  -20204498,          0
  6831,   139,   55000000,   35142130,        0,  -19857870,          0
  6831,   140,   55000000,   34583186,        0,  -20416814,          0
  6831,   141,   55000000,   45234697,        0,   -9765303,          0
  6831,   142,   55000000,   36581580,        0,  -18418420,          0
  6831,   143,   55000000,   39206750,        0,  -15793250,          0
  6831,   144,   55000000,   34568386,        0,  -20431614,          0
  6831,   145,   55000000,   34841229,        0,  -20158771,          0
  6831,   146,   55000000,   34535205,        0,  -20464795,          0
  6831,   147,   55000000,   45598359,        0,   -9401641,          0
  6831,   148,   55000000,   34587967,        0,  -20412033,          0
  6831,   149,   55000000,   43230539,        0,  -11769461,          0
  6831,   150,   55000000,   34522046,        0,  -20477954,          0
  6831,   151,   55000000,   35242610,        0,  -19757390,          0
  6831,   152,   55000000,   34882792,        0,  -20117208,          0
  6831,   153,   55000000,   34569459,        0,  -20430541,          0
  6831,   154,   55000000,   49896025,        0,   -5103975,          0
  6831,   155,   55000000,   42038153,        0,  -12961847,          0
  6831,   156,   55000000,   34552196,        0,  -20447804,          0
  6831,   157,   55000000,   34564300,        0,  -20435700,          0
  6831,   158,   55000000,   40319744,        0,  -14680256,          0
  6831,   159,   55000000,   34532422,        0,  -20467578,          0
  6831,   160,   55000000,   36972177,        0,  -18027823,          0
  6831,   161,   55000000,   34854377,        0,  -20145623,          0
  6831,   162,   55000000,   34574063,        0,  -20425937,          0
  6831,   163,   55000000,   35633275,        0,  -19366725,          0
  6831,   164,   55000000,   34535330,        0,  -20464670,          0
  6831,   165,   55000000,   34575505,        0,  -20424495,          0
  6831,   166,   55000000,   34558999,        0,  -20441001,          0
  6831,   167,   55000000,   54597473,        0,    -402527,          0
  6831,   168,   55000000,   34811829,        0,  -20188171,          0
  6831,   169,   55000000,   38966608,        0,  -16033392,          0
  6831,   170,   55000000,   40670755,        0,  -14329245,          0
  6831,   171,   55000000,   34575681,        0,  -20424319,          0
  6831,   172,   55000000,   34838419,        0,  -20161581,          0
  6831,   173,   55000000,   34573493,        0,  -20426507,          0
  6831,   174,   55000000,   34580429,        0,  -20419571,          0
  6831,   175,   55000000,   34677137,        0,  -20322863,          0
  6831,   176,   55000000,   40460257,        0,  -14539743,          0
  6831,   177,   55000000,   34845662,        0,  -20154338,          0
  6831,   178,   55000000,   34544326,        0,  -20455674,          0
  6831,   179,   55000000,   34817276,        0,  -20182724,          0
  6831,   180,   55000000,   47575826,        0,   -7424174,          0
  6831,   181,   55000000,   34570292,        0,  -20429708,          0
  6831,   182,   55000000,   34540107,        0,  -20459893,          0
  6831,   183,   55000000,   34569459,        0,  -20430541,          0
  6831,   184,   55000000,   34584859,        0,  -20415141,          0
  6831,   185,   55000000,   34560502,        0,  -20439498,          0
# task NAME=myapp PID=6835 COST=36386000 PERIOD=44000000 CPU=0
  6835,     2,   44000000,       8533,        0,  -43991467,          0
  6835,     3,   44000000,      77197,        0,  -43922803,          0
  6835,     4,   44000000,   35938856,        0,   -8061144,          0
  6835,     5,   44000000,   35668038,        0,   -8331962,          0
  6835,     6,   44000000,   63087071,        1,   19087071,   19087071
  6835,     7,   44000000,   91131621,        1,   47131621,   47131621
  6835,     8,   44000000,   82799578,        1,   38799578,   38799578
  6835,     9,   44000000,   74795961,        1,   30795961,   30795961
  6835,    10,   44000000,  119895166,        1,   75895166,   75895166
  6835,    11,   44000000,  124865094,        1,   80865094,   80865094
  6835,    12,   44000000,  146511401,        1,  102511401,  102511401
  6835,    13,   44000000,  138415757,        1,   94415757,   94415757
  6835,    14,   44000000,  130056810,        1,   86056810,   86056810
  6835,    15,   44000000,  121680614,        1,   77680614,   77680614
  6835,    16,   44000000,  157508325,        1,  113508325,  113508325
  6835,    17,   44000000,  149214463,        1,  105214463,  105214463
  6835,    18,   44000000,  169946554,        1,  125946554,  125946554
  6835,    19,   44000000,  186596166,        1,  142596166,  142596166
  6835,    20,   44000000,  178207473,        1,  134207473,  134207473
  6835,    21,   44000000,  195193589,        1,  151193589,  151193589
  6835,    22,   44000000,  216629138,        1,  172629138,  172629138
  6835,    23,   44000000,  208535190,        1,  164535190,  164535190
  6835,    24,   44000000,  232764651,        1,  188764651,  188764651
  6835,    25,   44000000,  224411975,        1,  180411975,  180411975
  6835,    26,   44000000,  216744288,        1,  172744288,  172744288
  6835,    27,   44000000,  268632844,        1,  224632844,  224632844
  6835,    28,   44000000,  260538169,        1,  216538169,  216538169
  6835,    29,   44000000,  252159740,        1,  208159740,  208159740
  6835,    30,   44000000,  243778612,        1,  199778612,  199778612
  6835,    31,   44000000,  295446214,        1,  251446214,  251446214
  6835,    32,   44000000,  287080618,        1,  243080618,  243080618
  6835,    33,   44000000,  308779307,        1,  264779307,  264779307
  6835,    34,   44000000,  300525042,        1,  256525042,  256525042
  6835,    35,   44000000,  292451938,        1,  248451938,  248451938
  6835,    36,   44000000,  344116230,        1,  300116230,  300116230
  6835,    37,   44000000,  335996437,        1,  291996437,  291996437
  6835,    38,   44000000,  327612801,        1,  283612801,  283612801
  6835,    39,   44000000,  379619301,        1,  335619301,  335619301
  6835,    40,   44000000,  372771374,        1,  328771374,  328771374
  6835,    41,   44000000,  374355275,        1,  330355275,  330355275
  6835,    42,   44000000,  426364300,        1,  382364300,  382364300
  6835,    43,   44000000,  425454554,        1,  381454554,  381454554
  6835,    44,   44000000,  417356141,        1,  373356141,  373356141
  6835,    45,   44000000,  408965102,        1,  364965102,  364965102
  6835,    46,   44000000,  400587263,        1,  356587263,  356587263
  6835,    47,   44000000,  476048624,        1,  432048624,  432048624
  6835,    48,   44000000,  467679174,        1,  423679174,  423679174
  6835,    49,   44000000,  459925386,        1,  415925386,  415925386
  6835,    50,   44000000,  470609818,        1,  426609818,  426609818
  6835,    51,   44000000,  462297801,        1,  418297801,  418297801
  6835,    52,   44000000,  454443902,        1,  410443902,  410443902
  6835,    53,   44000000,  506645712,        1,  462645712,  462645712
  6835,    54,   44000000,  498272540,        1,  454272540,  454272540
  6835,    55,   44000000,  549973367,        1,  505973367,  505973367
  6835,    56,   44000000,  541601044,        1,  497601044,  497601044
  6835,    57,   44000000,  533218788,        1,  489218788,  489218788
  6835,    58,   44000000,  524828565,        1,  480828565,  480828565
  6835,    59,   44000000,  587017451,        1,  543017451,  543017451
  6835,    60,   44000000,  578909119,        1,  534909119,  534909119
  6835,    61,   44000000,  570524956,        1,  526524956,  526524956
  6835,    62,   44000000,  570662029,        1,  526662029,  526662029
  6835,    63,   44000000,  622324670,        1,  578324670,  578324670
  6835,    64,   44000000,  613949679,        1,  569949679,  569949679
  6835,    65,   44000000,  628577086,        1,  584577086,  584577086
  6835,    66,   44000000,  620226443,        1,  576226443,  576226443
  6835,    67,   44000000,  646705693,        1,  602705693,  602705693
  6835,    68,   44000000,  638358684,        1,  594358684,  594358684
  6835,    69,   44000000,  635376261,        1,  591376261,  591376261
  6835,    70,   44000000,  657749395,        1,  613749395,  613749395
  6835,    71,   44000000,  649427230,        1,  605427230,  605427230
  6835,    72,   44000000,  718089124,        1,  674089124,  674089124
  6835,    73,   44000000,  709695893,        1,  665695893,  665695893
  6835,    74,   44000000,  701784500,        1,  657784500,  657784500
  6835,    75,   44000000,  716865837,        1,  672865837,  672865837
  6835,    76,   44000000,  715283049,        1,  671283049,  671283049
  6835,    77,   44000000,  759730021,        1,  715730021,  715730021
  6835,    78,   44000000,  781666917,        1,  737666917,  737666917
  6835,    79,   44000000,  773327856,        1,  729327856,  729327856
  6835,    80,   44000000,  764976373,        1,  720976373,  720976373
  6835,    81,   44000000,  756602212,        1,  712602212,  712602212
  6835,    82,   44000000,  808528979,        1,  764528979,  764528979
  6835,    83,   44000000,  800147391,        1,  756147391,  756147391
  6835,    84,   44000000,  792052022,        1,  748052022,  748052022
  6835,    85,   44000000,  843981932,        1,  799981932,  799981932
  6835,    86,   44000000,  835823331,        1,  791823331,  791823331
  6835,    87,   44000000,  827445848,        1,  783445848,  783445848
  6835,    88,   44000000,  819052215,        1,  775052215,  775052215
  6835,    89,   44000000,  870698247,        1,  826698247,  826698247
  6835,    90,   44000000,  862324069,        1,  818324069,  818324069
  6835,    91,   44000000,  854236482,        1,  810236482,  810236482
  6835,    92,   44000000,  905867716,        1,  861867716,  861867716
  6835,    93,   44000000,  897764171,        1,  853764171,  853764171
  6835,    94,   44000000,  924789079,        1,  880789079,  880789079
  6835,    95,   44000000,  916804915,        1,  872804915,  872804915
  6835,    96,   44000000,  908419067,        1,  864419067,  864419067
  6835,    97,   44000000,  960357343,        1,  916357343,  916357343
  6835,    98,   44000000,  951961027,        1,  907961027,  907961027
  6835,    99,   44000000,  961422364,        1,  917422364,  917422364
  6835,   100,   44000000,  957878049,        1,  913878049,  913878049
  6835,   101,   44000000, 1009556713,        1,  965556713,  965556713
  6835,   102,   44000000, 1024984884,        1,  980984884,  980984884
  6835,   103,   44000000, 1016658184,        1,  972658184,  972658184
  6835,   104,   44000000, 1008548866,        1,  964548866,  964548866
  6835,   105,   44000000, 1000181681,        1,  956181681,  956181681
  6835,   106,   44000000, 1052122438,        1, 1008122438, 1008122438
  6835,   107,   44000000, 1043732746,        1,  999732746,  999732746
  6835,   108,   44000000, 1036026816,        1,  992026816,  992026816
  6835,   109,   44000000, 1087692319,        1, 1043692319, 1043692319
  6835,   110,   44000000, 1079336642,        1, 1035336642, 1035336642
  6835,   111,   44000000, 1070954306,        1, 1026954306, 1026954306
# task NAME=myapp PID=6839 COST=82891000 PERIOD=95000000 CPU=0
  6839,     2,   95000000,       8937,        0,  -94991063,          0
  6839,     3,   95000000,      73391,        0,  -94926609,          0
  6839,     4,   95000000,  175535571,        1,   80535571,   80535571
  6839,     5,   95000000,  162029720,        1,   67029720,   67029720
  6839,     6,   95000000,  209404607,        1,  114404607,  114404607
  6839,     7,   95000000,  226532130,        1,  131532130,  131532130
  6839,     8,   95000000,  251930233,        1,  156930233,  156930233
  6839,     9,   95000000,  281937352,        1,  186937352,  186937352
  6839,    10,   95000000,  301466393,        1,  206466393,  206466393
  6839,    11,   95000000,  288185930,        1,  193185930,  193185930
  6839,    12,   95000000,  334662403,        1,  239662403,  239662403
  6839,    13,   95000000,  355648937,        1,  260648937,  260648937
  6839,    14,   95000000,  426810905,        1,  331810905,  331810905
  6839,    15,   95000000,  412891592,        1,  317891592,  317891592
  6839,    16,   95000000,  464090850,        1,  369090850,  369090850
  6839,    17,   95000000,  510462796,        1,  415462796,  415462796
  6839,    18,   95000000,  496522497,        1,  401522497,  401522497
  6839,    19,   95000000,  496825388,        1,  401825388,  401825388
  6839,    20,   95000000,  543571863,        1,  448571863,  448571863
  6839,    21,   95000000,  559129427,        1,  464129427,  464129427
  6839,    22,   95000000,  605648373,        1,  510648373,  510648373
  6839,    23,   95000000,  652081539,        1,  557081539,  557081539
  6839,    24,   95000000,  663617549,        1,  568617549,  568617549
  6839,    25,   95000000,  651658897,        1,  556658897,  556658897
  6839,    26,   95000000,  697826234,        1,  602826234,  602826234
  6839,    27,   95000000,  743845008,        1,  648845008,  648845008
  6839,    28,   95000000,  730411844,        1,  635411844,  635411844
  6839,    29,   95000000,  777046806,        1,  682046806,  682046806
  6839,    30,   95000000,  823246596,        1,  728246596,  728246596
  6839,    31,   95000000,  835947345,        1,  740947345,  740947345
  6839,    32,   95000000,  852650601,        1,  757650601,  757650601
  6839,    33,   95000000,  899106615,        1,  804106615,  804106615
  6839,    34,   95000000,  971416892,        1,  876416892,  876416892
  6839,    35,   95000000,  957834308,        1,  862834308,  862834308
  6839,    36,   95000000, 1003984280,        1,  908984280,  908984280
  6839,    37,   95000000, 1020154581,        1,  925154581,  925154581
  6839,    38,   95000000, 1066319997,        1,  971319997,  971319997
  6839,    39,   95000000, 1052730188,        1,  957730188,  957730188
  6839,    40,   95000000, 1110080591,        1, 1015080591, 1015080591
  6839,    41,   95000000, 1156224291,        1, 1061224291, 1061224291
  6839,    42,   95000000, 1172683380,        1, 1077683380, 1077683380
  6839,    43,   95000000, 1159169356,        1, 1064169356, 1064169356
  6839,    44,   95000000, 1222179413,        1, 1127179413, 1127179413
  6839,    45,   95000000, 1226486662,        1, 1131486662, 1131486662
  6839,    46,   95000000, 1272929839,        1, 1177929839, 1177929839
  6839,    47,   95000000, 1319134445,        1, 1224134445, 1224134445
  6839,    48,   95000000, 1305504029,        1, 1210504029, 1210504029
  6839,    49,   95000000, 1351924499,        1, 1256924499, 1256924499
  6839,    50,   95000000, 1408321718,        1, 1313321718, 1313321718
  6839,    51,   95000000, 1394725460,        1, 1299725460, 1299725460
  6839,    52,   95000000, 1434804906,        1, 1339804906, 1339804906
  6839,    53,   95000000, 1481285178,        1, 1386285178, 1386285178
  6839,    54,   95000000, 1528247589,        1, 1433247589, 1433247589
  6839,    55,   95000000, 1516596304,        1, 1421596304, 1421596304
  6839,    56,   95000000, 1560989212,        1, 1465989212, 1465989212
  6839,    57,   95000000, 1607385989,        1, 1512385989, 1512385989
  6839,    58,   95000000, 1614805780,        1, 1519805780, 1519805780
  6839,    59,   95000000, 1612983450,        1, 1517983450, 1517983450
  6839,    60,   95000000, 1659463775,        1, 1564463775, 1564463775
  6839,    61,   95000000, 1672812534,        1, 1577812534, 1577812534
  6839,    62,   95000000, 1683493634,        1, 1588493634, 1588493634
  6839,    63,   95000000, 1729630835,        1, 1634630835, 1634630835
  6839,    64,   95000000, 1776061461,        1, 1681061461, 1681061461
  6839,    65,   95000000, 1792460402,        1, 1697460402, 1697460402
  6839,    66,   95000000, 1838866996,        1, 1743866996, 1743866996
  6839,    67,   95000000, 1825215774,        1, 1730215774, 1730215774
  6839,    68,   95000000, 1871331974,        1, 1776331974, 1776331974
  6839,    69,   95000000, 1917774670,        1, 1822774670, 1822774670
  6839,    70,   95000000, 1934220591,        1, 1839220591, 1839220591
  6839,    71,   95000000, 1920600412,        1, 1825600412, 1825600412
  6839,    72,   95000000, 1966982241,        1, 1871982241, 1871982241
  6839,    73,   95000000, 2013126662,        1, 1918126662, 1918126662
  6839,    74,   95000000, 2029260961,        1, 1934260961, 1934260961
  6839,    75,   95000000, 2045368048,        1, 1950368048, 1950368048
  6839,    76,   95000000, 2091516839,        1, 1996516839, 1996516839
  6839,    77,   95000000, 2099780365,        1, 2004780365, 2004780365
  6839,    78,   95000000, 2154074868,        1, 2059074868, 2059074868
  6839,    79,   95000000, 2172408666,        1, 2077408666, 2077408666
  6839,    80,   95000000, 2189863581,        1, 2094863581, 2094863581
  6839,    81,   95000000, 2236308282,        1, 2141308282, 2141308282
  6839,    82,   95000000, 2222660375,        1, 2127660375, 2127660375
  6839,    83,   95000000, 2269059722,        1, 2174059722, 2174059722
  6839,    84,   95000000, 2315173864,        1, 2220173864, 2220173864
  6839,    85,   95000000, 2301579779,        1, 2206579779, 2206579779
  6839,    86,   95000000, 2287662618,        1, 2192662618, 2192662618
  6839,    87,   95000000, 2274017178,        1, 2179017178, 2179017178
  6839,    88,   95000000, 2260360112,        1, 2165360112, 2165360112
# task NAME=myapp PID=6843 COST=23116000 PERIOD=48000000 CPU=0
  6843,     2,   48000000,      15365,        0,  -47984635,          0
  6843,     3,   48000000,      62309,        0,  -47937691,          0
  6843,     4,   48000000,   22697121,        0,  -25302879,          0
  6843,     5,   48000000,   22664048,        0,  -25335952,          0
  6843,     6,   48000000,   33709365,        0,  -14290635,          0
  6843,     7,   48000000,   22937119,        0,  -25062881,          0
  6843,     8,   48000000,   56091803,        1,    8091803,    8091803
  6843,     9,   48000000,   30746498,        0,  -17253502,          0
  6843,    10,   48000000,   22647331,        0,  -25352669,          0
  6843,    11,   48000000,   69386168,        1,   21386168,   21386168
  6843,    12,   48000000,   44019818,        0,   -3980182,          0
  6843,    13,   48000000,   47450463,        0,    -549537,          0
  6843,    14,   48000000,   22642251,        0,  -25357749,          0
  6843,    15,   48000000,   30682672,        0,  -17317328,          0
  6843,    16,   48000000,   39735092,        0,   -8264908,          0
  6843,    17,   48000000,   40987409,        0,   -7012591,          0
  6843,    18,   48000000,   32058430,        0,  -15941570,          0
  6843,    19,   48000000,   25677696,        0,  -22322304,          0
  6843,    20,   48000000,   22940868,        0,  -25059132,          0
  6843,    21,   48000000,   22658021,        0,  -25341979,          0
  6843,    22,   48000000,   30720703,        0,  -17279297,          0
  6843,    23,   48000000,   22665321,        0,  -25334679,          0
  6843,    24,   48000000,   22641115,        0,  -25358885,          0
  6843,    25,   48000000,   22942909,        0,  -25057091,          0
  6843,    26,   48000000,   22693493,        0,  -25306507,          0
  6843,    27,   48000000,   50405423,        1,    2405423,    2405423
  6843,    28,   48000000,   25083659,        0,  -22916341,          0
  6843,    29,   48000000,   23676239,        0,  -24323761,          0
  6843,    30,   48000000,   22632661,        0,  -25367339,          0
  6843,    31,   48000000,   22658574,        0,  -25341426,          0
  6843,    32,   48000000,   32064199,        0,  -15935801,          0
  6843,    33,   48000000,   32413550,        0,  -15586450,          0
  6843,    34,   48000000,   22651911,        0,  -25348089,          0
  6843,    35,   48000000,   22642168,        0,  -25357832,          0
  6843,    36,   48000000,   45534264,        0,   -2465736,          0
  6843,    37,   48000000,   27315825,        0,  -20684175,          0
  6843,    38,   48000000,   22957106,        0,  -25042894,          0
  6843,    39,   48000000,   22651501,        0,  -25348499,          0
  6843,    40,   48000000,   26241507,        0,  -21758493,          0
  6843,    41,   48000000,   22922860,        0,  -25077140,          0
  6843,    42,   48000000,   43988317,        0,   -4011683,          0
  6843,    43,   48000000,   22663935,        0,  -25336065,          0
  6843,    44,   48000000,   22658201,        0,  -25341799,          0
  6843,    45,   48000000,   22645872,        0,  -25354128,          0
  6843,    46,   48000000,   28481225,        0,  -19518775,          0
  6843,    47,   48000000,   22633504,        0,  -25366496,          0
  6843,    48,   48000000,   31696485,        0,  -16303515,          0
  6843,    49,   48000000,   35704506,        0,  -12295494,          0
  6843,    50,   48000000,   22644693,        0,  -25355307,          0
  6843,    51,   48000000,   22910844,        0,  -25089156,          0
  6843,    52,   48000000,   22655695,        0,  -25344305,          0
  6843,    53,   48000000,   22657116,        0,  -25342884,          0
  6843,    54,   48000000,   29468047,        0,  -18531953,          0
  6843,    55,   48000000,   22630410,        0,  -25369590,          0
  6843,    56,   48000000,   22669607,        0,  -25330393,          0
  6843,    57,   48000000,   22653771,        0,  -25346229,          0
  6843,    58,   48000000,   22655984,        0,  -25344016,          0
  6843,    59,   48000000,   22949494,        0,  -25050506,          0
  6843,    60,   48000000,   22653497,        0,  -25346503,          0
  6843,    61,   48000000,   24549181,        0,  -23450819,          0
  6843,    62,   48000000,   22661273,        0,  -25338727,          0
  6843,    63,   48000000,   32420248,        0,  -15579752,          0
  6843,    64,   48000000,   23050092,        0,  -24949908,          0
  6843,    65,   48000000,   22656842,        0,  -25343158,          0
  6843,    66,   48000000,   22647351,        0,  -25352649,          0
  6843,    67,   48000000,   22928219,        0,  -25071781,          0
  6843,    68,   48000000,   22694643,        0,  -25305357,          0
  6843,    69,   48000000,   22656322,        0,  -25343678,          0
  6843,    70,   48000000,   26720845,        0,  -21279155,          0
  6843,    71,   48000000,   23781220,        0,  -24218780,          0
  6843,    72,   48000000,   22918130,        0,  -25081870,          0
  6843,    73,   48000000,   32514899,        0,  -15485101,          0
  6843,    74,   48000000,   44745159,        0,   -3254841,          0
  6843,    75,   48000000,   22650768,        0,  -25349232,          0
  6843,    76,   48000000,   22834842,        0,  -25165158,          0
  6843,    77,   48000000,   25939742,        0,  -22060258,          0
  6843,    78,   48000000,   22968089,        0,  -25031911,          0
  6843,    79,   48000000,   22638197,        0,  -25361803,          0
  6843,    80,   48000000,   22938662,        0,  -25061338,          0
  6843,    81,   48000000,   22658565,        0,  -25341435,          0
  6843,    82,   48000000,   23337695,        0,  -24662305,          0
  6843,    83,   48000000,   22674835,        0,  -25325165,          0
  6843,    84,   48000000,   22640405,        0,  -25359595,          0
  6843,    85,   48000000,   23006187,        0,  -24993813,          0
  6843,    86,   48000000,   37398214,        0,  -10601786,          0
  6843,    87,   48000000,   33138878,        0,  -14861122,          0
  6843,    88,   48000000,   32692429,        0,  -15307571,          0
  6843,    89,   48000000,   22692614,        0,  -25307386,          0
  6843,    90,   48000000,   22675899,        0,  -25324101,          0
  6843,    91,   48000000,   22695017,        0,  -25304983,          0
  6843,    92,   48000000,   22662934,        0,  -25337066,          0
  6843,    93,   48000000,   22955614,        0,  -25044386,          0
  6843,    94,   48000000,   22667552,        0,  -25332448,          0
  6843,    95,   48000000,   22670054,        0,  -25329946,          0
  6843,    96,   48000000,   22705291,        0,  -25294709,          0
  6843,    97,   48000000,   22672278,        0,  -25327722,          0
  6843,    98,   48000000,   22981691,        0,  -25018309,          0
  6843,    99,   48000000,   22655001,        0,  -25344999,          0
  6843,   100,   48000000,   22773232,        0,  -25226768,          0
  6843,   101,   48000000,   22673013,        0,  -25326987,          0
  6843,   102,   48000000,   22662465,        0,  -25337535,          0
  6843,   103,   48000000,   30183593,        0,  -17816407,          0
  6843,   104,   48000000,   45677919,        0,   -2322081,          0
  6843,   105,   48000000,   22665624,        0,  -25334376,          0
  6843,   106,   48000000,   23068978,        0,  -24931022,          0
  6843,   107,   48000000,   22672105,        0,  -25327895,          0
  6843,   108,   48000000,   22664092,        0,  -25335908,          0
  6843,   109,   48000000,   29589657,        0,  -18410343,          0
  6843,   110,   48000000,   22655717,        0,  -25344283,          0
  6843,   111,   48000000,   22953931,        0,  -25046069,          0
  6843,   112,   48000000,   22638550,        0,  -25361450,          0
  6843,   113,   48000000,   22662596,        0,  -25337404,          0
  6843,   114,   48000000,   22690629,        0,  -25309371,          0
  6843,   115,   48000000,   22668923,        0,  -25331077,          0
  6843,   116,   48000000,   22717127,        0,  -25282873,          0
  6843,   117,   48000000,   22682958,        0,  -25317042,          0
  6843,   118,   48000000,   24639055,        0,  -23360945,          0
  6843,   119,   48000000,   42189077,        0,   -5810923,          0
  6843,   120,   48000000,   22661924,        0,  -25338076,          0
  6843,   121,   48000000,   22679787,        0,  -25320213,          0
  6843,   122,   48000000,   22656060,        0,  -25343940,          0
  6843,   123,   48000000,   22708194,        0,  -25291806,          0
  6843,   124,   48000000,   22962679,        0,  -25037321,          0
  6843,   125,   48000000,   22664906,        0,  -25335094,          0
  6843,   126,   48000000,   38259118,        0,   -9740882,          0
  6843,   127,   48000000,   22743002,        0,  -25256998,          0
  6843,   128,   48000000,   22688200,        0,  -25311800,          0
  6843,   129,   48000000,   45379358,        0,   -2620642,          0
  6843,   130,   48000000,   22689991,        0,  -25310009,          0
  6843,   131,   48000000,   22638025,        0,  -25361975,          0
  6843,   132,   48000000,   27661860,        0,  -20338140,          0
  6843,   133,   48000000,   33720559,        0,  -14279441,          0
  6843,   134,   48000000,   25737746,        0,  -22262254,          0
  6843,   135,   48000000,   29713182,        0,  -18286818,          0
  6843,   136,   48000000,   34715550,        0,  -13284450,          0
  6843,   137,   48000000,   27951400,        0,  -20048600,          0
  6843,   138,   48000000,   34764795,        0,  -13235205,          0
  6843,   139,   48000000,   22683274,        0,  -25316726,          0
  6843,   140,   48000000,   27140138,        0,  -20859862,          0
  6843,   141,   48000000,   22685874,        0,  -25314126,          0
  6843,   142,   48000000,   22651165,        0,  -25348835,          0
  6843,   143,   48000000,   33194876,        0,  -14805124,          0
  6843,   144,   48000000,   29714308,        0,  -18285692,          0
  6843,   145,   48000000,   22944524,        0,  -25055476,          0
  6843,   146,   48000000,   22652459,        0,  -25347541,          0
  6843,   147,   48000000,   22655732,        0,  -25344268,          0
  6843,   148,   48000000,   22689263,        0,  -25310737,          0
  6843,   149,   48000000,   22670602,        0,  -25329398,          0
  6843,   150,   48000000,   22938185,        0,  -25061815,          0
  6843,   151,   48000000,   23729957,        0,  -24270043,          0
  6843,   152,   48000000,   22670615,        0,  -25329385,          0
  6843,   153,   48000000,   22942935,        0,  -25057065,          0
  6843,   154,   48000000,   22665799,        0,  -25334201,          0
  6843,   155,   48000000,   22673054,        0,  -25326946,          0
  6843,   156,   48000000,   22669179,        0,  -25330821,          0
  6843,   157,   48000000,   35270900,        0,  -12729100,          0
  6843,   158,   48000000,   22943860,        0,  -25056140,          0
  6843,   159,   48000000,   44784205,        0,   -3215795,          0
  6843,   160,   48000000,   27359232,        0,  -20640768,          0
  6843,   161,   48000000,   39261930,        0,   -8738070,          0
  6843,   162,   48000000,   26679390,        0,  -21320610,          0
  6843,   163,   48000000,   24634189,        0,  -23365811,          0
  6843,   164,   48000000,   22658436,        0,  -25341564,          0
  6843,   165,   48000000,   27358068,        0,  -20641932,          0
  6843,   166,   48000000,   22949759,        0,  -25050241,          0
  6843,   167,   48000000,   26708998,        0,  -21291002,          0
  6843,   168,   48000000,   33626900,        0,  -14373100,          0
  6843,   169,   48000000,   22662646,        0,  -25337354,          0
  6843,   170,   48000000,   22630808,        0,  -25369192,          0
  6843,   171,   48000000,   22953975,        0,  -25046025,          0
  6843,   172,   48000000,   30197407,        0,  -17802593,          0
  6843,   173,   48000000,   22658739,        0,  -25341261,          0
  6843,   174,   48000000,   22682754,        0,  -25317246,          0
  6843,   175,   48000000,   27475399,        0,  -20524601,          0
  6843,   176,   48000000,   22981937,        0,  -25018063,          0
  6843,   177,   48000000,   25565777,        0,  -22434223,          0
  6843,   178,   48000000,   22651581,        0,  -25348419,          0
  6843,   179,   48000000,   22965908,        0,  -25034092,          0
  6843,   180,   48000000,   22638204,        0,  -25361796,          0
  6843,   181,   48000000,   28741992,        0,  -19258008,          0
  6843,   182,   48000000,   45693801,        0,   -2306199,          0
  6843,   183,   48000000,   22676482,        0,  -25323518,          0
  6843,   184,   48000000,   22909968,        0,  -25090032,          0
  6843,   185,   48000000,   22685322,        0,  -25314678,          0
  6843,   186,   48000000,   22665874,        0,  -25334126,          0
  6843,   187,   48000000,   26282624,        0,  -21717376,          0
  6843,   188,   48000000,   22734370,        0,  -25265630,          0
  6843,   189,   48000000,   22970083,        0,  -25029917,          0
  6843,   190,   48000000,   22682820,        0,  -25317180,          0
  6843,   191,   48000000,   38685424,        0,   -9314576,          0
  6843,   192,   48000000,   22952647,        0,  -25047353,          0
  6843,   193,   48000000,   22664198,        0,  -25335802,          0
  6843,   194,   48000000,   23654435,        0,  -24345565,          0
  6843,   195,   48000000,   22631618,        0,  -25368382,          0
  6843,   196,   48000000,   22656499,        0,  -25343501,          0
  6843,   197,   48000000,   22994505,        0,  -25005495,          0
  6843,   198,   48000000,   22710409,        0,  -25289591,          0
  6843,   199,   48000000,   27977284,        0,  -20022716,          0
  6843,   200,   48000000,   27541397,        0,  -20458603,          0
  6843,   201,   48000000,   22670176,        0,  -25329824,          0
  6843,   202,   48000000,   22677924,        0,  -25322076,          0
  6843,   203,   48000000,   27558152,        0,  -20441848,          0
  6843,   204,   48000000,   22687669,        0,  -25312331,          0
  6843,   205,   48000000,   22974010,        0,  -25025990,          0
  6843,   206,   48000000,   39676446,        0,   -8323554,          0
  6843,   207,   48000000,   22649457,        0,  -25350543,          0
  6843,   208,   48000000,   22817645,        0,  -25182355,          0
  6843,   209,   48000000,   22654953,        0,  -25345047,          0
  6843,   210,   48000000,   22999337,        0,  -25000663,          0
  6843,   211,   48000000,   22643337,        0,  -25356663,          0
  6843,   212,   48000000,   22691425,        0,  -25308575,          0
