221 221 0
111 111 0
172 172 0
242 242 0
1006 1006 0
126 126 0
774 774 0
274 274 0
115 115 0
280 280 0
199 199 0
122 122 0
246 246 0
237 237 0
127 127 0
316 316 0
230 230 0
594 594 0
233 233 0
211 211 0
337 337 0
193 193 0
127 127 0
108 108 0
204 204 0
216 216 0
135 135 0
773 773 0
248 248 0
124 124 0
215 215 0
720 720 0
315 315 0
218 218 0
300 300 0
181 181 0
106 106 0
124 124 0
209 209 0
159 159 0
185 185 0
105 105 0
143 143 0
195 195 0
183 183 0
306 306 0
136 136 0
231 231 0
669 669 0
316 316 0
128 128 0
121 121 0
166 166 0
128 128 0
136 136 0
153 153 0
629 629 0
119 119 0
260 260 0
179 179 0
274 274 0
266 266 0
166 166 0
106 106 0
215 215 0
204 204 0
