151 149 2
307 295 12
108 106 2
191 190 1
773 765 8
155 134 21
161 150 11
186 180 6
132 130 2
124 102 22
108 94 14
196 181 15
205 192 13
168 155 13
129 119 10
107 94 13
135 129 6
318 296 22
180 168 12
300 293 7
201 200 1
188 167 21
246 245 1
209 183 26
194 178 16
176 173 3
632 611 21
109 104 5
530 519 11
111 81 30
672 659 13
250 231 19
506 489 17
363 352 11
213 206 7
349 334 15
268 256 12
196 192 4
391 376 15
348 329 19
261 254 7
110 110 0
339 333 6
249 231 18
115 113 2
113 108 5
153 136 17
481 472 9
282 271 11
266 250 16
560 552 8
118 115 3
130 125 5
420 411 9
111 106 5
532 522 10
126 122 4
150 134 16
215 210 5
273 266 7
309 296 13
200 200 0
421 408 13
133 121 12
439 435 4
109 108 1
461 448 13
162 159 3
226 218 8
118 94 24
110 106 4
482 467 15
141 120 21
111 110 1
256 250 6
387 376 11
154 141 13
481 462 19
148 140 8
374 367 7
532 525 7
182 163 19
124 97 27
