# Task,   Job,     Period,   Response, DL Miss?,   Lateness,  Tardiness
# task NAME=myapp PID=24745 COST=26408000 PERIOD=37000000 CPU=0
 24745,     2,   37000000,      16034,        0,  -36983966,          0
 24745,     3,   37000000,      67312,        0,  -36932688,          0
 24745,     4,   37000000,   26143685,        0,  -10856315,          0
 24745,     5,   37000000,   30183576,        0,   -6816424,          0
 24745,     6,   37000000,   26501820,        0,  -10498180,          0
 24745,     7,   37000000,   26124639,        0,  -10875361,          0
 24745,     8,   37000000,   26832639,        0,  -10167361,          0
 24745,     9,   37000000,   26168673,        0,  -10831327,          0
 24745,    10,   37000000,   26126667,        0,  -10873333,          0
 24745,    11,   37000000,   26420597,        0,  -10579403,          0
 24745,    12,   37000000,   26139190,        0,  -10860810,          0
 24745,    13,   37000000,   26128632,        0,  -10871368,          0
 24745,    14,   37000000,   26116238,        0,  -10883762,          0
 24745,    15,   37000000,   26406915,        0,  -10593085,          0
 24745,    16,   37000000,   26119044,        0,  -10880956,          0
 24745,    17,   37000000,   31277180,        0,   -5722820,          0
 24745,    18,   37000000,   26451159,        0,  -10548841,          0
 24745,    19,   37000000,   26128943,        0,  -10871057,          0
 24745,    20,   37000000,   26178201,        0,  -10821799,          0
 24745,    21,   37000000,   29704843,        0,   -7295157,          0
 24745,    22,   37000000,   26151336,        0,  -10848664,          0
 24745,    23,   37000000,   26209394,        0,  -10790606,          0
 24745,    24,   37000000,   26172747,        0,  -10827253,          0
 24745,    25,   37000000,   26420299,        0,  -10579701,          0
 24745,    26,   37000000,   26192297,        0,  -10807703,          0
 24745,    27,   37000000,   28954949,        0,   -8045051,          0
 24745,    28,   37000000,   26428860,        0,  -10571140,          0
 24745,    29,   37000000,   26432680,        0,  -10567320,          0
 24745,    30,   37000000,   26973290,        0,  -10026710,          0
 24745,    31,   37000000,   26115639,        0,  -10884361,          0
 24745,    32,   37000000,   26150126,        0,  -10849874,          0
 24745,    33,   37000000,   26187559,        0,  -10812441,          0
 24745,    34,   37000000,   26123820,        0,  -10876180,          0
 24745,    35,   37000000,   26408543,        0,  -10591457,          0
 24745,    36,   37000000,   26156284,        0,  -10843716,          0
 24745,    37,   37000000,   26122369,        0,  -10877631,          0
 24745,    38,   37000000,   26410689,        0,  -10589311,          0
 24745,    39,   37000000,   26133695,        0,  -10866305,          0
 24745,    40,   37000000,   26116516,        0,  -10883484,          0
 24745,    41,   37000000,   28068981,        0,   -8931019,          0
 24745,    42,   37000000,   26547786,        0,  -10452214,          0
 24745,    43,   37000000,   26140859,        0,  -10859141,          0
 24745,    44,   37000000,   26129126,        0,  -10870874,          0
 24745,    45,   37000000,   26422055,        0,  -10577945,          0
 24745,    46,   37000000,   26137409,        0,  -10862591,          0
 24745,    47,   37000000,   29143553,        0,   -7856447,          0
 24745,    48,   37000000,   26529836,        0,  -10470164,          0
 24745,    49,   37000000,   26117353,        0,  -10882647,          0
 24745,    50,   37000000,   26120802,        0,  -10879198,          0
 24745,    51,   37000000,   26124464,        0,  -10875536,          0
 24745,    52,   37000000,   30677739,        0,   -6322261,          0
 24745,    53,   37000000,   26116545,        0,  -10883455,          0
 24745,    54,   37000000,   26420596,        0,  -10579404,          0
 24745,    55,   37000000,   28096754,        0,   -8903246,          0
 24745,    56,   37000000,   26230185,        0,  -10769815,          0
 24745,    57,   37000000,   26129694,        0,  -10870306,          0
 24745,    58,   37000000,   26116308,        0,  -10883692,          0
 24745,    59,   37000000,   26157224,        0,  -10842776,          0
 24745,    60,   37000000,   26115239,        0,  -10884761,          0
 24745,    61,   37000000,   26127283,        0,  -10872717,          0
 24745,    62,   37000000,   26416329,        0,  -10583671,          0
 24745,    63,   37000000,   26155306,        0,  -10844694,          0
 24745,    64,   37000000,   26128940,        0,  -10871060,          0
 24745,    65,   37000000,   26120896,        0,  -10879104,          0
 24745,    66,   37000000,   26146978,        0,  -10853022,          0
 24745,    67,   37000000,   26133919,        0,  -10866081,          0
 24745,    68,   37000000,   26148260,        0,  -10851740,          0
 24745,    69,   37000000,   27977294,        0,   -9022706,          0
 24745,    70,   37000000,   26118904,        0,  -10881096,          0
 24745,    71,   37000000,   26145230,        0,  -10854770,          0
 24745,    72,   37000000,   26405967,        0,  -10594033,          0
 24745,    73,   37000000,   28423713,        0,   -8576287,          0
 24745,    74,   37000000,   31925992,        0,   -5074008,          0
 24745,    75,   37000000,   26645878,        0,  -10354122,          0
 24745,    76,   37000000,   26118102,        0,  -10881898,          0
 24745,    77,   37000000,   26152118,        0,  -10847882,          0
 24745,    78,   37000000,   26410403,        0,  -10589597,          0
 24745,    79,   37000000,   26425136,        0,  -10574864,          0
 24745,    80,   37000000,   26114974,        0,  -10885026,          0
 24745,    81,   37000000,   26141642,        0,  -10858358,          0
 24745,    82,   37000000,   26413710,        0,  -10586290,          0
 24745,    83,   37000000,   27141418,        0,   -9858582,          0
 24745,    84,   37000000,   26117371,        0,  -10882629,          0
 24745,    85,   37000000,   27059290,        0,   -9940710,          0
 24745,    86,   37000000,   26131373,        0,  -10868627,          0
 24745,    87,   37000000,   28670470,        0,   -8329530,          0
 24745,    88,   37000000,   26259281,        0,  -10740719,          0
 24745,    89,   37000000,   26471951,        0,  -10528049,          0
 24745,    90,   37000000,   26155544,        0,  -10844456,          0
 24745,    91,   37000000,   26152095,        0,  -10847905,          0
 24745,    92,   37000000,   26120705,        0,  -10879295,          0
 24745,    93,   37000000,   26670793,        0,  -10329207,          0
 24745,    94,   37000000,   26121128,        0,  -10878872,          0
 24745,    95,   37000000,   26121708,        0,  -10878292,          0
 24745,    96,   37000000,   26604245,        0,  -10395755,          0
 24745,    97,   37000000,   26121897,        0,  -10878103,          0
 24745,    98,   37000000,   26138023,        0,  -10861977,          0
 24745,    99,   37000000,   26416390,        0,  -10583610,          0
 24745,   100,   37000000,   26117361,        0,  -10882639,          0
 24745,   101,   37000000,   26138431,        0,  -10861569,          0
 24745,   102,   37000000,   26160049,        0,  -10839951,          0
 24745,   103,   37000000,   26123489,        0,  -10876511,          0
 24745,   104,   37000000,   26114753,        0,  -10885247,          0
 24745,   105,   37000000,   26333580,        0,  -10666420,          0
 24745,   106,   37000000,   29300063,        0,   -7699937,          0
 24745,   107,   37000000,   26114383,        0,  -10885617,          0
 24745,   108,   37000000,   26120110,        0,  -10879890,          0
 24745,   109,   37000000,   26464172,        0,  -10535828,          0
 24745,   110,   37000000,   26139248,        0,  -10860752,          0
 24745,   111,   37000000,   26294845,        0,  -10705155,          0
 24745,   112,   37000000,   26198640,        0,  -10801360,          0
 24745,   113,   37000000,   28935042,        0,   -8064958,          0
 24745,   114,   37000000,   26139749,        0,  -10860251,          0
 24745,   115,   37000000,   26219227,        0,  -10780773,          0
 24745,   116,   37000000,   26505452,        0,  -10494548,          0
 24745,   117,   37000000,   26118076,        0,  -10881924,          0
 24745,   118,   37000000,   34908977,        0,   -2091023,          0
 24745,   119,   37000000,   26129103,        0,  -10870897,          0
 24745,   120,   37000000,   26139926,        0,  -10860074,          0
 24745,   121,   37000000,   26995050,        0,  -10004950,          0
 24745,   122,   37000000,   27410856,        0,   -9589144,          0
 24745,   123,   37000000,   26415724,        0,  -10584276,          0
 24745,   124,   37000000,   26256174,        0,  -10743826,          0
 24745,   125,   37000000,   26121269,        0,  -10878731,          0
 24745,   126,   37000000,   26411712,        0,  -10588288,          0
 24745,   127,   37000000,   26158679,        0,  -10841321,          0
 24745,   128,   37000000,   26420681,        0,  -10579319,          0
 24745,   129,   37000000,   26193271,        0,  -10806729,          0
 24745,   130,   37000000,   26127051,        0,  -10872949,          0
 24745,   131,   37000000,   27257269,        0,   -9742731,          0
 24745,   132,   37000000,   30181961,        0,   -6818039,          0
 24745,   133,   37000000,   26633753,        0,  -10366247,          0
 24745,   134,   37000000,   26128205,        0,  -10871795,          0
 24745,   135,   37000000,   26127400,        0,  -10872600,          0
 24745,   136,   37000000,   26464453,        0,  -10535547,          0
 24745,   137,   37000000,   26566878,        0,  -10433122,          0
 24745,   138,   37000000,   26130744,        0,  -10869256,          0
 24745,   139,   37000000,   26170803,        0,  -10829197,          0
 24745,   140,   37000000,   26444344,        0,  -10555656,          0
 24745,   141,   37000000,   26124718,        0,  -10875282,          0
 24745,   142,   37000000,   26270343,        0,  -10729657,          0
 24745,   143,   37000000,   26417489,        0,  -10582511,          0
 24745,   144,   37000000,   26391729,        0,  -10608271,          0
 24745,   145,   37000000,   26128948,        0,  -10871052,          0
 24745,   146,   37000000,   26123914,        0,  -10876086,          0
 24745,   147,   37000000,   26144389,        0,  -10855611,          0
 24745,   148,   37000000,   26125134,        0,  -10874866,          0
 24745,   149,   37000000,   26267841,        0,  -10732159,          0
 24745,   150,   37000000,   26417447,        0,  -10582553,          0
 24745,   151,   37000000,   26310064,        0,  -10689936,          0
 24745,   152,   37000000,   26475817,        0,  -10524183,          0
 24745,   153,   37000000,   26415882,        0,  -10584118,          0
 24745,   154,   37000000,   26145586,        0,  -10854414,          0
 24745,   155,   37000000,   26810080,        0,  -10189920,          0
 24745,   156,   37000000,   26224972,        0,  -10775028,          0
 24745,   157,   37000000,   26326573,        0,  -10673427,          0
 24745,   158,   37000000,   26175012,        0,  -10824988,          0
 24745,   159,   37000000,   30388450,        0,   -6611550,          0
 24745,   160,   37000000,   26404128,        0,  -10595872,          0
 24745,   161,   37000000,   26118533,        0,  -10881467,          0
 24745,   162,   37000000,   26162299,        0,  -10837701,          0
 24745,   163,   37000000,   26438888,        0,  -10561112,          0
 24745,   164,   37000000,   26155995,        0,  -10844005,          0
 24745,   165,   37000000,   27559477,        0,   -9440523,          0
 24745,   166,   37000000,   26128705,        0,  -10871295,          0
 24745,   167,   37000000,   27587301,        0,   -9412699,          0
 24745,   168,   37000000,   26351166,        0,  -10648834,          0
 24745,   169,   37000000,   26286698,        0,  -10713302,          0
 24745,   170,   37000000,   26466187,        0,  -10533813,          0
 24745,   171,   37000000,   26178365,        0,  -10821635,          0
 24745,   172,   37000000,   26117626,        0,  -10882374,          0
 24745,   173,   37000000,   32694915,        0,   -4305085,          0
 24745,   174,   37000000,   26122856,        0,  -10877144,          0
 24745,   175,   37000000,   26140615,        0,  -10859385,          0
 24745,   176,   37000000,   26182038,        0,  -10817962,          0
 24745,   177,   37000000,   26430007,        0,  -10569993,          0
 24745,   178,   37000000,   26264255,        0,  -10735745,          0
 24745,   179,   37000000,   26192152,        0,  -10807848,          0
 24745,   180,   37000000,   26399625,        0,  -10600375,          0
 24745,   181,   37000000,   26116394,        0,  -10883606,          0
 24745,   182,   37000000,   26495150,        0,  -10504850,          0
 24745,   183,   37000000,   26146155,        0,  -10853845,          0
 24745,   184,   37000000,   26157158,        0,  -10842842,          0
 24745,   185,   37000000,   28375932,        0,   -8624068,          0
 24745,   186,   37000000,   26346977,        0,  -10653023,          0
 24745,   187,   37000000,   26404656,        0,  -10595344,          0
 24745,   188,   37000000,   30599928,        0,   -6400072,          0
 24745,   189,   37000000,   26856585,        0,  -10143415,          0
 24745,   190,   37000000,   26224316,        0,  -10775684,          0
 24745,   191,   37000000,   27304436,        0,   -9695564,          0
 24745,   192,   37000000,   26126089,        0,  -10873911,          0
 24745,   193,   37000000,   26154211,        0,  -10845789,          0
 24745,   194,   37000000,   26460876,        0,  -10539124,          0
 24745,   195,   37000000,   26220324,        0,  -10779676,          0
 24745,   196,   37000000,   26139045,        0,  -10860955,          0
 24745,   197,   37000000,   26420160,        0,  -10579840,          0
 24745,   198,   37000000,   26177562,        0,  -10822438,          0
 24745,   199,   37000000,   26297491,        0,  -10702509,          0
 24745,   200,   37000000,   26142182,        0,  -10857818,          0
 24745,   201,   37000000,   26309258,        0,  -10690742,          0
 24745,   202,   37000000,   26118657,        0,  -10881343,          0
 24745,   203,   37000000,   26206187,        0,  -10793813,          0
 24745,   204,   37000000,   26434920,        0,  -10565080,          0
 24745,   205,   37000000,   26129457,        0,  -10870543,          0
 24745,   206,   37000000,   26146950,        0,  -10853050,          0
 24745,   207,   37000000,   26413554,        0,  -10586446,          0
 24745,   208,   37000000,   26238279,        0,  -10761721,          0
 24745,   209,   37000000,   26160293,        0,  -10839707,          0
 24745,   210,   37000000,   26292914,        0,  -10707086,          0
 24745,   211,   37000000,   26303311,        0,  -10696689,          0
 24745,   212,   37000000,   26138579,        0,  -10861421,          0
 24745,   213,   37000000,   26146035,        0,  -10853965,          0
 24745,   214,   37000000,   26415355,        0,  -10584645,          0
 24745,   215,   37000000,   27417203,        0,   -9582797,          0
 24745,   216,   37000000,   26182790,        0,  -10817210,          0
 24745,   217,   37000000,   26192614,        0,  -10807386,          0
 24745,   218,   37000000,   26157291,        0,  -10842709,          0
 24745,   219,   37000000,   26112143,        0,  -10887857,          0
 24745,   220,   37000000,   26128129,        0,  -10871871,          0
 24745,   221,   37000000,   31580746,        0,   -5419254,          0
 24745,   222,   37000000,   26122726,        0,  -10877274,          0
 24745,   223,   37000000,   26152113,        0,  -10847887,          0
 24745,   224,   37000000,   26413036,        0,  -10586964,          0
 24745,   225,   37000000,   26163569,        0,  -10836431,          0
 24745,   226,   37000000,   28420038,        0,   -8579962,          0
 24745,   227,   37000000,   26123995,        0,  -10876005,          0
 24745,   228,   37000000,   26125511,        0,  -10874489,          0
 24745,   229,   37000000,   28303160,        0,   -8696840,          0
 24745,   230,   37000000,   29989909,        0,   -7010091,          0
 24745,   231,   37000000,   29189540,        0,   -7810460,          0
 24745,   232,   37000000,   26120895,        0,  -10879105,          0
 24745,   233,   37000000,   26165806,        0,  -10834194,          0
 24745,   234,   37000000,   28618453,        0,   -8381547,          0
 24745,   235,   37000000,   26183200,        0,  -10816800,          0
 24745,   236,   37000000,   27761989,        0,   -9238011,          0
 24745,   237,   37000000,   26146920,        0,  -10853080,          0
 24745,   238,   37000000,   26399177,        0,  -10600823,          0
 24745,   239,   37000000,   26138441,        0,  -10861559,          0
 24745,   240,   37000000,   26183154,        0,  -10816846,          0
 24745,   241,   37000000,   26412838,        0,  -10587162,          0
 24745,   242,   37000000,   26120434,        0,  -10879566,          0
 24745,   243,   37000000,   28770180,        0,   -8229820,          0
 24745,   244,   37000000,   26108730,        0,  -10891270,          0
 24745,   245,   37000000,   26445497,        0,  -10554503,          0
 24745,   246,   37000000,   27501338,        0,   -9498662,          0
 24745,   247,   37000000,   26149767,        0,  -10850233,          0
 24745,   248,   37000000,   26483675,        0,  -10516325,          0
 24745,   249,   37000000,   26133394,        0,  -10866606,          0
 24745,   250,   37000000,   26138263,        0,  -10861737,          0
 24745,   251,   37000000,   26420117,        0,  -10579883,          0
 24745,   252,   37000000,   26128613,        0,  -10871387,          0
 24745,   253,   37000000,   26120734,        0,  -10879266,          0
 24745,   254,   37000000,   28578872,        0,   -8421128,          0
 24745,   255,   37000000,   26123286,        0,  -10876714,          0
 24745,   256,   37000000,   26350399,        0,  -10649601,          0
 24745,   257,   37000000,   26143839,        0,  -10856161,          0
 24745,   258,   37000000,   26484846,        0,  -10515154,          0
 24745,   259,   37000000,   26315640,        0,  -10684360,          0
 24745,   260,   37000000,   26120902,        0,  -10879098,          0
 24745,   261,   37000000,   26483358,        0,  -10516642,          0
 24745,   262,   37000000,   28617111,        0,   -8382889,          0
 24745,   263,   37000000,   26222777,        0,  -10777223,          0
 24745,   264,   37000000,   26119218,        0,  -10880782,          0
 24745,   265,   37000000,   26400610,        0,  -10599390,          0
 24745,   266,   37000000,   26118963,        0,  -10881037,          0
 24745,   267,   37000000,   32083897,        0,   -4916103,          0
 24745,   268,   37000000,   26410977,        0,  -10589023,          0
 24745,   269,   37000000,   26131700,        0,  -10868300,          0
 24745,   270,   37000000,   26122732,        0,  -10877268,          0
 24745,   271,   37000000,   26113763,        0,  -10886237,          0
 24745,   272,   37000000,   26188535,        0,  -10811465,          0
 24745,   273,   37000000,   26189313,        0,  -10810687,          0
 24745,   274,   37000000,   26122042,        0,  -10877958,          0
# task NAME=myapp PID=24748 COST=12309000 PERIOD=43000000 CPU=0
 24748,     2,   43000000,      25523,        0,  -42974477,          0
 24748,     3,   43000000,      58408,        0,  -42941592,          0
 24748,     4,   43000000,   13547035,        0,  -29452965,          0
 24748,     5,   43000000,   18159318,        0,  -24840682,          0
 24748,     6,   43000000,   12214723,        0,  -30785277,          0
 24748,     7,   43000000,   12316707,        0,  -30683293,          0
 24748,     8,   43000000,   12198433,        0,  -30801567,          0
 24748,     9,   43000000,   12195161,        0,  -30804839,          0
 24748,    10,   43000000,   12194011,        0,  -30805989,          0
 24748,    11,   43000000,   16897011,        0,  -26102989,          0
 24748,    12,   43000000,   13157739,        0,  -29842261,          0
 24748,    13,   43000000,   13289399,        0,  -29710601,          0
 24748,    14,   43000000,   12576099,        0,  -30423901,          0
 24748,    15,   43000000,   12204953,        0,  -30795047,          0
 24748,    16,   43000000,   15310588,        0,  -27689412,          0
 24748,    17,   43000000,   12197773,        0,  -30802227,          0
 24748,    18,   43000000,   12204863,        0,  -30795137,          0
 24748,    19,   43000000,   12490682,        0,  -30509318,          0
 24748,    20,   43000000,   12267821,        0,  -30732179,          0
 24748,    21,   43000000,   12198805,        0,  -30801195,          0
 24748,    22,   43000000,   12479485,        0,  -30520515,          0
 24748,    23,   43000000,   12186101,        0,  -30813899,          0
 24748,    24,   43000000,   12206603,        0,  -30793397,          0
 24748,    25,   43000000,   15108074,        0,  -27891926,          0
 24748,    26,   43000000,   12236804,        0,  -30763196,          0
 24748,    27,   43000000,   14053486,        0,  -28946514,          0
 24748,    28,   43000000,   12369345,        0,  -30630655,          0
 24748,    29,   43000000,   14134079,        0,  -28865921,          0
 24748,    30,   43000000,   12196335,        0,  -30803665,          0
 24748,    31,   43000000,   12216546,        0,  -30783454,          0
 24748,    32,   43000000,   12207218,        0,  -30792782,          0
 24748,    33,   43000000,   12200075,        0,  -30799925,          0
 24748,    34,   43000000,   15086705,        0,  -27913295,          0
 24748,    35,   43000000,   14090496,        0,  -28909504,          0
 24748,    36,   43000000,   12707651,        0,  -30292349,          0
 24748,    37,   43000000,   15850337,        0,  -27149663,          0
 24748,    38,   43000000,   12212042,        0,  -30787958,          0
 24748,    39,   43000000,   12819848,        0,  -30180152,          0
 24748,    40,   43000000,   12208534,        0,  -30791466,          0
 24748,    41,   43000000,   12217626,        0,  -30782374,          0
 24748,    42,   43000000,   14226634,        0,  -28773366,          0
 24748,    43,   43000000,   12208205,        0,  -30791795,          0
 24748,    44,   43000000,   13228353,        0,  -29771647,          0
 24748,    45,   43000000,   12196290,        0,  -30803710,          0
 24748,    46,   43000000,   12276130,        0,  -30723870,          0
 24748,    47,   43000000,   12202430,        0,  -30797570,          0
 24748,    48,   43000000,   12527337,        0,  -30472663,          0
 24748,    49,   43000000,   12219763,        0,  -30780237,          0
 24748,    50,   43000000,   15673555,        0,  -27326445,          0
 24748,    51,   43000000,   12483978,        0,  -30516022,          0
 24748,    52,   43000000,   12224693,        0,  -30775307,          0
 24748,    53,   43000000,   15109240,        0,  -27890760,          0
 24748,    54,   43000000,   12510488,        0,  -30489512,          0
 24748,    55,   43000000,   12303977,        0,  -30696023,          0
 24748,    56,   43000000,   12200747,        0,  -30799253,          0
 24748,    57,   43000000,   12246371,        0,  -30753629,          0
 24748,    58,   43000000,   12217325,        0,  -30782675,          0
 24748,    59,   43000000,   12195196,        0,  -30804804,          0
 24748,    60,   43000000,   20403031,        0,  -22596969,          0
 24748,    61,   43000000,   12883694,        0,  -30116306,          0
 24748,    62,   43000000,   12330379,        0,  -30669621,          0
 24748,    63,   43000000,   13220537,        0,  -29779463,          0
 24748,    64,   43000000,   12214042,        0,  -30785958,          0
 24748,    65,   43000000,   14926397,        0,  -28073603,          0
 24748,    66,   43000000,   12254811,        0,  -30745189,          0
 24748,    67,   43000000,   12202740,        0,  -30797260,          0
 24748,    68,   43000000,   12265112,        0,  -30734888,          0
 24748,    69,   43000000,   12195195,        0,  -30804805,          0
 24748,    70,   43000000,   12245585,        0,  -30754415,          0
 24748,    71,   43000000,   12198160,        0,  -30801840,          0
 24748,    72,   43000000,   12191813,        0,  -30808187,          0
 24748,    73,   43000000,   12221964,        0,  -30778036,          0
 24748,    74,   43000000,   17955221,        0,  -25044779,          0
 24748,    75,   43000000,   12223012,        0,  -30776988,          0
 24748,    76,   43000000,   12249343,        0,  -30750657,          0
 24748,    77,   43000000,   12243090,        0,  -30756910,          0
 24748,    78,   43000000,   12201340,        0,  -30798660,          0
 24748,    79,   43000000,   13570547,        0,  -29429453,          0
 24748,    80,   43000000,   12574678,        0,  -30425322,          0
 24748,    81,   43000000,   14098188,        0,  -28901812,          0
 24748,    82,   43000000,   13019165,        0,  -29980835,          0
 24748,    83,   43000000,   16440021,        0,  -26559979,          0
 24748,    84,   43000000,   12203341,        0,  -30796659,          0
 24748,    85,   43000000,   12308558,        0,  -30691442,          0
 24748,    86,   43000000,   12502407,        0,  -30497593,          0
 24748,    87,   43000000,   12196379,        0,  -30803621,          0
 24748,    88,   43000000,   12217419,        0,  -30782581,          0
 24748,    89,   43000000,   12297878,        0,  -30702122,          0
 24748,    90,   43000000,   12219745,        0,  -30780255,          0
 24748,    91,   43000000,   12194224,        0,  -30805776,          0
 24748,    92,   43000000,   12192427,        0,  -30807573,          0
 24748,    93,   43000000,   12203262,        0,  -30796738,          0
 24748,    94,   43000000,   12189457,        0,  -30810543,          0
 24748,    95,   43000000,   12213991,        0,  -30786009,          0
 24748,    96,   43000000,   12255752,        0,  -30744248,          0
 24748,    97,   43000000,   12207347,        0,  -30792653,          0
 24748,    98,   43000000,   12217243,        0,  -30782757,          0
 24748,    99,   43000000,   14915759,        0,  -28084241,          0
 24748,   100,   43000000,   12249879,        0,  -30750121,          0
 24748,   101,   43000000,   12212189,        0,  -30787811,          0
 24748,   102,   43000000,   14551275,        0,  -28448725,          0
 24748,   103,   43000000,   12263486,        0,  -30736514,          0
 24748,   104,   43000000,   12216531,        0,  -30783469,          0
 24748,   105,   43000000,   15750802,        0,  -27249198,          0
 24748,   106,   43000000,   12207483,        0,  -30792517,          0
 24748,   107,   43000000,   12764266,        0,  -30235734,          0
 24748,   108,   43000000,   12229548,        0,  -30770452,          0
 24748,   109,   43000000,   12248455,        0,  -30751545,          0
 24748,   110,   43000000,   12304010,        0,  -30695990,          0
 24748,   111,   43000000,   12198711,        0,  -30801289,          0
 24748,   112,   43000000,   12524803,        0,  -30475197,          0
 24748,   113,   43000000,   16040282,        0,  -26959718,          0
 24748,   114,   43000000,   16244339,        0,  -26755661,          0
 24748,   115,   43000000,   12509934,        0,  -30490066,          0
 24748,   116,   43000000,   12194495,        0,  -30805505,          0
 24748,   117,   43000000,   12264670,        0,  -30735330,          0
 24748,   118,   43000000,   12510232,        0,  -30489768,          0
 24748,   119,   43000000,   12215823,        0,  -30784177,          0
 24748,   120,   43000000,   13254832,        0,  -29745168,          0
 24748,   121,   43000000,   15489366,        0,  -27510634,          0
 24748,   122,   43000000,   12198095,        0,  -30801905,          0
 24748,   123,   43000000,   12214284,        0,  -30785716,          0
 24748,   124,   43000000,   12225285,        0,  -30774715,          0
 24748,   125,   43000000,   12757881,        0,  -30242119,          0
 24748,   126,   43000000,   12232079,        0,  -30767921,          0
 24748,   127,   43000000,   12202534,        0,  -30797466,          0
 24748,   128,   43000000,   12226477,        0,  -30773523,          0
 24748,   129,   43000000,   12193431,        0,  -30806569,          0
 24748,   130,   43000000,   12193866,        0,  -30806134,          0
 24748,   131,   43000000,   12195580,        0,  -30804420,          0
 24748,   132,   43000000,   12216057,        0,  -30783943,          0
 24748,   133,   43000000,   12200172,        0,  -30799828,          0
 24748,   134,   43000000,   16502686,        0,  -26497314,          0
 24748,   135,   43000000,   12188952,        0,  -30811048,          0
 24748,   136,   43000000,   12336734,        0,  -30663266,          0
 24748,   137,   43000000,   13288280,        0,  -29711720,          0
 24748,   138,   43000000,   12199472,        0,  -30800528,          0
 24748,   139,   43000000,   12216112,        0,  -30783888,          0
 24748,   140,   43000000,   12193564,        0,  -30806436,          0
 24748,   141,   43000000,   12481505,        0,  -30518495,          0
 24748,   142,   43000000,   16165442,        0,  -26834558,          0
 24748,   143,   43000000,   12253301,        0,  -30746699,          0
 24748,   144,   43000000,   12485067,        0,  -30514933,          0
 24748,   145,   43000000,   12936030,        0,  -30063970,          0
 24748,   146,   43000000,   12202564,        0,  -30797436,          0
 24748,   147,   43000000,   12510249,        0,  -30489751,          0
 24748,   148,   43000000,   14103796,        0,  -28896204,          0
 24748,   149,   43000000,   12219623,        0,  -30780377,          0
 24748,   150,   43000000,   12251417,        0,  -30748583,          0
 24748,   151,   43000000,   12205345,        0,  -30794655,          0
 24748,   152,   43000000,   12255671,        0,  -30744329,          0
 24748,   153,   43000000,   12235756,        0,  -30764244,          0
 24748,   154,   43000000,   13201696,        0,  -29798304,          0
 24748,   155,   43000000,   12209556,        0,  -30790444,          0
 24748,   156,   43000000,   12398949,        0,  -30601051,          0
 24748,   157,   43000000,   12266544,        0,  -30733456,          0
 24748,   158,   43000000,   13784041,        0,  -29215959,          0
 24748,   159,   43000000,   23507459,        0,  -19492541,          0
 24748,   160,   43000000,   12194358,        0,  -30805642,          0
 24748,   161,   43000000,   12217164,        0,  -30782836,          0
 24748,   162,   43000000,   12194548,        0,  -30805452,          0
 24748,   163,   43000000,   20604695,        0,  -22395305,          0
 24748,   164,   43000000,   12213661,        0,  -30786339,          0
 24748,   165,   43000000,   13112161,        0,  -29887839,          0
 24748,   166,   43000000,   19730778,        0,  -23269222,          0
 24748,   167,   43000000,   12910702,        0,  -30089298,          0
 24748,   168,   43000000,   12559068,        0,  -30440932,          0
 24748,   169,   43000000,   15763322,        0,  -27236678,          0
 24748,   170,   43000000,   12197936,        0,  -30802064,          0
 24748,   171,   43000000,   12193504,        0,  -30806496,          0
 24748,   172,   43000000,   12196264,        0,  -30803736,          0
 24748,   173,   43000000,   12747121,        0,  -30252879,          0
 24748,   174,   43000000,   12310289,        0,  -30689711,          0
 24748,   175,   43000000,   12193773,        0,  -30806227,          0
 24748,   176,   43000000,   12481949,        0,  -30518051,          0
 24748,   177,   43000000,   12192150,        0,  -30807850,          0
 24748,   178,   43000000,   12194788,        0,  -30805212,          0
 24748,   179,   43000000,   12505235,        0,  -30494765,          0
 24748,   180,   43000000,   12232547,        0,  -30767453,          0
 24748,   181,   43000000,   12219406,        0,  -30780594,          0
 24748,   182,   43000000,   12203090,        0,  -30796910,          0
 24748,   183,   43000000,   12192807,        0,  -30807193,          0
 24748,   184,   43000000,   12194573,        0,  -30805427,          0
 24748,   185,   43000000,   12206255,        0,  -30793745,          0
 24748,   186,   43000000,   12194658,        0,  -30805342,          0
 24748,   187,   43000000,   12203755,        0,  -30796245,          0
 24748,   188,   43000000,   12204983,        0,  -30795017,          0
 24748,   189,   43000000,   12328670,        0,  -30671330,          0
 24748,   190,   43000000,   12231743,        0,  -30768257,          0
 24748,   191,   43000000,   12217406,        0,  -30782594,          0
 24748,   192,   43000000,   13864687,        0,  -29135313,          0
 24748,   193,   43000000,   12211325,        0,  -30788675,          0
 24748,   194,   43000000,   16523543,        0,  -26476457,          0
 24748,   195,   43000000,   12843531,        0,  -30156469,          0
 24748,   196,   43000000,   12255838,        0,  -30744162,          0
 24748,   197,   43000000,   12245384,        0,  -30754616,          0
 24748,   198,   43000000,   12198464,        0,  -30801536,          0
 24748,   199,   43000000,   12263310,        0,  -30736690,          0
 24748,   200,   43000000,   14149048,        0,  -28850952,          0
 24748,   201,   43000000,   12193517,        0,  -30806483,          0
 24748,   202,   43000000,   12201302,        0,  -30798698,          0
 24748,   203,   43000000,   19407004,        0,  -23592996,          0
 24748,   204,   43000000,   13768250,        0,  -29231750,          0
 24748,   205,   43000000,   12574159,        0,  -30425841,          0
 24748,   206,   43000000,   12202284,        0,  -30797716,          0
 24748,   207,   43000000,   12255353,        0,  -30744647,          0
 24748,   208,   43000000,   12538643,        0,  -30461357,          0
 24748,   209,   43000000,   13603216,        0,  -29396784,          0
 24748,   210,   43000000,   12203243,        0,  -30796757,          0
 24748,   211,   43000000,   12507210,        0,  -30492790,          0
 24748,   212,   43000000,   16133719,        0,  -26866281,          0
 24748,   213,   43000000,   12190125,        0,  -30809875,          0
 24748,   214,   43000000,   12195191,        0,  -30804809,          0
 24748,   215,   43000000,   12272180,        0,  -30727820,          0
 24748,   216,   43000000,   12196280,        0,  -30803720,          0
 24748,   217,   43000000,   12190631,        0,  -30809369,          0
 24748,   218,   43000000,   12247245,        0,  -30752755,          0
 24748,   219,   43000000,   16713090,        0,  -26286910,          0
 24748,   220,   43000000,   12195358,        0,  -30804642,          0
 24748,   221,   43000000,   12695135,        0,  -30304865,          0
 24748,   222,   43000000,   12201088,        0,  -30798912,          0
 24748,   223,   43000000,   12197261,        0,  -30802739,          0
 24748,   224,   43000000,   12219533,        0,  -30780467,          0
 24748,   225,   43000000,   12231621,        0,  -30768379,          0
 24748,   226,   43000000,   12195335,        0,  -30804665,          0
 24748,   227,   43000000,   12380560,        0,  -30619440,          0
 24748,   228,   43000000,   12216517,        0,  -30783483,          0
 24748,   229,   43000000,   12193191,        0,  -30806809,          0
 24748,   230,   43000000,   12237327,        0,  -30762673,          0
 24748,   231,   43000000,   12208723,        0,  -30791277,          0
 24748,   232,   43000000,   12193928,        0,  -30806072,          0
 24748,   233,   43000000,   12215385,        0,  -30784615,          0
 24748,   234,   43000000,   13153455,        0,  -29846545,          0
 24748,   235,   43000000,   12203106,        0,  -30796894,          0
 24748,   236,   43000000,   12463838,        0,  -30536162,          0
