256 256 0
415 415 0
165 165 0
174 174 0
469 469 0
134 134 0
410 410 0
189 189 0
551 551 0
227 227 0
303 303 0
387 387 0
153 153 0
238 238 0
128 128 0
424 424 0
169 169 0
186 186 0
455 455 0
217 217 0
319 319 0
246 246 0
173 173 0
182 182 0
120 120 0
239 239 0
253 253 0
122 122 0
283 283 0
211 211 0
219 219 0
353 353 0
160 160 0
307 307 0
124 124 0
119 119 0
119 119 0
247 247 0
1012 1012 0
315 315 0
147 147 0
228 228 0
206 206 0
152 152 0
301 301 0
124 124 0
354 354 0
174 174 0
389 389 0
129 129 0
167 167 0
171 171 0
167 167 0
199 199 0
122 122 0
132 132 0
159 159 0
280 280 0
