307 306 1
375 369 6
226 225 1
110 110 0
124 124 0
669 634 35
144 143 1
133 133 0
775 730 45
481 461 20
298 293 5
307 307 0
196 196 0
106 105 1
199 198 1
717 678 39
111 111 0
203 203 0
121 121 0
120 120 0
208 207 1
629 588 41
561 542 19
306 306 0
459 451 8
179 177 2
123 123 0
419 411 8
421 414 7
125 123 2
261 258 3
146 145 1
160 160 0
718 670 48
591 563 28
113 113 0
115 115 0
259 257 2
390 379 11
139 139 0
337 333 4
457 447 10
375 366 9
134 134 0
531 504 27
112 112 0
138 137 1
237 236 1
122 122 0
198 198 0
913 839 74
135 135 0
460 451 9
671 635 36
299 295 4
119 119 0
166 166 0
111 111 0
119 119 0
718 671 47
459 449 10
208 206 2
113 113 0
162 161 1
