# Task,   Job,     Period,   Response, DL Miss?,   Lateness,  Tardiness
# task NAME=myapp PID=23944 COST=23542000 PERIOD=27000000 CPU=0
 23944,     2,   27000000,      10765,        0,  -26989235,          0
 23944,     3,   27000000,      59865,        0,  -26940135,          0
 23944,     4,   27000000,   39926839,        1,   12926839,   12926839
 23944,     5,   27000000,   56250810,        1,   29250810,   29250810
 23944,     6,   27000000,   72840597,        1,   45840597,   45840597
 23944,     7,   27000000,   89525266,        1,   62525266,   62525266
 23944,     8,   27000000,  102795559,        1,   75795559,   75795559
 23944,     9,   27000000,  119711240,        1,   92711240,   92711240
 23944,    10,   27000000,  133481715,        1,  106481715,  106481715
 23944,    11,   27000000,  150091906,        1,  123091906,  123091906
 23944,    12,   27000000,  160720694,        1,  133720694,  133720694
 23944,    13,   27000000,  179572442,        1,  152572442,  152572442
 23944,    14,   27000000,  194178197,        1,  167178197,  167178197
 23944,    15,   27000000,  209746596,        1,  182746596,  182746596
 23944,    16,   27000000,  224346410,        1,  197346410,  197346410
 23944,    17,   27000000,  237223242,        1,  210223242,  210223242
 23944,    18,   27000000,  254031505,        1,  227031505,  227031505
 23944,    19,   27000000,  266983044,        1,  239983044,  239983044
 23944,    20,   27000000,  283776507,        1,  256776507,  256776507
 23944,    21,   27000000,  297394924,        1,  270394924,  270394924
 23944,    22,   27000000,  309197237,        1,  282197237,  282197237
 23944,    23,   27000000,  326391829,        1,  299391829,  299391829
 23944,    24,   27000000,  339708645,        1,  312708645,  312708645
 23944,    25,   27000000,  356167789,        1,  329167789,  329167789
 23944,    26,   27000000,  370754065,        1,  343754065,  343754065
 23944,    27,   27000000,  385850461,        1,  358850461,  358850461
 23944,    28,   27000000,  399669583,        1,  372669583,  372669583
 23944,    29,   27000000,  413313876,        1,  386313876,  386313876
 23944,    30,   27000000,  425058680,        1,  398058680,  398058680
 23944,    31,   27000000,  439946091,        1,  412946091,  412946091
 23944,    32,   27000000,  454380265,        1,  427380265,  427380265
 23944,    33,   27000000,  468116838,        1,  441116838,  441116838
 23944,    34,   27000000,  484829961,        1,  457829961,  457829961
 23944,    35,   27000000,  502279938,        1,  475279938,  475279938
 23944,    36,   27000000,  519525545,        1,  492525545,  492525545
 23944,    37,   27000000,  531921504,        1,  504921504,  504921504
 23944,    38,   27000000,  544820589,        1,  517820589,  517820589
 23944,    39,   27000000,  557842324,        1,  530842324,  530842324
 23944,    40,   27000000,  571927575,        1,  544927575,  544927575
 23944,    41,   27000000,  580983409,        1,  553983409,  553983409
 23944,    42,   27000000,  596565661,        1,  569565661,  569565661
 23944,    43,   27000000,  609915245,        1,  582915245,  582915245
 23944,    44,   27000000,  624257537,        1,  597257537,  597257537
 23944,    45,   27000000,  636962017,        1,  609962017,  609962017
 23944,    46,   27000000,  652621504,        1,  625621504,  625621504
 23944,    47,   27000000,  666964115,        1,  639964115,  639964115
 23944,    48,   27000000,  682713719,        1,  655713719,  655713719
 23944,    49,   27000000,  698041115,        1,  671041115,  671041115
 23944,    50,   27000000,  710125015,        1,  683125015,  683125015
 23944,    51,   27000000,  725760651,        1,  698760651,  698760651
 23944,    52,   27000000,  736700571,        1,  709700571,  709700571
 23944,    53,   27000000,  753189310,        1,  726189310,  726189310
 23944,    54,   27000000,  763028732,        1,  736028732,  736028732
 23944,    55,   27000000,  778532921,        1,  751532921,  751532921
 23944,    56,   27000000,  795150889,        1,  768150889,  768150889
 23944,    57,   27000000,  809607163,        1,  782607163,  782607163
# task NAME=myapp PID=23947 COST=65424000 PERIOD=91000000 CPU=0
 23947,     2,   91000000,       6550,        0,  -90993450,          0
 23947,     3,   91000000,      73189,        0,  -90926811,          0
 23947,     4,   91000000,  114861891,        1,   23861891,   23861891
 23947,     5,   91000000,  144205985,        1,   53205985,   53205985
 23947,     6,   91000000,  164805673,        1,   73805673,   73805673
 23947,     7,   91000000,  191093773,        1,  100093773,  100093773
 23947,     8,   91000000,  219080208,        1,  128080208,  128080208
 23947,     9,   91000000,  240999961,        1,  149999961,  149999961
 23947,    10,   91000000,  260742807,        1,  169742807,  169742807
 23947,    11,   91000000,  285934579,        1,  194934579,  194934579
 23947,    12,   91000000,  304202750,        1,  213202750,  213202750
 23947,    13,   91000000,  328397714,        1,  237397714,  237397714
 23947,    14,   91000000,  356953056,        1,  265953056,  265953056
 23947,    15,   91000000,  386063576,        1,  295063576,  295063576
 23947,    16,   91000000,  406677875,        1,  315677875,  315677875
 23947,    17,   91000000,  431745833,        1,  340745833,  340745833
 23947,    18,   91000000,  453493739,        1,  362493739,  362493739
 23947,    19,   91000000,  482983622,        1,  391983622,  391983622
 23947,    20,   91000000,  507371371,        1,  416371371,  416371371
 23947,    21,   91000000,  529357662,        1,  438357662,  438357662
 23947,    22,   91000000,  548423388,        1,  457423388,  457423388
 23947,    23,   91000000,  571374553,        1,  480374553,  480374553
 23947,    24,   91000000,  599361815,        1,  508361815,  508361815
 23947,    25,   91000000,  626088976,        1,  535088976,  535088976
 23947,    26,   91000000,  652816208,        1,  561816208,  561816208
 23947,    27,   91000000,  679961187,        1,  588961187,  588961187
 23947,    28,   91000000,  707871663,        1,  616871663,  616871663
 23947,    29,   91000000,  729597920,        1,  638597920,  638597920
 23947,    30,   91000000,  752976045,        1,  661976045,  661976045
 23947,    31,   91000000,  774957065,        1,  683957065,  683957065
 23947,    32,   91000000,  800126616,        1,  709126616,  709126616
 23947,    33,   91000000,  820343357,        1,  729343357,  729343357
 23947,    34,   91000000,  847073118,        1,  756073118,  756073118
 23947,    35,   91000000,  871976859,        1,  780976859,  780976859
 23947,    36,   91000000,  895968337,        1,  804968337,  804968337
 23947,    37,   91000000,  920488814,        1,  829488814,  829488814
 23947,    38,   91000000,  945851794,        1,  854851794,  854851794
 23947,    39,   91000000,  967571959,        1,  876571959,  876571959
 23947,    40,   91000000,  988395868,        1,  897395868,  897395868
 23947,    41,   91000000, 1007712657,        1,  916712657,  916712657
 23947,    42,   91000000, 1036443565,        1,  945443565,  945443565
 23947,    43,   91000000, 1059108725,        1,  968108725,  968108725
 23947,    44,   91000000, 1082550943,        1,  991550943,  991550943
 23947,    45,   91000000, 1105203984,        1, 1014203984, 1014203984
 23947,    46,   91000000, 1132659899,        1, 1041659899, 1041659899
 23947,    47,   91000000, 1159661723,        1, 1068661723, 1068661723
 23947,    48,   91000000, 1186691954,        1, 1095691954, 1095691954
 23947,    49,   91000000, 1208048952,        1, 1117048952, 1117048952
 23947,    50,   91000000, 1238465775,        1, 1147465775, 1147465775
 23947,    51,   91000000, 1259836373,        1, 1168836373, 1168836373
 23947,    52,   91000000, 1283304836,        1, 1192304836, 1192304836
 23947,    53,   91000000, 1311872991,        1, 1220872991, 1220872991
 23947,    54,   91000000, 1338626190,        1, 1247626190, 1247626190
 23947,    55,   91000000, 1362710675,        1, 1271710675, 1271710675
 23947,    56,   91000000, 1391764637,        1, 1300764637, 1300764637
 23947,    57,   91000000, 1412201477,        1, 1321201477, 1321201477
 23947,    58,   91000000, 1429519725,        1, 1338519725, 1338519725
 23947,    59,   91000000, 1455912105,        1, 1364912105, 1364912105
 23947,    60,   91000000, 1486639173,        1, 1395639173, 1395639173
 23947,    61,   91000000, 1511910527,        1, 1420910527, 1420910527
 23947,    62,   91000000, 1534032541,        1, 1443032541, 1443032541
 23947,    63,   91000000, 1561512851,        1, 1470512851, 1470512851
 23947,    64,   91000000, 1587532874,        1, 1496532874, 1496532874
 23947,    65,   91000000, 1612147823,        1, 1521147823, 1521147823
 23947,    66,   91000000, 1636447753,        1, 1545447753, 1545447753
 23947,    67,   91000000, 1662364657,        1, 1571364657, 1571364657
 23947,    68,   91000000, 1687632921,        1, 1596632921, 1596632921
 23947,    69,   91000000, 1713235165,        1, 1622235165, 1622235165
 23947,    70,   91000000, 1737704816,        1, 1646704816, 1646704816
 23947,    71,   91000000, 1765478783,        1, 1674478783, 1674478783
 23947,    72,   91000000, 1784634320,        1, 1693634320, 1693634320
 23947,    73,   91000000, 1805165965,        1, 1714165965, 1714165965
 23947,    74,   91000000, 1832549866,        1, 1741549866, 1741549866
 23947,    75,   91000000, 1854250783,        1, 1763250783, 1763250783
 23947,    76,   91000000, 1884197109,        1, 1793197109, 1793197109
 23947,    77,   91000000, 1908083408,        1, 1817083408, 1817083408
 23947,    78,   91000000, 1929775644,        1, 1838775644, 1838775644
 23947,    79,   91000000, 1953885585,        1, 1862885585, 1862885585
 23947,    80,   91000000, 1982941270,        1, 1891941270, 1891941270
 23947,    81,   91000000, 2008191165,        1, 1917191165, 1917191165
 23947,    82,   91000000, 2031219437,        1, 1940219437, 1940219437
 23947,    83,   91000000, 2054362214,        1, 1963362214, 1963362214
 23947,    84,   91000000, 2076709245,        1, 1985709245, 1985709245
 23947,    85,   91000000, 2099566558,        1, 2008566558, 2008566558
 23947,    86,   91000000, 2125125493,        1, 2034125493, 2034125493
 23947,    87,   91000000, 2149553155,        1, 2058553155, 2058553155
 23947,    88,   91000000, 2174338050,        1, 2083338050, 2083338050
 23947,    89,   91000000, 2195492759,        1, 2104492759, 2104492759
 23947,    90,   91000000, 2229423427,        1, 2138423427, 2138423427
 23947,    91,   91000000, 2254393335,        1, 2163393335, 2163393335
 23947,    92,   91000000, 2287623076,        1, 2196623076, 2196623076
 23947,    93,   91000000, 2315842776,        1, 2224842776, 2224842776
# task NAME=myapp PID=23951 COST=11046000 PERIOD=27000000 CPU=0
 23951,     2,   27000000,      18369,        0,  -26981631,          0
 23951,     3,   27000000,      64236,        0,  -26935764,          0
 23951,     4,   27000000,   18880333,        0,   -8119667,          0
 23951,     5,   27000000,   19982679,        0,   -7017321,          0
 23951,     6,   27000000,   16769108,        0,  -10230892,          0
 23951,     7,   27000000,   18253076,        0,   -8746924,          0
 23951,     8,   27000000,   18790261,        0,   -8209739,          0
 23951,     9,   27000000,   16786298,        0,  -10213702,          0
 23951,    10,   27000000,   14275580,        0,  -12724420,          0
 23951,    11,   27000000,   18033929,        0,   -8966071,          0
 23951,    12,   27000000,   15925754,        0,  -11074246,          0
 23951,    13,   27000000,   17895722,        0,   -9104278,          0
 23951,    14,   27000000,   17437535,        0,   -9562465,          0
 23951,    15,   27000000,   18498503,        0,   -8501497,          0
 23951,    16,   27000000,   16152088,        0,  -10847912,          0
 23951,    17,   27000000,   16160488,        0,  -10839512,          0
 23951,    18,   27000000,   16864080,        0,  -10135920,          0
 23951,    19,   27000000,   17807916,        0,   -9192084,          0
 23951,    20,   27000000,   18830277,        0,   -8169723,          0
 23951,    21,   27000000,   18798117,        0,   -8201883,          0
 23951,    22,   27000000,   14935193,        0,  -12064807,          0
 23951,    23,   27000000,   17840746,        0,   -9159254,          0
 23951,    24,   27000000,   18819194,        0,   -8180806,          0
 23951,    25,   27000000,   16048512,        0,  -10951488,          0
 23951,    26,   27000000,   16778536,        0,  -10221464,          0
 23951,    27,   27000000,   17769679,        0,   -9230321,          0
 23951,    28,   27000000,   18954214,        0,   -8045786,          0
 23951,    29,   27000000,   20135699,        0,   -6864301,          0
 23951,    30,   27000000,   13876316,        0,  -13123684,          0
 23951,    31,   27000000,   15762621,        0,  -11237379,          0
 23951,    32,   27000000,   18791451,        0,   -8208549,          0
 23951,    33,   27000000,   16939035,        0,  -10060965,          0
 23951,    34,   27000000,   14851652,        0,  -12148348,          0
 23951,    35,   27000000,   14876918,        0,  -12123082,          0
 23951,    36,   27000000,   16026466,        0,  -10973534,          0
 23951,    37,   27000000,   19493216,        0,   -7506784,          0
 23951,    38,   27000000,   16679372,        0,  -10320628,          0
 23951,    39,   27000000,   17920735,        0,   -9079265,          0
 23951,    40,   27000000,   17473256,        0,   -9526744,          0
 23951,    41,   27000000,   16989611,        0,  -10010389,          0
 23951,    42,   27000000,   16948135,        0,  -10051865,          0
 23951,    43,   27000000,   18824202,        0,   -8175798,          0
 23951,    44,   27000000,   16379034,        0,  -10620966,          0
 23951,    45,   27000000,   16917411,        0,  -10082589,          0
 23951,    46,   27000000,   16733290,        0,  -10266710,          0
 23951,    47,   27000000,   18081969,        0,   -8918031,          0
 23951,    48,   27000000,   15890790,        0,  -11109210,          0
 23951,    49,   27000000,   20593783,        0,   -6406217,          0
 23951,    50,   27000000,   14854356,        0,  -12145644,          0
 23951,    51,   27000000,   17833761,        0,   -9166239,          0
 23951,    52,   27000000,   18847407,        0,   -8152593,          0
 23951,    53,   27000000,   19818811,        0,   -7181189,          0
 23951,    54,   27000000,   16855945,        0,  -10144055,          0
 23951,    55,   27000000,   17848271,        0,   -9151729,          0
 23951,    56,   27000000,   16052094,        0,  -10947906,          0
 23951,    57,   27000000,   19811158,        0,   -7188842,          0
 23951,    58,   27000000,   14622734,        0,  -12377266,          0
 23951,    59,   27000000,   15068573,        0,  -11931427,          0
 23951,    60,   27000000,   16634142,        0,  -10365858,          0
 23951,    61,   27000000,   20078240,        0,   -6921760,          0
 23951,    62,   27000000,   17671288,        0,   -9328712,          0
 23951,    63,   27000000,   17808115,        0,   -9191885,          0
 23951,    64,   27000000,   13125860,        0,  -13874140,          0
 23951,    65,   27000000,   19948893,        0,   -7051107,          0
 23951,    66,   27000000,   16777931,        0,  -10222069,          0
 23951,    67,   27000000,   14872878,        0,  -12127122,          0
 23951,    68,   27000000,   18562743,        0,   -8437257,          0
 23951,    69,   27000000,   16072196,        0,  -10927804,          0
 23951,    70,   27000000,   14771064,        0,  -12228936,          0
 23951,    71,   27000000,   17871650,        0,   -9128350,          0
 23951,    72,   27000000,   18865549,        0,   -8134451,          0
 23951,    73,   27000000,   19827188,        0,   -7172812,          0
 23951,    74,   27000000,   17612714,        0,   -9387286,          0
 23951,    75,   27000000,   13956869,        0,  -13043131,          0
 23951,    76,   27000000,   15551956,        0,  -11448044,          0
 23951,    77,   27000000,   19807776,        0,   -7192224,          0
 23951,    78,   27000000,   14875926,        0,  -12124074,          0
 23951,    79,   27000000,   16549899,        0,  -10450101,          0
 23951,    80,   27000000,   18758141,        0,   -8241859,          0
 23951,    81,   27000000,   16528316,        0,  -10471684,          0
 23951,    82,   27000000,   13198590,        0,  -13801410,          0
 23951,    83,   27000000,   17759879,        0,   -9240121,          0
 23951,    84,   27000000,   18914531,        0,   -8085469,          0
 23951,    85,   27000000,   19888330,        0,   -7111670,          0
 23951,    86,   27000000,   15128129,        0,  -11871871,          0
 23951,    87,   27000000,   14996928,        0,  -12003072,          0
 23951,    88,   27000000,   15976435,        0,  -11023565,          0
 23951,    89,   27000000,   16959371,        0,  -10040629,          0
 23951,    90,   27000000,   14827005,        0,  -12172995,          0
 23951,    91,   27000000,   18612426,        0,   -8387574,          0
 23951,    92,   27000000,   15996717,        0,  -11003283,          0
 23951,    93,   27000000,   19804435,        0,   -7195565,          0
 23951,    94,   27000000,   16416653,        0,  -10583347,          0
 23951,    95,   27000000,   18473412,        0,   -8526588,          0
 23951,    96,   27000000,   15470560,        0,  -11529440,          0
 23951,    97,   27000000,   17586658,        0,   -9413342,          0
 23951,    98,   27000000,   15075070,        0,  -11924930,          0
 23951,    99,   27000000,   15820141,        0,  -11179859,          0
 23951,   100,   27000000,   15939076,        0,  -11060924,          0
 23951,   101,   27000000,   17079756,        0,   -9920244,          0
 23951,   102,   27000000,   13260643,        0,  -13739357,          0
 23951,   103,   27000000,   15784079,        0,  -11215921,          0
 23951,   104,   27000000,   15638842,        0,  -11361158,          0
 23951,   105,   27000000,   19823122,        0,   -7176878,          0
 23951,   106,   27000000,   14739289,        0,  -12260711,          0
 23951,   107,   27000000,   14975421,        0,  -12024579,          0
 23951,   108,   27000000,   15949221,        0,  -11050779,          0
 23951,   109,   27000000,   17723737,        0,   -9276263,          0
 23951,   110,   27000000,   16763725,        0,  -10236275,          0
 23951,   111,   27000000,   17844893,        0,   -9155107,          0
 23951,   112,   27000000,   18840382,        0,   -8159618,          0
 23951,   113,   27000000,   19902537,        0,   -7097463,          0
 23951,   114,   27000000,   13895988,        0,  -13104012,          0
 23951,   115,   27000000,   18555245,        0,   -8444755,          0
 23951,   116,   27000000,   15568483,        0,  -11431517,          0
 23951,   117,   27000000,   18923378,        0,   -8076622,          0
 23951,   118,   27000000,   16932414,        0,  -10067586,          0
 23951,   119,   27000000,   14943332,        0,  -12056668,          0
 23951,   120,   27000000,   16181622,        0,  -10818378,          0
 23951,   121,   27000000,   19872053,        0,   -7127947,          0
 23951,   122,   27000000,   16851431,        0,  -10148569,          0
 23951,   123,   27000000,   15778516,        0,  -11221484,          0
 23951,   124,   27000000,   18697963,        0,   -8302037,          0
 23951,   125,   27000000,   20288407,        0,   -6711593,          0
 23951,   126,   27000000,   16617408,        0,  -10382592,          0
 23951,   127,   27000000,   15954556,        0,  -11045444,          0
 23951,   128,   27000000,   15914636,        0,  -11085364,          0
 23951,   129,   27000000,   17808798,        0,   -9191202,          0
 23951,   130,   27000000,   14481907,        0,  -12518093,          0
 23951,   131,   27000000,   15143593,        0,  -11856407,          0
 23951,   132,   27000000,   19606681,        0,   -7393319,          0
 23951,   133,   27000000,   17066287,        0,   -9933713,          0
 23951,   134,   27000000,   16818081,        0,  -10181919,          0
 23951,   135,   27000000,   18041588,        0,   -8958412,          0
 23951,   136,   27000000,   18859649,        0,   -8140351,          0
 23951,   137,   27000000,   17405686,        0,   -9594314,          0
 23951,   138,   27000000,   16779285,        0,  -10220715,          0
 23951,   139,   27000000,   17783851,        0,   -9216149,          0
 23951,   140,   27000000,   14964869,        0,  -12035131,          0
 23951,   141,   27000000,   20605870,        0,   -6394130,          0
 23951,   142,   27000000,   16837334,        0,  -10162666,          0
 23951,   143,   27000000,   16629943,        0,  -10370057,          0
 23951,   144,   27000000,   15318827,        0,  -11681173,          0
 23951,   145,   27000000,   19837715,        0,   -7162285,          0
 23951,   146,   27000000,   16860618,        0,  -10139382,          0
 23951,   147,   27000000,   15933432,        0,  -11066568,          0
 23951,   148,   27000000,   18852496,        0,   -8147504,          0
 23951,   149,   27000000,   16842749,        0,  -10157251,          0
 23951,   150,   27000000,   16891477,        0,  -10108523,          0
 23951,   151,   27000000,   14882797,        0,  -12117203,          0
 23951,   152,   27000000,   15610727,        0,  -11389273,          0
 23951,   153,   27000000,   18100101,        0,   -8899899,          0
 23951,   154,   27000000,   14152782,        0,  -12847218,          0
 23951,   155,   27000000,   15943837,        0,  -11056163,          0
 23951,   156,   27000000,   15968143,        0,  -11031857,          0
 23951,   157,   27000000,   19961713,        0,   -7038287,          0
 23951,   158,   27000000,   17559643,        0,   -9440357,          0
 23951,   159,   27000000,   15443836,        0,  -11556164,          0
 23951,   160,   27000000,   16883810,        0,  -10116190,          0
 23951,   161,   27000000,   19763441,        0,   -7236559,          0
 23951,   162,   27000000,   16861412,        0,  -10138588,          0
 23951,   163,   27000000,   16083579,        0,  -10916421,          0
 23951,   164,   27000000,   19017150,        0,   -7982850,          0
 23951,   165,   27000000,   16052627,        0,  -10947373,          0
 23951,   166,   27000000,   13946171,        0,  -13053829,          0
 23951,   167,   27000000,   18433140,        0,   -8566860,          0
 23951,   168,   27000000,   15937698,        0,  -11062302,          0
 23951,   169,   27000000,   17661755,        0,   -9338245,          0
 23951,   170,   27000000,   15187640,        0,  -11812360,          0
 23951,   171,   27000000,   13956680,        0,  -13043320,          0
 23951,   172,   27000000,   18870548,        0,   -8129452,          0
 23951,   173,   27000000,   19866255,        0,   -7133745,          0
 23951,   174,   27000000,   16754734,        0,  -10245266,          0
 23951,   175,   27000000,   17802567,        0,   -9197433,          0
 23951,   176,   27000000,   15982669,        0,  -11017331,          0
 23951,   177,   27000000,   16987037,        0,  -10012963,          0
 23951,   178,   27000000,   14800511,        0,  -12199489,          0
 23951,   179,   27000000,   14411572,        0,  -12588428,          0
 23951,   180,   27000000,   15912974,        0,  -11087026,          0
 23951,   181,   27000000,   20057554,        0,   -6942446,          0
 23951,   182,   27000000,   13154355,        0,  -13845645,          0
 23951,   183,   27000000,   18679698,        0,   -8320302,          0
 23951,   184,   27000000,   15829349,        0,  -11170651,          0
 23951,   185,   27000000,   17842319,        0,   -9157681,          0
 23951,   186,   27000000,   18040222,        0,   -8959778,          0
 23951,   187,   27000000,   17776859,        0,   -9223141,          0
 23951,   188,   27000000,   16857184,        0,  -10142816,          0
 23951,   189,   27000000,   17846111,        0,   -9153889,          0
 23951,   190,   27000000,   16533692,        0,  -10466308,          0
 23951,   191,   27000000,   14082082,        0,  -12917918,          0
 23951,   192,   27000000,   15990925,        0,  -11009075,          0
 23951,   193,   27000000,   19817812,        0,   -7182188,          0
 23951,   194,   27000000,   14818750,        0,  -12181250,          0
 23951,   195,   27000000,   19781747,        0,   -7218253,          0
 23951,   196,   27000000,   15995573,        0,  -11004427,          0
 23951,   197,   27000000,   18039623,        0,   -8960377,          0
 23951,   198,   27000000,   16773182,        0,  -10226818,          0
 23951,   199,   27000000,   14780526,        0,  -12219474,          0
 23951,   200,   27000000,   15917626,        0,  -11082374,          0
 23951,   201,   27000000,   19804622,        0,   -7195378,          0
 23951,   202,   27000000,   13646657,        0,  -13353343,          0
 23951,   203,   27000000,   17716209,        0,   -9283791,          0
 23951,   204,   27000000,   19140343,        0,   -7859657,          0
 23951,   205,   27000000,   16943036,        0,  -10056964,          0
 23951,   206,   27000000,   18378066,        0,   -8621934,          0
 23951,   207,   27000000,   17873914,        0,   -9126086,          0
 23951,   208,   27000000,   15100932,        0,  -11899068,          0
 23951,   209,   27000000,   19880972,        0,   -7119028,          0
 23951,   210,   27000000,   16880848,        0,  -10119152,          0
 23951,   211,   27000000,   15701082,        0,  -11298918,          0
 23951,   212,   27000000,   18794403,        0,   -8205597,          0
 23951,   213,   27000000,   17765489,        0,   -9234511,          0
 23951,   214,   27000000,   17298024,        0,   -9701976,          0
 23951,   215,   27000000,   14425020,        0,  -12574980,          0
 23951,   216,   27000000,   16876554,        0,  -10123446,          0
 23951,   217,   27000000,   14062474,        0,  -12937526,          0
 23951,   218,   27000000,   16780794,        0,  -10219206,          0
 23951,   219,   27000000,   18584741,        0,   -8415259,          0
 23951,   220,   27000000,   15817747,        0,  -11182253,          0
 23951,   221,   27000000,   19788535,        0,   -7211465,          0
 23951,   222,   27000000,   16989163,        0,  -10010837,          0
 23951,   223,   27000000,   18512742,        0,   -8487258,          0
 23951,   224,   27000000,   13119021,        0,  -13880979,          0
 23951,   225,   27000000,   16970988,        0,  -10029012,          0
 23951,   226,   27000000,   17632481,        0,   -9367519,          0
 23951,   227,   27000000,   18840616,        0,   -8159384,          0
 23951,   228,   27000000,   13089477,        0,  -13910523,          0
 23951,   229,   27000000,   16931676,        0,  -10068324,          0
 23951,   230,   27000000,   16775564,        0,  -10224436,          0
 23951,   231,   27000000,   17805304,        0,   -9194696,          0
 23951,   232,   27000000,   19143195,        0,   -7856805,          0
 23951,   233,   27000000,   16803578,        0,  -10196422,          0
 23951,   234,   27000000,   13836986,        0,  -13163014,          0
 23951,   235,   27000000,   15950782,        0,  -11049218,          0
 23951,   236,   27000000,   16792397,        0,  -10207603,          0
 23951,   237,   27000000,   16911152,        0,  -10088848,          0
 23951,   238,   27000000,   16798343,        0,  -10201657,          0
 23951,   239,   27000000,   17835525,        0,   -9164475,          0
 23951,   240,   27000000,   19622549,        0,   -7377451,          0
 23951,   241,   27000000,   16732637,        0,  -10267363,          0
 23951,   242,   27000000,   14853004,        0,  -12146996,          0
 23951,   243,   27000000,   14693964,        0,  -12306036,          0
 23951,   244,   27000000,   18934984,        0,   -8065016,          0
 23951,   245,   27000000,   19836139,        0,   -7163861,          0
 23951,   246,   27000000,   17082015,        0,   -9917985,          0
 23951,   247,   27000000,   18800549,        0,   -8199451,          0
 23951,   248,   27000000,   15924198,        0,  -11075802,          0
 23951,   249,   27000000,   19829022,        0,   -7170978,          0
 23951,   250,   27000000,   16832740,        0,  -10167260,          0
 23951,   251,   27000000,   17687230,        0,   -9312770,          0
 23951,   252,   27000000,   18823625,        0,   -8176375,          0
 23951,   253,   27000000,   16273903,        0,  -10726097,          0
 23951,   254,   27000000,   16710516,        0,  -10289484,          0
 23951,   255,   27000000,   17829688,        0,   -9170312,          0
 23951,   256,   27000000,   15383354,        0,  -11616646,          0
 23951,   257,   27000000,   19862653,        0,   -7137347,          0
 23951,   258,   27000000,   14106512,        0,  -12893488,          0
 23951,   259,   27000000,   18595453,        0,   -8404547,          0
 23951,   260,   27000000,   15179400,        0,  -11820600,          0
 23951,   261,   27000000,   19782805,        0,   -7217195,          0
 23951,   262,   27000000,   16750159,        0,  -10249841,          0
 23951,   263,   27000000,   14247774,        0,  -12752226,          0
 23951,   264,   27000000,   16562522,        0,  -10437478,          0
 23951,   265,   27000000,   19842447,        0,   -7157553,          0
 23951,   266,   27000000,   13908619,        0,  -13091381,          0
 23951,   267,   27000000,   17806671,        0,   -9193329,          0
 23951,   268,   27000000,   15997114,        0,  -11002886,          0
 23951,   269,   27000000,   17839445,        0,   -9160555,          0
 23951,   270,   27000000,   14024521,        0,  -12975479,          0
 23951,   271,   27000000,   17779219,        0,   -9220781,          0
 23951,   272,   27000000,   16867430,        0,  -10132570,          0
 23951,   273,   27000000,   19078412,        0,   -7921588,          0
 23951,   274,   27000000,   16824459,        0,  -10175541,          0
 23951,   275,   27000000,   18620977,        0,   -8379023,          0
 23951,   276,   27000000,   16310498,        0,  -10689502,          0
 23951,   277,   27000000,   17974472,        0,   -9025528,          0
 23951,   278,   27000000,   17032930,        0,   -9967070,          0
 23951,   279,   27000000,   14942616,        0,  -12057384,          0
 23951,   280,   27000000,   15976488,        0,  -11023512,          0
 23951,   281,   27000000,   19847912,        0,   -7152088,          0
 23951,   282,   27000000,   16696785,        0,  -10303215,          0
 23951,   283,   27000000,   15219311,        0,  -11780689,          0
 23951,   284,   27000000,   12946134,        0,  -14053866,          0
 23951,   285,   27000000,   20640620,        0,   -6359380,          0
 23951,   286,   27000000,   14454927,        0,  -12545073,          0
 23951,   287,   27000000,   15050204,        0,  -11949796,          0
 23951,   288,   27000000,   16715997,        0,  -10284003,          0
 23951,   289,   27000000,   19830733,        0,   -7169267,          0
 23951,   290,   27000000,   14386046,        0,  -12613954,          0
 23951,   291,   27000000,   15747321,        0,  -11252679,          0
 23951,   292,   27000000,   15197264,        0,  -11802736,          0
 23951,   293,   27000000,   19813648,        0,   -7186352,          0
 23951,   294,   27000000,   14208023,        0,  -12791977,          0
 23951,   295,   27000000,   17321977,        0,   -9678023,          0
 23951,   296,   27000000,   16281840,        0,  -10718160,          0
 23951,   297,   27000000,   17859273,        0,   -9140727,          0
 23951,   298,   27000000,   13963702,        0,  -13036298,          0
 23951,   299,   27000000,   15305363,        0,  -11694637,          0
 23951,   300,   27000000,   15127695,        0,  -11872305,          0
 23951,   301,   27000000,   19782079,        0,   -7217921,          0
 23951,   302,   27000000,   14894085,        0,  -12105915,          0
 23951,   303,   27000000,   17842168,        0,   -9157832,          0
 23951,   304,   27000000,   19399510,        0,   -7600490,          0
 23951,   305,   27000000,   16931800,        0,  -10068200,          0
 23951,   306,   27000000,   17112388,        0,   -9887612,          0
 23951,   307,   27000000,   15012489,        0,  -11987511,          0
 23951,   308,   27000000,   18878932,        0,   -8121068,          0
 23951,   309,   27000000,   19845971,        0,   -7154029,          0
 23951,   310,   27000000,   13924352,        0,  -13075648,          0
 23951,   311,   27000000,   18867670,        0,   -8132330,          0
 23951,   312,   27000000,   15136421,        0,  -11863579,          0
 23951,   313,   27000000,   17902942,        0,   -9097058,          0
 23951,   314,   27000000,   16813737,        0,  -10186263,          0
 23951,   315,   27000000,   18049095,        0,   -8950905,          0
 23951,   316,   27000000,   19682960,        0,   -7317040,          0
 23951,   317,   27000000,   19899413,        0,   -7100587,          0
 23951,   318,   27000000,   14006881,        0,  -12993119,          0
 23951,   319,   27000000,   17828660,        0,   -9171340,          0
 23951,   320,   27000000,   15701031,        0,  -11298969,          0
 23951,   321,   27000000,   16951873,        0,  -10048127,          0
 23951,   322,   27000000,   16831462,        0,  -10168538,          0
 23951,   323,   27000000,   14912023,        0,  -12087977,          0
 23951,   324,   27000000,   15934542,        0,  -11065458,          0
 23951,   325,   27000000,   15913848,        0,  -11086152,          0
 23951,   326,   27000000,   14487090,        0,  -12512910,          0
 23951,   327,   27000000,   17809271,        0,   -9190729,          0
 23951,   328,   27000000,   18852950,        0,   -8147050,          0
 23951,   329,   27000000,   19837483,        0,   -7162517,          0
 23951,   330,   27000000,   16727110,        0,  -10272890,          0
 23951,   331,   27000000,   17819715,        0,   -9180285,          0
 23951,   332,   27000000,   18972162,        0,   -8027838,          0
 23951,   333,   27000000,   18483010,        0,   -8516990,          0
 23951,   334,   27000000,   14227514,        0,  -12772486,          0
 23951,   335,   27000000,   15858498,        0,  -11141502,          0
 23951,   336,   27000000,   16060838,        0,  -10939162,          0
 23951,   337,   27000000,   19904574,        0,   -7095426,          0
 23951,   338,   27000000,   15050599,        0,  -11949401,          0
 23951,   339,   27000000,   15340939,        0,  -11659061,          0
 23951,   340,   27000000,   18758069,        0,   -8241931,          0
 23951,   341,   27000000,   19790395,        0,   -7209605,          0
 23951,   342,   27000000,   13912658,        0,  -13087342,          0
 23951,   343,   27000000,   15885825,        0,  -11114175,          0
 23951,   344,   27000000,   16330405,        0,  -10669595,          0
 23951,   345,   27000000,   19868961,        0,   -7131039,          0
 23951,   346,   27000000,   13930422,        0,  -13069578,          0
 23951,   347,   27000000,   14953947,        0,  -12046053,          0
 23951,   348,   27000000,   19216422,        0,   -7783578,          0
 23951,   349,   27000000,   15618564,        0,  -11381436,          0
 23951,   350,   27000000,   16752411,        0,  -10247589,          0
 23951,   351,   27000000,   14870124,        0,  -12129876,          0
 23951,   352,   27000000,   19048069,        0,   -7951931,          0
 23951,   353,   27000000,   19851146,        0,   -7148854,          0
 23951,   354,   27000000,   14660683,        0,  -12339317,          0
 23951,   355,   27000000,   15533361,        0,  -11466639,          0
 23951,   356,   27000000,   16423582,        0,  -10576418,          0
 23951,   357,   27000000,   17801724,        0,   -9198276,          0
 23951,   358,   27000000,   16831632,        0,  -10168368,          0
 23951,   359,   27000000,   15889426,        0,  -11110574,          0
 23951,   360,   27000000,   17048489,        0,   -9951511,          0
 23951,   361,   27000000,   19833415,        0,   -7166585,          0
 23951,   362,   27000000,   13925723,        0,  -13074277,          0
 23951,   363,   27000000,   17714063,        0,   -9285937,          0
 23951,   364,   27000000,   16784976,        0,  -10215024,          0
 23951,   365,   27000000,   17046207,        0,   -9953793,          0
 23951,   366,   27000000,   16792170,        0,  -10207830,          0
 23951,   367,   27000000,   15073843,        0,  -11926157,          0
 23951,   368,   27000000,   15970017,        0,  -11029983,          0
 23951,   369,   27000000,   19824629,        0,   -7175371,          0
 23951,   370,   27000000,   16365669,        0,  -10634331,          0
 23951,   371,   27000000,   15794434,        0,  -11205566,          0
 23951,   372,   27000000,   15616511,        0,  -11383489,          0
 23951,   373,   27000000,   17943660,        0,   -9056340,          0
 23951,   374,   27000000,   17738365,        0,   -9261635,          0
