189 189 0
180 180 0
140 140 0
149 149 0
437 426 11
290 289 1
154 154 0
388 382 6
146 146 0
109 109 0
185 185 0
1004 916 88
132 132 0
186 186 0
119 119 0
628 590 38
121 121 0
480 464 16
145 145 0
776 709 67
306 302 4
232 231 1
119 119 0
115 115 0
111 111 0
299 296 3
529 515 14
773 717 56
274 272 2
325 323 2
306 304 2
108 108 0
117 117 0
168 168 0
231 230 1
108 108 0
215 215 0
307 304 3
458 440 18
109 109 0
247 247 0
156 156 0
420 407 13
179 179 0
122 122 0
132 132 0
912 829 83
183 182 1
347 345 2
152 152 0
165 165 0
163 163 0
133 133 0
630 584 46
114 114 0
231 230 1
215 215 0
631 592 39
669 629 40
