# Task,   Job,     Period,   Response, DL Miss?,   Lateness,  Tardiness
# task NAME=myapp PID=25515 COST=12687000 PERIOD=16000000 CPU=0
 25515,     2,   16000000,       4511,        0,  -15995489,          0
 25515,     3,   16000000,     111193,        0,  -15888807,          0
 25515,     4,   16000000,   12710590,        0,   -3289410,          0
 25515,     5,   16000000,   12911331,        0,   -3088669,          0
 25515,     6,   16000000,   12611744,        0,   -3388256,          0
 25515,     7,   16000000,   12608285,        0,   -3391715,          0
 25515,     8,   16000000,   12617059,        0,   -3382941,          0
 25515,     9,   16000000,   12604212,        0,   -3395788,          0
 25515,    10,   16000000,   12583673,        0,   -3416327,          0
 25515,    11,   16000000,   12688054,        0,   -3311946,          0
 25515,    12,   16000000,   12695085,        0,   -3304915,          0
 25515,    13,   16000000,   12605774,        0,   -3394226,          0
 25515,    14,   16000000,   12664339,        0,   -3335661,          0
 25515,    15,   16000000,   12613484,        0,   -3386516,          0
 25515,    16,   16000000,   13132407,        0,   -2867593,          0
 25515,    17,   16000000,   15536354,        0,    -463646,          0
 25515,    18,   16000000,   12603440,        0,   -3396560,          0
 25515,    19,   16000000,   12592336,        0,   -3407664,          0
 25515,    20,   16000000,   21571251,        1,    5571251,    5571251
 25515,    21,   16000000,   18143166,        1,    2143166,    2143166
 25515,    22,   16000000,   14704674,        0,   -1295326,          0
 25515,    23,   16000000,   16050586,        1,      50586,      50586
 25515,    24,   16000000,   12882626,        0,   -3117374,          0
 25515,    25,   16000000,   12610881,        0,   -3389119,          0
 25515,    26,   16000000,   12912881,        0,   -3087119,          0
 25515,    27,   16000000,   12935393,        0,   -3064607,          0
 25515,    28,   16000000,   12624769,        0,   -3375231,          0
 25515,    29,   16000000,   12611943,        0,   -3388057,          0
 25515,    30,   16000000,   12602005,        0,   -3397995,          0
 25515,    31,   16000000,   12595751,        0,   -3404249,          0
 25515,    32,   16000000,   13005572,        0,   -2994428,          0
 25515,    33,   16000000,   12625707,        0,   -3374293,          0
 25515,    34,   16000000,   12611938,        0,   -3388062,          0
 25515,    35,   16000000,   12595787,        0,   -3404213,          0
 25515,    36,   16000000,   12633381,        0,   -3366619,          0
 25515,    37,   16000000,   12601036,        0,   -3398964,          0
 25515,    38,   16000000,   12683288,        0,   -3316712,          0
 25515,    39,   16000000,   14805548,        0,   -1194452,          0
 25515,    40,   16000000,   13065964,        0,   -2934036,          0
 25515,    41,   16000000,   12751721,        0,   -3248279,          0
 25515,    42,   16000000,   17078471,        1,    1078471,    1078471
 25515,    43,   16000000,   13643547,        0,   -2356453,          0
 25515,    44,   16000000,   12635935,        0,   -3364065,          0
 25515,    45,   16000000,   12689700,        0,   -3310300,          0
 25515,    46,   16000000,   12828520,        0,   -3171480,          0
 25515,    47,   16000000,   13421868,        0,   -2578132,          0
 25515,    48,   16000000,   12639633,        0,   -3360367,          0
 25515,    49,   16000000,   12631323,        0,   -3368677,          0
 25515,    50,   16000000,   12613402,        0,   -3386598,          0
 25515,    51,   16000000,   12771802,        0,   -3228198,          0
 25515,    52,   16000000,   12604071,        0,   -3395929,          0
 25515,    53,   16000000,   12606944,        0,   -3393056,          0
 25515,    54,   16000000,   12615641,        0,   -3384359,          0
 25515,    55,   16000000,   13107651,        0,   -2892349,          0
 25515,    56,   16000000,   12707558,        0,   -3292442,          0
 25515,    57,   16000000,   13153650,        0,   -2846350,          0
 25515,    58,   16000000,   12609535,        0,   -3390465,          0
 25515,    59,   16000000,   12639493,        0,   -3360507,          0
 25515,    60,   16000000,   12600150,        0,   -3399850,          0
 25515,    61,   16000000,   12630737,        0,   -3369263,          0
 25515,    62,   16000000,   12607524,        0,   -3392476,          0
 25515,    63,   16000000,   12886528,        0,   -3113472,          0
 25515,    64,   16000000,   12934607,        0,   -3065393,          0
 25515,    65,   16000000,   12609438,        0,   -3390562,          0
 25515,    66,   16000000,   12603781,        0,   -3396219,          0
 25515,    67,   16000000,   16059112,        1,      59112,      59112
 25515,    68,   16000000,   12621506,        0,   -3378494,          0
 25515,    69,   16000000,   12995896,        0,   -3004104,          0
 25515,    70,   16000000,   12607255,        0,   -3392745,          0
 25515,    71,   16000000,   12928035,        0,   -3071965,          0
 25515,    72,   16000000,   12607948,        0,   -3392052,          0
 25515,    73,   16000000,   12608059,        0,   -3391941,          0
 25515,    74,   16000000,   12625120,        0,   -3374880,          0
 25515,    75,   16000000,   12627199,        0,   -3372801,          0
 25515,    76,   16000000,   12610180,        0,   -3389820,          0
 25515,    77,   16000000,   14873585,        0,   -1126415,          0
 25515,    78,   16000000,   12632815,        0,   -3367185,          0
 25515,    79,   16000000,   12886825,        0,   -3113175,          0
 25515,    80,   16000000,   13476051,        0,   -2523949,          0
 25515,    81,   16000000,   13010402,        0,   -2989598,          0
 25515,    82,   16000000,   12636104,        0,   -3363896,          0
 25515,    83,   16000000,   13481777,        0,   -2518223,          0
 25515,    84,   16000000,   15026268,        0,    -973732,          0
 25515,    85,   16000000,   13758797,        0,   -2241203,          0
 25515,    86,   16000000,   12631426,        0,   -3368574,          0
 25515,    87,   16000000,   12645907,        0,   -3354093,          0
 25515,    88,   16000000,   12670424,        0,   -3329576,          0
 25515,    89,   16000000,   12620052,        0,   -3379948,          0
 25515,    90,   16000000,   12585384,        0,   -3414616,          0
 25515,    91,   16000000,   12598158,        0,   -3401842,          0
 25515,    92,   16000000,   12635337,        0,   -3364663,          0
 25515,    93,   16000000,   12605102,        0,   -3394898,          0
 25515,    94,   16000000,   13542863,        0,   -2457137,          0
 25515,    95,   16000000,   12600108,        0,   -3399892,          0
 25515,    96,   16000000,   12619145,        0,   -3380855,          0
 25515,    97,   16000000,   12599439,        0,   -3400561,          0
 25515,    98,   16000000,   17506927,        1,    1506927,    1506927
 25515,    99,   16000000,   14074459,        0,   -1925541,          0
 25515,   100,   16000000,   12604020,        0,   -3395980,          0
 25515,   101,   16000000,   12615241,        0,   -3384759,          0
 25515,   102,   16000000,   12879239,        0,   -3120761,          0
 25515,   103,   16000000,   12837984,        0,   -3162016,          0
 25515,   104,   16000000,   12637067,        0,   -3362933,          0
 25515,   105,   16000000,   12591952,        0,   -3408048,          0
 25515,   106,   16000000,   18860684,        1,    2860684,    2860684
 25515,   107,   16000000,   15428940,        0,    -571060,          0
 25515,   108,   16000000,   12676240,        0,   -3323760,          0
 25515,   109,   16000000,   12617883,        0,   -3382117,          0
 25515,   110,   16000000,   12877375,        0,   -3122625,          0
 25515,   111,   16000000,   12779406,        0,   -3220594,          0
 25515,   112,   16000000,   14087909,        0,   -1912091,          0
 25515,   113,   16000000,   12637169,        0,   -3362831,          0
 25515,   114,   16000000,   12668409,        0,   -3331591,          0
 25515,   115,   16000000,   12679879,        0,   -3320121,          0
 25515,   116,   16000000,   15045629,        0,    -954371,          0
 25515,   117,   16000000,   13822513,        0,   -2177487,          0
 25515,   118,   16000000,   22134996,        1,    6134996,    6134996
 25515,   119,   16000000,   18695179,        1,    2695179,    2695179
 25515,   120,   16000000,   15264978,        0,    -735022,          0
 25515,   121,   16000000,   12619884,        0,   -3380116,          0
 25515,   122,   16000000,   16594719,        1,     594719,     594719
 25515,   123,   16000000,   13155960,        0,   -2844040,          0
 25515,   124,   16000000,   12620984,        0,   -3379016,          0
 25515,   125,   16000000,   12605581,        0,   -3394419,          0
 25515,   126,   16000000,   14266107,        0,   -1733893,          0
 25515,   127,   16000000,   12664531,        0,   -3335469,          0
 25515,   128,   16000000,   12614316,        0,   -3385684,          0
 25515,   129,   16000000,   12620410,        0,   -3379590,          0
 25515,   130,   16000000,   12599299,        0,   -3400701,          0
 25515,   131,   16000000,   12689867,        0,   -3310133,          0
 25515,   132,   16000000,   12609266,        0,   -3390734,          0
 25515,   133,   16000000,   12639234,        0,   -3360766,          0
 25515,   134,   16000000,   13049612,        0,   -2950388,          0
 25515,   135,   16000000,   12693081,        0,   -3306919,          0
 25515,   136,   16000000,   12653506,        0,   -3346494,          0
 25515,   137,   16000000,   12860231,        0,   -3139769,          0
 25515,   138,   16000000,   22048102,        1,    6048102,    6048102
 25515,   139,   16000000,   18612988,        1,    2612988,    2612988
 25515,   140,   16000000,   15181671,        0,    -818329,          0
 25515,   141,   16000000,   12950169,        0,   -3049831,          0
 25515,   142,   16000000,   12602635,        0,   -3397365,          0
 25515,   143,   16000000,   18025634,        1,    2025634,    2025634
 25515,   144,   16000000,   14589706,        0,   -1410294,          0
 25515,   145,   16000000,   12619837,        0,   -3380163,          0
 25515,   146,   16000000,   12597284,        0,   -3402716,          0
 25515,   147,   16000000,   12654349,        0,   -3345651,          0
 25515,   148,   16000000,   12660891,        0,   -3339109,          0
 25515,   149,   16000000,   12958208,        0,   -3041792,          0
 25515,   150,   16000000,   12718685,        0,   -3281315,          0
 25515,   151,   16000000,   12639673,        0,   -3360327,          0
 25515,   152,   16000000,   23056585,        1,    7056585,    7056585
 25515,   153,   16000000,   19620396,        1,    3620396,    3620396
 25515,   154,   16000000,   16195960,        1,     195960,     195960
 25515,   155,   16000000,   12765289,        0,   -3234711,          0
 25515,   156,   16000000,   12656940,        0,   -3343060,          0
 25515,   157,   16000000,   13027106,        0,   -2972894,          0
 25515,   158,   16000000,   12610575,        0,   -3389425,          0
 25515,   159,   16000000,   12694920,        0,   -3305080,          0
 25515,   160,   16000000,   12619879,        0,   -3380121,          0
 25515,   161,   16000000,   12649811,        0,   -3350189,          0
 25515,   162,   16000000,   14289262,        0,   -1710738,          0
 25515,   163,   16000000,   14460085,        0,   -1539915,          0
 25515,   164,   16000000,   12611088,        0,   -3388912,          0
 25515,   165,   16000000,   13564015,        0,   -2435985,          0
 25515,   166,   16000000,   12606522,        0,   -3393478,          0
 25515,   167,   16000000,   14532008,        0,   -1467992,          0
 25515,   168,   16000000,   12969658,        0,   -3030342,          0
 25515,   169,   16000000,   12601155,        0,   -3398845,          0
 25515,   170,   16000000,   13134093,        0,   -2865907,          0
 25515,   171,   16000000,   12628998,        0,   -3371002,          0
 25515,   172,   16000000,   12653058,        0,   -3346942,          0
 25515,   173,   16000000,   12606357,        0,   -3393643,          0
 25515,   174,   16000000,   17164859,        1,    1164859,    1164859
 25515,   175,   16000000,   13728031,        0,   -2271969,          0
 25515,   176,   16000000,   12615386,        0,   -3384614,          0
 25515,   177,   16000000,   12608648,        0,   -3391352,          0
 25515,   178,   16000000,   12589678,        0,   -3410322,          0
 25515,   179,   16000000,   12615124,        0,   -3384876,          0
 25515,   180,   16000000,   12904647,        0,   -3095353,          0
 25515,   181,   16000000,   17505237,        1,    1505237,    1505237
 25515,   182,   16000000,   14068675,        0,   -1931325,          0
 25515,   183,   16000000,   12652595,        0,   -3347405,          0
 25515,   184,   16000000,   12643904,        0,   -3356096,          0
 25515,   185,   16000000,   12704610,        0,   -3295390,          0
 25515,   186,   16000000,   12676027,        0,   -3323973,          0
 25515,   187,   16000000,   12628102,        0,   -3371898,          0
 25515,   188,   16000000,   15629010,        0,    -370990,          0
 25515,   189,   16000000,   12786844,        0,   -3213156,          0
 25515,   190,   16000000,   12616003,        0,   -3383997,          0
 25515,   191,   16000000,   12613141,        0,   -3386859,          0
 25515,   192,   16000000,   12605274,        0,   -3394726,          0
 25515,   193,   16000000,   12778749,        0,   -3221251,          0
 25515,   194,   16000000,   12738104,        0,   -3261896,          0
 25515,   195,   16000000,   12620345,        0,   -3379655,          0
 25515,   196,   16000000,   12908120,        0,   -3091880,          0
 25515,   197,   16000000,   12597583,        0,   -3402417,          0
 25515,   198,   16000000,   12723586,        0,   -3276414,          0
 25515,   199,   16000000,   19514469,        1,    3514469,    3514469
 25515,   200,   16000000,   16074548,        1,      74548,      74548
 25515,   201,   16000000,   12643435,        0,   -3356565,          0
 25515,   202,   16000000,   12607407,        0,   -3392593,          0
 25515,   203,   16000000,   12606879,        0,   -3393121,          0
 25515,   204,   16000000,   12893211,        0,   -3106789,          0
 25515,   205,   16000000,   12604361,        0,   -3395639,          0
 25515,   206,   16000000,   12611546,        0,   -3388454,          0
 25515,   207,   16000000,   12650877,        0,   -3349123,          0
 25515,   208,   16000000,   12612143,        0,   -3387857,          0
 25515,   209,   16000000,   12682314,        0,   -3317686,          0
 25515,   210,   16000000,   20127182,        1,    4127182,    4127182
 25515,   211,   16000000,   16963891,        1,     963891,     963891
 25515,   212,   16000000,   13526628,        0,   -2473372,          0
 25515,   213,   16000000,   13400733,        0,   -2599267,          0
 25515,   214,   16000000,   12713390,        0,   -3286610,          0
 25515,   215,   16000000,   12635156,        0,   -3364844,          0
 25515,   216,   16000000,   12613538,        0,   -3386462,          0
 25515,   217,   16000000,   12603760,        0,   -3396240,          0
 25515,   218,   16000000,   12595119,        0,   -3404881,          0
 25515,   219,   16000000,   19789927,        1,    3789927,    3789927
 25515,   220,   16000000,   16356034,        1,     356034,     356034
 25515,   221,   16000000,   12917431,        0,   -3082569,          0
 25515,   222,   16000000,   12635082,        0,   -3364918,          0
 25515,   223,   16000000,   12644956,        0,   -3355044,          0
 25515,   224,   16000000,   14085675,        0,   -1914325,          0
 25515,   225,   16000000,   13016552,        0,   -2983448,          0
 25515,   226,   16000000,   15317430,        0,    -682570,          0
 25515,   227,   16000000,   12891456,        0,   -3108544,          0
 25515,   228,   16000000,   12746509,        0,   -3253491,          0
 25515,   229,   16000000,   15086979,        0,    -913021,          0
 25515,   230,   16000000,   19353877,        1,    3353877,    3353877
 25515,   231,   16000000,   15917330,        0,     -82670,          0
 25515,   232,   16000000,   12622242,        0,   -3377758,          0
 25515,   233,   16000000,   12613470,        0,   -3386530,          0
 25515,   234,   16000000,   12661073,        0,   -3338927,          0
 25515,   235,   16000000,   12943668,        0,   -3056332,          0
 25515,   236,   16000000,   12617386,        0,   -3382614,          0
 25515,   237,   16000000,   12767412,        0,   -3232588,          0
 25515,   238,   16000000,   12616011,        0,   -3383989,          0
 25515,   239,   16000000,   14916550,        0,   -1083450,          0
 25515,   240,   16000000,   12675378,        0,   -3324622,          0
 25515,   241,   16000000,   12607968,        0,   -3392032,          0
 25515,   242,   16000000,   23962375,        1,    7962375,    7962375
 25515,   243,   16000000,   20523618,        1,    4523618,    4523618
 25515,   244,   16000000,   17091885,        1,    1091885,    1091885
 25515,   245,   16000000,   13647302,        0,   -2352698,          0
 25515,   246,   16000000,   20853931,        1,    4853931,    4853931
 25515,   247,   16000000,   17428019,        1,    1428019,    1428019
 25515,   248,   16000000,   13991658,        0,   -2008342,          0
 25515,   249,   16000000,   12607191,        0,   -3392809,          0
 25515,   250,   16000000,   16943706,        1,     943706,     943706
 25515,   251,   16000000,   13515900,        0,   -2484100,          0
 25515,   252,   16000000,   12661401,        0,   -3338599,          0
 25515,   253,   16000000,   18052624,        1,    2052624,    2052624
 25515,   254,   16000000,   14603913,        0,   -1396087,          0
 25515,   255,   16000000,   12646840,        0,   -3353160,          0
 25515,   256,   16000000,   12632122,        0,   -3367878,          0
 25515,   257,   16000000,   12603443,        0,   -3396557,          0
 25515,   258,   16000000,   12597242,        0,   -3402758,          0
 25515,   259,   16000000,   24502292,        1,    8502292,    8502292
 25515,   260,   16000000,   21070187,        1,    5070187,    5070187
 25515,   261,   16000000,   17633832,        1,    1633832,    1633832
 25515,   262,   16000000,   14204770,        0,   -1795230,          0
 25515,   263,   16000000,   12637017,        0,   -3362983,          0
 25515,   264,   16000000,   13180638,        0,   -2819362,          0
 25515,   265,   16000000,   12604622,        0,   -3395378,          0
 25515,   266,   16000000,   18318420,        1,    2318420,    2318420
 25515,   267,   16000000,   14880984,        0,   -1119016,          0
 25515,   268,   16000000,   12623940,        0,   -3376060,          0
 25515,   269,   16000000,   12598101,        0,   -3401899,          0
 25515,   270,   16000000,   13788471,        0,   -2211529,          0
 25515,   271,   16000000,   12628717,        0,   -3371283,          0
 25515,   272,   16000000,   12604860,        0,   -3395140,          0
 25515,   273,   16000000,   12668150,        0,   -3331850,          0
 25515,   274,   16000000,   12896605,        0,   -3103395,          0
 25515,   275,   16000000,   16458691,        1,     458691,     458691
 25515,   276,   16000000,   13029961,        0,   -2970039,          0
 25515,   277,   16000000,   12631980,        0,   -3368020,          0
 25515,   278,   16000000,   12613618,        0,   -3386382,          0
 25515,   279,   16000000,   12721658,        0,   -3278342,          0
 25515,   280,   16000000,   12606766,        0,   -3393234,          0
 25515,   281,   16000000,   20223676,        1,    4223676,    4223676
 25515,   282,   16000000,   16793981,        1,     793981,     793981
 25515,   283,   16000000,   13361411,        0,   -2638589,          0
 25515,   284,   16000000,   12609352,        0,   -3390648,          0
 25515,   285,   16000000,   12657131,        0,   -3342869,          0
 25515,   286,   16000000,   12686350,        0,   -3313650,          0
 25515,   287,   16000000,   12593109,        0,   -3406891,          0
 25515,   288,   16000000,   12619986,        0,   -3380014,          0
 25515,   289,   16000000,   13546408,        0,   -2453592,          0
 25515,   290,   16000000,   13014748,        0,   -2985252,          0
 25515,   291,   16000000,   12657835,        0,   -3342165,          0
 25515,   292,   16000000,   12727035,        0,   -3272965,          0
 25515,   293,   16000000,   12971517,        0,   -3028483,          0
 25515,   294,   16000000,   12612514,        0,   -3387486,          0
 25515,   295,   16000000,   12693668,        0,   -3306332,          0
 25515,   296,   16000000,   12642255,        0,   -3357745,          0
 25515,   297,   16000000,   12604183,        0,   -3395817,          0
 25515,   298,   16000000,   16687076,        1,     687076,     687076
 25515,   299,   16000000,   13255775,        0,   -2744225,          0
 25515,   300,   16000000,   13547232,        0,   -2452768,          0
 25515,   301,   16000000,   12677908,        0,   -3322092,          0
 25515,   302,   16000000,   12803423,        0,   -3196577,          0
 25515,   303,   16000000,   12720201,        0,   -3279799,          0
 25515,   304,   16000000,   12639156,        0,   -3360844,          0
 25515,   305,   16000000,   12881596,        0,   -3118404,          0
 25515,   306,   16000000,   16653339,        1,     653339,     653339
 25515,   307,   16000000,   13210859,        0,   -2789141,          0
 25515,   308,   16000000,   12674211,        0,   -3325789,          0
 25515,   309,   16000000,   12667714,        0,   -3332286,          0
 25515,   310,   16000000,   18738738,        1,    2738738,    2738738
 25515,   311,   16000000,   15304009,        0,    -695991,          0
 25515,   312,   16000000,   12596809,        0,   -3403191,          0
 25515,   313,   16000000,   12921125,        0,   -3078875,          0
 25515,   314,   16000000,   12641474,        0,   -3358526,          0
 25515,   315,   16000000,   12675753,        0,   -3324247,          0
 25515,   316,   16000000,   12599911,        0,   -3400089,          0
 25515,   317,   16000000,   12610885,        0,   -3389115,          0
 25515,   318,   16000000,   12602575,        0,   -3397425,          0
 25515,   319,   16000000,   12601712,        0,   -3398288,          0
 25515,   320,   16000000,   12608899,        0,   -3391101,          0
 25515,   321,   16000000,   12898628,        0,   -3101372,          0
 25515,   322,   16000000,   20502940,        1,    4502940,    4502940
 25515,   323,   16000000,   17069582,        1,    1069582,    1069582
 25515,   324,   16000000,   13622849,        0,   -2377151,          0
 25515,   325,   16000000,   12603338,        0,   -3396662,          0
 25515,   326,   16000000,   12679120,        0,   -3320880,          0
 25515,   327,   16000000,   13634224,        0,   -2365776,          0
 25515,   328,   16000000,   12639726,        0,   -3360274,          0
 25515,   329,   16000000,   12894849,        0,   -3105151,          0
 25515,   330,   16000000,   12607532,        0,   -3392468,          0
 25515,   331,   16000000,   12707894,        0,   -3292106,          0
 25515,   332,   16000000,   12617588,        0,   -3382412,          0
 25515,   333,   16000000,   12623093,        0,   -3376907,          0
 25515,   334,   16000000,   12618016,        0,   -3381984,          0
 25515,   335,   16000000,   12603943,        0,   -3396057,          0
 25515,   336,   16000000,   12608241,        0,   -3391759,          0
 25515,   337,   16000000,   16129019,        1,     129019,     129019
 25515,   338,   16000000,   12693705,        0,   -3306295,          0
 25515,   339,   16000000,   12651896,        0,   -3348104,          0
 25515,   340,   16000000,   12596946,        0,   -3403054,          0
 25515,   341,   16000000,   12593602,        0,   -3406398,          0
 25515,   342,   16000000,   12619854,        0,   -3380146,          0
 25515,   343,   16000000,   13641113,        0,   -2358887,          0
 25515,   344,   16000000,   12961162,        0,   -3038838,          0
 25515,   345,   16000000,   12782286,        0,   -3217714,          0
 25515,   346,   16000000,   16924823,        1,     924823,     924823
 25515,   347,   16000000,   13485326,        0,   -2514674,          0
 25515,   348,   16000000,   12613953,        0,   -3386047,          0
 25515,   349,   16000000,   12639623,        0,   -3360377,          0
 25515,   350,   16000000,   12599186,        0,   -3400814,          0
 25515,   351,   16000000,   12676249,        0,   -3323751,          0
 25515,   352,   16000000,   12941196,        0,   -3058804,          0
 25515,   353,   16000000,   12628546,        0,   -3371454,          0
 25515,   354,   16000000,   14549361,        0,   -1450639,          0
 25515,   355,   16000000,   12620182,        0,   -3379818,          0
 25515,   356,   16000000,   12620933,        0,   -3379067,          0
 25515,   357,   16000000,   16789177,        1,     789177,     789177
 25515,   358,   16000000,   13365312,        0,   -2634688,          0
 25515,   359,   16000000,   12596231,        0,   -3403769,          0
 25515,   360,   16000000,   12884643,        0,   -3115357,          0
 25515,   361,   16000000,   12629495,        0,   -3370505,          0
 25515,   362,   16000000,   12624313,        0,   -3375687,          0
 25515,   363,   16000000,   12675134,        0,   -3324866,          0
 25515,   364,   16000000,   12606320,        0,   -3393680,          0
 25515,   365,   16000000,   12735126,        0,   -3264874,          0
 25515,   366,   16000000,   17257514,        1,    1257514,    1257514
 25515,   367,   16000000,   13819325,        0,   -2180675,          0
 25515,   368,   16000000,   12904349,        0,   -3095651,          0
 25515,   369,   16000000,   12590075,        0,   -3409925,          0
 25515,   370,   16000000,   12600462,        0,   -3399538,          0
 25515,   371,   16000000,   12725549,        0,   -3274451,          0
 25515,   372,   16000000,   15405083,        0,    -594917,          0
 25515,   373,   16000000,   12610122,        0,   -3389878,          0
 25515,   374,   16000000,   12601509,        0,   -3398491,          0
 25515,   375,   16000000,   12622078,        0,   -3377922,          0
 25515,   376,   16000000,   13000004,        0,   -2999996,          0
 25515,   377,   16000000,   12604795,        0,   -3395205,          0
 25515,   378,   16000000,   12966827,        0,   -3033173,          0
 25515,   379,   16000000,   12671666,        0,   -3328334,          0
 25515,   380,   16000000,   12680313,        0,   -3319687,          0
 25515,   381,   16000000,   12623940,        0,   -3376060,          0
 25515,   382,   16000000,   12602998,        0,   -3397002,          0
 25515,   383,   16000000,   12675071,        0,   -3324929,          0
 25515,   384,   16000000,   14056901,        0,   -1943099,          0
 25515,   385,   16000000,   12647702,        0,   -3352298,          0
 25515,   386,   16000000,   12639851,        0,   -3360149,          0
 25515,   387,   16000000,   12603230,        0,   -3396770,          0
 25515,   388,   16000000,   12617085,        0,   -3382915,          0
 25515,   389,   16000000,   12605034,        0,   -3394966,          0
 25515,   390,   16000000,   12609575,        0,   -3390425,          0
 25515,   391,   16000000,   12906370,        0,   -3093630,          0
 25515,   392,   16000000,   12596822,        0,   -3403178,          0
 25515,   393,   16000000,   12669473,        0,   -3330527,          0
 25515,   394,   16000000,   12612798,        0,   -3387202,          0
 25515,   395,   16000000,   12771568,        0,   -3228432,          0
 25515,   396,   16000000,   12604801,        0,   -3395199,          0
 25515,   397,   16000000,   15041609,        0,    -958391,          0
 25515,   398,   16000000,   16433834,        1,     433834,     433834
 25515,   399,   16000000,   13288376,        0,   -2711624,          0
 25515,   400,   16000000,   13131958,        0,   -2868042,          0
 25515,   401,   16000000,   12630932,        0,   -3369068,          0
 25515,   402,   16000000,   12634105,        0,   -3365895,          0
 25515,   403,   16000000,   12660430,        0,   -3339570,          0
 25515,   404,   16000000,   12638397,        0,   -3361603,          0
 25515,   405,   16000000,   13447913,        0,   -2552087,          0
 25515,   406,   16000000,   12859036,        0,   -3140964,          0
 25515,   407,   16000000,   12892090,        0,   -3107910,          0
 25515,   408,   16000000,   12719072,        0,   -3280928,          0
 25515,   409,   16000000,   12596406,        0,   -3403594,          0
 25515,   410,   16000000,   12606598,        0,   -3393402,          0
 25515,   411,   16000000,   17836807,        1,    1836807,    1836807
 25515,   412,   16000000,   14404791,        0,   -1595209,          0
 25515,   413,   16000000,   13801617,        0,   -2198383,          0
 25515,   414,   16000000,   14632781,        0,   -1367219,          0
 25515,   415,   16000000,   13327976,        0,   -2672024,          0
 25515,   416,   16000000,   20331118,        1,    4331118,    4331118
 25515,   417,   16000000,   16895749,        1,     895749,     895749
 25515,   418,   16000000,   13463301,        0,   -2536699,          0
 25515,   419,   16000000,   12662095,        0,   -3337905,          0
 25515,   420,   16000000,   16079147,        1,      79147,      79147
 25515,   421,   16000000,   12643002,        0,   -3356998,          0
 25515,   422,   16000000,   16074930,        1,      74930,      74930
 25515,   423,   16000000,   12639171,        0,   -3360829,          0
 25515,   424,   16000000,   13756268,        0,   -2243732,          0
 25515,   425,   16000000,   15971612,        0,     -28388,          0
 25515,   426,   16000000,   12590390,        0,   -3409610,          0
 25515,   427,   16000000,   12618093,        0,   -3381907,          0
 25515,   428,   16000000,   18257390,        1,    2257390,    2257390
 25515,   429,   16000000,   14811675,        0,   -1188325,          0
 25515,   430,   16000000,   12891009,        0,   -3108991,          0
 25515,   431,   16000000,   12612005,        0,   -3387995,          0
 25515,   432,   16000000,   12626944,        0,   -3373056,          0
 25515,   433,   16000000,   12650150,        0,   -3349850,          0
 25515,   434,   16000000,   17909080,        1,    1909080,    1909080
 25515,   435,   16000000,   14473611,        0,   -1526389,          0
 25515,   436,   16000000,   12695272,        0,   -3304728,          0
 25515,   437,   16000000,   12603939,        0,   -3396061,          0
 25515,   438,   16000000,   12883836,        0,   -3116164,          0
 25515,   439,   16000000,   12635392,        0,   -3364608,          0
 25515,   440,   16000000,   16218616,        1,     218616,     218616
 25515,   441,   16000000,   12781802,        0,   -3218198,          0
 25515,   442,   16000000,   18771401,        1,    2771401,    2771401
 25515,   443,   16000000,   15337606,        0,    -662394,          0
 25515,   444,   16000000,   12687701,        0,   -3312299,          0
 25515,   445,   16000000,   12660566,        0,   -3339434,          0
 25515,   446,   16000000,   12920073,        0,   -3079927,          0
 25515,   447,   16000000,   12608598,        0,   -3391402,          0
 25515,   448,   16000000,   12627653,        0,   -3372347,          0
 25515,   449,   16000000,   12597969,        0,   -3402031,          0
 25515,   450,   16000000,   12605348,        0,   -3394652,          0
 25515,   451,   16000000,   12619213,        0,   -3380787,          0
 25515,   452,   16000000,   12616986,        0,   -3383014,          0
 25515,   453,   16000000,   12607057,        0,   -3392943,          0
 25515,   454,   16000000,   13068172,        0,   -2931828,          0
 25515,   455,   16000000,   12757261,        0,   -3242739,          0
 25515,   456,   16000000,   12606062,        0,   -3393938,          0
 25515,   457,   16000000,   17230385,        1,    1230385,    1230385
 25515,   458,   16000000,   13781095,        0,   -2218905,          0
 25515,   459,   16000000,   12904209,        0,   -3095791,          0
 25515,   460,   16000000,   15063282,        0,    -936718,          0
 25515,   461,   16000000,   13703107,        0,   -2296893,          0
 25515,   462,   16000000,   12616160,        0,   -3383840,          0
 25515,   463,   16000000,   13454556,        0,   -2545444,          0
 25515,   464,   16000000,   12597291,        0,   -3402709,          0
 25515,   465,   16000000,   12635421,        0,   -3364579,          0
 25515,   466,   16000000,   12609641,        0,   -3390359,          0
 25515,   467,   16000000,   12606690,        0,   -3393310,          0
 25515,   468,   16000000,   12629529,        0,   -3370471,          0
 25515,   469,   16000000,   19120193,        1,    3120193,    3120193
 25515,   470,   16000000,   15673688,        0,    -326312,          0
 25515,   471,   16000000,   12697942,        0,   -3302058,          0
 25515,   472,   16000000,   12636884,        0,   -3363116,          0
 25515,   473,   16000000,   12606703,        0,   -3393297,          0
 25515,   474,   16000000,   18771982,        1,    2771982,    2771982
 25515,   475,   16000000,   15331351,        0,    -668649,          0
 25515,   476,   16000000,   12640087,        0,   -3359913,          0
 25515,   477,   16000000,   16402667,        1,     402667,     402667
 25515,   478,   16000000,   12956117,        0,   -3043883,          0
 25515,   479,   16000000,   12604935,        0,   -3395065,          0
 25515,   480,   16000000,   12962615,        0,   -3037385,          0
 25515,   481,   16000000,   12628596,        0,   -3371404,          0
 25515,   482,   16000000,   12601764,        0,   -3398236,          0
 25515,   483,   16000000,   12599569,        0,   -3400431,          0
 25515,   484,   16000000,   12926160,        0,   -3073840,          0
 25515,   485,   16000000,   13196641,        0,   -2803359,          0
 25515,   486,   16000000,   12608271,        0,   -3391729,          0
 25515,   487,   16000000,   12604622,        0,   -3395378,          0
 25515,   488,   16000000,   12614086,        0,   -3385914,          0
 25515,   489,   16000000,   12614037,        0,   -3385963,          0
 25515,   490,   16000000,   12597616,        0,   -3402384,          0
 25515,   491,   16000000,   12675818,        0,   -3324182,          0
 25515,   492,   16000000,   12722880,        0,   -3277120,          0
 25515,   493,   16000000,   17671169,        1,    1671169,    1671169
 25515,   494,   16000000,   14228356,        0,   -1771644,          0
 25515,   495,   16000000,   12653761,        0,   -3346239,          0
 25515,   496,   16000000,   16243057,        1,     243057,     243057
 25515,   497,   16000000,   12801301,        0,   -3198699,          0
 25515,   498,   16000000,   17840207,        1,    1840207,    1840207
 25515,   499,   16000000,   14408854,        0,   -1591146,          0
 25515,   500,   16000000,   14345560,        0,   -1654440,          0
 25515,   501,   16000000,   12953389,        0,   -3046611,          0
 25515,   502,   16000000,   12596425,        0,   -3403575,          0
 25515,   503,   16000000,   12627666,        0,   -3372334,          0
 25515,   504,   16000000,   14090799,        0,   -1909201,          0
 25515,   505,   16000000,   12613634,        0,   -3386366,          0
 25515,   506,   16000000,   15902118,        0,     -97882,          0
 25515,   507,   16000000,   12587576,        0,   -3412424,          0
 25515,   508,   16000000,   12599849,        0,   -3400151,          0
 25515,   509,   16000000,   12643537,        0,   -3356463,          0
 25515,   510,   16000000,   14619435,        0,   -1380565,          0
 25515,   511,   16000000,   12619288,        0,   -3380712,          0
 25515,   512,   16000000,   13907218,        0,   -2092782,          0
 25515,   513,   16000000,   12620583,        0,   -3379417,          0
 25515,   514,   16000000,   12725574,        0,   -3274426,          0
 25515,   515,   16000000,   13414822,        0,   -2585178,          0
 25515,   516,   16000000,   13203614,        0,   -2796386,          0
 25515,   517,   16000000,   12628914,        0,   -3371086,          0
 25515,   518,   16000000,   12628672,        0,   -3371328,          0
 25515,   519,   16000000,   12612371,        0,   -3387629,          0
 25515,   520,   16000000,   12605840,        0,   -3394160,          0
 25515,   521,   16000000,   12676363,        0,   -3323637,          0
 25515,   522,   16000000,   12682105,        0,   -3317895,          0
 25515,   523,   16000000,   12626442,        0,   -3373558,          0
 25515,   524,   16000000,   12888585,        0,   -3111415,          0
 25515,   525,   16000000,   12612144,        0,   -3387856,          0
 25515,   526,   16000000,   12625663,        0,   -3374337,          0
 25515,   527,   16000000,   12759504,        0,   -3240496,          0
 25515,   528,   16000000,   12609575,        0,   -3390425,          0
 25515,   529,   16000000,   12718564,        0,   -3281436,          0
 25515,   530,   16000000,   12750354,        0,   -3249646,          0
 25515,   531,   16000000,   12612811,        0,   -3387189,          0
 25515,   532,   16000000,   13005273,        0,   -2994727,          0
 25515,   533,   16000000,   13479609,        0,   -2520391,          0
 25515,   534,   16000000,   12674292,        0,   -3325708,          0
 25515,   535,   16000000,   12655217,        0,   -3344783,          0
 25515,   536,   16000000,   14859958,        0,   -1140042,          0
 25515,   537,   16000000,   12662601,        0,   -3337399,          0
 25515,   538,   16000000,   12659225,        0,   -3340775,          0
 25515,   539,   16000000,   12625733,        0,   -3374267,          0
 25515,   540,   16000000,   12898926,        0,   -3101074,          0
 25515,   541,   16000000,   12615700,        0,   -3384300,          0
 25515,   542,   16000000,   12597466,        0,   -3402534,          0
 25515,   543,   16000000,   12616975,        0,   -3383025,          0
 25515,   544,   16000000,   12637129,        0,   -3362871,          0
 25515,   545,   16000000,   12895849,        0,   -3104151,          0
 25515,   546,   16000000,   17893030,        1,    1893030,    1893030
 25515,   547,   16000000,   14748575,        0,   -1251425,          0
 25515,   548,   16000000,   12612866,        0,   -3387134,          0
 25515,   549,   16000000,   12873908,        0,   -3126092,          0
 25515,   550,   16000000,   19046711,        1,    3046711,    3046711
 25515,   551,   16000000,   15606106,        0,    -393894,          0
 25515,   552,   16000000,   12592752,        0,   -3407248,          0
 25515,   553,   16000000,   12596595,        0,   -3403405,          0
 25515,   554,   16000000,   12583973,        0,   -3416027,          0
 25515,   555,   16000000,   13002995,        0,   -2997005,          0
 25515,   556,   16000000,   12603948,        0,   -3396052,          0
 25515,   557,   16000000,   12789513,        0,   -3210487,          0
 25515,   558,   16000000,   12669281,        0,   -3330719,          0
 25515,   559,   16000000,   12594930,        0,   -3405070,          0
 25515,   560,   16000000,   12608333,        0,   -3391667,          0
 25515,   561,   16000000,   12644517,        0,   -3355483,          0
 25515,   562,   16000000,   13997579,        0,   -2002421,          0
 25515,   563,   16000000,   18343951,        1,    2343951,    2343951
 25515,   564,   16000000,   14907843,        0,   -1092157,          0
 25515,   565,   16000000,   12623399,        0,   -3376601,          0
 25515,   566,   16000000,   12598204,        0,   -3401796,          0
 25515,   567,   16000000,   12610418,        0,   -3389582,          0
 25515,   568,   16000000,   12605290,        0,   -3394710,          0
 25515,   569,   16000000,   12614892,        0,   -3385108,          0
 25515,   570,   16000000,   12613265,        0,   -3386735,          0
 25515,   571,   16000000,   12899332,        0,   -3100668,          0
 25515,   572,   16000000,   12670443,        0,   -3329557,          0
 25515,   573,   16000000,   13495032,        0,   -2504968,          0
 25515,   574,   16000000,   17605321,        1,    1605321,    1605321
 25515,   575,   16000000,   14172129,        0,   -1827871,          0
 25515,   576,   16000000,   12796423,        0,   -3203577,          0
 25515,   577,   16000000,   12599348,        0,   -3400652,          0
 25515,   578,   16000000,   12603033,        0,   -3396967,          0
 25515,   579,   16000000,   15477676,        0,    -522324,          0
 25515,   580,   16000000,   12645460,        0,   -3354540,          0
 25515,   581,   16000000,   13688908,        0,   -2311092,          0
 25515,   582,   16000000,   12609199,        0,   -3390801,          0
 25515,   583,   16000000,   12609424,        0,   -3390576,          0
 25515,   584,   16000000,   13999124,        0,   -2000876,          0
 25515,   585,   16000000,   13294400,        0,   -2705600,          0
 25515,   586,   16000000,   12663471,        0,   -3336529,          0
 25515,   587,   16000000,   12613182,        0,   -3386818,          0
 25515,   588,   16000000,   12656296,        0,   -3343704,          0
 25515,   589,   16000000,   12597118,        0,   -3402882,          0
 25515,   590,   16000000,   12606501,        0,   -3393499,          0
 25515,   591,   16000000,   12628866,        0,   -3371134,          0
 25515,   592,   16000000,   12605774,        0,   -3394226,          0
 25515,   593,   16000000,   12653585,        0,   -3346415,          0
 25515,   594,   16000000,   12889226,        0,   -3110774,          0
 25515,   595,   16000000,   13061201,        0,   -2938799,          0
 25515,   596,   16000000,   12745096,        0,   -3254904,          0
 25515,   597,   16000000,   13825941,        0,   -2174059,          0
 25515,   598,   16000000,   12830811,        0,   -3169189,          0
 25515,   599,   16000000,   12775664,        0,   -3224336,          0
 25515,   600,   16000000,   12601560,        0,   -3398440,          0
 25515,   601,   16000000,   12648495,        0,   -3351505,          0
 25515,   602,   16000000,   12941312,        0,   -3058688,          0
 25515,   603,   16000000,   12665204,        0,   -3334796,          0
 25515,   604,   16000000,   12604143,        0,   -3395857,          0
 25515,   605,   16000000,   12611499,        0,   -3388501,          0
 25515,   606,   16000000,   12604517,        0,   -3395483,          0
 25515,   607,   16000000,   13146631,        0,   -2853369,          0
 25515,   608,   16000000,   12607655,        0,   -3392345,          0
 25515,   609,   16000000,   12658465,        0,   -3341535,          0
 25515,   610,   16000000,   12891732,        0,   -3108268,          0
 25515,   611,   16000000,   12647700,        0,   -3352300,          0
 25515,   612,   16000000,   13931901,        0,   -2068099,          0
 25515,   613,   16000000,   12603936,        0,   -3396064,          0
 25515,   614,   16000000,   12940240,        0,   -3059760,          0
 25515,   615,   16000000,   12606674,        0,   -3393326,          0
 25515,   616,   16000000,   12723784,        0,   -3276216,          0
 25515,   617,   16000000,   12631408,        0,   -3368592,          0
 25515,   618,   16000000,   12880925,        0,   -3119075,          0
 25515,   619,   16000000,   12613388,        0,   -3386612,          0
 25515,   620,   16000000,   15611927,        0,    -388073,          0
 25515,   621,   16000000,   12603450,        0,   -3396550,          0
 25515,   622,   16000000,   19063458,        1,    3063458,    3063458
 25515,   623,   16000000,   15621064,        0,    -378936,          0
 25515,   624,   16000000,   13026370,        0,   -2973630,          0
 25515,   625,   16000000,   12602774,        0,   -3397226,          0
 25515,   626,   16000000,   12882396,        0,   -3117604,          0
 25515,   627,   16000000,   12595387,        0,   -3404613,          0
 25515,   628,   16000000,   12602941,        0,   -3397059,          0
 25515,   629,   16000000,   12613583,        0,   -3386417,          0
# task NAME=myapp PID=25518 COST=19256000 PERIOD=93000000 CPU=0
 25518,     2,   93000000,      24709,        0,  -92975291,          0
 25518,     3,   93000000,     126992,        0,  -92873008,          0
 25518,     4,   93000000,   19494276,        0,  -73505724,          0
 25518,     5,   93000000,   19110148,        0,  -73889852,          0
 25518,     6,   93000000,   19111024,        0,  -73888976,          0
 25518,     7,   93000000,   19150372,        0,  -73849628,          0
 25518,     8,   93000000,   19421240,        0,  -73578760,          0
 25518,     9,   93000000,   19311043,        0,  -73688957,          0
 25518,    10,   93000000,   19117245,        0,  -73882755,          0
 25518,    11,   93000000,   19133446,        0,  -73866554,          0
 25518,    12,   93000000,   19852282,        0,  -73147718,          0
 25518,    13,   93000000,   19120581,        0,  -73879419,          0
 25518,    14,   93000000,   19760520,        0,  -73239480,          0
 25518,    15,   93000000,   19127408,        0,  -73872592,          0
 25518,    16,   93000000,   20377838,        0,  -72622162,          0
 25518,    17,   93000000,   19118720,        0,  -73881280,          0
 25518,    18,   93000000,   25931698,        0,  -67068302,          0
 25518,    19,   93000000,   19131644,        0,  -73868356,          0
 25518,    20,   93000000,   19429727,        0,  -73570273,          0
 25518,    21,   93000000,   19161314,        0,  -73838686,          0
 25518,    22,   93000000,   19122053,        0,  -73877947,          0
 25518,    23,   93000000,   20356467,        0,  -72643533,          0
 25518,    24,   93000000,   23657341,        0,  -69342659,          0
 25518,    25,   93000000,   19179559,        0,  -73820441,          0
 25518,    26,   93000000,   19118218,        0,  -73881782,          0
 25518,    27,   93000000,   19092936,        0,  -73907064,          0
 25518,    28,   93000000,   21535939,        0,  -71464061,          0
 25518,    29,   93000000,   19362111,        0,  -73637889,          0
 25518,    30,   93000000,   19153959,        0,  -73846041,          0
 25518,    31,   93000000,   19140156,        0,  -73859844,          0
 25518,    32,   93000000,   21485563,        0,  -71514437,          0
 25518,    33,   93000000,   20350739,        0,  -72649261,          0
 25518,    34,   93000000,   20549776,        0,  -72450224,          0
 25518,    35,   93000000,   19199092,        0,  -73800908,          0
 25518,    36,   93000000,   19156338,        0,  -73843662,          0
 25518,    37,   93000000,   19131942,        0,  -73868058,          0
 25518,    38,   93000000,   19164155,        0,  -73835845,          0
 25518,    39,   93000000,   19172326,        0,  -73827674,          0
 25518,    40,   93000000,   19142132,        0,  -73857868,          0
 25518,    41,   93000000,   19169569,        0,  -73830431,          0
 25518,    42,   93000000,   20330407,        0,  -72669593,          0
 25518,    43,   93000000,   19154072,        0,  -73845928,          0
 25518,    44,   93000000,   19217272,        0,  -73782728,          0
 25518,    45,   93000000,   19253548,        0,  -73746452,          0
 25518,    46,   93000000,   19162657,        0,  -73837343,          0
 25518,    47,   93000000,   19877844,        0,  -73122156,          0
 25518,    48,   93000000,   19261191,        0,  -73738809,          0
 25518,    49,   93000000,   22403281,        0,  -70596719,          0
 25518,    50,   93000000,   19349619,        0,  -73650381,          0
 25518,    51,   93000000,   19474143,        0,  -73525857,          0
 25518,    52,   93000000,   23932055,        0,  -69067945,          0
 25518,    53,   93000000,   19118938,        0,  -73881062,          0
 25518,    54,   93000000,   19115778,        0,  -73884222,          0
 25518,    55,   93000000,   19505243,        0,  -73494757,          0
 25518,    56,   93000000,   19121940,        0,  -73878060,          0
 25518,    57,   93000000,   19129709,        0,  -73870291,          0
 25518,    58,   93000000,   19537976,        0,  -73462024,          0
 25518,    59,   93000000,   19621509,        0,  -73378491,          0
 25518,    60,   93000000,   19200083,        0,  -73799917,          0
 25518,    61,   93000000,   20316810,        0,  -72683190,          0
 25518,    62,   93000000,   19112540,        0,  -73887460,          0
 25518,    63,   93000000,   19413489,        0,  -73586511,          0
 25518,    64,   93000000,   20858505,        0,  -72141495,          0
 25518,    65,   93000000,   19108415,        0,  -73891585,          0
 25518,    66,   93000000,   19174929,        0,  -73825071,          0
 25518,    67,   93000000,   19437021,        0,  -73562979,          0
 25518,    68,   93000000,   21698114,        0,  -71301886,          0
 25518,    69,   93000000,   19142232,        0,  -73857768,          0
 25518,    70,   93000000,   19131972,        0,  -73868028,          0
 25518,    71,   93000000,   19478594,        0,  -73521406,          0
 25518,    72,   93000000,   19105824,        0,  -73894176,          0
 25518,    73,   93000000,   19126831,        0,  -73873169,          0
 25518,    74,   93000000,   19115176,        0,  -73884824,          0
 25518,    75,   93000000,   23643533,        0,  -69356467,          0
 25518,    76,   93000000,   19156803,        0,  -73843197,          0
 25518,    77,   93000000,   20336483,        0,  -72663517,          0
 25518,    78,   93000000,   19114125,        0,  -73885875,          0
 25518,    79,   93000000,   19145445,        0,  -73854555,          0
 25518,    80,   93000000,   20134512,        0,  -72865488,          0
 25518,    81,   93000000,   19240910,        0,  -73759090,          0
 25518,    82,   93000000,   19120710,        0,  -73879290,          0
 25518,    83,   93000000,   19120741,        0,  -73879259,          0
 25518,    84,   93000000,   19140077,        0,  -73859923,          0
 25518,    85,   93000000,   22553417,        0,  -70446583,          0
 25518,    86,   93000000,   19117809,        0,  -73882191,          0
 25518,    87,   93000000,   19106694,        0,  -73893306,          0
 25518,    88,   93000000,   20056916,        0,  -72943084,          0
 25518,    89,   93000000,   19108138,        0,  -73891862,          0
 25518,    90,   93000000,   19517868,        0,  -73482132,          0
 25518,    91,   93000000,   19237531,        0,  -73762469,          0
 25518,    92,   93000000,   22429638,        0,  -70570362,          0
 25518,    93,   93000000,   21085003,        0,  -71914997,          0
 25518,    94,   93000000,   19471671,        0,  -73528329,          0
 25518,    95,   93000000,   19108782,        0,  -73891218,          0
 25518,    96,   93000000,   19132881,        0,  -73867119,          0
 25518,    97,   93000000,   19115379,        0,  -73884621,          0
 25518,    98,   93000000,   19395987,        0,  -73604013,          0
 25518,    99,   93000000,   19147955,        0,  -73852045,          0
 25518,   100,   93000000,   19115290,        0,  -73884710,          0
 25518,   101,   93000000,   19122598,        0,  -73877402,          0
 25518,   102,   93000000,   19388477,        0,  -73611523,          0
 25518,   103,   93000000,   19138321,        0,  -73861679,          0
 25518,   104,   93000000,   26626089,        0,  -66373911,          0
 25518,   105,   93000000,   19200112,        0,  -73799888,          0
 25518,   106,   93000000,   19450269,        0,  -73549731,          0
 25518,   107,   93000000,   19204655,        0,  -73795345,          0
 25518,   108,   93000000,   19228636,        0,  -73771364,          0
 25518,   109,   93000000,   19136767,        0,  -73863233,          0
 25518,   110,   93000000,   19399010,        0,  -73600990,          0
 25518,   111,   93000000,   19113546,        0,  -73886454,          0
