# Task,   Job,     Period,   Response, DL Miss?,   Lateness,  Tardiness
# task NAME=myapp PID=5270 COST=28939000 PERIOD=94000000 CPU=0
  5270,     2,   94000000,       8536,        0,  -93991464,          0
  5270,     3,   94000000,      64610,        0,  -93935390,          0
  5270,     4,   94000000,   28321112,        0,  -65678888,          0
  5270,     5,   94000000,   28317699,        0,  -65682301,          0
  5270,     6,   94000000,   28700142,        0,  -65299858,          0
  5270,     7,   94000000,   57625145,        0,  -36374855,          0
  5270,     8,   94000000,   28325113,        0,  -65674887,          0
  5270,     9,   94000000,   28386359,        0,  -65613641,          0
  5270,    10,   94000000,   28619184,        0,  -65380816,          0
  5270,    11,   94000000,   28391250,        0,  -65608750,          0
  5270,    12,   94000000,   28327057,        0,  -65672943,          0
  5270,    13,   94000000,   28457996,        0,  -65542004,          0
  5270,    14,   94000000,   28606977,        0,  -65393023,          0
  5270,    15,   94000000,   28329862,        0,  -65670138,          0
  5270,    16,   94000000,   28324715,        0,  -65675285,          0
  5270,    17,   94000000,   28326588,        0,  -65673412,          0
  5270,    18,   94000000,   28612543,        0,  -65387457,          0
  5270,    19,   94000000,   28316233,        0,  -65683767,          0
  5270,    20,   94000000,   28346378,        0,  -65653622,          0
  5270,    21,   94000000,   28316813,        0,  -65683187,          0
  5270,    22,   94000000,   34044703,        0,  -59955297,          0
  5270,    23,   94000000,   28329444,        0,  -65670556,          0
  5270,    24,   94000000,   28320508,        0,  -65679492,          0
  5270,    25,   94000000,   28348467,        0,  -65651533,          0
  5270,    26,   94000000,   28578908,        0,  -65421092,          0
  5270,    27,   94000000,   28338565,        0,  -65661435,          0
  5270,    28,   94000000,   28313010,        0,  -65686990,          0
  5270,    29,   94000000,   37136925,        0,  -56863075,          0
  5270,    30,   94000000,   28622762,        0,  -65377238,          0
  5270,    31,   94000000,   28315362,        0,  -65684638,          0
  5270,    32,   94000000,   28334123,        0,  -65665877,          0
  5270,    33,   94000000,   28323557,        0,  -65676443,          0
  5270,    34,   94000000,   28601357,        0,  -65398643,          0
  5270,    35,   94000000,   28319766,        0,  -65680234,          0
  5270,    36,   94000000,   39237853,        0,  -54762147,          0
  5270,    37,   94000000,   31791260,        0,  -62208740,          0
  5270,    38,   94000000,   28718693,        0,  -65281307,          0
  5270,    39,   94000000,   28359487,        0,  -65640513,          0
  5270,    40,   94000000,   28334553,        0,  -65665447,          0
  5270,    41,   94000000,   28323144,        0,  -65676856,          0
  5270,    42,   94000000,   28608047,        0,  -65391953,          0
  5270,    43,   94000000,   28321753,        0,  -65678247,          0
  5270,    44,   94000000,   28327672,        0,  -65672328,          0
  5270,    45,   94000000,   28336728,        0,  -65663272,          0
  5270,    46,   94000000,   28579555,        0,  -65420445,          0
  5270,    47,   94000000,   28353662,        0,  -65646338,          0
  5270,    48,   94000000,   28319279,        0,  -65680721,          0
  5270,    49,   94000000,   28347435,        0,  -65652565,          0
  5270,    50,   94000000,   28617387,        0,  -65382613,          0
  5270,    51,   94000000,   28597565,        0,  -65402435,          0
  5270,    52,   94000000,   28353989,        0,  -65646011,          0
  5270,    53,   94000000,   28338959,        0,  -65661041,          0
  5270,    54,   94000000,   30238367,        0,  -63761633,          0
  5270,    55,   94000000,   28322489,        0,  -65677511,          0
  5270,    56,   94000000,   28377087,        0,  -65622913,          0
  5270,    57,   94000000,   28344768,        0,  -65655232,          0
  5270,    58,   94000000,   28600060,        0,  -65399940,          0
  5270,    59,   94000000,   28327823,        0,  -65672177,          0
  5270,    60,   94000000,   28352069,        0,  -65647931,          0
  5270,    61,   94000000,   39669588,        0,  -54330412,          0
  5270,    62,   94000000,   28611642,        0,  -65388358,          0
  5270,    63,   94000000,   28347982,        0,  -65652018,          0
  5270,    64,   94000000,   28319922,        0,  -65680078,          0
  5270,    65,   94000000,   28346646,        0,  -65653354,          0
  5270,    66,   94000000,   28660078,        0,  -65339922,          0
  5270,    67,   94000000,   28381823,        0,  -65618177,          0
  5270,    68,   94000000,   28319061,        0,  -65680939,          0
  5270,    69,   94000000,   28363169,        0,  -65636831,          0
  5270,    70,   94000000,   28739560,        0,  -65260440,          0
  5270,    71,   94000000,   28373237,        0,  -65626763,          0
  5270,    72,   94000000,   36749634,        0,  -57250366,          0
  5270,    73,   94000000,   28350348,        0,  -65649652,          0
  5270,    74,   94000000,   30091839,        0,  -63908161,          0
  5270,    75,   94000000,   42629770,        0,  -51370230,          0
  5270,    76,   94000000,   28325815,        0,  -65674185,          0
  5270,    77,   94000000,   28368302,        0,  -65631698,          0
  5270,    78,   94000000,   28605987,        0,  -65394013,          0
  5270,    79,   94000000,   28341537,        0,  -65658463,          0
  5270,    80,   94000000,   28359374,        0,  -65640626,          0
  5270,    81,   94000000,   28333643,        0,  -65666357,          0
  5270,    82,   94000000,   28614586,        0,  -65385414,          0
  5270,    83,   94000000,   28369526,        0,  -65630474,          0
  5270,    84,   94000000,   28334957,        0,  -65665043,          0
  5270,    85,   94000000,   28336451,        0,  -65663549,          0
  5270,    86,   94000000,   28612657,        0,  -65387343,          0
  5270,    87,   94000000,   28306426,        0,  -65693574,          0
  5270,    88,   94000000,   28308225,        0,  -65691775,          0
  5270,    89,   94000000,   33156472,        0,  -60843528,          0
  5270,    90,   94000000,   28596605,        0,  -65403395,          0
  5270,    91,   94000000,   28411197,        0,  -65588803,          0
  5270,    92,   94000000,   28329988,        0,  -65670012,          0
  5270,    93,   94000000,   28333327,        0,  -65666673,          0
  5270,    94,   94000000,   28354474,        0,  -65645526,          0
  5270,    95,   94000000,   28319530,        0,  -65680470,          0
  5270,    96,   94000000,   28324234,        0,  -65675766,          0
  5270,    97,   94000000,   28323092,        0,  -65676908,          0
  5270,    98,   94000000,   28312802,        0,  -65687198,          0
  5270,    99,   94000000,   28338215,        0,  -65661785,          0
  5270,   100,   94000000,   28331715,        0,  -65668285,          0
  5270,   101,   94000000,   28627375,        0,  -65372625,          0
  5270,   102,   94000000,   28356292,        0,  -65643708,          0
  5270,   103,   94000000,   39163423,        0,  -54836577,          0
  5270,   104,   94000000,   28344757,        0,  -65655243,          0
  5270,   105,   94000000,   28361309,        0,  -65638691,          0
  5270,   106,   94000000,   28324803,        0,  -65675197,          0
  5270,   107,   94000000,   28620511,        0,  -65379489,          0
  5270,   108,   94000000,   32102160,        0,  -61897840,          0
  5270,   109,   94000000,   51302334,        0,  -42697666,          0
  5270,   110,   94000000,   28347867,        0,  -65652133,          0
# task NAME=myapp PID=5273 COST=9621000 PERIOD=33000000 CPU=0
  5273,     2,   33000000,       8516,        0,  -32991484,          0
  5273,     3,   33000000,      54689,        0,  -32945311,          0
  5273,     4,   33000000,   10441145,        0,  -22558855,          0
  5273,     5,   33000000,    9437296,        0,  -23562704,          0
  5273,     6,   33000000,    9445647,        0,  -23554353,          0
  5273,     7,   33000000,    9438363,        0,  -23561637,          0
  5273,     8,   33000000,    9437177,        0,  -23562823,          0
  5273,     9,   33000000,    9435667,        0,  -23564333,          0
  5273,    10,   33000000,   10643608,        0,  -22356392,          0
  5273,    11,   33000000,    9424930,        0,  -23575070,          0
  5273,    12,   33000000,    9814326,        0,  -23185674,          0
  5273,    13,   33000000,    9454441,        0,  -23545559,          0
  5273,    14,   33000000,    9435308,        0,  -23564692,          0
  5273,    15,   33000000,   34968537,        1,    1968537,    1968537
  5273,    16,   33000000,   11390303,        0,  -21609697,          0
  5273,    17,   33000000,    9459629,        0,  -23540371,          0
  5273,    18,   33000000,    9454599,        0,  -23545401,          0
  5273,    19,   33000000,    9461075,        0,  -23538925,          0
  5273,    20,   33000000,   11563698,        0,  -21436302,          0
  5273,    21,   33000000,    9437456,        0,  -23562544,          0
  5273,    22,   33000000,   10118545,        0,  -22881455,          0
  5273,    23,   33000000,    9758607,        0,  -23241393,          0
  5273,    24,   33000000,    9452543,        0,  -23547457,          0
  5273,    25,   33000000,    9482360,        0,  -23517640,          0
  5273,    26,   33000000,    9449365,        0,  -23550635,          0
  5273,    27,   33000000,    9458153,        0,  -23541847,          0
  5273,    28,   33000000,    9431441,        0,  -23568559,          0
  5273,    29,   33000000,    9438822,        0,  -23561178,          0
  5273,    30,   33000000,    9463517,        0,  -23536483,          0
  5273,    31,   33000000,    9742593,        0,  -23257407,          0
  5273,    32,   33000000,   14841402,        0,  -18158598,          0
  5273,    33,   33000000,    9436786,        0,  -23563214,          0
  5273,    34,   33000000,    9443453,        0,  -23556547,          0
  5273,    35,   33000000,    9440830,        0,  -23559170,          0
  5273,    36,   33000000,    9425466,        0,  -23574534,          0
  5273,    37,   33000000,    9452353,        0,  -23547647,          0
  5273,    38,   33000000,    9470345,        0,  -23529655,          0
  5273,    39,   33000000,    9461441,        0,  -23538559,          0
  5273,    40,   33000000,    9432347,        0,  -23567653,          0
  5273,    41,   33000000,    9450872,        0,  -23549128,          0
  5273,    42,   33000000,    9436509,        0,  -23563491,          0
  5273,    43,   33000000,    9438014,        0,  -23561986,          0
  5273,    44,   33000000,    9452006,        0,  -23547994,          0
  5273,    45,   33000000,    9453308,        0,  -23546692,          0
  5273,    46,   33000000,    9712982,        0,  -23287018,          0
  5273,    47,   33000000,    9484747,        0,  -23515253,          0
  5273,    48,   33000000,    9426172,        0,  -23573828,          0
  5273,    49,   33000000,    9461641,        0,  -23538359,          0
  5273,    50,   33000000,    9716244,        0,  -23283756,          0
  5273,    51,   33000000,    9431662,        0,  -23568338,          0
  5273,    52,   33000000,   10841036,        0,  -22158964,          0
  5273,    53,   33000000,    9488443,        0,  -23511557,          0
  5273,    54,   33000000,    9461648,        0,  -23538352,          0
  5273,    55,   33000000,    9430692,        0,  -23569308,          0
  5273,    56,   33000000,    9456863,        0,  -23543137,          0
  5273,    57,   33000000,    9440859,        0,  -23559141,          0
  5273,    58,   33000000,    9443757,        0,  -23556243,          0
  5273,    59,   33000000,    9449349,        0,  -23550651,          0
  5273,    60,   33000000,   16632453,        0,  -16367547,          0
  5273,    61,   33000000,    9449470,        0,  -23550530,          0
  5273,    62,   33000000,    9429774,        0,  -23570226,          0
  5273,    63,   33000000,   11451379,        0,  -21548621,          0
  5273,    64,   33000000,    9433279,        0,  -23566721,          0
  5273,    65,   33000000,    9721556,        0,  -23278444,          0
  5273,    66,   33000000,   15714353,        0,  -17285647,          0
  5273,    67,   33000000,    9441686,        0,  -23558314,          0
  5273,    68,   33000000,    9450654,        0,  -23549346,          0
  5273,    69,   33000000,    9653489,        0,  -23346511,          0
  5273,    70,   33000000,   19756764,        0,  -13243236,          0
  5273,    71,   33000000,    9434993,        0,  -23565007,          0
  5273,    72,   33000000,    9452018,        0,  -23547982,          0
  5273,    73,   33000000,    9425301,        0,  -23574699,          0
  5273,    74,   33000000,    9444950,        0,  -23555050,          0
  5273,    75,   33000000,    9435261,        0,  -23564739,          0
  5273,    76,   33000000,    9437092,        0,  -23562908,          0
  5273,    77,   33000000,    9433589,        0,  -23566411,          0
  5273,    78,   33000000,    9432596,        0,  -23567404,          0
  5273,    79,   33000000,    9440149,        0,  -23559851,          0
  5273,    80,   33000000,    9435350,        0,  -23564650,          0
  5273,    81,   33000000,    9447693,        0,  -23552307,          0
  5273,    82,   33000000,    9458435,        0,  -23541565,          0
  5273,    83,   33000000,    9453675,        0,  -23546325,          0
  5273,    84,   33000000,    9703202,        0,  -23296798,          0
  5273,    85,   33000000,    9444359,        0,  -23555641,          0
  5273,    86,   33000000,    9436502,        0,  -23563498,          0
  5273,    87,   33000000,    9441236,        0,  -23558764,          0
  5273,    88,   33000000,    9428718,        0,  -23571282,          0
  5273,    89,   33000000,    9459039,        0,  -23540961,          0
  5273,    90,   33000000,    9453679,        0,  -23546321,          0
  5273,    91,   33000000,    9466180,        0,  -23533820,          0
  5273,    92,   33000000,    9436369,        0,  -23563631,          0
  5273,    93,   33000000,   11697131,        0,  -21302869,          0
  5273,    94,   33000000,    9464628,        0,  -23535372,          0
  5273,    95,   33000000,    9445626,        0,  -23554374,          0
  5273,    96,   33000000,    9426127,        0,  -23573873,          0
  5273,    97,   33000000,   17244152,        0,  -15755848,          0
  5273,    98,   33000000,    9431578,        0,  -23568422,          0
  5273,    99,   33000000,    9429929,        0,  -23570071,          0
  5273,   100,   33000000,   18723608,        0,  -14276392,          0
  5273,   101,   33000000,    9436624,        0,  -23563376,          0
  5273,   102,   33000000,    9442569,        0,  -23557431,          0
  5273,   103,   33000000,    9777867,        0,  -23222133,          0
  5273,   104,   33000000,    9428299,        0,  -23571701,          0
  5273,   105,   33000000,    9435970,        0,  -23564030,          0
  5273,   106,   33000000,    9464282,        0,  -23535718,          0
  5273,   107,   33000000,    9452744,        0,  -23547256,          0
  5273,   108,   33000000,    9434581,        0,  -23565419,          0
  5273,   109,   33000000,   15636468,        0,  -17363532,          0
  5273,   110,   33000000,    9467262,        0,  -23532738,          0
  5273,   111,   33000000,    9445111,        0,  -23554889,          0
  5273,   112,   33000000,   12827756,        0,  -20172244,          0
  5273,   113,   33000000,    9443563,        0,  -23556437,          0
  5273,   114,   33000000,    9452267,        0,  -23547733,          0
  5273,   115,   33000000,    9438372,        0,  -23561628,          0
  5273,   116,   33000000,   33197093,        1,     197093,     197093
  5273,   117,   33000000,    9614047,        0,  -23385953,          0
  5273,   118,   33000000,    9730337,        0,  -23269663,          0
  5273,   119,   33000000,    9437348,        0,  -23562652,          0
  5273,   120,   33000000,    9439869,        0,  -23560131,          0
  5273,   121,   33000000,    9459935,        0,  -23540065,          0
  5273,   122,   33000000,    9767905,        0,  -23232095,          0
  5273,   123,   33000000,    9433641,        0,  -23566359,          0
  5273,   124,   33000000,    9432137,        0,  -23567863,          0
  5273,   125,   33000000,    9457486,        0,  -23542514,          0
  5273,   126,   33000000,    9447119,        0,  -23552881,          0
  5273,   127,   33000000,    9467632,        0,  -23532368,          0
  5273,   128,   33000000,    9483417,        0,  -23516583,          0
  5273,   129,   33000000,    9442148,        0,  -23557852,          0
  5273,   130,   33000000,    9435752,        0,  -23564248,          0
  5273,   131,   33000000,    9449137,        0,  -23550863,          0
  5273,   132,   33000000,    9432649,        0,  -23567351,          0
  5273,   133,   33000000,   12302443,        0,  -20697557,          0
  5273,   134,   33000000,    9524420,        0,  -23475580,          0
  5273,   135,   33000000,    9437435,        0,  -23562565,          0
  5273,   136,   33000000,   32730505,        0,    -269495,          0
  5273,   137,   33000000,    9719619,        0,  -23280381,          0
  5273,   138,   33000000,    9441392,        0,  -23558608,          0
  5273,   139,   33000000,    9463856,        0,  -23536144,          0
  5273,   140,   33000000,    9448302,        0,  -23551698,          0
  5273,   141,   33000000,    9439685,        0,  -23560315,          0
  5273,   142,   33000000,    9441260,        0,  -23558740,          0
  5273,   143,   33000000,    9448095,        0,  -23551905,          0
  5273,   144,   33000000,    9452106,        0,  -23547894,          0
  5273,   145,   33000000,    9430841,        0,  -23569159,          0
  5273,   146,   33000000,    9433877,        0,  -23566123,          0
  5273,   147,   33000000,    9459900,        0,  -23540100,          0
  5273,   148,   33000000,   10581102,        0,  -22418898,          0
  5273,   149,   33000000,    9480507,        0,  -23519493,          0
  5273,   150,   33000000,    9477523,        0,  -23522477,          0
  5273,   151,   33000000,    9438211,        0,  -23561789,          0
  5273,   152,   33000000,   10196427,        0,  -22803573,          0
  5273,   153,   33000000,    9434787,        0,  -23565213,          0
  5273,   154,   33000000,    9457985,        0,  -23542015,          0
  5273,   155,   33000000,    9444956,        0,  -23555044,          0
  5273,   156,   33000000,    9715873,        0,  -23284127,          0
  5273,   157,   33000000,    9447580,        0,  -23552420,          0
  5273,   158,   33000000,    9454881,        0,  -23545119,          0
  5273,   159,   33000000,    9461902,        0,  -23538098,          0
  5273,   160,   33000000,   17377270,        0,  -15622730,          0
  5273,   161,   33000000,    9486609,        0,  -23513391,          0
  5273,   162,   33000000,    9447015,        0,  -23552985,          0
  5273,   163,   33000000,    9444303,        0,  -23555697,          0
  5273,   164,   33000000,    9441715,        0,  -23558285,          0
  5273,   165,   33000000,    9429566,        0,  -23570434,          0
  5273,   166,   33000000,    9485265,        0,  -23514735,          0
  5273,   167,   33000000,    9433706,        0,  -23566294,          0
  5273,   168,   33000000,   27819537,        0,   -5180463,          0
  5273,   169,   33000000,    9447946,        0,  -23552054,          0
  5273,   170,   33000000,    9451315,        0,  -23548685,          0
  5273,   171,   33000000,    9744942,        0,  -23255058,          0
  5273,   172,   33000000,    9450870,        0,  -23549130,          0
  5273,   173,   33000000,    9452479,        0,  -23547521,          0
  5273,   174,   33000000,    9443647,        0,  -23556353,          0
  5273,   175,   33000000,   16929002,        0,  -16070998,          0
  5273,   176,   33000000,    9444837,        0,  -23555163,          0
  5273,   177,   33000000,    9441610,        0,  -23558390,          0
  5273,   178,   33000000,    9455488,        0,  -23544512,          0
  5273,   179,   33000000,    9432208,        0,  -23567792,          0
  5273,   180,   33000000,    9434926,        0,  -23565074,          0
  5273,   181,   33000000,    9485633,        0,  -23514367,          0
  5273,   182,   33000000,    9452502,        0,  -23547498,          0
  5273,   183,   33000000,    9447128,        0,  -23552872,          0
  5273,   184,   33000000,    9456794,        0,  -23543206,          0
  5273,   185,   33000000,    9439530,        0,  -23560470,          0
  5273,   186,   33000000,    9442362,        0,  -23557638,          0
  5273,   187,   33000000,    9470983,        0,  -23529017,          0
  5273,   188,   33000000,    9460985,        0,  -23539015,          0
  5273,   189,   33000000,    9437466,        0,  -23562534,          0
  5273,   190,   33000000,    9709330,        0,  -23290670,          0
  5273,   191,   33000000,    9479085,        0,  -23520915,          0
  5273,   192,   33000000,    9434649,        0,  -23565351,          0
  5273,   193,   33000000,    9466477,        0,  -23533523,          0
  5273,   194,   33000000,    9754835,        0,  -23245165,          0
  5273,   195,   33000000,    9436860,        0,  -23563140,          0
  5273,   196,   33000000,   14980536,        0,  -18019464,          0
  5273,   197,   33000000,    9484614,        0,  -23515386,          0
  5273,   198,   33000000,    9435035,        0,  -23564965,          0
  5273,   199,   33000000,    9467108,        0,  -23532892,          0
  5273,   200,   33000000,    9451376,        0,  -23548624,          0
  5273,   201,   33000000,    9441049,        0,  -23558951,          0
  5273,   202,   33000000,    9456224,        0,  -23543776,          0
  5273,   203,   33000000,    9445624,        0,  -23554376,          0
  5273,   204,   33000000,    9446046,        0,  -23553954,          0
  5273,   205,   33000000,    9428003,        0,  -23571997,          0
  5273,   206,   33000000,    9447410,        0,  -23552590,          0
  5273,   207,   33000000,    9452563,        0,  -23547437,          0
  5273,   208,   33000000,   26317019,        0,   -6682981,          0
  5273,   209,   33000000,    9726361,        0,  -23273639,          0
  5273,   210,   33000000,    9475322,        0,  -23524678,          0
  5273,   211,   33000000,    9443516,        0,  -23556484,          0
  5273,   212,   33000000,    9426766,        0,  -23573234,          0
  5273,   213,   33000000,    9431957,        0,  -23568043,          0
  5273,   214,   33000000,    9432476,        0,  -23567524,          0
  5273,   215,   33000000,    9483712,        0,  -23516288,          0
  5273,   216,   33000000,    9453624,        0,  -23546376,          0
  5273,   217,   33000000,    9468693,        0,  -23531307,          0
  5273,   218,   33000000,    9422216,        0,  -23577784,          0
  5273,   219,   33000000,    9452779,        0,  -23547221,          0
  5273,   220,   33000000,   19251450,        0,  -13748550,          0
  5273,   221,   33000000,    9441084,        0,  -23558916,          0
  5273,   222,   33000000,    9428381,        0,  -23571619,          0
  5273,   223,   33000000,   12277301,        0,  -20722699,          0
  5273,   224,   33000000,    9558862,        0,  -23441138,          0
  5273,   225,   33000000,    9449871,        0,  -23550129,          0
  5273,   226,   33000000,    9454439,        0,  -23545561,          0
  5273,   227,   33000000,    9439471,        0,  -23560529,          0
  5273,   228,   33000000,    9732336,        0,  -23267664,          0
  5273,   229,   33000000,    9426192,        0,  -23573808,          0
  5273,   230,   33000000,    9433354,        0,  -23566646,          0
  5273,   231,   33000000,    9469538,        0,  -23530462,          0
  5273,   232,   33000000,    9459201,        0,  -23540799,          0
  5273,   233,   33000000,    9474709,        0,  -23525291,          0
  5273,   234,   33000000,    9435776,        0,  -23564224,          0
  5273,   235,   33000000,    9441731,        0,  -23558269,          0
  5273,   236,   33000000,    9442963,        0,  -23557037,          0
  5273,   237,   33000000,    9492431,        0,  -23507569,          0
  5273,   238,   33000000,    9459501,        0,  -23540499,          0
  5273,   239,   33000000,    9458309,        0,  -23541691,          0
  5273,   240,   33000000,    9442834,        0,  -23557166,          0
  5273,   241,   33000000,    9429022,        0,  -23570978,          0
  5273,   242,   33000000,    9446198,        0,  -23553802,          0
  5273,   243,   33000000,    9728314,        0,  -23271686,          0
  5273,   244,   33000000,    9433867,        0,  -23566133,          0
  5273,   245,   33000000,    9439143,        0,  -23560857,          0
  5273,   246,   33000000,    9441852,        0,  -23558148,          0
  5273,   247,   33000000,    9702682,        0,  -23297318,          0
  5273,   248,   33000000,   13515248,        0,  -19484752,          0
  5273,   249,   33000000,    9458864,        0,  -23541136,          0
  5273,   250,   33000000,    9434580,        0,  -23565420,          0
  5273,   251,   33000000,    9862583,        0,  -23137417,          0
  5273,   252,   33000000,    9436464,        0,  -23563536,          0
  5273,   253,   33000000,    9431021,        0,  -23568979,          0
  5273,   254,   33000000,    9460365,        0,  -23539635,          0
  5273,   255,   33000000,    9455383,        0,  -23544617,          0
  5273,   256,   33000000,    9457302,        0,  -23542698,          0
  5273,   257,   33000000,    9436424,        0,  -23563576,          0
  5273,   258,   33000000,    9443526,        0,  -23556474,          0
  5273,   259,   33000000,    9447525,        0,  -23552475,          0
  5273,   260,   33000000,    9441361,        0,  -23558639,          0
  5273,   261,   33000000,    9456731,        0,  -23543269,          0
  5273,   262,   33000000,    9781111,        0,  -23218889,          0
  5273,   263,   33000000,    9432131,        0,  -23567869,          0
  5273,   264,   33000000,    9447605,        0,  -23552395,          0
  5273,   265,   33000000,    9447967,        0,  -23552033,          0
  5273,   266,   33000000,    9427173,        0,  -23572827,          0
  5273,   267,   33000000,   12080151,        0,  -20919849,          0
  5273,   268,   33000000,    9430028,        0,  -23569972,          0
  5273,   269,   33000000,    9478084,        0,  -23521916,          0
  5273,   270,   33000000,    9474038,        0,  -23525962,          0
  5273,   271,   33000000,    9446855,        0,  -23553145,          0
  5273,   272,   33000000,    9444974,        0,  -23555026,          0
  5273,   273,   33000000,    9445518,        0,  -23554482,          0
  5273,   274,   33000000,    9444972,        0,  -23555028,          0
  5273,   275,   33000000,   28603235,        0,   -4396765,          0
  5273,   276,   33000000,    9431486,        0,  -23568514,          0
  5273,   277,   33000000,    9456779,        0,  -23543221,          0
  5273,   278,   33000000,    9480633,        0,  -23519367,          0
  5273,   279,   33000000,    9443294,        0,  -23556706,          0
  5273,   280,   33000000,    9446172,        0,  -23553828,          0
  5273,   281,   33000000,   19210819,        0,  -13789181,          0
  5273,   282,   33000000,    9474387,        0,  -23525613,          0
  5273,   283,   33000000,    9438864,        0,  -23561136,          0
  5273,   284,   33000000,    9462830,        0,  -23537170,          0
  5273,   285,   33000000,    9441367,        0,  -23558633,          0
  5273,   286,   33000000,    9419385,        0,  -23580615,          0
  5273,   287,   33000000,    9461985,        0,  -23538015,          0
  5273,   288,   33000000,   28475269,        0,   -4524731,          0
  5273,   289,   33000000,    9471614,        0,  -23528386,          0
  5273,   290,   33000000,    9445527,        0,  -23554473,          0
  5273,   291,   33000000,    9441960,        0,  -23558040,          0
  5273,   292,   33000000,    9459360,        0,  -23540640,          0
  5273,   293,   33000000,    9442421,        0,  -23557579,          0
  5273,   294,   33000000,    9441558,        0,  -23558442,          0
  5273,   295,   33000000,   32407659,        0,    -592341,          0
  5273,   296,   33000000,    9708387,        0,  -23291613,          0
  5273,   297,   33000000,    9449206,        0,  -23550794,          0
  5273,   298,   33000000,    9476872,        0,  -23523128,          0
  5273,   299,   33000000,    9483958,        0,  -23516042,          0
  5273,   300,   33000000,    9714346,        0,  -23285654,          0
  5273,   301,   33000000,    9432785,        0,  -23567215,          0
  5273,   302,   33000000,    9506222,        0,  -23493778,          0
  5273,   303,   33000000,    9433313,        0,  -23566687,          0
  5273,   304,   33000000,    9436045,        0,  -23563955,          0
  5273,   305,   33000000,   28058818,        0,   -4941182,          0
  5273,   306,   33000000,    9442873,        0,  -23557127,          0
  5273,   307,   33000000,    9483855,        0,  -23516145,          0
# task NAME=myapp PID=5277 COST=25696000 PERIOD=69000000 CPU=0
  5277,     2,   69000000,       9057,        0,  -68990943,          0
  5277,     3,   69000000,      50956,        0,  -68949044,          0
  5277,     4,   69000000,   55168231,        0,  -13831769,          0
  5277,     5,   69000000,   25142954,        0,  -43857046,          0
  5277,     6,   69000000,   25134807,        0,  -43865193,          0
  5277,     7,   69000000,   25256954,        0,  -43743046,          0
  5277,     8,   69000000,   25134947,        0,  -43865053,          0
  5277,     9,   69000000,   32708683,        0,  -36291317,          0
  5277,    10,   69000000,   25153850,        0,  -43846150,          0
  5277,    11,   69000000,   25433142,        0,  -43566858,          0
  5277,    12,   69000000,   25147625,        0,  -43852375,          0
  5277,    13,   69000000,   25144417,        0,  -43855583,          0
  5277,    14,   69000000,   25396058,        0,  -43603942,          0
  5277,    15,   69000000,   25216012,        0,  -43783988,          0
  5277,    16,   69000000,   25156838,        0,  -43843162,          0
  5277,    17,   69000000,   25167254,        0,  -43832746,          0
  5277,    18,   69000000,   25450837,        0,  -43549163,          0
  5277,    19,   69000000,   25169688,        0,  -43830312,          0
  5277,    20,   69000000,   25461854,        0,  -43538146,          0
  5277,    21,   69000000,   25191038,        0,  -43808962,          0
  5277,    22,   69000000,   25200029,        0,  -43799971,          0
  5277,    23,   69000000,   25203918,        0,  -43796082,          0
  5277,    24,   69000000,   25171006,        0,  -43828994,          0
  5277,    25,   69000000,   34605680,        0,  -34394320,          0
  5277,    26,   69000000,   25167076,        0,  -43832924,          0
  5277,    27,   69000000,   25423505,        0,  -43576495,          0
  5277,    28,   69000000,   25140443,        0,  -43859557,          0
  5277,    29,   69000000,   25450598,        0,  -43549402,          0
  5277,    30,   69000000,   25195996,        0,  -43804004,          0
  5277,    31,   69000000,   25141198,        0,  -43858802,          0
  5277,    32,   69000000,   25178428,        0,  -43821572,          0
  5277,    33,   69000000,   25155015,        0,  -43844985,          0
  5277,    34,   69000000,   25167452,        0,  -43832548,          0
  5277,    35,   69000000,   38129264,        0,  -30870736,          0
  5277,    36,   69000000,   25260859,        0,  -43739141,          0
  5277,    37,   69000000,   25210656,        0,  -43789344,          0
  5277,    38,   69000000,   25432027,        0,  -43567973,          0
  5277,    39,   69000000,   25165513,        0,  -43834487,          0
  5277,    40,   69000000,   25375137,        0,  -43624863,          0
  5277,    41,   69000000,   25169709,        0,  -43830291,          0
  5277,    42,   69000000,   25207067,        0,  -43792933,          0
  5277,    43,   69000000,   25139505,        0,  -43860495,          0
  5277,    44,   69000000,   25177759,        0,  -43822241,          0
  5277,    45,   69000000,   25175410,        0,  -43824590,          0
  5277,    46,   69000000,   25162559,        0,  -43837441,          0
  5277,    47,   69000000,   25426742,        0,  -43573258,          0
  5277,    48,   69000000,   34934643,        0,  -34065357,          0
  5277,    49,   69000000,   25411928,        0,  -43588072,          0
  5277,    50,   69000000,   25132020,        0,  -43867980,          0
  5277,    51,   69000000,   25194863,        0,  -43805137,          0
  5277,    52,   69000000,   25154523,        0,  -43845477,          0
  5277,    53,   69000000,   25146574,        0,  -43853426,          0
  5277,    54,   69000000,   25156754,        0,  -43843246,          0
  5277,    55,   69000000,   39868065,        0,  -29131935,          0
  5277,    56,   69000000,   25465720,        0,  -43534280,          0
  5277,    57,   69000000,   51936755,        0,  -17063245,          0
  5277,    58,   69000000,   25437650,        0,  -43562350,          0
  5277,    59,   69000000,   25155659,        0,  -43844341,          0
  5277,    60,   69000000,   25201974,        0,  -43798026,          0
  5277,    61,   69000000,   25154496,        0,  -43845504,          0
  5277,    62,   69000000,   25194949,        0,  -43805051,          0
  5277,    63,   69000000,   25188736,        0,  -43811264,          0
  5277,    64,   69000000,   25167287,        0,  -43832713,          0
  5277,    65,   69000000,   25773361,        0,  -43226639,          0
  5277,    66,   69000000,   25146511,        0,  -43853489,          0
  5277,    67,   69000000,   25443294,        0,  -43556706,          0
  5277,    68,   69000000,   25170295,        0,  -43829705,          0
  5277,    69,   69000000,   25165876,        0,  -43834124,          0
  5277,    70,   69000000,   25178502,        0,  -43821498,          0
  5277,    71,   69000000,   25159683,        0,  -43840317,          0
  5277,    72,   69000000,   25139756,        0,  -43860244,          0
  5277,    73,   69000000,   25165709,        0,  -43834291,          0
  5277,    74,   69000000,   25189208,        0,  -43810792,          0
  5277,    75,   69000000,   25911715,        0,  -43088285,          0
  5277,    76,   69000000,   25438893,        0,  -43561107,          0
  5277,    77,   69000000,   25172258,        0,  -43827742,          0
  5277,    78,   69000000,   41778772,        0,  -27221228,          0
  5277,    79,   69000000,   25146415,        0,  -43853585,          0
  5277,    80,   69000000,   25164252,        0,  -43835748,          0
  5277,    81,   69000000,   25152917,        0,  -43847083,          0
  5277,    82,   69000000,   37356003,        0,  -31643997,          0
  5277,    83,   69000000,   25161551,        0,  -43838449,          0
  5277,    84,   69000000,   25141700,        0,  -43858300,          0
  5277,    85,   69000000,   25454445,        0,  -43545555,          0
  5277,    86,   69000000,   25153694,        0,  -43846306,          0
  5277,    87,   69000000,   25436059,        0,  -43563941,          0
  5277,    88,   69000000,   25197712,        0,  -43802288,          0
  5277,    89,   69000000,   25146031,        0,  -43853969,          0
  5277,    90,   69000000,   25153573,        0,  -43846427,          0
  5277,    91,   69000000,   34670313,        0,  -34329687,          0
  5277,    92,   69000000,   25147071,        0,  -43852929,          0
  5277,    93,   69000000,   25177639,        0,  -43822361,          0
  5277,    94,   69000000,   25526104,        0,  -43473896,          0
  5277,    95,   69000000,   25135302,        0,  -43864698,          0
  5277,    96,   69000000,   25440569,        0,  -43559431,          0
  5277,    97,   69000000,   25208088,        0,  -43791912,          0
  5277,    98,   69000000,   25146981,        0,  -43853019,          0
  5277,    99,   69000000,   25153145,        0,  -43846855,          0
  5277,   100,   69000000,   25170627,        0,  -43829373,          0
  5277,   101,   69000000,   26569091,        0,  -42430909,          0
  5277,   102,   69000000,   25193450,        0,  -43806550,          0
  5277,   103,   69000000,   28947110,        0,  -40052890,          0
  5277,   104,   69000000,   28643494,        0,  -40356506,          0
  5277,   105,   69000000,   25452785,        0,  -43547215,          0
  5277,   106,   69000000,   25136880,        0,  -43863120,          0
  5277,   107,   69000000,   25462179,        0,  -43537821,          0
  5277,   108,   69000000,   38256215,        0,  -30743785,          0
  5277,   109,   69000000,   25153520,        0,  -43846480,          0
  5277,   110,   69000000,   25159007,        0,  -43840993,          0
  5277,   111,   69000000,   25166878,        0,  -43833122,          0
  5277,   112,   69000000,   25160234,        0,  -43839766,          0
  5277,   113,   69000000,   25218526,        0,  -43781474,          0
  5277,   114,   69000000,   25471387,        0,  -43528613,          0
  5277,   115,   69000000,   25163110,        0,  -43836890,          0
  5277,   116,   69000000,   25470164,        0,  -43529836,          0
  5277,   117,   69000000,   25157807,        0,  -43842193,          0
  5277,   118,   69000000,   25158749,        0,  -43841251,          0
  5277,   119,   69000000,   25156287,        0,  -43843713,          0
  5277,   120,   69000000,   25158968,        0,  -43841032,          0
  5277,   121,   69000000,   25175138,        0,  -43824862,          0
  5277,   122,   69000000,   25140698,        0,  -43859302,          0
  5277,   123,   69000000,   25569857,        0,  -43430143,          0
  5277,   124,   69000000,   25183028,        0,  -43816972,          0
  5277,   125,   69000000,   25472795,        0,  -43527205,          0
  5277,   126,   69000000,   25141831,        0,  -43858169,          0
  5277,   127,   69000000,   25179766,        0,  -43820234,          0
  5277,   128,   69000000,   25179792,        0,  -43820208,          0
  5277,   129,   69000000,   25168994,        0,  -43831006,          0
  5277,   130,   69000000,   25162156,        0,  -43837844,          0
  5277,   131,   69000000,   25169148,        0,  -43830852,          0
  5277,   132,   69000000,   25203485,        0,  -43796515,          0
  5277,   133,   69000000,   25140717,        0,  -43859283,          0
  5277,   134,   69000000,   25456862,        0,  -43543138,          0
  5277,   135,   69000000,   25160682,        0,  -43839318,          0
  5277,   136,   69000000,   31896436,        0,  -37103564,          0
  5277,   137,   69000000,   25182373,        0,  -43817627,          0
  5277,   138,   69000000,   25180439,        0,  -43819561,          0
  5277,   139,   69000000,   25148201,        0,  -43851799,          0
  5277,   140,   69000000,   25291317,        0,  -43708683,          0
  5277,   141,   69000000,   25213886,        0,  -43786114,          0
  5277,   142,   69000000,   25194997,        0,  -43805003,          0
  5277,   143,   69000000,   29216749,        0,  -39783251,          0
  5277,   144,   69000000,   25222398,        0,  -43777602,          0
  5277,   145,   69000000,   25475909,        0,  -43524091,          0
  5277,   146,   69000000,   25331700,        0,  -43668300,          0
  5277,   147,   69000000,   25176806,        0,  -43823194,          0
  5277,   148,   69000000,   25161629,        0,  -43838371,          0
# task NAME=myapp PID=5281 COST=1381000 PERIOD=49000000 CPU=0
  5281,     2,   49000000,      15822,        0,  -48984178,          0
  5281,     3,   49000000,      60398,        0,  -48939602,          0
  5281,     4,   49000000,    1419966,        0,  -47580034,          0
  5281,     5,   49000000,    1410702,        0,  -47589298,          0
  5281,     6,   49000000,    1383912,        0,  -47616088,          0
  5281,     7,   49000000,    1389100,        0,  -47610900,          0
  5281,     8,   49000000,    1400055,        0,  -47599945,          0
  5281,     9,   49000000,    1403467,        0,  -47596533,          0
  5281,    10,   49000000,    1393647,        0,  -47606353,          0
  5281,    11,   49000000,    1412139,        0,  -47587861,          0
  5281,    12,   49000000,    1406607,        0,  -47593393,          0
  5281,    13,   49000000,    1422209,        0,  -47577791,          0
  5281,    14,   49000000,    1380608,        0,  -47619392,          0
  5281,    15,   49000000,    1393579,        0,  -47606421,          0
  5281,    16,   49000000,   10535019,        0,  -38464981,          0
  5281,    17,   49000000,    1379945,        0,  -47620055,          0
  5281,    18,   49000000,    1858813,        0,  -47141187,          0
  5281,    19,   49000000,    1390692,        0,  -47609308,          0
  5281,    20,   49000000,    2863137,        0,  -46136863,          0
  5281,    21,   49000000,    1414170,        0,  -47585830,          0
  5281,    22,   49000000,    1375733,        0,  -47624267,          0
  5281,    23,   49000000,    1378204,        0,  -47621796,          0
  5281,    24,   49000000,    1387169,        0,  -47612831,          0
  5281,    25,   49000000,    1379213,        0,  -47620787,          0
  5281,    26,   49000000,    1380351,        0,  -47619649,          0
  5281,    27,   49000000,    1377105,        0,  -47622895,          0
  5281,    28,   49000000,    1382351,        0,  -47617649,          0
  5281,    29,   49000000,    1381402,        0,  -47618598,          0
  5281,    30,   49000000,    7868194,        0,  -41131806,          0
  5281,    31,   49000000,    1404024,        0,  -47595976,          0
  5281,    32,   49000000,    1402366,        0,  -47597634,          0
  5281,    33,   49000000,    1410028,        0,  -47589972,          0
  5281,    34,   49000000,   12663378,        0,  -36336622,          0
  5281,    35,   49000000,    1435048,        0,  -47564952,          0
  5281,    36,   49000000,    2377842,        0,  -46622158,          0
  5281,    37,   49000000,    1402788,        0,  -47597212,          0
  5281,    38,   49000000,    1398478,        0,  -47601522,          0
  5281,    39,   49000000,    1386545,        0,  -47613455,          0
  5281,    40,   49000000,    1385229,        0,  -47614771,          0
  5281,    41,   49000000,    1416713,        0,  -47583287,          0
  5281,    42,   49000000,    1406208,        0,  -47593792,          0
  5281,    43,   49000000,    1379239,        0,  -47620761,          0
  5281,    44,   49000000,    1375773,        0,  -47624227,          0
  5281,    45,   49000000,    1390810,        0,  -47609190,          0
  5281,    46,   49000000,    1369577,        0,  -47630423,          0
  5281,    47,   49000000,    1381537,        0,  -47618463,          0
  5281,    48,   49000000,   17427409,        0,  -31572591,          0
  5281,    49,   49000000,    1380397,        0,  -47619603,          0
  5281,    50,   49000000,    1608981,        0,  -47391019,          0
  5281,    51,   49000000,    1393958,        0,  -47606042,          0
  5281,    52,   49000000,    1403462,        0,  -47596538,          0
  5281,    53,   49000000,    2806447,        0,  -46193553,          0
  5281,    54,   49000000,    1438514,        0,  -47561486,          0
  5281,    55,   49000000,    1398533,        0,  -47601467,          0
  5281,    56,   49000000,    1399543,        0,  -47600457,          0
  5281,    57,   49000000,    3404302,        0,  -45595698,          0
  5281,    58,   49000000,    1392689,        0,  -47607311,          0
  5281,    59,   49000000,    1377970,        0,  -47622030,          0
  5281,    60,   49000000,    1398007,        0,  -47601993,          0
  5281,    61,   49000000,    1392610,        0,  -47607390,          0
  5281,    62,   49000000,    1379552,        0,  -47620448,          0
  5281,    63,   49000000,    1379706,        0,  -47620294,          0
  5281,    64,   49000000,    1376801,        0,  -47623199,          0
  5281,    65,   49000000,    1379990,        0,  -47620010,          0
  5281,    66,   49000000,    1402693,        0,  -47597307,          0
  5281,    67,   49000000,    1391259,        0,  -47608741,          0
  5281,    68,   49000000,   29076519,        0,  -19923481,          0
  5281,    69,   49000000,    3136034,        0,  -45863966,          0
  5281,    70,   49000000,    1385969,        0,  -47614031,          0
  5281,    71,   49000000,    1490556,        0,  -47509444,          0
  5281,    72,   49000000,    1379657,        0,  -47620343,          0
  5281,    73,   49000000,    1388539,        0,  -47611461,          0
  5281,    74,   49000000,    2197171,        0,  -46802829,          0
  5281,    75,   49000000,    1421562,        0,  -47578438,          0
  5281,    76,   49000000,   27086846,        0,  -21913154,          0
  5281,    77,   49000000,    1407217,        0,  -47592783,          0
  5281,    78,   49000000,    1375686,        0,  -47624314,          0
  5281,    79,   49000000,   30109423,        0,  -18890577,          0
  5281,    80,   49000000,    1416748,        0,  -47583252,          0
  5281,    81,   49000000,    1379790,        0,  -47620210,          0
  5281,    82,   49000000,    1373607,        0,  -47626393,          0
  5281,    83,   49000000,    1387289,        0,  -47612711,          0
  5281,    84,   49000000,    1386226,        0,  -47613774,          0
  5281,    85,   49000000,    1382597,        0,  -47617403,          0
  5281,    86,   49000000,    2868620,        0,  -46131380,          0
  5281,    87,   49000000,    1421917,        0,  -47578083,          0
  5281,    88,   49000000,    1381789,        0,  -47618211,          0
  5281,    89,   49000000,    1376268,        0,  -47623732,          0
  5281,    90,   49000000,   31189527,        0,  -17810473,          0
  5281,    91,   49000000,    1405210,        0,  -47594790,          0
  5281,    92,   49000000,    1392519,        0,  -47607481,          0
  5281,    93,   49000000,    3643698,        0,  -45356302,          0
  5281,    94,   49000000,    1432868,        0,  -47567132,          0
  5281,    95,   49000000,    1395218,        0,  -47604782,          0
  5281,    96,   49000000,    1382760,        0,  -47617240,          0
  5281,    97,   49000000,    1375975,        0,  -47624025,          0
  5281,    98,   49000000,    8825918,        0,  -40174082,          0
  5281,    99,   49000000,    1376289,        0,  -47623711,          0
  5281,   100,   49000000,    1407681,        0,  -47592319,          0
  5281,   101,   49000000,    2629603,        0,  -46370397,          0
  5281,   102,   49000000,    1469482,        0,  -47530518,          0
  5281,   103,   49000000,   17737413,        0,  -31262587,          0
  5281,   104,   49000000,    1404110,        0,  -47595890,          0
  5281,   105,   49000000,    1391802,        0,  -47608198,          0
  5281,   106,   49000000,    1418467,        0,  -47581533,          0
  5281,   107,   49000000,    1406093,        0,  -47593907,          0
  5281,   108,   49000000,    1400325,        0,  -47599675,          0
  5281,   109,   49000000,    1411453,        0,  -47588547,          0
  5281,   110,   49000000,    1389378,        0,  -47610622,          0
  5281,   111,   49000000,    1391420,        0,  -47608580,          0
  5281,   112,   49000000,    1439477,        0,  -47560523,          0
  5281,   113,   49000000,    1383700,        0,  -47616300,          0
  5281,   114,   49000000,   25763558,        0,  -23236442,          0
  5281,   115,   49000000,    1401627,        0,  -47598373,          0
  5281,   116,   49000000,    1402930,        0,  -47597070,          0
  5281,   117,   49000000,    1372973,        0,  -47627027,          0
  5281,   118,   49000000,    1403506,        0,  -47596494,          0
  5281,   119,   49000000,   10348456,        0,  -38651544,          0
  5281,   120,   49000000,    1384584,        0,  -47615416,          0
  5281,   121,   49000000,    1388335,        0,  -47611665,          0
  5281,   122,   49000000,    1431360,        0,  -47568640,          0
  5281,   123,   49000000,    1657833,        0,  -47342167,          0
  5281,   124,   49000000,    1388083,        0,  -47611917,          0
  5281,   125,   49000000,    1411187,        0,  -47588813,          0
  5281,   126,   49000000,    1396355,        0,  -47603645,          0
  5281,   127,   49000000,   16637775,        0,  -32362225,          0
  5281,   128,   49000000,    1399742,        0,  -47600258,          0
  5281,   129,   49000000,    1437759,        0,  -47562241,          0
  5281,   130,   49000000,    1395743,        0,  -47604257,          0
  5281,   131,   49000000,    1388524,        0,  -47611476,          0
  5281,   132,   49000000,    1378879,        0,  -47621121,          0
  5281,   133,   49000000,    4517019,        0,  -44482981,          0
  5281,   134,   49000000,    1385580,        0,  -47614420,          0
  5281,   135,   49000000,   10863029,        0,  -38136971,          0
  5281,   136,   49000000,    1389877,        0,  -47610123,          0
  5281,   137,   49000000,    1376445,        0,  -47623555,          0
  5281,   138,   49000000,    1381518,        0,  -47618482,          0
  5281,   139,   49000000,    1390477,        0,  -47609523,          0
  5281,   140,   49000000,    1403000,        0,  -47597000,          0
  5281,   141,   49000000,    1405982,        0,  -47594018,          0
  5281,   142,   49000000,    1373257,        0,  -47626743,          0
  5281,   143,   49000000,    1406100,        0,  -47593900,          0
  5281,   144,   49000000,    1383981,        0,  -47616019,          0
  5281,   145,   49000000,    1386516,        0,  -47613484,          0
  5281,   146,   49000000,    1374052,        0,  -47625948,          0
  5281,   147,   49000000,    1377025,        0,  -47622975,          0
  5281,   148,   49000000,    1378071,        0,  -47621929,          0
  5281,   149,   49000000,   17402681,        0,  -31597319,          0
  5281,   150,   49000000,    1370123,        0,  -47629877,          0
  5281,   151,   49000000,    8506863,        0,  -40493137,          0
  5281,   152,   49000000,    1386937,        0,  -47613063,          0
  5281,   153,   49000000,    1397283,        0,  -47602717,          0
  5281,   154,   49000000,    1402176,        0,  -47597824,          0
  5281,   155,   49000000,    1382343,        0,  -47617657,          0
  5281,   156,   49000000,    1390706,        0,  -47609294,          0
  5281,   157,   49000000,    1401242,        0,  -47598758,          0
  5281,   158,   49000000,    1427550,        0,  -47572450,          0
  5281,   159,   49000000,    1401754,        0,  -47598246,          0
  5281,   160,   49000000,    4681268,        0,  -44318732,          0
  5281,   161,   49000000,    1426197,        0,  -47573803,          0
  5281,   162,   49000000,    1421441,        0,  -47578559,          0
  5281,   163,   49000000,    1399208,        0,  -47600792,          0
  5281,   164,   49000000,    1381097,        0,  -47618903,          0
  5281,   165,   49000000,    1392652,        0,  -47607348,          0
  5281,   166,   49000000,    1401564,        0,  -47598436,          0
  5281,   167,   49000000,    1383870,        0,  -47616130,          0
  5281,   168,   49000000,    5522124,        0,  -43477876,          0
  5281,   169,   49000000,    1405512,        0,  -47594488,          0
  5281,   170,   49000000,    1426948,        0,  -47573052,          0
  5281,   171,   49000000,    1374566,        0,  -47625434,          0
  5281,   172,   49000000,    1384799,        0,  -47615201,          0
  5281,   173,   49000000,    1384957,        0,  -47615043,          0
  5281,   174,   49000000,    1387278,        0,  -47612722,          0
  5281,   175,   49000000,    1677642,        0,  -47322358,          0
  5281,   176,   49000000,    1375265,        0,  -47624735,          0
  5281,   177,   49000000,   17595078,        0,  -31404922,          0
  5281,   178,   49000000,    1404910,        0,  -47595090,          0
  5281,   179,   49000000,    1406449,        0,  -47593551,          0
  5281,   180,   49000000,    1399498,        0,  -47600502,          0
  5281,   181,   49000000,    1387160,        0,  -47612840,          0
  5281,   182,   49000000,    1427589,        0,  -47572411,          0
  5281,   183,   49000000,    1375680,        0,  -47624320,          0
  5281,   184,   49000000,    1391603,        0,  -47608397,          0
  5281,   185,   49000000,    1395849,        0,  -47604151,          0
  5281,   186,   49000000,    1410535,        0,  -47589465,          0
  5281,   187,   49000000,    1404059,        0,  -47595941,          0
  5281,   188,   49000000,    1376750,        0,  -47623250,          0
  5281,   189,   49000000,    1390774,        0,  -47609226,          0
  5281,   190,   49000000,   22120662,        0,  -26879338,          0
  5281,   191,   49000000,    1610162,        0,  -47389838,          0
  5281,   192,   49000000,    1401067,        0,  -47598933,          0
  5281,   193,   49000000,    1385738,        0,  -47614262,          0
  5281,   194,   49000000,    1378622,        0,  -47621378,          0
  5281,   195,   49000000,    2571703,        0,  -46428297,          0
  5281,   196,   49000000,    1384339,        0,  -47615661,          0
  5281,   197,   49000000,    1382765,        0,  -47617235,          0
  5281,   198,   49000000,    1427805,        0,  -47572195,          0
  5281,   199,   49000000,    2397866,        0,  -46602134,          0
  5281,   200,   49000000,    6579699,        0,  -42420301,          0
  5281,   201,   49000000,    1411709,        0,  -47588291,          0
  5281,   202,   49000000,    1407593,        0,  -47592407,          0
  5281,   203,   49000000,    1396275,        0,  -47603725,          0
  5281,   204,   49000000,    1410573,        0,  -47589427,          0
  5281,   205,   49000000,    1377229,        0,  -47622771,          0
  5281,   206,   49000000,    1390783,        0,  -47609217,          0
  5281,   207,   49000000,    1380983,        0,  -47619017,          0
  5281,   208,   49000000,    1373679,        0,  -47626321,          0
