# Task,   Job,     Period,   Response, DL Miss?,   Lateness,  Tardiness
# task NAME=myapp PID=29451 COST=29136000 PERIOD=54000000 CPU=0
 29451,     2,   54000000,       9533,        0,  -53990467,          0
 29451,     3,   54000000,     206129,        0,  -53793871,          0
 29451,     4,   54000000,   53481036,        0,    -518964,          0
 29451,     5,   54000000,   54455289,        1,     455289,     455289
 29451,     6,   54000000,   52684345,        0,   -1315655,          0
 29451,     7,   54000000,   49829191,        0,   -4170809,          0
 29451,     8,   54000000,   53502573,        0,    -497427,          0
 29451,     9,   54000000,   54644857,        1,     644857,     644857
 29451,    10,   54000000,   53434922,        0,    -565078,          0
 29451,    11,   54000000,   51506404,        0,   -2493596,          0
 29451,    12,   54000000,   53073514,        0,    -926486,          0
 29451,    13,   54000000,   55978546,        1,    1978546,    1978546
 29451,    14,   54000000,   55297424,        1,    1297424,    1297424
 29451,    15,   54000000,   54936965,        1,     936965,     936965
 29451,    16,   54000000,   53668866,        0,    -331134,          0
 29451,    17,   54000000,   51523210,        0,   -2476790,          0
 29451,    18,   54000000,   53501074,        0,    -498926,          0
 29451,    19,   54000000,   52894198,        0,   -1105802,          0
 29451,    20,   54000000,   54293691,        1,     293691,     293691
 29451,    21,   54000000,   54407471,        1,     407471,     407471
 29451,    22,   54000000,   56178465,        1,    2178465,    2178465
 29451,    23,   54000000,   57899558,        1,    3899558,    3899558
 29451,    24,   54000000,   57588225,        1,    3588225,    3588225
 29451,    25,   54000000,   58332375,        1,    4332375,    4332375
 29451,    26,   54000000,   56209693,        1,    2209693,    2209693
 29451,    27,   54000000,   59832507,        1,    5832507,    5832507
 29451,    28,   54000000,   57368314,        1,    3368314,    3368314
 29451,    29,   54000000,   58174143,        1,    4174143,    4174143
 29451,    30,   54000000,   55971559,        1,    1971559,    1971559
 29451,    31,   54000000,   55628901,        1,    1628901,    1628901
 29451,    32,   54000000,   56380092,        1,    2380092,    2380092
 29451,    33,   54000000,   57025778,        1,    3025778,    3025778
 29451,    34,   54000000,   55753327,        1,    1753327,    1753327
 29451,    35,   54000000,   55421013,        1,    1421013,    1421013
 29451,    36,   54000000,   56138536,        1,    2138536,    2138536
 29451,    37,   54000000,   56810657,        1,    2810657,    2810657
 29451,    38,   54000000,   56174768,        1,    2174768,    2174768
 29451,    39,   54000000,   52478871,        0,   -1521129,          0
 29451,    40,   54000000,   55516371,        1,    1516371,    1516371
 29451,    41,   54000000,   55084737,        1,    1084737,    1084737
 29451,    42,   54000000,   56229086,        1,    2229086,    2229086
 29451,    43,   54000000,   55609293,        1,    1609293,    1609293
 29451,    44,   54000000,   57543347,        1,    3543347,    3543347
 29451,    45,   54000000,   58924779,        1,    4924779,    4924779
 29451,    46,   54000000,   60912259,        1,    6912259,    6912259
 29451,    47,   54000000,   63138689,        1,    9138689,    9138689
 29451,    48,   54000000,   62625041,        1,    8625041,    8625041
 29451,    49,   54000000,   62550498,        1,    8550498,    8550498
 29451,    50,   54000000,   62161688,        1,    8161688,    8161688
 29451,    51,   54000000,   62526250,        1,    8526250,    8526250
 29451,    52,   54000000,   60439652,        1,    6439652,    6439652
 29451,    53,   54000000,   62125418,        1,    8125418,    8125418
 29451,    54,   54000000,   61740232,        1,    7740232,    7740232
 29451,    55,   54000000,   63422046,        1,    9422046,    9422046
 29451,    56,   54000000,   67032683,        1,   13032683,   13032683
 29451,    57,   54000000,   66653719,        1,   12653719,   12653719
 29451,    58,   54000000,   69097884,        1,   15097884,   15097884
 29451,    59,   54000000,   67391938,        1,   13391938,   13391938
 29451,    60,   54000000,   69281373,        1,   15281373,   15281373
 29451,    61,   54000000,   66844157,        1,   12844157,   12844157
 29451,    62,   54000000,   65403921,        1,   11403921,   11403921
 29451,    63,   54000000,   63269744,        1,    9269744,    9269744
 29451,    64,   54000000,   64948917,        1,   10948917,   10948917
 29451,    65,   54000000,   63061599,        1,    9061599,    9061599
 29451,    66,   54000000,   66409247,        1,   12409247,   12409247
 29451,    67,   54000000,   66760069,        1,   12760069,   12760069
 29451,    68,   54000000,   65456335,        1,   11456335,   11456335
 29451,    69,   54000000,   66515247,        1,   12515247,   12515247
 29451,    70,   54000000,   68178022,        1,   14178022,   14178022
 29451,    71,   54000000,   67762811,        1,   13762811,   13762811
 29451,    72,   54000000,   71369615,        1,   17369615,   17369615
 29451,    73,   54000000,   70788891,        1,   16788891,   16788891
 29451,    74,   54000000,   69709338,        1,   15709338,   15709338
 29451,    75,   54000000,   71268268,        1,   17268268,   17268268
 29451,    76,   54000000,   74927380,        1,   20927380,   20927380
 29451,    77,   54000000,   74515550,        1,   20515550,   20515550
 29451,    78,   54000000,   76167429,        1,   22167429,   22167429
 29451,    79,   54000000,   76913155,        1,   22913155,   22913155
 29451,    80,   54000000,   78518782,        1,   24518782,   24518782
 29451,    81,   54000000,   78217740,        1,   24217740,   24217740
 29451,    82,   54000000,   79871877,        1,   25871877,   25871877
 29451,    83,   54000000,   80472402,        1,   26472402,   26472402
 29451,    84,   54000000,   80113842,        1,   26113842,   26113842
 29451,    85,   54000000,   78266887,        1,   24266887,   24266887
 29451,    86,   54000000,   81962496,        1,   27962496,   27962496
 29451,    87,   54000000,   79539254,        1,   25539254,   25539254
 29451,    88,   54000000,   80349836,        1,   26349836,   26349836
 29451,    89,   54000000,   79293352,        1,   25293352,   25293352
 29451,    90,   54000000,   79940955,        1,   25940955,   25940955
 29451,    91,   54000000,   79526518,        1,   25526518,   25526518
 29451,    92,   54000000,   77417525,        1,   23417525,   23417525
 29451,    93,   54000000,   78213869,        1,   24213869,   24213869
 29451,    94,   54000000,   76965794,        1,   22965794,   22965794
 29451,    95,   54000000,   77984402,        1,   23984402,   23984402
 29451,    96,   54000000,   77425861,        1,   23425861,   23425861
 29451,    97,   54000000,   75132207,        1,   21132207,   21132207
 29451,    98,   54000000,   75885898,        1,   21885898,   21885898
 29451,    99,   54000000,   74989167,        1,   20989167,   20989167
 29451,   100,   54000000,   74334442,        1,   20334442,   20334442
 29451,   101,   54000000,   75025602,        1,   21025602,   21025602
 29451,   102,   54000000,   76970206,        1,   22970206,   22970206
 29451,   103,   54000000,   73882322,        1,   19882322,   19882322
 29451,   104,   54000000,   73424991,        1,   19424991,   19424991
 29451,   105,   54000000,   72082439,        1,   18082439,   18082439
 29451,   106,   54000000,   73254197,        1,   19254197,   19254197
 29451,   107,   54000000,   71082573,        1,   17082573,   17082573
 29451,   108,   54000000,   72668696,        1,   18668696,   18668696
 29451,   109,   54000000,   69177184,        1,   15177184,   15177184
 29451,   110,   54000000,   70292231,        1,   16292231,   16292231
 29451,   111,   54000000,   70171013,        1,   16171013,   16171013
 29451,   112,   54000000,   68844884,        1,   14844884,   14844884
 29451,   113,   54000000,   71506458,        1,   17506458,   17506458
 29451,   114,   54000000,   68400659,        1,   14400659,   14400659
 29451,   115,   54000000,   67211299,        1,   13211299,   13211299
 29451,   116,   54000000,   68256922,        1,   14256922,   14256922
 29451,   117,   54000000,   69574488,        1,   15574488,   15574488
 29451,   118,   54000000,   68408394,        1,   14408394,   14408394
 29451,   119,   54000000,   68785846,        1,   14785846,   14785846
 29451,   120,   54000000,   68436769,        1,   14436769,   14436769
 29451,   121,   54000000,   70152387,        1,   16152387,   16152387
 29451,   122,   54000000,   69754600,        1,   15754600,   15754600
 29451,   123,   54000000,   73226159,        1,   19226159,   19226159
 29451,   124,   54000000,   72503060,        1,   18503060,   18503060
 29451,   125,   54000000,   72231696,        1,   18231696,   18231696
 29451,   126,   54000000,   66435696,        1,   12435696,   12435696
 29451,   127,   54000000,   67055411,        1,   13055411,   13055411
 29451,   128,   54000000,   65553143,        1,   11553143,   11553143
 29451,   129,   54000000,   62967678,        1,    8967678,    8967678
 29451,   130,   54000000,   64018762,        1,   10018762,   10018762
 29451,   131,   54000000,   63697697,        1,    9697697,    9697697
 29451,   132,   54000000,   65876021,        1,   11876021,   11876021
 29451,   133,   54000000,   67229648,        1,   13229648,   13229648
 29451,   134,   54000000,   65464069,        1,   11464069,   11464069
 29451,   135,   54000000,   66170870,        1,   12170870,   12170870
 29451,   136,   54000000,   64911075,        1,   10911075,   10911075
 29451,   137,   54000000,   67539286,        1,   13539286,   13539286
 29451,   138,   54000000,   68307575,        1,   14307575,   14307575
 29451,   139,   54000000,   71669912,        1,   17669912,   17669912
 29451,   140,   54000000,   67626164,        1,   13626164,   13626164
 29451,   141,   54000000,   69467038,        1,   15467038,   15467038
 29451,   142,   54000000,   69172326,        1,   15172326,   15172326
 29451,   143,   54000000,   67215622,        1,   13215622,   13215622
 29451,   144,   54000000,   68597221,        1,   14597221,   14597221
 29451,   145,   54000000,   68904048,        1,   14904048,   14904048
 29451,   146,   54000000,   68788508,        1,   14788508,   14788508
 29451,   147,   54000000,   70253863,        1,   16253863,   16253863
 29451,   148,   54000000,   71876196,        1,   17876196,   17876196
 29451,   149,   54000000,   71568695,        1,   17568695,   17568695
 29451,   150,   54000000,   69461334,        1,   15461334,   15461334
 29451,   151,   54000000,   67464540,        1,   13464540,   13464540
 29451,   152,   54000000,   64331953,        1,   10331953,   10331953
 29451,   153,   54000000,   67478561,        1,   13478561,   13478561
 29451,   154,   54000000,   65642469,        1,   11642469,   11642469
 29451,   155,   54000000,   62585517,        1,    8585517,    8585517
 29451,   156,   54000000,   63518596,        1,    9518596,    9518596
 29451,   157,   54000000,   61584156,        1,    7584156,    7584156
 29451,   158,   54000000,   58748539,        1,    4748539,    4748539
 29451,   159,   54000000,   59346630,        1,    5346630,    5346630
 29451,   160,   54000000,   60951296,        1,    6951296,    6951296
 29451,   161,   54000000,   58773811,        1,    4773811,    4773811
 29451,   162,   54000000,   59862185,        1,    5862185,    5862185
 29451,   163,   54000000,   61496893,        1,    7496893,    7496893
 29451,   164,   54000000,   61088366,        1,    7088366,    7088366
 29451,   165,   54000000,   62796936,        1,    8796936,    8796936
 29451,   166,   54000000,   61730893,        1,    7730893,    7730893
 29451,   167,   54000000,   63582955,        1,    9582955,    9582955
 29451,   168,   54000000,   64362074,        1,   10362074,   10362074
 29451,   169,   54000000,   65425024,        1,   11425024,   11425024
 29451,   170,   54000000,   64332674,        1,   10332674,   10332674
 29451,   171,   54000000,   65843526,        1,   11843526,   11843526
 29451,   172,   54000000,   68498486,        1,   14498486,   14498486
 29451,   173,   54000000,   66205634,        1,   12205634,   12205634
 29451,   174,   54000000,   67219443,        1,   13219443,   13219443
 29451,   175,   54000000,   63218499,        1,    9218499,    9218499
 29451,   176,   54000000,   64829460,        1,   10829460,   10829460
 29451,   177,   54000000,   62882795,        1,    8882795,    8882795
 29451,   178,   54000000,   58078049,        1,    4078049,    4078049
 29451,   179,   54000000,   58910266,        1,    4910266,    4910266
 29451,   180,   54000000,   59685244,        1,    5685244,    5685244
 29451,   181,   54000000,   60737768,        1,    6737768,    6737768
 29451,   182,   54000000,   57488121,        1,    3488121,    3488121
 29451,   183,   54000000,   58909641,        1,    4909641,    4909641
 29451,   184,   54000000,   60573376,        1,    6573376,    6573376
 29451,   185,   54000000,   59908442,        1,    5908442,    5908442
 29451,   186,   54000000,   57565700,        1,    3565700,    3565700
 29451,   187,   54000000,   59227223,        1,    5227223,    5227223
 29451,   188,   54000000,   59474802,        1,    5474802,    5474802
 29451,   189,   54000000,   58936315,        1,    4936315,    4936315
# task NAME=myapp PID=29454 COST=31196000 PERIOD=54000000 CPU=0
 29454,     2,   54000000,      46794,        0,  -53953206,          0
 29454,     3,   54000000,     221197,        0,  -53778803,          0
 29454,     4,   54000000,   53622901,        0,    -377099,          0
 29454,     5,   54000000,   60193852,        1,    6193852,    6193852
 29454,     6,   54000000,   60876403,        1,    6876403,    6876403
 29454,     7,   54000000,   64439020,        1,   10439020,   10439020
 29454,     8,   54000000,   69101871,        1,   15101871,   15101871
 29454,     9,   54000000,   70609363,        1,   16609363,   16609363
 29454,    10,   54000000,   75949293,        1,   21949293,   21949293
 29454,    11,   54000000,   78416968,        1,   24416968,   24416968
 29454,    12,   54000000,   81605768,        1,   27605768,   27605768
 29454,    13,   54000000,   87179598,        1,   33179598,   33179598
 29454,    14,   54000000,   92801698,        1,   38801698,   38801698
 29454,    15,   54000000,   94689962,        1,   40689962,   40689962
 29454,    16,   54000000,  100258355,        1,   46258355,   46258355
 29454,    17,   54000000,  105879531,        1,   51879531,   51879531
 29454,    18,   54000000,  110266679,        1,   56266679,   56266679
 29454,    19,   54000000,  115041534,        1,   61041534,   61041534
 29454,    20,   54000000,  121026085,        1,   67026085,   67026085
 29454,    21,   54000000,  123761005,        1,   69761005,   69761005
 29454,    22,   54000000,  128527472,        1,   74527472,   74527472
 29454,    23,   54000000,  134112147,        1,   80112147,   80112147
 29454,    24,   54000000,  138986603,        1,   84986603,   84986603
 29454,    25,   54000000,  142491944,        1,   88491944,   88491944
 29454,    26,   54000000,  148102220,        1,   94102220,   94102220
 29454,    27,   54000000,  150779395,        1,   96779395,   96779395
 29454,    28,   54000000,  156526558,        1,  102526558,  102526558
 29454,    29,   54000000,  161961664,        1,  107961664,  107961664
 29454,    30,   54000000,  164677152,        1,  110677152,  110677152
 29454,    31,   54000000,  171199156,        1,  117199156,  117199156
 29454,    32,   54000000,  175904686,        1,  121904686,  121904686
 29454,    33,   54000000,  179476303,        1,  125476303,  125476303
 29454,    34,   54000000,  185045527,        1,  131045527,  131045527
 29454,    35,   54000000,  187634657,        1,  133634657,  133634657
 29454,    36,   54000000,  192244107,        1,  138244107,  138244107
 29454,    37,   54000000,  195210689,        1,  141210689,  141210689
 29454,    38,   54000000,  200768339,        1,  146768339,  146768339
 29454,    39,   54000000,  203405942,        1,  149405942,  149405942
 29454,    40,   54000000,  211028886,        1,  157028886,  157028886
 29454,    41,   54000000,  214560758,        1,  160560758,  160560758
 29454,    42,   54000000,  220136348,        1,  166136348,  166136348
 29454,    43,   54000000,  225687062,        1,  171687062,  171687062
 29454,    44,   54000000,  229311195,        1,  175311195,  175311195
 29454,    45,   54000000,  234156922,        1,  180156922,  180156922
 29454,    46,   54000000,  240113211,        1,  186113211,  186113211
 29454,    47,   54000000,  243694951,        1,  189694951,  189694951
 29454,    48,   54000000,  248497241,        1,  194497241,  194497241
 29454,    49,   54000000,  251120666,        1,  197120666,  197120666
 29454,    50,   54000000,  256664877,        1,  202664877,  202664877
 29454,    51,   54000000,  262291831,        1,  208291831,  208291831
 29454,    52,   54000000,  265287264,        1,  211287264,  211287264
 29454,    53,   54000000,  269056899,        1,  215056899,  215056899
 29454,    54,   54000000,  274661395,        1,  220661395,  220661395
 29454,    55,   54000000,  278332978,        1,  224332978,  224332978
 29454,    56,   54000000,  281978015,        1,  227978015,  227978015
 29454,    57,   54000000,  286677587,        1,  232677587,  232677587
 29454,    58,   54000000,  289368775,        1,  235368775,  235368775
 29454,    59,   54000000,  291321451,        1,  237321451,  237321451
 29454,    60,   54000000,  297600127,        1,  243600127,  243600127
 29454,    61,   54000000,  298523312,        1,  244523312,  244523312
 29454,    62,   54000000,  302170364,        1,  248170364,  248170364
 29454,    63,   54000000,  306966656,        1,  252966656,  252966656
 29454,    64,   54000000,  311636708,        1,  257636708,  257636708
 29454,    65,   54000000,  316309270,        1,  262309270,  262309270
 29454,    66,   54000000,  319356105,        1,  265356105,  265356105
 29454,    67,   54000000,  319984360,        1,  265984360,  265984360
 29454,    68,   54000000,  324730567,        1,  270730567,  270730567
 29454,    69,   54000000,  330690616,        1,  276690616,  276690616
 29454,    70,   54000000,  336307293,        1,  282307293,  282307293
 29454,    71,   54000000,  342204352,        1,  288204352,  288204352
 29454,    72,   54000000,  347418780,        1,  293418780,  293418780
 29454,    73,   54000000,  350176354,        1,  296176354,  296176354
 29454,    74,   54000000,  352872643,        1,  298872643,  298872643
 29454,    75,   54000000,  358571401,        1,  304571401,  304571401
 29454,    76,   54000000,  365238015,        1,  311238015,  311238015
 29454,    77,   54000000,  367791049,        1,  313791049,  313791049
 29454,    78,   54000000,  373388139,        1,  319388139,  319388139
 29454,    79,   54000000,  375184592,        1,  321184592,  321184592
 29454,    80,   54000000,  379914235,        1,  325914235,  325914235
 29454,    81,   54000000,  382690602,        1,  328690602,  328690602
 29454,    82,   54000000,  385319197,        1,  331319197,  331319197
 29454,    83,   54000000,  390930362,        1,  336930362,  336930362
 29454,    84,   54000000,  396541554,        1,  342541554,  342541554
 29454,    85,   54000000,  399272128,        1,  345272128,  345272128
 29454,    86,   54000000,  402208887,        1,  348208887,  348208887
 29454,    87,   54000000,  402457965,        1,  348457965,  348457965
 29454,    88,   54000000,  407143480,        1,  353143480,  353143480
 29454,    89,   54000000,  409926432,        1,  355926432,  355926432
 29454,    90,   54000000,  411673836,        1,  357673836,  357673836
 29454,    91,   54000000,  411720184,        1,  357720184,  357720184
 29454,    92,   54000000,  417266546,        1,  363266546,  363266546
 29454,    93,   54000000,  421920494,        1,  367920494,  367920494
 29454,    94,   54000000,  425449411,        1,  371449411,  371449411
 29454,    95,   54000000,  431260268,        1,  377260268,  377260268
 29454,    96,   54000000,  436919584,        1,  382919584,  382919584
 29454,    97,   54000000,  438929646,        1,  384929646,  384929646
 29454,    98,   54000000,  443695456,        1,  389695456,  389695456
 29454,    99,   54000000,  449382037,        1,  395382037,  395382037
 29454,   100,   54000000,  454959140,        1,  400959140,  400959140
 29454,   101,   54000000,  458582050,        1,  404582050,  404582050
 29454,   102,   54000000,  464190339,        1,  410190339,  410190339
 29454,   103,   54000000,  468890575,        1,  414890575,  414890575
 29454,   104,   54000000,  472836226,        1,  418836226,  418836226
 29454,   105,   54000000,  477522258,        1,  423522258,  423522258
 29454,   106,   54000000,  481381477,        1,  427381477,  427381477
 29454,   107,   54000000,  487060728,        1,  433060728,  433060728
 29454,   108,   54000000,  493865554,        1,  439865554,  439865554
 29454,   109,   54000000,  495474138,        1,  441474138,  441474138
 29454,   110,   54000000,  500224246,        1,  446224246,  446224246
 29454,   111,   54000000,  502928840,        1,  448928840,  448928840
 29454,   112,   54000000,  507985569,        1,  453985569,  453985569
 29454,   113,   54000000,  511490992,        1,  457490992,  457490992
 29454,   114,   54000000,  519308322,        1,  465308322,  465308322
 29454,   115,   54000000,  522926316,        1,  468926316,  468926316
 29454,   116,   54000000,  525656134,        1,  471656134,  471656134
 29454,   117,   54000000,  527482993,        1,  473482993,  473482993
 29454,   118,   54000000,  529467474,        1,  475467474,  475467474
 29454,   119,   54000000,  533217466,        1,  479217466,  479217466
 29454,   120,   54000000,  535875263,        1,  481875263,  481875263
 29454,   121,   54000000,  541722279,        1,  487722279,  487722279
 29454,   122,   54000000,  543548605,        1,  489548605,  489548605
 29454,   123,   54000000,  547046648,        1,  493046648,  493046648
 29454,   124,   54000000,  551828390,        1,  497828390,  497828390
 29454,   125,   54000000,  555298726,        1,  501298726,  501298726
 29454,   126,   54000000,  557319140,        1,  503319140,  503319140
 29454,   127,   54000000,  563010377,        1,  509010377,  509010377
 29454,   128,   54000000,  568617413,        1,  514617413,  514617413
 29454,   129,   54000000,  574240375,        1,  520240375,  520240375
 29454,   130,   54000000,  580071873,        1,  526071873,  526071873
 29454,   131,   54000000,  582778594,        1,  528778594,  528778594
 29454,   132,   54000000,  584906578,        1,  530906578,  530906578
 29454,   133,   54000000,  590555646,        1,  536555646,  536555646
 29454,   134,   54000000,  593355735,        1,  539355735,  539355735
 29454,   135,   54000000,  599510523,        1,  545510523,  545510523
 29454,   136,   54000000,  603811007,        1,  549811007,  549811007
 29454,   137,   54000000,  603703095,        1,  549703095,  549703095
 29454,   138,   54000000,  607670361,        1,  553670361,  553670361
 29454,   139,   54000000,  609911315,        1,  555911315,  555911315
 29454,   140,   54000000,  609296258,        1,  555296258,  555296258
 29454,   141,   54000000,  608463989,        1,  554463989,  554463989
 29454,   142,   54000000,  612476863,        1,  558476863,  558476863
 29454,   143,   54000000,  618183617,        1,  564183617,  564183617
 29454,   144,   54000000,  621736424,        1,  567736424,  567736424
 29454,   145,   54000000,  626658745,        1,  572658745,  572658745
 29454,   146,   54000000,  631953662,        1,  577953662,  577953662
 29454,   147,   54000000,  635033073,        1,  581033073,  581033073
 29454,   148,   54000000,  639846139,        1,  585846139,  585846139
 29454,   149,   54000000,  643616126,        1,  589616126,  589616126
 29454,   150,   54000000,  649253029,        1,  595253029,  595253029
 29454,   151,   54000000,  654930702,        1,  600930702,  600930702
 29454,   152,   54000000,  660498194,        1,  606498194,  606498194
 29454,   153,   54000000,  663772243,        1,  609772243,  609772243
 29454,   154,   54000000,  668169296,        1,  614169296,  614169296
 29454,   155,   54000000,  671389780,        1,  617389780,  617389780
 29454,   156,   54000000,  675231626,        1,  621231626,  621231626
 29454,   157,   54000000,  677994758,        1,  623994758,  623994758
 29454,   158,   54000000,  681258829,        1,  627258829,  627258829
 29454,   159,   54000000,  684219662,        1,  630219662,  630219662
 29454,   160,   54000000,  688851192,        1,  634851192,  634851192
 29454,   161,   54000000,  696413077,        1,  642413077,  642413077
 29454,   162,   54000000,  700184586,        1,  646184586,  646184586
 29454,   163,   54000000,  704877849,        1,  650877849,  650877849
 29454,   164,   54000000,  708510174,        1,  654510174,  654510174
 29454,   165,   54000000,  711162025,        1,  657162025,  657162025
 29454,   166,   54000000,  712350162,        1,  658350162,  658350162
 29454,   167,   54000000,  717974140,        1,  663974140,  663974140
 29454,   168,   54000000,  717744541,        1,  663744541,  663744541
 29454,   169,   54000000,  725372853,        1,  671372853,  671372853
 29454,   170,   54000000,  725355697,        1,  671355697,  671355697
 29454,   171,   54000000,  731938866,        1,  677938866,  677938866
 29454,   172,   54000000,  733546021,        1,  679546021,  679546021
 29454,   173,   54000000,  738516844,        1,  684516844,  684516844
 29454,   174,   54000000,  746104652,        1,  692104652,  692104652
 29454,   175,   54000000,  747057833,        1,  693057833,  693057833
 29454,   176,   54000000,  751844286,        1,  697844286,  697844286
 29454,   177,   54000000,  755587472,        1,  701587472,  701587472
 29454,   178,   54000000,  758400314,        1,  704400314,  704400314
 29454,   179,   54000000,  762362143,        1,  708362143,  708362143
 29454,   180,   54000000,  768042092,        1,  714042092,  714042092
 29454,   181,   54000000,  773982407,        1,  719982407,  719982407
 29454,   182,   54000000,  772989894,        1,  718989894,  718989894
 29454,   183,   54000000,  777864550,        1,  723864550,  723864550
 29454,   184,   54000000,  783841347,        1,  729841347,  729841347
 29454,   185,   54000000,  786040278,        1,  732040278,  732040278
 29454,   186,   54000000,  788014924,        1,  734014924,  734014924
 29454,   187,   54000000,  791708448,        1,  737708448,  737708448
 29454,   188,   54000000,  797441726,        1,  743441726,  743441726
 29454,   189,   54000000,  803162230,        1,  749162230,  749162230
# task NAME=myapp PID=29458 COST=27288000 PERIOD=33000000 CPU=0
 29458,     2,   33000000,      10549,        0,  -32989451,          0
 29458,     3,   33000000,     228368,        0,  -32771632,          0
 29458,     4,   33000000,   44983658,        1,   11983658,   11983658
 29458,     5,   33000000,   63990771,        1,   30990771,   30990771
 29458,     6,   33000000,   83149542,        1,   50149542,   50149542
 29458,     7,   33000000,   98632289,        1,   65632289,   65632289
 29458,     8,   33000000,  118056405,        1,   85056405,   85056405
 29458,     9,   33000000,  136055541,        1,  103055541,  103055541
 29458,    10,   33000000,  154028242,        1,  121028242,  121028242
 29458,    11,   33000000,  170385760,        1,  137385760,  137385760
 29458,    12,   33000000,  189307440,        1,  156307440,  156307440
 29458,    13,   33000000,  207649081,        1,  174649081,  174649081
 29458,    14,   33000000,  224521107,        1,  191521107,  191521107
 29458,    15,   33000000,  245451560,        1,  212451560,  212451560
 29458,    16,   33000000,  262779389,        1,  229779389,  229779389
 29458,    17,   33000000,  280353248,        1,  247353248,  247353248
 29458,    18,   33000000,  296599105,        1,  263599105,  263599105
 29458,    19,   33000000,  317146301,        1,  284146301,  284146301
 29458,    20,   33000000,  334377161,        1,  301377161,  301377161
 29458,    21,   33000000,  355257150,        1,  322257150,  322257150
 29458,    22,   33000000,  372224835,        1,  339224835,  339224835
 29458,    23,   33000000,  390527773,        1,  357527773,  357527773
 29458,    24,   33000000,  409552626,        1,  376552626,  376552626
 29458,    25,   33000000,  428553833,        1,  395553833,  395553833
 29458,    26,   33000000,  447529778,        1,  414529778,  414529778
 29458,    27,   33000000,  467169522,        1,  434169522,  434169522
 29458,    28,   33000000,  483536913,        1,  450536913,  450536913
 29458,    29,   33000000,  499417886,        1,  466417886,  466417886
 29458,    30,   33000000,  516579500,        1,  483579500,  483579500
 29458,    31,   33000000,  535092898,        1,  502092898,  502092898
 29458,    32,   33000000,  555821322,        1,  522821322,  522821322
 29458,    33,   33000000,  572671555,        1,  539671555,  539671555
 29458,    34,   33000000,  591548733,        1,  558548733,  558548733
 29458,    35,   33000000,  610452089,        1,  577452089,  577452089
 29458,    36,   33000000,  626148257,        1,  593148257,  593148257
 29458,    37,   33000000,  645064454,        1,  612064454,  612064454
 29458,    38,   33000000,  664054005,        1,  631054005,  631054005
 29458,    39,   33000000,  685101404,        1,  652101404,  652101404
 29458,    40,   33000000,  701142415,        1,  668142415,  668142415
 29458,    41,   33000000,  718652990,        1,  685652990,  685652990
 29458,    42,   33000000,  732667367,        1,  699667367,  699667367
 29458,    43,   33000000,  751584212,        1,  718584212,  718584212
 29458,    44,   33000000,  770545472,        1,  737545472,  737545472
 29458,    45,   33000000,  788601168,        1,  755601168,  755601168
 29458,    46,   33000000,  804601533,        1,  771601533,  771601533
 29458,    47,   33000000,  825543090,        1,  792543090,  792543090
 29458,    48,   33000000,  842439087,        1,  809439087,  809439087
 29458,    49,   33000000,  861689301,        1,  828689301,  828689301
 29458,    50,   33000000,  881726602,        1,  848726602,  848726602
 29458,    51,   33000000,  897454022,        1,  864454022,  864454022
 29458,    52,   33000000,  913851118,        1,  880851118,  880851118
 29458,    53,   33000000,  932813007,        1,  899813007,  899813007
 29458,    54,   33000000,  953730399,        1,  920730399,  920730399
 29458,    55,   33000000,  970608343,        1,  937608343,  937608343
 29458,    56,   33000000,  986680533,        1,  953680533,  953680533
 29458,    57,   33000000, 1007826896,        1,  974826896,  974826896
# task NAME=myapp PID=29462 COST=10707000 PERIOD=12000000 CPU=0
 29462,     2,   12000000,      50127,        0,  -11949873,          0
 29462,     3,   12000000,     211127,        0,  -11788873,          0
 29462,     4,   12000000,   18023698,        1,    6023698,    6023698
 29462,     5,   12000000,   26289234,        1,   14289234,   14289234
 29462,     6,   12000000,   32587379,        1,   20587379,   20587379
 29462,     7,   12000000,   42132775,        1,   30132775,   30132775
 29462,     8,   12000000,   50003644,        1,   38003644,   38003644
 29462,     9,   12000000,   58204030,        1,   46204030,   46204030
 29462,    10,   12000000,   66352429,        1,   54352429,   54352429
 29462,    11,   12000000,   74505069,        1,   62505069,   62505069
 29462,    12,   12000000,   83677328,        1,   71677328,   71677328
 29462,    13,   12000000,   90289088,        1,   78289088,   78289088
 29462,    14,   12000000,   98867599,        1,   86867599,   86867599
 29462,    15,   12000000,  103786197,        1,   91786197,   91786197
 29462,    16,   12000000,  116097020,        1,  104097020,  104097020
 29462,    17,   12000000,  119411507,        1,  107411507,  107411507
 29462,    18,   12000000,  128853357,        1,  116853357,  116853357
 29462,    19,   12000000,  136947623,        1,  124947623,  124947623
 29462,    20,   12000000,  147847691,        1,  135847691,  135847691
 29462,    21,   12000000,  154916230,        1,  142916230,  142916230
 29462,    22,   12000000,  159313727,        1,  147313727,  147313727
 29462,    23,   12000000,  167417026,        1,  155417026,  155417026
 29462,    24,   12000000,  176656477,        1,  164656477,  164656477
 29462,    25,   12000000,  183144344,        1,  171144344,  171144344
 29462,    26,   12000000,  193275959,        1,  181275959,  181275959
 29462,    27,   12000000,  199411028,        1,  187411028,  187411028
 29462,    28,   12000000,  211886682,        1,  199886682,  199886682
 29462,    29,   12000000,  218041694,        1,  206041694,  206041694
 29462,    30,   12000000,  223274658,        1,  211274658,  211274658
 29462,    31,   12000000,  231430015,        1,  219430015,  219430015
 29462,    32,   12000000,  238685811,        1,  226685811,  226685811
 29462,    33,   12000000,  246829366,        1,  234829366,  234829366
 29462,    34,   12000000,  255026546,        1,  243026546,  243026546
 29462,    35,   12000000,  263164007,        1,  251164007,  251164007
 29462,    36,   12000000,  273310685,        1,  261310685,  261310685
 29462,    37,   12000000,  279459238,        1,  267459238,  267459238
 29462,    38,   12000000,  288737391,        1,  276737391,  276737391
 29462,    39,   12000000,  294980803,        1,  282980803,  282980803
 29462,    40,   12000000,  305123695,        1,  293123695,  293123695
 29462,    41,   12000000,  311527226,        1,  299527226,  299527226
 29462,    42,   12000000,  318817048,        1,  306817048,  306817048
 29462,    43,   12000000,  326957975,        1,  314957975,  314957975
 29462,    44,   12000000,  335168078,        1,  323168078,  323168078
 29462,    45,   12000000,  345340472,        1,  333340472,  333340472
 29462,    46,   12000000,  351492174,        1,  339492174,  339492174
 29462,    47,   12000000,  361982916,        1,  349982916,  349982916
 29462,    48,   12000000,  370168245,        1,  358168245,  358168245
 29462,    49,   12000000,  380315705,        1,  368315705,  368315705
 29462,    50,   12000000,  386496384,        1,  374496384,  374496384
 29462,    51,   12000000,  394657409,        1,  382657409,  382657409
 29462,    52,   12000000,  402879326,        1,  390879326,  390879326
# task NAME=myapp PID=29466 COST=53145000 PERIOD=82000000 CPU=0
 29466,     2,   82000000,      12025,        0,  -81987975,          0
 29466,     3,   82000000,     224264,        0,  -81775736,          0
 29466,     4,   82000000,   96507946,        1,   14507946,   14507946
 29466,     5,   82000000,  111190500,        1,   29190500,   29190500
 29466,     6,   82000000,  125777200,        1,   43777200,   43777200
 29466,     7,   82000000,  139423898,        1,   57423898,   57423898
 29466,     8,   82000000,  162128751,        1,   80128751,   80128751
 29466,     9,   82000000,  178437452,        1,   96437452,   96437452
 29466,    10,   82000000,  196181216,        1,  114181216,  114181216
 29466,    11,   82000000,  214584594,        1,  132584594,  132584594
 29466,    12,   82000000,  234626810,        1,  152626810,  152626810
 29466,    13,   82000000,  251829424,        1,  169829424,  169829424
 29466,    14,   82000000,  271799916,        1,  189799916,  189799916
 29466,    15,   82000000,  286914680,        1,  204914680,  204914680
 29466,    16,   82000000,  304418766,        1,  222418766,  222418766
 29466,    17,   82000000,  319014165,        1,  237014165,  237014165
 29466,    18,   82000000,  336787809,        1,  254787809,  254787809
 29466,    19,   82000000,  355252359,        1,  273252359,  273252359
 29466,    20,   82000000,  373648452,        1,  291648452,  291648452
 29466,    21,   82000000,  390088225,        1,  308088225,  308088225
 29466,    22,   82000000,  408266753,        1,  326266753,  326266753
 29466,    23,   82000000,  428955520,        1,  346955520,  346955520
 29466,    24,   82000000,  444564481,        1,  362564481,  362564481
 29466,    25,   82000000,  463245224,        1,  381245224,  381245224
 29466,    26,   82000000,  480508474,        1,  398508474,  398508474
 29466,    27,   82000000,  498034660,        1,  416034660,  416034660
 29466,    28,   82000000,  518209078,        1,  436209078,  436209078
 29466,    29,   82000000,  531188630,        1,  449188630,  449188630
 29466,    30,   82000000,  550840773,        1,  468840773,  468840773
 29466,    31,   82000000,  566172902,        1,  484172902,  484172902
 29466,    32,   82000000,  584626019,        1,  502626019,  502626019
 29466,    33,   82000000,  603426905,        1,  521426905,  521426905
 29466,    34,   82000000,  620281117,        1,  538281117,  538281117
 29466,    35,   82000000,  632144809,        1,  550144809,  550144809
 29466,    36,   82000000,  651827030,        1,  569827030,  569827030
 29466,    37,   82000000,  672657788,        1,  590657788,  590657788
 29466,    38,   82000000,  689317217,        1,  607317217,  607317217
 29466,    39,   82000000,  706064376,        1,  624064376,  624064376
 29466,    40,   82000000,  721505360,        1,  639505360,  639505360
 29466,    41,   82000000,  739490109,        1,  657490109,  657490109
 29466,    42,   82000000,  753658991,        1,  671658991,  671658991
 29466,    43,   82000000,  774455413,        1,  692455413,  692455413
 29466,    44,   82000000,  792429466,        1,  710429466,  710429466
 29466,    45,   82000000,  811049354,        1,  729049354,  729049354
 29466,    46,   82000000,  827678435,        1,  745678435,  745678435
 29466,    47,   82000000,  846357238,        1,  764357238,  764357238
 29466,    48,   82000000,  860901264,        1,  778901264,  778901264
 29466,    49,   82000000,  877401784,        1,  795401784,  795401784
 29466,    50,   82000000,  892751996,        1,  810751996,  810751996
 29466,    51,   82000000,  906968628,        1,  824968628,  824968628
 29466,    52,   82000000,  924880467,        1,  842880467,  842880467
 29466,    53,   82000000,  938639073,        1,  856639073,  856639073
 29466,    54,   82000000,  956493041,        1,  874493041,  874493041
 29466,    55,   82000000,  973933052,        1,  891933052,  891933052
 29466,    56,   82000000,  985580057,        1,  903580057,  903580057
 29466,    57,   82000000, 1003371821,        1,  921371821,  921371821
 29466,    58,   82000000, 1021135663,        1,  939135663,  939135663
 29466,    59,   82000000, 1035665813,        1,  953665813,  953665813
 29466,    60,   82000000, 1056133426,        1,  974133426,  974133426
 29466,    61,   82000000, 1071795948,        1,  989795948,  989795948
 29466,    62,   82000000, 1089238670,        1, 1007238670, 1007238670
 29466,    63,   82000000, 1110043404,        1, 1028043404, 1028043404
 29466,    64,   82000000, 1121755907,        1, 1039755907, 1039755907
 29466,    65,   82000000, 1142259803,        1, 1060259803, 1060259803
 29466,    66,   82000000, 1158030572,        1, 1076030572, 1076030572
 29466,    67,   82000000, 1175529387,        1, 1093529387, 1093529387
 29466,    68,   82000000, 1196187244,        1, 1114187244, 1114187244
 29466,    69,   82000000, 1214514325,        1, 1132514325, 1132514325
 29466,    70,   82000000, 1225208306,        1, 1143208306, 1143208306
 29466,    71,   82000000, 1242801858,        1, 1160801858, 1160801858
 29466,    72,   82000000, 1257774239,        1, 1175774239, 1175774239
 29466,    73,   82000000, 1275769672,        1, 1193769672, 1193769672
 29466,    74,   82000000, 1294395398,        1, 1212395398, 1212395398
 29466,    75,   82000000, 1311779380,        1, 1229779380, 1229779380
 29466,    76,   82000000, 1327508567,        1, 1245508567, 1245508567
 29466,    77,   82000000, 1342995810,        1, 1260995810, 1260995810
 29466,    78,   82000000, 1362937600,        1, 1280937600, 1280937600
 29466,    79,   82000000, 1382190623,        1, 1300190623, 1300190623
 29466,    80,   82000000, 1393567809,        1, 1311567809, 1311567809
 29466,    81,   82000000, 1407217539,        1, 1325217539, 1325217539
 29466,    82,   82000000, 1423871286,        1, 1341871286, 1341871286
 29466,    83,   82000000, 1436464726,        1, 1354464726, 1354464726
 29466,    84,   82000000, 1448950910,        1, 1366950910, 1366950910
 29466,    85,   82000000, 1466186379,        1, 1384186379, 1384186379
 29466,    86,   82000000, 1481749848,        1, 1399749848, 1399749848
 29466,    87,   82000000, 1499929246,        1, 1417929246, 1417929246
 29466,    88,   82000000, 1516539721,        1, 1434539721, 1434539721
 29466,    89,   82000000, 1536334870,        1, 1454334870, 1454334870
 29466,    90,   82000000, 1551811893,        1, 1469811893, 1469811893
 29466,    91,   82000000, 1570244623,        1, 1488244623, 1488244623
 29466,    92,   82000000, 1584391001,        1, 1502391001, 1502391001
 29466,    93,   82000000, 1599061330,        1, 1517061330, 1517061330
 29466,    94,   82000000, 1616917844,        1, 1534917844, 1534917844
 29466,    95,   82000000, 1635897785,        1, 1553897785, 1553897785
 29466,    96,   82000000, 1654353431,        1, 1572353431, 1572353431
 29466,    97,   82000000, 1666146638,        1, 1584146638, 1584146638
 29466,    98,   82000000, 1681292052,        1, 1599292052, 1599292052
 29466,    99,   82000000, 1695339727,        1, 1613339727, 1613339727
 29466,   100,   82000000, 1717850364,        1, 1635850364, 1635850364
 29466,   101,   82000000, 1728359496,        1, 1646359496, 1646359496
 29466,   102,   82000000, 1744792793,        1, 1662792793, 1662792793
 29466,   103,   82000000, 1764226696,        1, 1682226696, 1682226696
 29466,   104,   82000000, 1780752859,        1, 1698752859, 1698752859
 29466,   105,   82000000, 1801315468,        1, 1719315468, 1719315468
 29466,   106,   82000000, 1817037814,        1, 1735037814, 1735037814
 29466,   107,   82000000, 1833911095,        1, 1751911095, 1751911095
 29466,   108,   82000000, 1848783462,        1, 1766783462, 1766783462
 29466,   109,   82000000, 1867695479,        1, 1785695479, 1785695479
 29466,   110,   82000000, 1885416275,        1, 1803416275, 1803416275
 29466,   111,   82000000, 1905058152,        1, 1823058152, 1823058152
 29466,   112,   82000000, 1920918629,        1, 1838918629, 1838918629
 29466,   113,   82000000, 1941948071,        1, 1859948071, 1859948071
 29466,   114,   82000000, 1959942424,        1, 1877942424, 1877942424
 29466,   115,   82000000, 1978607852,        1, 1896607852, 1896607852
# task NAME=myapp PID=29469 COST=44846000 PERIOD=87000000 CPU=0
 29469,     2,   87000000,      19009,        0,  -86980991,          0
 29469,     3,   87000000,     217147,        0,  -86782853,          0
 29469,     4,   87000000,   83690702,        0,   -3309298,          0
 29469,     5,   87000000,   81392891,        0,   -5607109,          0
 29469,     6,   87000000,   78399753,        0,   -8600247,          0
 29469,     7,   87000000,   80166507,        0,   -6833493,          0
 29469,     8,   87000000,   82735408,        0,   -4264592,          0
 29469,     9,   87000000,   84239191,        0,   -2760809,          0
 29469,    10,   87000000,   81334325,        0,   -5665675,          0
 29469,    11,   87000000,   76543396,        0,  -10456604,          0
 29469,    12,   87000000,   83402453,        0,   -3597547,          0
 29469,    13,   87000000,   81460714,        0,   -5539286,          0
 29469,    14,   87000000,   81366165,        0,   -5633835,          0
 29469,    15,   87000000,   81466842,        0,   -5533158,          0
 29469,    16,   87000000,   83395733,        0,   -3604267,          0
 29469,    17,   87000000,   82347160,        0,   -4652840,          0
 29469,    18,   87000000,   80411539,        0,   -6588461,          0
 29469,    19,   87000000,   82753241,        0,   -4246759,          0
 29469,    20,   87000000,   83620614,        0,   -3379386,          0
 29469,    21,   87000000,   80336090,        0,   -6663910,          0
 29469,    22,   87000000,   80314173,        0,   -6685827,          0
 29469,    23,   87000000,   84425466,        0,   -2574534,          0
 29469,    24,   87000000,   83691033,        0,   -3308967,          0
 29469,    25,   87000000,   82597194,        0,   -4402806,          0
 29469,    26,   87000000,   81639455,        0,   -5360545,          0
 29469,    27,   87000000,   80403428,        0,   -6596572,          0
 29469,    28,   87000000,   83627318,        0,   -3372682,          0
 29469,    29,   87000000,   82537152,        0,   -4462848,          0
 29469,    30,   87000000,   80722665,        0,   -6277335,          0
 29469,    31,   87000000,   77622787,        0,   -9377213,          0
 29469,    32,   87000000,   83201049,        0,   -3798951,          0
 29469,    33,   87000000,   82015813,        0,   -4984187,          0
 29469,    34,   87000000,   78491690,        0,   -8508310,          0
 29469,    35,   87000000,   79390985,        0,   -7609015,          0
 29469,    36,   87000000,   83240142,        0,   -3759858,          0
 29469,    37,   87000000,   84722173,        0,   -2277827,          0
 29469,    38,   87000000,   78045250,        0,   -8954750,          0
 29469,    39,   87000000,   82195123,        0,   -4804877,          0
 29469,    40,   87000000,   79008856,        0,   -7991144,          0
 29469,    41,   87000000,   84777627,        0,   -2222373,          0
 29469,    42,   87000000,   82112492,        0,   -4887508,          0
 29469,    43,   87000000,   82602121,        0,   -4397879,          0
 29469,    44,   87000000,   78911170,        0,   -8088830,          0
 29469,    45,   87000000,   81734099,        0,   -5265901,          0
 29469,    46,   87000000,   81301658,        0,   -5698342,          0
 29469,    47,   87000000,   79722650,        0,   -7277350,          0
 29469,    48,   87000000,   80536151,        0,   -6463849,          0
 29469,    49,   87000000,   84686564,        0,   -2313436,          0
 29469,    50,   87000000,   81048194,        0,   -5951806,          0
 29469,    51,   87000000,   79505669,        0,   -7494331,          0
 29469,    52,   87000000,   83160338,        0,   -3839662,          0
 29469,    53,   87000000,   84655064,        0,   -2344936,          0
 29469,    54,   87000000,   79704387,        0,   -7295613,          0
 29469,    55,   87000000,   79420771,        0,   -7579229,          0
 29469,    56,   87000000,   81650607,        0,   -5349393,          0
 29469,    57,   87000000,   81060934,        0,   -5939066,          0
 29469,    58,   87000000,   78459657,        0,   -8540343,          0
 29469,    59,   87000000,   82089277,        0,   -4910723,          0
 29469,    60,   87000000,   80772647,        0,   -6227353,          0
 29469,    61,   87000000,   81062127,        0,   -5937873,          0
 29469,    62,   87000000,   80417607,        0,   -6582393,          0
 29469,    63,   87000000,   82348629,        0,   -4651371,          0
 29469,    64,   87000000,   83610123,        0,   -3389877,          0
 29469,    65,   87000000,   84249544,        0,   -2750456,          0
 29469,    66,   87000000,   76941667,        0,  -10058333,          0
 29469,    67,   87000000,   82358617,        0,   -4641383,          0
 29469,    68,   87000000,   81867332,        0,   -5132668,          0
 29469,    69,   87000000,   83837565,        0,   -3162435,          0
 29469,    70,   87000000,   81236812,        0,   -5763188,          0
 29469,    71,   87000000,   82386880,        0,   -4613120,          0
 29469,    72,   87000000,   80395154,        0,   -6604846,          0
 29469,    73,   87000000,   84385696,        0,   -2614304,          0
 29469,    74,   87000000,   83297035,        0,   -3702965,          0
 29469,    75,   87000000,   79345270,        0,   -7654730,          0
 29469,    76,   87000000,   85343680,        0,   -1656320,          0
 29469,    77,   87000000,   85552795,        0,   -1447205,          0
 29469,    78,   87000000,   77483320,        0,   -9516680,          0
 29469,    79,   87000000,   82049290,        0,   -4950710,          0
 29469,    80,   87000000,   81747223,        0,   -5252777,          0
 29469,    81,   87000000,   84319398,        0,   -2680602,          0
 29469,    82,   87000000,   80261643,        0,   -6738357,          0
 29469,    83,   87000000,   82572558,        0,   -4427442,          0
 29469,    84,   87000000,   83099908,        0,   -3900092,          0
 29469,    85,   87000000,   83874614,        0,   -3125386,          0
 29469,    86,   87000000,   77827320,        0,   -9172680,          0
 29469,    87,   87000000,   79717471,        0,   -7282529,          0
 29469,    88,   87000000,   81082117,        0,   -5917883,          0
 29469,    89,   87000000,   80816157,        0,   -6183843,          0
 29469,    90,   87000000,   78041569,        0,   -8958431,          0
 29469,    91,   87000000,   80982198,        0,   -6017802,          0
 29469,    92,   87000000,   78029222,        0,   -8970778,          0
 29469,    93,   87000000,   80599081,        0,   -6400919,          0
 29469,    94,   87000000,   77488300,        0,   -9511700,          0
 29469,    95,   87000000,   77538977,        0,   -9461023,          0
 29469,    96,   87000000,   79799644,        0,   -7200356,          0
 29469,    97,   87000000,   84324317,        0,   -2675683,          0
 29469,    98,   87000000,   77581680,        0,   -9418320,          0
 29469,    99,   87000000,   81718343,        0,   -5281657,          0
 29469,   100,   87000000,   83617141,        0,   -3382859,          0
 29469,   101,   87000000,   81402218,        0,   -5597782,          0
 29469,   102,   87000000,   83301292,        0,   -3698708,          0
 29469,   103,   87000000,   79753116,        0,   -7246884,          0
 29469,   104,   87000000,   80602359,        0,   -6397641,          0
 29469,   105,   87000000,   84741903,        0,   -2258097,          0
 29469,   106,   87000000,   78819848,        0,   -8180152,          0
 29469,   107,   87000000,   79603496,        0,   -7396504,          0
 29469,   108,   87000000,   83217288,        0,   -3782712,          0
 29469,   109,   87000000,   84633463,        0,   -2366537,          0
 29469,   110,   87000000,   78042853,        0,   -8957147,          0
 29469,   111,   87000000,   77852782,        0,   -9147218,          0
 29469,   112,   87000000,   79822450,        0,   -7177550,          0
 29469,   113,   87000000,   84423642,        0,   -2576358,          0
 29469,   114,   87000000,   81556742,        0,   -5443258,          0
 29469,   115,   87000000,   79756210,        0,   -7243790,          0
 29469,   116,   87000000,   80594308,        0,   -6405692,          0
 29469,   117,   87000000,   84365821,        0,   -2634179,          0
 29469,   118,   87000000,   78265054,        0,   -8734946,          0
