# Task,   Job,     Period,   Response, DL Miss?,   Lateness,  Tardiness
# task NAME=myapp PID=7035 COST=6096000 PERIOD=56000000 CPU=0
  7035,     2,   56000000,       9572,        0,  -55990428,          0
  7035,     3,   56000000,      82992,        0,  -55917008,          0
  7035,     4,   56000000,    7913091,        0,  -48086909,          0
  7035,     5,   56000000,    7046743,        0,  -48953257,          0
  7035,     6,   56000000,    7083688,        0,  -48916312,          0
  7035,     7,   56000000,    7345734,        0,  -48654266,          0
  7035,     8,   56000000,    7161018,        0,  -48838982,          0
  7035,     9,   56000000,    6974166,        0,  -49025834,          0
  7035,    10,   56000000,    7830458,        0,  -48169542,          0
  7035,    11,   56000000,    7039654,        0,  -48960346,          0
  7035,    12,   56000000,    9391623,        0,  -46608377,          0
  7035,    13,   56000000,    7060916,        0,  -48939084,          0
  7035,    14,   56000000,    7208395,        0,  -48791605,          0
  7035,    15,   56000000,    7158460,        0,  -48841540,          0
  7035,    16,   56000000,    7026426,        0,  -48973574,          0
  7035,    17,   56000000,    7843012,        0,  -48156988,          0
  7035,    18,   56000000,    8014852,        0,  -47985148,          0
  7035,    19,   56000000,    7093823,        0,  -48906177,          0
  7035,    20,   56000000,    7224111,        0,  -48775889,          0
  7035,    21,   56000000,    7053614,        0,  -48946386,          0
  7035,    22,   56000000,    7105733,        0,  -48894267,          0
  7035,    23,   56000000,    7123847,        0,  -48876153,          0
  7035,    24,   56000000,    7288911,        0,  -48711089,          0
  7035,    25,   56000000,    7113369,        0,  -48886631,          0
  7035,    26,   56000000,    7830629,        0,  -48169371,          0
  7035,    27,   56000000,    7176753,        0,  -48823247,          0
  7035,    28,   56000000,    7032845,        0,  -48967155,          0
  7035,    29,   56000000,    7134918,        0,  -48865082,          0
  7035,    30,   56000000,    7200830,        0,  -48799170,          0
  7035,    31,   56000000,    7854494,        0,  -48145506,          0
  7035,    32,   56000000,    7291599,        0,  -48708401,          0
  7035,    33,   56000000,   11101052,        0,  -44898948,          0
  7035,    34,   56000000,    7425433,        0,  -48574567,          0
  7035,    35,   56000000,    7086989,        0,  -48913011,          0
  7035,    36,   56000000,    7117113,        0,  -48882887,          0
  7035,    37,   56000000,   11145917,        0,  -44854083,          0
  7035,    38,   56000000,    7103902,        0,  -48896098,          0
  7035,    39,   56000000,    7097290,        0,  -48902710,          0
  7035,    40,   56000000,    7542141,        0,  -48457859,          0
  7035,    41,   56000000,   11217285,        0,  -44782715,          0
  7035,    42,   56000000,   11088547,        0,  -44911453,          0
  7035,    43,   56000000,    7054856,        0,  -48945144,          0
  7035,    44,   56000000,    6956330,        0,  -49043670,          0
  7035,    45,   56000000,    7072490,        0,  -48927510,          0
  7035,    46,   56000000,    7017517,        0,  -48982483,          0
  7035,    47,   56000000,    7328800,        0,  -48671200,          0
  7035,    48,   56000000,    7424407,        0,  -48575593,          0
  7035,    49,   56000000,    7044651,        0,  -48955349,          0
  7035,    50,   56000000,    7134318,        0,  -48865682,          0
  7035,    51,   56000000,    7128409,        0,  -48871591,          0
  7035,    52,   56000000,   10338953,        0,  -45661047,          0
  7035,    53,   56000000,    7057797,        0,  -48942203,          0
  7035,    54,   56000000,   10683684,        0,  -45316316,          0
  7035,    55,   56000000,   11142368,        0,  -44857632,          0
  7035,    56,   56000000,   10865888,        0,  -45134112,          0
  7035,    57,   56000000,    7096471,        0,  -48903529,          0
  7035,    58,   56000000,    7811727,        0,  -48188273,          0
  7035,    59,   56000000,    7049109,        0,  -48950891,          0
  7035,    60,   56000000,    8521599,        0,  -47478401,          0
  7035,    61,   56000000,   11584579,        0,  -44415421,          0
  7035,    62,   56000000,    7650588,        0,  -48349412,          0
  7035,    63,   56000000,    7094896,        0,  -48905104,          0
  7035,    64,   56000000,   10315512,        0,  -45684488,          0
  7035,    65,   56000000,    7058709,        0,  -48941291,          0
  7035,    66,   56000000,    7162616,        0,  -48837384,          0
  7035,    67,   56000000,   10315501,        0,  -45684499,          0
  7035,    68,   56000000,    7079143,        0,  -48920857,          0
  7035,    69,   56000000,    7136991,        0,  -48863009,          0
  7035,    70,   56000000,    7063328,        0,  -48936672,          0
  7035,    71,   56000000,    7102239,        0,  -48897761,          0
  7035,    72,   56000000,    7113745,        0,  -48886255,          0
  7035,    73,   56000000,    7057146,        0,  -48942854,          0
  7035,    74,   56000000,    8292196,        0,  -47707804,          0
  7035,    75,   56000000,    7056786,        0,  -48943214,          0
  7035,    76,   56000000,   11501766,        0,  -44498234,          0
  7035,    77,   56000000,    7813639,        0,  -48186361,          0
  7035,    78,   56000000,    7607047,        0,  -48392953,          0
  7035,    79,   56000000,    7034319,        0,  -48965681,          0
  7035,    80,   56000000,    7091851,        0,  -48908149,          0
  7035,    81,   56000000,    7658218,        0,  -48341782,          0
  7035,    82,   56000000,    7462684,        0,  -48537316,          0
  7035,    83,   56000000,    7077917,        0,  -48922083,          0
  7035,    84,   56000000,    7065676,        0,  -48934324,          0
  7035,    85,   56000000,    9598123,        0,  -46401877,          0
  7035,    86,   56000000,   11149136,        0,  -44850864,          0
  7035,    87,   56000000,    7092491,        0,  -48907509,          0
  7035,    88,   56000000,    7834701,        0,  -48165299,          0
  7035,    89,   56000000,    7053172,        0,  -48946828,          0
  7035,    90,   56000000,    7820257,        0,  -48179743,          0
  7035,    91,   56000000,    7110163,        0,  -48889837,          0
  7035,    92,   56000000,    7105528,        0,  -48894472,          0
  7035,    93,   56000000,   10106262,        0,  -45893738,          0
  7035,    94,   56000000,    7585702,        0,  -48414298,          0
  7035,    95,   56000000,    7380457,        0,  -48619543,          0
  7035,    96,   56000000,    7094733,        0,  -48905267,          0
  7035,    97,   56000000,   11110037,        0,  -44889963,          0
  7035,    98,   56000000,    7901805,        0,  -48098195,          0
  7035,    99,   56000000,    6964887,        0,  -49035113,          0
  7035,   100,   56000000,   12126449,        0,  -43873551,          0
  7035,   101,   56000000,    7060706,        0,  -48939294,          0
  7035,   102,   56000000,    7077142,        0,  -48922858,          0
  7035,   103,   56000000,    7094108,        0,  -48905892,          0
  7035,   104,   56000000,    7082892,        0,  -48917108,          0
  7035,   105,   56000000,    7134740,        0,  -48865260,          0
  7035,   106,   56000000,    8877824,        0,  -47122176,          0
  7035,   107,   56000000,    6999162,        0,  -49000838,          0
  7035,   108,   56000000,   11944699,        0,  -44055301,          0
  7035,   109,   56000000,    7084974,        0,  -48915026,          0
  7035,   110,   56000000,   10987984,        0,  -45012016,          0
  7035,   111,   56000000,   12152789,        0,  -43847211,          0
  7035,   112,   56000000,    7100518,        0,  -48899482,          0
  7035,   113,   56000000,    7083694,        0,  -48916306,          0
  7035,   114,   56000000,    7040465,        0,  -48959535,          0
  7035,   115,   56000000,    7240111,        0,  -48759889,          0
  7035,   116,   56000000,    7300798,        0,  -48699202,          0
  7035,   117,   56000000,   10328344,        0,  -45671656,          0
  7035,   118,   56000000,   11548536,        0,  -44451464,          0
  7035,   119,   56000000,    7052585,        0,  -48947415,          0
  7035,   120,   56000000,   11098327,        0,  -44901673,          0
  7035,   121,   56000000,    7528385,        0,  -48471615,          0
  7035,   122,   56000000,    8131064,        0,  -47868936,          0
  7035,   123,   56000000,   11708062,        0,  -44291938,          0
  7035,   124,   56000000,    7089086,        0,  -48910914,          0
  7035,   125,   56000000,    7058875,        0,  -48941125,          0
  7035,   126,   56000000,    6989398,        0,  -49010602,          0
  7035,   127,   56000000,    7875893,        0,  -48124107,          0
  7035,   128,   56000000,    7114244,        0,  -48885756,          0
  7035,   129,   56000000,   10174756,        0,  -45825244,          0
  7035,   130,   56000000,   10079215,        0,  -45920785,          0
  7035,   131,   56000000,   11079774,        0,  -44920226,          0
  7035,   132,   56000000,    7038764,        0,  -48961236,          0
  7035,   133,   56000000,    7635962,        0,  -48364038,          0
  7035,   134,   56000000,    7391967,        0,  -48608033,          0
  7035,   135,   56000000,    7143888,        0,  -48856112,          0
  7035,   136,   56000000,    7135756,        0,  -48864244,          0
  7035,   137,   56000000,    7016503,        0,  -48983497,          0
  7035,   138,   56000000,    7150185,        0,  -48849815,          0
  7035,   139,   56000000,    8165179,        0,  -47834821,          0
  7035,   140,   56000000,    8263192,        0,  -47736808,          0
  7035,   141,   56000000,    7046621,        0,  -48953379,          0
  7035,   142,   56000000,    7129234,        0,  -48870766,          0
  7035,   143,   56000000,   13369433,        0,  -42630567,          0
  7035,   144,   56000000,    7261560,        0,  -48738440,          0
  7035,   145,   56000000,    7891327,        0,  -48108673,          0
  7035,   146,   56000000,    7107349,        0,  -48892651,          0
  7035,   147,   56000000,    7143115,        0,  -48856885,          0
  7035,   148,   56000000,    7617927,        0,  -48382073,          0
  7035,   149,   56000000,    7002195,        0,  -48997805,          0
  7035,   150,   56000000,    7869062,        0,  -48130938,          0
  7035,   151,   56000000,    7224520,        0,  -48775480,          0
  7035,   152,   56000000,   10177101,        0,  -45822899,          0
  7035,   153,   56000000,    7127148,        0,  -48872852,          0
  7035,   154,   56000000,    7281543,        0,  -48718457,          0
  7035,   155,   56000000,    7082885,        0,  -48917115,          0
  7035,   156,   56000000,    7092852,        0,  -48907148,          0
  7035,   157,   56000000,    7136725,        0,  -48863275,          0
  7035,   158,   56000000,    7855225,        0,  -48144775,          0
  7035,   159,   56000000,    7075894,        0,  -48924106,          0
  7035,   160,   56000000,    7120930,        0,  -48879070,          0
  7035,   161,   56000000,    7029548,        0,  -48970452,          0
  7035,   162,   56000000,    6995998,        0,  -49004002,          0
  7035,   163,   56000000,   10572880,        0,  -45427120,          0
  7035,   164,   56000000,   11887301,        0,  -44112699,          0
  7035,   165,   56000000,    7171820,        0,  -48828180,          0
  7035,   166,   56000000,    7032712,        0,  -48967288,          0
  7035,   167,   56000000,    7065767,        0,  -48934233,          0
  7035,   168,   56000000,    7090884,        0,  -48909116,          0
  7035,   169,   56000000,    7063155,        0,  -48936845,          0
  7035,   170,   56000000,    7805706,        0,  -48194294,          0
  7035,   171,   56000000,    7840409,        0,  -48159591,          0
  7035,   172,   56000000,    7346504,        0,  -48653496,          0
  7035,   173,   56000000,    7072875,        0,  -48927125,          0
  7035,   174,   56000000,    7118707,        0,  -48881293,          0
  7035,   175,   56000000,    6762023,        0,  -49237977,          0
  7035,   176,   56000000,    7090934,        0,  -48909066,          0
  7035,   177,   56000000,    7806993,        0,  -48193007,          0
  7035,   178,   56000000,   11660566,        0,  -44339434,          0
  7035,   179,   56000000,    7181822,        0,  -48818178,          0
  7035,   180,   56000000,    7131458,        0,  -48868542,          0
  7035,   181,   56000000,    9393221,        0,  -46606779,          0
  7035,   182,   56000000,    7561074,        0,  -48438926,          0
# task NAME=myapp PID=7039 COST=11618000 PERIOD=32000000 CPU=0
  7039,     2,   32000000,       9342,        0,  -31990658,          0
  7039,     3,   32000000,      99319,        0,  -31900681,          0
  7039,     4,   32000000,   18408353,        0,  -13591647,          0
  7039,     5,   32000000,   18212325,        0,  -13787675,          0
  7039,     6,   32000000,   18283745,        0,  -13716255,          0
  7039,     7,   32000000,   18284621,        0,  -13715379,          0
  7039,     8,   32000000,   18355036,        0,  -13644964,          0
  7039,     9,   32000000,   17992983,        0,  -14007017,          0
  7039,    10,   32000000,   17419497,        0,  -14580503,          0
  7039,    11,   32000000,   19426388,        0,  -12573612,          0
  7039,    12,   32000000,   17489920,        0,  -14510080,          0
  7039,    13,   32000000,   18403072,        0,  -13596928,          0
  7039,    14,   32000000,   17621515,        0,  -14378485,          0
  7039,    15,   32000000,   18357238,        0,  -13642762,          0
  7039,    16,   32000000,   17440112,        0,  -14559888,          0
  7039,    17,   32000000,   18350449,        0,  -13649551,          0
  7039,    18,   32000000,   18280355,        0,  -13719645,          0
  7039,    19,   32000000,   15522799,        0,  -16477201,          0
  7039,    20,   32000000,   18251708,        0,  -13748292,          0
  7039,    21,   32000000,   17358785,        0,  -14641215,          0
  7039,    22,   32000000,   15513919,        0,  -16486081,          0
  7039,    23,   32000000,   17565662,        0,  -14434338,          0
  7039,    24,   32000000,   16213018,        0,  -15786982,          0
  7039,    25,   32000000,   18311337,        0,  -13688663,          0
  7039,    26,   32000000,   18529932,        0,  -13470068,          0
  7039,    27,   32000000,   17912912,        0,  -14087088,          0
  7039,    28,   32000000,   17400120,        0,  -14599880,          0
  7039,    29,   32000000,   17888720,        0,  -14111280,          0
  7039,    30,   32000000,   17526504,        0,  -14473496,          0
  7039,    31,   32000000,   18362988,        0,  -13637012,          0
  7039,    32,   32000000,   17985284,        0,  -14014716,          0
  7039,    33,   32000000,   18623163,        0,  -13376837,          0
  7039,    34,   32000000,   18832291,        0,  -13167709,          0
  7039,    35,   32000000,   18388765,        0,  -13611235,          0
  7039,    36,   32000000,   18432264,        0,  -13567736,          0
  7039,    37,   32000000,   19328624,        0,  -12671376,          0
  7039,    38,   32000000,   17954387,        0,  -14045613,          0
  7039,    39,   32000000,   17710449,        0,  -14289551,          0
  7039,    40,   32000000,   19094513,        0,  -12905487,          0
  7039,    41,   32000000,   18405200,        0,  -13594800,          0
  7039,    42,   32000000,   18369777,        0,  -13630223,          0
  7039,    43,   32000000,   18269056,        0,  -13730944,          0
  7039,    44,   32000000,   18034844,        0,  -13965156,          0
  7039,    45,   32000000,   18555692,        0,  -13444308,          0
  7039,    46,   32000000,   18402636,        0,  -13597364,          0
  7039,    47,   32000000,   18441330,        0,  -13558670,          0
  7039,    48,   32000000,   17543359,        0,  -14456641,          0
  7039,    49,   32000000,   19110725,        0,  -12889275,          0
  7039,    50,   32000000,   17512517,        0,  -14487483,          0
  7039,    51,   32000000,   17392575,        0,  -14607425,          0
  7039,    52,   32000000,   18333200,        0,  -13666800,          0
  7039,    53,   32000000,   17539847,        0,  -14460153,          0
  7039,    54,   32000000,   18577838,        0,  -13422162,          0
  7039,    55,   32000000,   17616850,        0,  -14383150,          0
  7039,    56,   32000000,   17382042,        0,  -14617958,          0
  7039,    57,   32000000,   19296596,        0,  -12703404,          0
  7039,    58,   32000000,   17464922,        0,  -14535078,          0
  7039,    59,   32000000,   18376678,        0,  -13623322,          0
  7039,    60,   32000000,   18433174,        0,  -13566826,          0
  7039,    61,   32000000,   21525912,        0,  -10474088,          0
  7039,    62,   32000000,   17446032,        0,  -14553968,          0
  7039,    63,   32000000,   18403138,        0,  -13596862,          0
  7039,    64,   32000000,   16489236,        0,  -15510764,          0
  7039,    65,   32000000,   17443638,        0,  -14556362,          0
  7039,    66,   32000000,   17475630,        0,  -14524370,          0
  7039,    67,   32000000,   18280565,        0,  -13719435,          0
  7039,    68,   32000000,   21655889,        0,  -10344111,          0
  7039,    69,   32000000,   18375094,        0,  -13624906,          0
  7039,    70,   32000000,   17386117,        0,  -14613883,          0
  7039,    71,   32000000,   19071597,        0,  -12928403,          0
  7039,    72,   32000000,   18524140,        0,  -13475860,          0
  7039,    73,   32000000,   18345660,        0,  -13654340,          0
  7039,    74,   32000000,   18444535,        0,  -13555465,          0
  7039,    75,   32000000,   18034012,        0,  -13965988,          0
  7039,    76,   32000000,   18444904,        0,  -13555096,          0
  7039,    77,   32000000,   18919301,        0,  -13080699,          0
  7039,    78,   32000000,   14724190,        0,  -17275810,          0
  7039,    79,   32000000,   18366007,        0,  -13633993,          0
  7039,    80,   32000000,   16033625,        0,  -15966375,          0
  7039,    81,   32000000,   18400154,        0,  -13599846,          0
  7039,    82,   32000000,   17600650,        0,  -14399350,          0
  7039,    83,   32000000,   19145633,        0,  -12854367,          0
  7039,    84,   32000000,   23373889,        0,   -8626111,          0
  7039,    85,   32000000,   15995581,        0,  -16004419,          0
  7039,    86,   32000000,   18412143,        0,  -13587857,          0
  7039,    87,   32000000,   18368995,        0,  -13631005,          0
  7039,    88,   32000000,   18486840,        0,  -13513160,          0
  7039,    89,   32000000,   21612827,        0,  -10387173,          0
  7039,    90,   32000000,   18612485,        0,  -13387515,          0
  7039,    91,   32000000,   18278193,        0,  -13721807,          0
  7039,    92,   32000000,   17454251,        0,  -14545749,          0
  7039,    93,   32000000,   18421445,        0,  -13578555,          0
  7039,    94,   32000000,   18723503,        0,  -13276497,          0
  7039,    95,   32000000,   18394440,        0,  -13605560,          0
  7039,    96,   32000000,   17444823,        0,  -14555177,          0
  7039,    97,   32000000,   14919412,        0,  -17080588,          0
  7039,    98,   32000000,   17739622,        0,  -14260378,          0
  7039,    99,   32000000,   19052559,        0,  -12947441,          0
  7039,   100,   32000000,   18931162,        0,  -13068838,          0
  7039,   101,   32000000,   18359468,        0,  -13640532,          0
  7039,   102,   32000000,   18357233,        0,  -13642767,          0
  7039,   103,   32000000,   18364759,        0,  -13635241,          0
  7039,   104,   32000000,   19103050,        0,  -12896950,          0
  7039,   105,   32000000,   22377090,        0,   -9622910,          0
  7039,   106,   32000000,   15606553,        0,  -16393447,          0
  7039,   107,   32000000,   21467642,        0,  -10532358,          0
  7039,   108,   32000000,   18362487,        0,  -13637513,          0
  7039,   109,   32000000,   18269632,        0,  -13730368,          0
  7039,   110,   32000000,   17512121,        0,  -14487879,          0
  7039,   111,   32000000,   17973266,        0,  -14026734,          0
  7039,   112,   32000000,   18390662,        0,  -13609338,          0
  7039,   113,   32000000,   17459933,        0,  -14540067,          0
  7039,   114,   32000000,   17931178,        0,  -14068822,          0
  7039,   115,   32000000,   21727581,        0,  -10272419,          0
  7039,   116,   32000000,   18066595,        0,  -13933405,          0
  7039,   117,   32000000,   17435583,        0,  -14564417,          0
  7039,   118,   32000000,   18360863,        0,  -13639137,          0
  7039,   119,   32000000,   18263387,        0,  -13736613,          0
  7039,   120,   32000000,   18448983,        0,  -13551017,          0
  7039,   121,   32000000,   17519359,        0,  -14480641,          0
  7039,   122,   32000000,   17469543,        0,  -14530457,          0
  7039,   123,   32000000,   17495667,        0,  -14504333,          0
  7039,   124,   32000000,   17475161,        0,  -14524839,          0
  7039,   125,   32000000,   19081275,        0,  -12918725,          0
  7039,   126,   32000000,   18364391,        0,  -13635609,          0
  7039,   127,   32000000,   16383476,        0,  -15616524,          0
  7039,   128,   32000000,   18147626,        0,  -13852374,          0
  7039,   129,   32000000,   17372528,        0,  -14627472,          0
  7039,   130,   32000000,   17515505,        0,  -14484495,          0
  7039,   131,   32000000,   19124177,        0,  -12875823,          0
  7039,   132,   32000000,   17392563,        0,  -14607437,          0
  7039,   133,   32000000,   18390417,        0,  -13609583,          0
  7039,   134,   32000000,   18364634,        0,  -13635366,          0
  7039,   135,   32000000,   18348898,        0,  -13651102,          0
  7039,   136,   32000000,   18236213,        0,  -13763787,          0
  7039,   137,   32000000,   18395102,        0,  -13604898,          0
  7039,   138,   32000000,   18403213,        0,  -13596787,          0
  7039,   139,   32000000,   18989523,        0,  -13010477,          0
  7039,   140,   32000000,   18378039,        0,  -13621961,          0
  7039,   141,   32000000,   17411832,        0,  -14588168,          0
  7039,   142,   32000000,   18421312,        0,  -13578688,          0
  7039,   143,   32000000,   17871997,        0,  -14128003,          0
  7039,   144,   32000000,   21499127,        0,  -10500873,          0
  7039,   145,   32000000,   21463585,        0,  -10536415,          0
  7039,   146,   32000000,   17592135,        0,  -14407865,          0
  7039,   147,   32000000,   17620089,        0,  -14379911,          0
  7039,   148,   32000000,   15559973,        0,  -16440027,          0
  7039,   149,   32000000,   18123489,        0,  -13876511,          0
  7039,   150,   32000000,   18363067,        0,  -13636933,          0
  7039,   151,   32000000,   18465645,        0,  -13534355,          0
  7039,   152,   32000000,   19074319,        0,  -12925681,          0
  7039,   153,   32000000,   18435490,        0,  -13564510,          0
  7039,   154,   32000000,   19309655,        0,  -12690345,          0
  7039,   155,   32000000,   18236842,        0,  -13763158,          0
  7039,   156,   32000000,   18373669,        0,  -13626331,          0
  7039,   157,   32000000,   17519555,        0,  -14480445,          0
  7039,   158,   32000000,   18680805,        0,  -13319195,          0
  7039,   159,   32000000,   18507154,        0,  -13492846,          0
  7039,   160,   32000000,   18411077,        0,  -13588923,          0
  7039,   161,   32000000,   18313318,        0,  -13686682,          0
  7039,   162,   32000000,   18569300,        0,  -13430700,          0
  7039,   163,   32000000,   18395617,        0,  -13604383,          0
  7039,   164,   32000000,   18349035,        0,  -13650965,          0
  7039,   165,   32000000,   18797506,        0,  -13202494,          0
  7039,   166,   32000000,   17716606,        0,  -14283394,          0
  7039,   167,   32000000,   18323169,        0,  -13676831,          0
  7039,   168,   32000000,   17455869,        0,  -14544131,          0
  7039,   169,   32000000,   18333406,        0,  -13666594,          0
  7039,   170,   32000000,   17424888,        0,  -14575112,          0
  7039,   171,   32000000,   17335254,        0,  -14664746,          0
  7039,   172,   32000000,   22434688,        0,   -9565312,          0
  7039,   173,   32000000,   17473015,        0,  -14526985,          0
  7039,   174,   32000000,   17489631,        0,  -14510369,          0
  7039,   175,   32000000,   18464718,        0,  -13535282,          0
  7039,   176,   32000000,   15220875,        0,  -16779125,          0
  7039,   177,   32000000,   18421761,        0,  -13578239,          0
  7039,   178,   32000000,   18307182,        0,  -13692818,          0
  7039,   179,   32000000,   22366092,        0,   -9633908,          0
  7039,   180,   32000000,   18346343,        0,  -13653657,          0
  7039,   181,   32000000,   18319235,        0,  -13680765,          0
  7039,   182,   32000000,   15431358,        0,  -16568642,          0
  7039,   183,   32000000,   17838011,        0,  -14161989,          0
  7039,   184,   32000000,   18338938,        0,  -13661062,          0
  7039,   185,   32000000,   18358315,        0,  -13641685,          0
  7039,   186,   32000000,   17482745,        0,  -14517255,          0
  7039,   187,   32000000,   22372053,        0,   -9627947,          0
  7039,   188,   32000000,   18319700,        0,  -13680300,          0
  7039,   189,   32000000,   18674623,        0,  -13325377,          0
  7039,   190,   32000000,   19216820,        0,  -12783180,          0
  7039,   191,   32000000,   18539813,        0,  -13460187,          0
  7039,   192,   32000000,   19077595,        0,  -12922405,          0
  7039,   193,   32000000,   18642322,        0,  -13357678,          0
  7039,   194,   32000000,   19056524,        0,  -12943476,          0
  7039,   195,   32000000,   18370042,        0,  -13629958,          0
  7039,   196,   32000000,   18389160,        0,  -13610840,          0
  7039,   197,   32000000,   18184696,        0,  -13815304,          0
  7039,   198,   32000000,   17627009,        0,  -14372991,          0
  7039,   199,   32000000,   18369186,        0,  -13630814,          0
  7039,   200,   32000000,   15435020,        0,  -16564980,          0
  7039,   201,   32000000,   18315156,        0,  -13684844,          0
  7039,   202,   32000000,   15913086,        0,  -16086914,          0
  7039,   203,   32000000,   15430050,        0,  -16569950,          0
  7039,   204,   32000000,   18640851,        0,  -13359149,          0
  7039,   205,   32000000,   19376795,        0,  -12623205,          0
  7039,   206,   32000000,   18344317,        0,  -13655683,          0
  7039,   207,   32000000,   19216913,        0,  -12783087,          0
  7039,   208,   32000000,   21489911,        0,  -10510089,          0
  7039,   209,   32000000,   18924493,        0,  -13075507,          0
  7039,   210,   32000000,   18887129,        0,  -13112871,          0
  7039,   211,   32000000,   18245403,        0,  -13754597,          0
  7039,   212,   32000000,   18461443,        0,  -13538557,          0
  7039,   213,   32000000,   21469998,        0,  -10530002,          0
  7039,   214,   32000000,   18240755,        0,  -13759245,          0
  7039,   215,   32000000,   18320352,        0,  -13679648,          0
  7039,   216,   32000000,   17384964,        0,  -14615036,          0
  7039,   217,   32000000,   18419289,        0,  -13580711,          0
  7039,   218,   32000000,   17825932,        0,  -14174068,          0
  7039,   219,   32000000,   18344912,        0,  -13655088,          0
  7039,   220,   32000000,   18440633,        0,  -13559367,          0
  7039,   221,   32000000,   18484898,        0,  -13515102,          0
  7039,   222,   32000000,   18321351,        0,  -13678649,          0
  7039,   223,   32000000,   17560381,        0,  -14439619,          0
  7039,   224,   32000000,   18311785,        0,  -13688215,          0
  7039,   225,   32000000,   14959816,        0,  -17040184,          0
  7039,   226,   32000000,   18328283,        0,  -13671717,          0
  7039,   227,   32000000,   22352464,        0,   -9647536,          0
  7039,   228,   32000000,   18433221,        0,  -13566779,          0
  7039,   229,   32000000,   18338843,        0,  -13661157,          0
  7039,   230,   32000000,   19534944,        0,  -12465056,          0
  7039,   231,   32000000,   17413498,        0,  -14586502,          0
  7039,   232,   32000000,   18439196,        0,  -13560804,          0
  7039,   233,   32000000,   17523359,        0,  -14476641,          0
  7039,   234,   32000000,   18398767,        0,  -13601233,          0
  7039,   235,   32000000,   18388948,        0,  -13611052,          0
  7039,   236,   32000000,   19261873,        0,  -12738127,          0
  7039,   237,   32000000,   18314326,        0,  -13685674,          0
  7039,   238,   32000000,   18435133,        0,  -13564867,          0
  7039,   239,   32000000,   18112511,        0,  -13887489,          0
  7039,   240,   32000000,   18476153,        0,  -13523847,          0
  7039,   241,   32000000,   18253454,        0,  -13746546,          0
  7039,   242,   32000000,   18508729,        0,  -13491271,          0
  7039,   243,   32000000,   18341190,        0,  -13658810,          0
  7039,   244,   32000000,   19193366,        0,  -12806634,          0
  7039,   245,   32000000,   15560154,        0,  -16439846,          0
  7039,   246,   32000000,   18354355,        0,  -13645645,          0
  7039,   247,   32000000,   18417403,        0,  -13582597,          0
  7039,   248,   32000000,   21922269,        0,  -10077731,          0
  7039,   249,   32000000,   17480676,        0,  -14519324,          0
  7039,   250,   32000000,   18345618,        0,  -13654382,          0
  7039,   251,   32000000,   15953651,        0,  -16046349,          0
  7039,   252,   32000000,   18612840,        0,  -13387160,          0
  7039,   253,   32000000,   14980480,        0,  -17019520,          0
  7039,   254,   32000000,   18351962,        0,  -13648038,          0
  7039,   255,   32000000,   17739345,        0,  -14260655,          0
  7039,   256,   32000000,   18222322,        0,  -13777678,          0
  7039,   257,   32000000,   18319164,        0,  -13680836,          0
  7039,   258,   32000000,   19612326,        0,  -12387674,          0
  7039,   259,   32000000,   18388896,        0,  -13611104,          0
  7039,   260,   32000000,   18629871,        0,  -13370129,          0
  7039,   261,   32000000,   18419086,        0,  -13580914,          0
  7039,   262,   32000000,   18063566,        0,  -13936434,          0
  7039,   263,   32000000,   18417738,        0,  -13582262,          0
  7039,   264,   32000000,   18416184,        0,  -13583816,          0
  7039,   265,   32000000,   17491139,        0,  -14508861,          0
  7039,   266,   32000000,   18316747,        0,  -13683253,          0
  7039,   267,   32000000,   18451403,        0,  -13548597,          0
  7039,   268,   32000000,   18340446,        0,  -13659554,          0
  7039,   269,   32000000,   18368622,        0,  -13631378,          0
  7039,   270,   32000000,   18429412,        0,  -13570588,          0
  7039,   271,   32000000,   16015463,        0,  -15984537,          0
  7039,   272,   32000000,   18336134,        0,  -13663866,          0
  7039,   273,   32000000,   18447811,        0,  -13552189,          0
  7039,   274,   32000000,   17547388,        0,  -14452612,          0
  7039,   275,   32000000,   18358382,        0,  -13641618,          0
  7039,   276,   32000000,   18426740,        0,  -13573260,          0
  7039,   277,   32000000,   18264857,        0,  -13735143,          0
  7039,   278,   32000000,   19129715,        0,  -12870285,          0
  7039,   279,   32000000,   19127215,        0,  -12872785,          0
  7039,   280,   32000000,   18599243,        0,  -13400757,          0
  7039,   281,   32000000,   17516083,        0,  -14483917,          0
  7039,   282,   32000000,   18273030,        0,  -13726970,          0
  7039,   283,   32000000,   22528617,        0,   -9471383,          0
  7039,   284,   32000000,   18388338,        0,  -13611662,          0
  7039,   285,   32000000,   18306090,        0,  -13693910,          0
  7039,   286,   32000000,   17527806,        0,  -14472194,          0
  7039,   287,   32000000,   19232915,        0,  -12767085,          0
  7039,   288,   32000000,   18353393,        0,  -13646607,          0
  7039,   289,   32000000,   17471310,        0,  -14528690,          0
  7039,   290,   32000000,   18501142,        0,  -13498858,          0
  7039,   291,   32000000,   18338537,        0,  -13661463,          0
  7039,   292,   32000000,   17626132,        0,  -14373868,          0
  7039,   293,   32000000,   17679803,        0,  -14320197,          0
  7039,   294,   32000000,   17435010,        0,  -14564990,          0
  7039,   295,   32000000,   16245564,        0,  -15754436,          0
  7039,   296,   32000000,   18340355,        0,  -13659645,          0
  7039,   297,   32000000,   21324043,        0,  -10675957,          0
  7039,   298,   32000000,   15544350,        0,  -16455650,          0
  7039,   299,   32000000,   18437507,        0,  -13562493,          0
  7039,   300,   32000000,   18905877,        0,  -13094123,          0
  7039,   301,   32000000,   17628377,        0,  -14371623,          0
  7039,   302,   32000000,   18368242,        0,  -13631758,          0
  7039,   303,   32000000,   17428323,        0,  -14571677,          0
  7039,   304,   32000000,   18250231,        0,  -13749769,          0
  7039,   305,   32000000,   18259169,        0,  -13740831,          0
  7039,   306,   32000000,   19118268,        0,  -12881732,          0
  7039,   307,   32000000,   19218811,        0,  -12781189,          0
  7039,   308,   32000000,   15545478,        0,  -16454522,          0
  7039,   309,   32000000,   18350249,        0,  -13649751,          0
  7039,   310,   32000000,   18736398,        0,  -13263602,          0
  7039,   311,   32000000,   18164440,        0,  -13835560,          0
  7039,   312,   32000000,   18277049,        0,  -13722951,          0
  7039,   313,   32000000,   21355382,        0,  -10644618,          0
  7039,   314,   32000000,   17455792,        0,  -14544208,          0
  7039,   315,   32000000,   22246849,        0,   -9753151,          0
  7039,   316,   32000000,   18372637,        0,  -13627363,          0
# task NAME=myapp PID=7042 COST=18804000 PERIOD=85000000 CPU=0
  7042,     2,   85000000,       7254,        0,  -84992746,          0
  7042,     3,   85000000,      92399,        0,  -84907601,          0
  7042,     4,   85000000,   28708173,        0,  -56291827,          0
  7042,     5,   85000000,   31536899,        0,  -53463101,          0
  7042,     6,   85000000,   31316932,        0,  -53683068,          0
  7042,     7,   85000000,   27759786,        0,  -57240214,          0
  7042,     8,   85000000,   29402951,        0,  -55597049,          0
  7042,     9,   85000000,   31688157,        0,  -53311843,          0
  7042,    10,   85000000,   31335343,        0,  -53664657,          0
  7042,    11,   85000000,   31099733,        0,  -53900267,          0
  7042,    12,   85000000,   29244844,        0,  -55755156,          0
  7042,    13,   85000000,   31523292,        0,  -53476708,          0
  7042,    14,   85000000,   28653499,        0,  -56346501,          0
  7042,    15,   85000000,   29387695,        0,  -55612305,          0
  7042,    16,   85000000,   29640706,        0,  -55359294,          0
  7042,    17,   85000000,   32333993,        0,  -52666007,          0
  7042,    18,   85000000,   32065603,        0,  -52934397,          0
  7042,    19,   85000000,   31207123,        0,  -53792877,          0
  7042,    20,   85000000,   30458193,        0,  -54541807,          0
  7042,    21,   85000000,   28574037,        0,  -56425963,          0
  7042,    22,   85000000,   31429352,        0,  -53570648,          0
  7042,    23,   85000000,   30234288,        0,  -54765712,          0
  7042,    24,   85000000,   30256002,        0,  -54743998,          0
  7042,    25,   85000000,   33227771,        0,  -51772229,          0
  7042,    26,   85000000,   31642703,        0,  -53357297,          0
  7042,    27,   85000000,   31237778,        0,  -53762222,          0
  7042,    28,   85000000,   28430677,        0,  -56569323,          0
  7042,    29,   85000000,   34055490,        0,  -50944510,          0
  7042,    30,   85000000,   32182530,        0,  -52817470,          0
  7042,    31,   85000000,   31155270,        0,  -53844730,          0
  7042,    32,   85000000,   30022944,        0,  -54977056,          0
  7042,    33,   85000000,   35346001,        0,  -49653999,          0
  7042,    34,   85000000,   32176955,        0,  -52823045,          0
  7042,    35,   85000000,   33341704,        0,  -51658296,          0
  7042,    36,   85000000,   32443043,        0,  -52556957,          0
  7042,    37,   85000000,   28771152,        0,  -56228848,          0
  7042,    38,   85000000,   31337450,        0,  -53662550,          0
  7042,    39,   85000000,   30515063,        0,  -54484937,          0
  7042,    40,   85000000,   32391647,        0,  -52608353,          0
  7042,    41,   85000000,   32147970,        0,  -52852030,          0
  7042,    42,   85000000,   31660050,        0,  -53339950,          0
  7042,    43,   85000000,   29418377,        0,  -55581623,          0
  7042,    44,   85000000,   33459271,        0,  -51540729,          0
  7042,    45,   85000000,   35473184,        0,  -49526816,          0
  7042,    46,   85000000,   32240459,        0,  -52759541,          0
  7042,    47,   85000000,   31190638,        0,  -53809362,          0
  7042,    48,   85000000,   29419548,        0,  -55580452,          0
  7042,    49,   85000000,   32430583,        0,  -52569417,          0
  7042,    50,   85000000,   28704173,        0,  -56295827,          0
  7042,    51,   85000000,   30994116,        0,  -54005884,          0
  7042,    52,   85000000,   30754901,        0,  -54245099,          0
  7042,    53,   85000000,   32386559,        0,  -52613441,          0
  7042,    54,   85000000,   31253917,        0,  -53746083,          0
  7042,    55,   85000000,   30271335,        0,  -54728665,          0
  7042,    56,   85000000,   33373208,        0,  -51626792,          0
  7042,    57,   85000000,   32357408,        0,  -52642592,          0
  7042,    58,   85000000,   32210949,        0,  -52789051,          0
  7042,    59,   85000000,   31198037,        0,  -53801963,          0
  7042,    60,   85000000,   32576084,        0,  -52423916,          0
  7042,    61,   85000000,   32343491,        0,  -52656509,          0
  7042,    62,   85000000,   32194582,        0,  -52805418,          0
  7042,    63,   85000000,   31222372,        0,  -53777628,          0
  7042,    64,   85000000,   29651601,        0,  -55348399,          0
  7042,    65,   85000000,   28672688,        0,  -56327312,          0
  7042,    66,   85000000,   31375858,        0,  -53624142,          0
  7042,    67,   85000000,   33415973,        0,  -51584027,          0
  7042,    68,   85000000,   28558671,        0,  -56441329,          0
  7042,    69,   85000000,   32463212,        0,  -52536788,          0
  7042,    70,   85000000,   30570013,        0,  -54429987,          0
  7042,    71,   85000000,   33346863,        0,  -51653137,          0
  7042,    72,   85000000,   30252020,        0,  -54747980,          0
  7042,    73,   85000000,   35527158,        0,  -49472842,          0
  7042,    74,   85000000,   30366983,        0,  -54633017,          0
  7042,    75,   85000000,   31856239,        0,  -53143761,          0
  7042,    76,   85000000,   28417502,        0,  -56582498,          0
  7042,    77,   85000000,   31571883,        0,  -53428117,          0
  7042,    78,   85000000,   30518012,        0,  -54481988,          0
  7042,    79,   85000000,   30576886,        0,  -54423114,          0
  7042,    80,   85000000,   28628075,        0,  -56371925,          0
  7042,    81,   85000000,   32534953,        0,  -52465047,          0
  7042,    82,   85000000,   32875920,        0,  -52124080,          0
  7042,    83,   85000000,   32132152,        0,  -52867848,          0
  7042,    84,   85000000,   28456033,        0,  -56543967,          0
  7042,    85,   85000000,   32021849,        0,  -52978151,          0
  7042,    86,   85000000,   30681453,        0,  -54318547,          0
  7042,    87,   85000000,   31286148,        0,  -53713852,          0
  7042,    88,   85000000,   30211299,        0,  -54788701,          0
  7042,    89,   85000000,   33072273,        0,  -51927727,          0
  7042,    90,   85000000,   32978070,        0,  -52021930,          0
  7042,    91,   85000000,   29438498,        0,  -55561502,          0
  7042,    92,   85000000,   32360820,        0,  -52639180,          0
  7042,    93,   85000000,   32027237,        0,  -52972763,          0
  7042,    94,   85000000,   32233211,        0,  -52766789,          0
  7042,    95,   85000000,   30379612,        0,  -54620388,          0
  7042,    96,   85000000,   30198232,        0,  -54801768,          0
  7042,    97,   85000000,   31477529,        0,  -53522471,          0
  7042,    98,   85000000,   28581869,        0,  -56418131,          0
  7042,    99,   85000000,   30469382,        0,  -54530618,          0
  7042,   100,   85000000,   33206363,        0,  -51793637,          0
  7042,   101,   85000000,   35433004,        0,  -49566996,          0
  7042,   102,   85000000,   32233059,        0,  -52766941,          0
  7042,   103,   85000000,   30979968,        0,  -54020032,          0
  7042,   104,   85000000,   32458457,        0,  -52541543,          0
  7042,   105,   85000000,   32214523,        0,  -52785477,          0
  7042,   106,   85000000,   31846850,        0,  -53153150,          0
  7042,   107,   85000000,   31039425,        0,  -53960575,          0
  7042,   108,   85000000,   29787535,        0,  -55212465,          0
  7042,   109,   85000000,   33222503,        0,  -51777497,          0
  7042,   110,   85000000,   31529502,        0,  -53470498,          0
  7042,   111,   85000000,   29535746,        0,  -55464254,          0
  7042,   112,   85000000,   29989590,        0,  -55010410,          0
  7042,   113,   85000000,   32474058,        0,  -52525942,          0
  7042,   114,   85000000,   31115704,        0,  -53884296,          0
  7042,   115,   85000000,   27525584,        0,  -57474416,          0
  7042,   116,   85000000,   30969210,        0,  -54030790,          0
  7042,   117,   85000000,   31589065,        0,  -53410935,          0
  7042,   118,   85000000,   31987665,        0,  -53012335,          0
  7042,   119,   85000000,   31067164,        0,  -53932836,          0
  7042,   120,   85000000,   29536044,        0,  -55463956,          0
  7042,   121,   85000000,   32407746,        0,  -52592254,          0
# task NAME=myapp PID=7047 COST=6709000 PERIOD=29000000 CPU=0
  7047,     2,   29000000,      10928,        0,  -28989072,          0
  7047,     3,   29000000,      95869,        0,  -28904131,          0
  7047,     4,   29000000,    8677044,        0,  -20322956,          0
  7047,     5,   29000000,   11668488,        0,  -17331512,          0
  7047,     6,   29000000,   11140137,        0,  -17859863,          0
  7047,     7,   29000000,    9720364,        0,  -19279636,          0
  7047,     8,   29000000,    8666953,        0,  -20333047,          0
  7047,     9,   29000000,   11773873,        0,  -17226127,          0
  7047,    10,   29000000,   10643245,        0,  -18356755,          0
  7047,    11,   29000000,    9572850,        0,  -19427150,          0
  7047,    12,   29000000,    6800438,        0,  -22199562,          0
  7047,    13,   29000000,   11700067,        0,  -17299933,          0
  7047,    14,   29000000,   10739106,        0,  -18260894,          0
  7047,    15,   29000000,    9658857,        0,  -19341143,          0
  7047,    16,   29000000,   10514631,        0,  -18485369,          0
  7047,    17,   29000000,   12394261,        0,  -16605739,          0
  7047,    18,   29000000,   11013916,        0,  -17986084,          0
  7047,    19,   29000000,    8113393,        0,  -20886607,          0
  7047,    20,   29000000,    9409292,        0,  -19590708,          0
  7047,    21,   29000000,   11544142,        0,  -17455858,          0
  7047,    22,   29000000,   10787617,        0,  -18212383,          0
  7047,    23,   29000000,    9612287,        0,  -19387713,          0
  7047,    24,   29000000,    8683271,        0,  -20316729,          0
  7047,    25,   29000000,   11716835,        0,  -17283165,          0
  7047,    26,   29000000,   10643615,        0,  -18356385,          0
  7047,    27,   29000000,    9637568,        0,  -19362432,          0
  7047,    28,   29000000,    8756171,        0,  -20243829,          0
  7047,    29,   29000000,   12442984,        0,  -16557016,          0
  7047,    30,   29000000,   10696050,        0,  -18303950,          0
  7047,    31,   29000000,    7736904,        0,  -21263096,          0
  7047,    32,   29000000,    8714663,        0,  -20285337,          0
  7047,    33,   29000000,   11538198,        0,  -17461802,          0
  7047,    34,   29000000,    8193131,        0,  -20806869,          0
  7047,    35,   29000000,    9714320,        0,  -19285680,          0
  7047,    36,   29000000,    9142851,        0,  -19857149,          0
  7047,    37,   29000000,   11773356,        0,  -17226644,          0
  7047,    38,   29000000,    8671414,        0,  -20328586,          0
  7047,    39,   29000000,    9646314,        0,  -19353686,          0
  7047,    40,   29000000,    6821470,        0,  -22178530,          0
  7047,    41,   29000000,   12518242,        0,  -16481758,          0
  7047,    42,   29000000,   11542066,        0,  -17457934,          0
  7047,    43,   29000000,    9713090,        0,  -19286910,          0
  7047,    44,   29000000,    9410413,        0,  -19589587,          0
  7047,    45,   29000000,    8836200,        0,  -20163800,          0
  7047,    46,   29000000,    8668930,        0,  -20331070,          0
  7047,    47,   29000000,    9709474,        0,  -19290526,          0
  7047,    48,   29000000,    9474643,        0,  -19525357,          0
  7047,    49,   29000000,   11774797,        0,  -17225203,          0
  7047,    50,   29000000,    8712533,        0,  -20287467,          0
  7047,    51,   29000000,    9788992,        0,  -19211008,          0
  7047,    52,   29000000,    8669907,        0,  -20330093,          0
  7047,    53,   29000000,   11693381,        0,  -17306619,          0
  7047,    54,   29000000,   11461029,        0,  -17538971,          0
  7047,    55,   29000000,    7620768,        0,  -21379232,          0
  7047,    56,   29000000,    6713479,        0,  -22286521,          0
  7047,    57,   29000000,   12458794,        0,  -16541206,          0
  7047,    58,   29000000,    7756255,        0,  -21243745,          0
  7047,    59,   29000000,    7648693,        0,  -21351307,          0
  7047,    60,   29000000,    8689847,        0,  -20310153,          0
  7047,    61,   29000000,   11733080,        0,  -17266920,          0
  7047,    62,   29000000,   10809189,        0,  -18190811,          0
  7047,    63,   29000000,    9659198,        0,  -19340802,          0
  7047,    64,   29000000,    8692214,        0,  -20307786,          0
  7047,    65,   29000000,   11669254,        0,  -17330746,          0
  7047,    66,   29000000,   10669119,        0,  -18330881,          0
  7047,    67,   29000000,    9637189,        0,  -19362811,          0
  7047,    68,   29000000,    8645737,        0,  -20354263,          0
  7047,    69,   29000000,   11718494,        0,  -17281506,          0
  7047,    70,   29000000,    8721847,        0,  -20278153,          0
  7047,    71,   29000000,    9863912,        0,  -19136088,          0
  7047,    72,   29000000,    8643569,        0,  -20356431,          0
  7047,    73,   29000000,   12199739,        0,  -16800261,          0
  7047,    74,   29000000,   10655309,        0,  -18344691,          0
  7047,    75,   29000000,    9950362,        0,  -19049638,          0
  7047,    76,   29000000,    9418232,        0,  -19581768,          0
  7047,    77,   29000000,   11582971,        0,  -17417029,          0
  7047,    78,   29000000,   10677444,        0,  -18322556,          0
  7047,    79,   29000000,    9589401,        0,  -19410599,          0
  7047,    80,   29000000,    9017215,        0,  -19982785,          0
  7047,    81,   29000000,   11765300,        0,  -17234700,          0
  7047,    82,   29000000,    7772607,        0,  -21227393,          0
  7047,    83,   29000000,    9654515,        0,  -19345485,          0
  7047,    84,   29000000,    6639298,        0,  -22360702,          0
  7047,    85,   29000000,   12450004,        0,  -16549996,          0
  7047,    86,   29000000,    7858967,        0,  -21141033,          0
  7047,    87,   29000000,   10456199,        0,  -18543801,          0
  7047,    88,   29000000,    6865230,        0,  -22134770,          0
  7047,    89,   29000000,   11742727,        0,  -17257273,          0
  7047,    90,   29000000,   10660143,        0,  -18339857,          0
  7047,    91,   29000000,   10439074,        0,  -18560926,          0
  7047,    92,   29000000,    8774529,        0,  -20225471,          0
  7047,    93,   29000000,   11677724,        0,  -17322276,          0
  7047,    94,   29000000,   10934344,        0,  -18065656,          0
  7047,    95,   29000000,    9690401,        0,  -19309599,          0
  7047,    96,   29000000,    9432846,        0,  -19567154,          0
  7047,    97,   29000000,   11678732,        0,  -17321268,          0
  7047,    98,   29000000,    8197627,        0,  -20802373,          0
  7047,    99,   29000000,    9682730,        0,  -19317270,          0
  7047,   100,   29000000,    6818483,        0,  -22181517,          0
  7047,   101,   29000000,   11748145,        0,  -17251855,          0
  7047,   102,   29000000,   11398011,        0,  -17601989,          0
  7047,   103,   29000000,    9526351,        0,  -19473649,          0
  7047,   104,   29000000,    8693473,        0,  -20306527,          0
  7047,   105,   29000000,   11692068,        0,  -17307932,          0
  7047,   106,   29000000,   10644982,        0,  -18355018,          0
  7047,   107,   29000000,    8126047,        0,  -20873953,          0
  7047,   108,   29000000,    8662454,        0,  -20337546,          0
  7047,   109,   29000000,   12317284,        0,  -16682716,          0
  7047,   110,   29000000,   10727131,        0,  -18272869,          0
  7047,   111,   29000000,    7899605,        0,  -21100395,          0
  7047,   112,   29000000,    8694000,        0,  -20306000,          0
  7047,   113,   29000000,    9818433,        0,  -19181567,          0
  7047,   114,   29000000,   10726523,        0,  -18273477,          0
  7047,   115,   29000000,   12183195,        0,  -16816805,          0
  7047,   116,   29000000,    8651314,        0,  -20348686,          0
  7047,   117,   29000000,   11654338,        0,  -17345662,          0
  7047,   118,   29000000,   10731468,        0,  -18268532,          0
  7047,   119,   29000000,   10481577,        0,  -18518423,          0
  7047,   120,   29000000,    8728232,        0,  -20271768,          0
  7047,   121,   29000000,   11666033,        0,  -17333967,          0
  7047,   122,   29000000,   10653905,        0,  -18346095,          0
  7047,   123,   29000000,    9612852,        0,  -19387148,          0
  7047,   124,   29000000,    6593724,        0,  -22406276,          0
  7047,   125,   29000000,   11657760,        0,  -17342240,          0
  7047,   126,   29000000,   10649017,        0,  -18350983,          0
  7047,   127,   29000000,    9682358,        0,  -19317642,          0
  7047,   128,   29000000,    8380422,        0,  -20619578,          0
  7047,   129,   29000000,   11716532,        0,  -17283468,          0
  7047,   130,   29000000,   10654062,        0,  -18345938,          0
  7047,   131,   29000000,    9675346,        0,  -19324654,          0
  7047,   132,   29000000,    9545222,        0,  -19454778,          0
  7047,   133,   29000000,    8753808,        0,  -20246192,          0
  7047,   134,   29000000,   11489968,        0,  -17510032,          0
  7047,   135,   29000000,    9631688,        0,  -19368312,          0
  7047,   136,   29000000,    9373332,        0,  -19626668,          0
  7047,   137,   29000000,   11735091,        0,  -17264909,          0
  7047,   138,   29000000,   10982168,        0,  -18017832,          0
  7047,   139,   29000000,   10463947,        0,  -18536053,          0
  7047,   140,   29000000,    8609293,        0,  -20390707,          0
  7047,   141,   29000000,    9458528,        0,  -19541472,          0
  7047,   142,   29000000,    7807938,        0,  -21192062,          0
  7047,   143,   29000000,    9640032,        0,  -19359968,          0
  7047,   144,   29000000,    9196414,        0,  -19803586,          0
  7047,   145,   29000000,   11699922,        0,  -17300078,          0
  7047,   146,   29000000,   10629314,        0,  -18370686,          0
  7047,   147,   29000000,    9694358,        0,  -19305642,          0
  7047,   148,   29000000,    8677592,        0,  -20322408,          0
  7047,   149,   29000000,   11649060,        0,  -17350940,          0
  7047,   150,   29000000,   10675322,        0,  -18324678,          0
  7047,   151,   29000000,    9631452,        0,  -19368548,          0
  7047,   152,   29000000,    9636691,        0,  -19363309,          0
  7047,   153,   29000000,   11735923,        0,  -17264077,          0
  7047,   154,   29000000,   10659259,        0,  -18340741,          0
  7047,   155,   29000000,    9687734,        0,  -19312266,          0
  7047,   156,   29000000,    8688205,        0,  -20311795,          0
  7047,   157,   29000000,    9855902,        0,  -19144098,          0
  7047,   158,   29000000,   10751705,        0,  -18248295,          0
  7047,   159,   29000000,    9845595,        0,  -19154405,          0
  7047,   160,   29000000,    8639854,        0,  -20360146,          0
  7047,   161,   29000000,    8756150,        0,  -20243850,          0
  7047,   162,   29000000,    8178576,        0,  -20821424,          0
  7047,   163,   29000000,    9648339,        0,  -19351661,          0
  7047,   164,   29000000,    8693841,        0,  -20306159,          0
  7047,   165,   29000000,   12263264,        0,  -16736736,          0
  7047,   166,   29000000,    8650054,        0,  -20349946,          0
  7047,   167,   29000000,   10472379,        0,  -18527621,          0
  7047,   168,   29000000,    8711813,        0,  -20288187,          0
  7047,   169,   29000000,    8865530,        0,  -20134470,          0
  7047,   170,   29000000,   10774230,        0,  -18225770,          0
  7047,   171,   29000000,    9649276,        0,  -19350724,          0
  7047,   172,   29000000,    9517003,        0,  -19482997,          0
  7047,   173,   29000000,    8915942,        0,  -20084058,          0
  7047,   174,   29000000,    8892098,        0,  -20107902,          0
  7047,   175,   29000000,    9622436,        0,  -19377564,          0
  7047,   176,   29000000,    8703491,        0,  -20296509,          0
  7047,   177,   29000000,   12476335,        0,  -16523665,          0
  7047,   178,   29000000,   10767523,        0,  -18232477,          0
  7047,   179,   29000000,    9439365,        0,  -19560635,          0
  7047,   180,   29000000,    8647464,        0,  -20352536,          0
  7047,   181,   29000000,   11706646,        0,  -17293354,          0
  7047,   182,   29000000,   10683290,        0,  -18316710,          0
  7047,   183,   29000000,   10058754,        0,  -18941246,          0
  7047,   184,   29000000,    9425745,        0,  -19574255,          0
  7047,   185,   29000000,    9039765,        0,  -19960235,          0
  7047,   186,   29000000,   11412162,        0,  -17587838,          0
  7047,   187,   29000000,    9982071,        0,  -19017929,          0
  7047,   188,   29000000,    8656828,        0,  -20343172,          0
  7047,   189,   29000000,    9745161,        0,  -19254839,          0
  7047,   190,   29000000,   10584639,        0,  -18415361,          0
  7047,   191,   29000000,   10453385,        0,  -18546615,          0
  7047,   192,   29000000,    8689992,        0,  -20310008,          0
  7047,   193,   29000000,   12352305,        0,  -16647695,          0
  7047,   194,   29000000,    8678276,        0,  -20321724,          0
  7047,   195,   29000000,    9674210,        0,  -19325790,          0
  7047,   196,   29000000,    8658252,        0,  -20341748,          0
  7047,   197,   29000000,   11749613,        0,  -17250387,          0
  7047,   198,   29000000,   10675178,        0,  -18324822,          0
  7047,   199,   29000000,    9695816,        0,  -19304184,          0
  7047,   200,   29000000,    8728321,        0,  -20271679,          0
  7047,   201,   29000000,   11634903,        0,  -17365097,          0
  7047,   202,   29000000,   10644467,        0,  -18355533,          0
  7047,   203,   29000000,    9648296,        0,  -19351704,          0
  7047,   204,   29000000,    9197838,        0,  -19802162,          0
  7047,   205,   29000000,   11641935,        0,  -17358065,          0
  7047,   206,   29000000,   10926753,        0,  -18073247,          0
  7047,   207,   29000000,    9686810,        0,  -19313190,          0
  7047,   208,   29000000,    8701072,        0,  -20298928,          0
  7047,   209,   29000000,   11703981,        0,  -17296019,          0
  7047,   210,   29000000,    7712068,        0,  -21287932,          0
  7047,   211,   29000000,    9648735,        0,  -19351265,          0
  7047,   212,   29000000,    8864480,        0,  -20135520,          0
  7047,   213,   29000000,   11762294,        0,  -17237706,          0
  7047,   214,   29000000,    8715910,        0,  -20284090,          0
  7047,   215,   29000000,    9648492,        0,  -19351508,          0
  7047,   216,   29000000,    8691159,        0,  -20308841,          0
  7047,   217,   29000000,    8791128,        0,  -20208872,          0
  7047,   218,   29000000,   11461409,        0,  -17538591,          0
  7047,   219,   29000000,    9728699,        0,  -19271301,          0
  7047,   220,   29000000,   10227530,        0,  -18772470,          0
  7047,   221,   29000000,   11564799,        0,  -17435201,          0
  7047,   222,   29000000,    8643322,        0,  -20356678,          0
  7047,   223,   29000000,    7555331,        0,  -21444669,          0
  7047,   224,   29000000,    8680327,        0,  -20319673,          0
  7047,   225,   29000000,   12439859,        0,  -16560141,          0
  7047,   226,   29000000,    7950983,        0,  -21049017,          0
  7047,   227,   29000000,   11479704,        0,  -17520296,          0
  7047,   228,   29000000,    8659050,        0,  -20340950,          0
  7047,   229,   29000000,   11694705,        0,  -17305295,          0
  7047,   230,   29000000,    7879825,        0,  -21120175,          0
  7047,   231,   29000000,    9664029,        0,  -19335971,          0
  7047,   232,   29000000,    8763978,        0,  -20236022,          0
  7047,   233,   29000000,   11694155,        0,  -17305845,          0
  7047,   234,   29000000,    7812409,        0,  -21187591,          0
  7047,   235,   29000000,   10280848,        0,  -18719152,          0
  7047,   236,   29000000,    8669277,        0,  -20330723,          0
  7047,   237,   29000000,   11712962,        0,  -17287038,          0
  7047,   238,   29000000,   10703105,        0,  -18296895,          0
  7047,   239,   29000000,    7993642,        0,  -21006358,          0
  7047,   240,   29000000,    9273561,        0,  -19726439,          0
  7047,   241,   29000000,   11742243,        0,  -17257757,          0
  7047,   242,   29000000,   10673925,        0,  -18326075,          0
  7047,   243,   29000000,   13906691,        0,  -15093309,          0
  7047,   244,   29000000,    8643871,        0,  -20356129,          0
  7047,   245,   29000000,   11686075,        0,  -17313925,          0
  7047,   246,   29000000,    8552700,        0,  -20447300,          0
  7047,   247,   29000000,   10450563,        0,  -18549437,          0
  7047,   248,   29000000,    8693972,        0,  -20306028,          0
  7047,   249,   29000000,   11712621,        0,  -17287379,          0
  7047,   250,   29000000,    8709381,        0,  -20290619,          0
  7047,   251,   29000000,    9773865,        0,  -19226135,          0
  7047,   252,   29000000,    9479807,        0,  -19520193,          0
  7047,   253,   29000000,   11727347,        0,  -17272653,          0
  7047,   254,   29000000,    9228399,        0,  -19771601,          0
  7047,   255,   29000000,    9632862,        0,  -19367138,          0
  7047,   256,   29000000,   10771000,        0,  -18229000,          0
  7047,   257,   29000000,    9824676,        0,  -19175324,          0
  7047,   258,   29000000,   10723326,        0,  -18276674,          0
  7047,   259,   29000000,    9615053,        0,  -19384947,          0
  7047,   260,   29000000,    8677589,        0,  -20322411,          0
  7047,   261,   29000000,   11675910,        0,  -17324090,          0
  7047,   262,   29000000,   10623601,        0,  -18376399,          0
  7047,   263,   29000000,    9869363,        0,  -19130637,          0
  7047,   264,   29000000,    8674870,        0,  -20325130,          0
  7047,   265,   29000000,   11686117,        0,  -17313883,          0
  7047,   266,   29000000,   11257332,        0,  -17742668,          0
  7047,   267,   29000000,    7677624,        0,  -21322376,          0
  7047,   268,   29000000,    8672431,        0,  -20327569,          0
  7047,   269,   29000000,   12440191,        0,  -16559809,          0
  7047,   270,   29000000,   10727387,        0,  -18272613,          0
  7047,   271,   29000000,    9668044,        0,  -19331956,          0
  7047,   272,   29000000,    8637977,        0,  -20362023,          0
  7047,   273,   29000000,   11673624,        0,  -17326376,          0
  7047,   274,   29000000,   10680538,        0,  -18319462,          0
  7047,   275,   29000000,   10105753,        0,  -18894247,          0
  7047,   276,   29000000,    8650564,        0,  -20349436,          0
  7047,   277,   29000000,   11639716,        0,  -17360284,          0
  7047,   278,   29000000,   10756056,        0,  -18243944,          0
  7047,   279,   29000000,    9624734,        0,  -19375266,          0
  7047,   280,   29000000,    8647502,        0,  -20352498,          0
  7047,   281,   29000000,    9752905,        0,  -19247095,          0
  7047,   282,   29000000,   11064582,        0,  -17935418,          0
  7047,   283,   29000000,    9712223,        0,  -19287777,          0
  7047,   284,   29000000,    8689304,        0,  -20310696,          0
  7047,   285,   29000000,    8773725,        0,  -20226275,          0
  7047,   286,   29000000,   10747003,        0,  -18252997,          0
  7047,   287,   29000000,    9634702,        0,  -19365298,          0
  7047,   288,   29000000,    9484870,        0,  -19515130,          0
  7047,   289,   29000000,    9114301,        0,  -19885699,          0
  7047,   290,   29000000,   11443716,        0,  -17556284,          0
  7047,   291,   29000000,    7649175,        0,  -21350825,          0
  7047,   292,   29000000,    8753157,        0,  -20246843,          0
  7047,   293,   29000000,   11681947,        0,  -17318053,          0
  7047,   294,   29000000,   10620327,        0,  -18379673,          0
  7047,   295,   29000000,   10067375,        0,  -18932625,          0
  7047,   296,   29000000,    8670268,        0,  -20329732,          0
  7047,   297,   29000000,   11706059,        0,  -17293941,          0
  7047,   298,   29000000,   10715433,        0,  -18284567,          0
  7047,   299,   29000000,    8087728,        0,  -20912272,          0
  7047,   300,   29000000,    9405804,        0,  -19594196,          0
  7047,   301,   29000000,   11635742,        0,  -17364258,          0
  7047,   302,   29000000,   10638462,        0,  -18361538,          0
  7047,   303,   29000000,    9652745,        0,  -19347255,          0
  7047,   304,   29000000,   10335402,        0,  -18664598,          0
  7047,   305,   29000000,    8906299,        0,  -20093701,          0
  7047,   306,   29000000,   10672304,        0,  -18327696,          0
  7047,   307,   29000000,    9661528,        0,  -19338472,          0
  7047,   308,   29000000,    9684078,        0,  -19315922,          0
  7047,   309,   29000000,    9642865,        0,  -19357135,          0
  7047,   310,   29000000,    7764598,        0,  -21235402,          0
  7047,   311,   29000000,    7699300,        0,  -21300700,          0
  7047,   312,   29000000,    6727472,        0,  -22272528,          0
  7047,   313,   29000000,   11662162,        0,  -17337838,          0
  7047,   314,   29000000,   10643692,        0,  -18356308,          0
  7047,   315,   29000000,    9628784,        0,  -19371216,          0
  7047,   316,   29000000,    8593238,        0,  -20406762,          0
  7047,   317,   29000000,   11654636,        0,  -17345364,          0
  7047,   318,   29000000,   10638910,        0,  -18361090,          0
  7047,   319,   29000000,    9669438,        0,  -19330562,          0
  7047,   320,   29000000,    8675997,        0,  -20324003,          0
  7047,   321,   29000000,   11705289,        0,  -17294711,          0
  7047,   322,   29000000,   10737096,        0,  -18262904,          0
  7047,   323,   29000000,    9515254,        0,  -19484746,          0
  7047,   324,   29000000,    8730403,        0,  -20269597,          0
  7047,   325,   29000000,   12058000,        0,  -16942000,          0
  7047,   326,   29000000,   10647431,        0,  -18352569,          0
  7047,   327,   29000000,   10492963,        0,  -18507037,          0
  7047,   328,   29000000,    8669328,        0,  -20330672,          0
  7047,   329,   29000000,   11749151,        0,  -17250849,          0
  7047,   330,   29000000,   10696207,        0,  -18303793,          0
  7047,   331,   29000000,   10251673,        0,  -18748327,          0
  7047,   332,   29000000,    6764756,        0,  -22235244,          0
  7047,   333,   29000000,   11687127,        0,  -17312873,          0
  7047,   334,   29000000,   10607085,        0,  -18392915,          0
  7047,   335,   29000000,    9702361,        0,  -19297639,          0
  7047,   336,   29000000,    9430237,        0,  -19569763,          0
  7047,   337,   29000000,    9687423,        0,  -19312577,          0
  7047,   338,   29000000,   11052357,        0,  -17947643,          0
  7047,   339,   29000000,    9638305,        0,  -19361695,          0
  7047,   340,   29000000,    8684550,        0,  -20315450,          0
  7047,   341,   29000000,   11648002,        0,  -17351998,          0
  7047,   342,   29000000,   10676417,        0,  -18323583,          0
  7047,   343,   29000000,   10471306,        0,  -18528694,          0
  7047,   344,   29000000,    8709795,        0,  -20290205,          0
  7047,   345,   29000000,   11722115,        0,  -17277885,          0
  7047,   346,   29000000,   10652401,        0,  -18347599,          0
  7047,   347,   29000000,   13697551,        0,  -15302449,          0
  7047,   348,   29000000,    8636052,        0,  -20363948,          0
# task NAME=myapp PID=7050 COST=5587000 PERIOD=74000000 CPU=0
  7050,     2,   74000000,      16293,        0,  -73983707,          0
  7050,     3,   74000000,      88654,        0,  -73911346,          0
  7050,     4,   74000000,    8585588,        0,  -65414412,          0
  7050,     5,   74000000,    6614246,        0,  -67385754,          0
  7050,     6,   74000000,    8660332,        0,  -65339668,          0
  7050,     7,   74000000,    6595810,        0,  -67404190,          0
  7050,     8,   74000000,    8697907,        0,  -65302093,          0
  7050,     9,   74000000,    7215902,        0,  -66784098,          0
  7050,    10,   74000000,    8057264,        0,  -65942736,          0
  7050,    11,   74000000,    6731679,        0,  -67268321,          0
  7050,    12,   74000000,    9265110,        0,  -64734890,          0
  7050,    13,   74000000,    6484308,        0,  -67515692,          0
  7050,    14,   74000000,    8529907,        0,  -65470093,          0
  7050,    15,   74000000,    6657131,        0,  -67342869,          0
  7050,    16,   74000000,    8890182,        0,  -65109818,          0
  7050,    17,   74000000,    6623784,        0,  -67376216,          0
  7050,    18,   74000000,    8614926,        0,  -65385074,          0
  7050,    19,   74000000,   11408722,        0,  -62591278,          0
  7050,    20,   74000000,    8665128,        0,  -65334872,          0
  7050,    21,   74000000,    6676245,        0,  -67323755,          0
  7050,    22,   74000000,    8616032,        0,  -65383968,          0
  7050,    23,   74000000,    7363066,        0,  -66636934,          0
  7050,    24,   74000000,    8659119,        0,  -65340881,          0
  7050,    25,   74000000,    6451147,        0,  -67548853,          0
  7050,    26,   74000000,    7676186,        0,  -66323814,          0
  7050,    27,   74000000,   10640821,        0,  -63359179,          0
  7050,    28,   74000000,    9070469,        0,  -64929531,          0
  7050,    29,   74000000,    6570182,        0,  -67429818,          0
  7050,    30,   74000000,    8544372,        0,  -65455628,          0
  7050,    31,   74000000,    7753564,        0,  -66246436,          0
  7050,    32,   74000000,    7642696,        0,  -66357304,          0
  7050,    33,   74000000,    6961705,        0,  -67038295,          0
  7050,    34,   74000000,    7761102,        0,  -66238898,          0
  7050,    35,   74000000,    6662592,        0,  -67337408,          0
  7050,    36,   74000000,    8584472,        0,  -65415528,          0
  7050,    37,   74000000,    9603942,        0,  -64396058,          0
  7050,    38,   74000000,    9025061,        0,  -64974939,          0
  7050,    39,   74000000,    6600602,        0,  -67399398,          0
  7050,    40,   74000000,    8617319,        0,  -65382681,          0
  7050,    41,   74000000,    6641819,        0,  -67358181,          0
  7050,    42,   74000000,    8614566,        0,  -65385434,          0
  7050,    43,   74000000,    7358669,        0,  -66641331,          0
  7050,    44,   74000000,    9867923,        0,  -64132077,          0
  7050,    45,   74000000,    6593799,        0,  -67406201,          0
  7050,    46,   74000000,    8715602,        0,  -65284398,          0
  7050,    47,   74000000,   10015705,        0,  -63984295,          0
  7050,    48,   74000000,    8569364,        0,  -65430636,          0
  7050,    49,   74000000,   10597634,        0,  -63402366,          0
  7050,    50,   74000000,    8618245,        0,  -65381755,          0
  7050,    51,   74000000,    6607185,        0,  -67392815,          0
  7050,    52,   74000000,    7736315,        0,  -66263685,          0
  7050,    53,   74000000,    6679221,        0,  -67320779,          0
  7050,    54,   74000000,    8615122,        0,  -65384878,          0
  7050,    55,   74000000,    7140628,        0,  -66859372,          0
  7050,    56,   74000000,    8617877,        0,  -65382123,          0
  7050,    57,   74000000,    7497551,        0,  -66502449,          0
  7050,    58,   74000000,    7725013,        0,  -66274987,          0
  7050,    59,   74000000,    6665018,        0,  -67334982,          0
  7050,    60,   74000000,    9495172,        0,  -64504828,          0
  7050,    61,   74000000,    6559091,        0,  -67440909,          0
  7050,    62,   74000000,    8629318,        0,  -65370682,          0
  7050,    63,   74000000,    6614754,        0,  -67385246,          0
  7050,    64,   74000000,    7771918,        0,  -66228082,          0
  7050,    65,   74000000,    6516451,        0,  -67483549,          0
  7050,    66,   74000000,    8193397,        0,  -65806603,          0
  7050,    67,   74000000,    6473942,        0,  -67526058,          0
  7050,    68,   74000000,    8636687,        0,  -65363313,          0
  7050,    69,   74000000,    6737347,        0,  -67262653,          0
  7050,    70,   74000000,    8682320,        0,  -65317680,          0
  7050,    71,   74000000,    6474809,        0,  -67525191,          0
  7050,    72,   74000000,    8612601,        0,  -65387399,          0
  7050,    73,   74000000,    6685405,        0,  -67314595,          0
  7050,    74,   74000000,    9446680,        0,  -64553320,          0
  7050,    75,   74000000,    9625144,        0,  -64374856,          0
  7050,    76,   74000000,    8483363,        0,  -65516637,          0
  7050,    77,   74000000,    6593705,        0,  -67406295,          0
  7050,    78,   74000000,    8520100,        0,  -65479900,          0
  7050,    79,   74000000,    6809436,        0,  -67190564,          0
  7050,    80,   74000000,    8452708,        0,  -65547292,          0
  7050,    81,   74000000,    6619934,        0,  -67380066,          0
  7050,    82,   74000000,    8676701,        0,  -65323299,          0
  7050,    83,   74000000,    6645444,        0,  -67354556,          0
  7050,    84,   74000000,    9389498,        0,  -64610502,          0
  7050,    85,   74000000,    6629064,        0,  -67370936,          0
  7050,    86,   74000000,    9417742,        0,  -64582258,          0
  7050,    87,   74000000,    9578939,        0,  -64421061,          0
  7050,    88,   74000000,    7865678,        0,  -66134322,          0
  7050,    89,   74000000,    6615930,        0,  -67384070,          0
  7050,    90,   74000000,    9380908,        0,  -64619092,          0
  7050,    91,   74000000,    6672093,        0,  -67327907,          0
  7050,    92,   74000000,    8621005,        0,  -65378995,          0
  7050,    93,   74000000,    6603171,        0,  -67396829,          0
  7050,    94,   74000000,    8790616,        0,  -65209384,          0
  7050,    95,   74000000,    6598907,        0,  -67401093,          0
  7050,    96,   74000000,    8603358,        0,  -65396642,          0
  7050,    97,   74000000,    7126582,        0,  -66873418,          0
  7050,    98,   74000000,    9401358,        0,  -64598642,          0
  7050,    99,   74000000,    6657605,        0,  -67342395,          0
  7050,   100,   74000000,    8636775,        0,  -65363225,          0
  7050,   101,   74000000,   11075034,        0,  -62924966,          0
  7050,   102,   74000000,    9396257,        0,  -64603743,          0
  7050,   103,   74000000,   10611293,        0,  -63388707,          0
  7050,   104,   74000000,    8554228,        0,  -65445772,          0
  7050,   105,   74000000,    6541833,        0,  -67458167,          0
  7050,   106,   74000000,    9376604,        0,  -64623396,          0
  7050,   107,   74000000,    6631734,        0,  -67368266,          0
  7050,   108,   74000000,    8608386,        0,  -65391614,          0
  7050,   109,   74000000,    9724645,        0,  -64275355,          0
  7050,   110,   74000000,    7673897,        0,  -66326103,          0
  7050,   111,   74000000,    6551769,        0,  -67448231,          0
  7050,   112,   74000000,    8627400,        0,  -65372600,          0
  7050,   113,   74000000,    6593684,        0,  -67406316,          0
  7050,   114,   74000000,    8523812,        0,  -65476188,          0
  7050,   115,   74000000,    6805518,        0,  -67194482,          0
  7050,   116,   74000000,    8279049,        0,  -65720951,          0
  7050,   117,   74000000,    7407385,        0,  -66592615,          0
  7050,   118,   74000000,    8713236,        0,  -65286764,          0
  7050,   119,   74000000,    6598037,        0,  -67401963,          0
  7050,   120,   74000000,    8492378,        0,  -65507622,          0
  7050,   121,   74000000,    8518424,        0,  -65481576,          0
  7050,   122,   74000000,    8588554,        0,  -65411446,          0
  7050,   123,   74000000,    6505465,        0,  -67494535,          0
  7050,   124,   74000000,    8645917,        0,  -65354083,          0
  7050,   125,   74000000,   10386365,        0,  -63613635,          0
  7050,   126,   74000000,    9341036,        0,  -64658964,          0
  7050,   127,   74000000,    7332867,        0,  -66667133,          0
  7050,   128,   74000000,    8703521,        0,  -65296479,          0
  7050,   129,   74000000,    6630372,        0,  -67369628,          0
  7050,   130,   74000000,    8590398,        0,  -65409602,          0
  7050,   131,   74000000,   10652851,        0,  -63347149,          0
  7050,   132,   74000000,    8494003,        0,  -65505997,          0
  7050,   133,   74000000,    6571818,        0,  -67428182,          0
  7050,   134,   74000000,    8520011,        0,  -65479989,          0
  7050,   135,   74000000,    6713330,        0,  -67286670,          0
  7050,   136,   74000000,    8601140,        0,  -65398860,          0
  7050,   137,   74000000,    6610197,        0,  -67389803,          0
  7050,   138,   74000000,    8627433,        0,  -65372567,          0
  7050,   139,   74000000,    6521401,        0,  -67478599,          0
