# Task,   Job,     Period,   Response, DL Miss?,   Lateness,  Tardiness
# task NAME=myapp PID=32146 COST=30367000 PERIOD=38000000 CPU=0
 32146,     2,   38000000,       9009,        0,  -37990991,          0
 32146,     3,   38000000,     121833,        0,  -37878167,          0
 32146,     4,   38000000,   52595074,        1,   14595074,   14595074
 32146,     5,   38000000,   70853846,        1,   32853846,   32853846
 32146,     6,   38000000,   89903107,        1,   51903107,   51903107
 32146,     7,   38000000,  107655133,        1,   69655133,   69655133
 32146,     8,   38000000,  128575844,        1,   90575844,   90575844
 32146,     9,   38000000,  144179993,        1,  106179993,  106179993
 32146,    10,   38000000,  164373870,        1,  126373870,  126373870
 32146,    11,   38000000,  182485261,        1,  144485261,  144485261
 32146,    12,   38000000,  200600176,        1,  162600176,  162600176
 32146,    13,   38000000,  219205592,        1,  181205592,  181205592
 32146,    14,   38000000,  235257961,        1,  197257961,  197257961
 32146,    15,   38000000,  252170028,        1,  214170028,  214170028
 32146,    16,   38000000,  270244015,        1,  232244015,  232244015
 32146,    17,   38000000,  287577769,        1,  249577769,  249577769
 32146,    18,   38000000,  305918586,        1,  267918586,  267918586
 32146,    19,   38000000,  323210582,        1,  285210582,  285210582
 32146,    20,   38000000,  341374110,        1,  303374110,  303374110
 32146,    21,   38000000,  362323722,        1,  324323722,  324323722
 32146,    22,   38000000,  381334612,        1,  343334612,  343334612
 32146,    23,   38000000,  395935081,        1,  357935081,  357935081
 32146,    24,   38000000,  416981486,        1,  378981486,  378981486
 32146,    25,   38000000,  434411569,        1,  396411569,  396411569
 32146,    26,   38000000,  452937520,        1,  414937520,  414937520
 32146,    27,   38000000,  471583419,        1,  433583419,  433583419
 32146,    28,   38000000,  492472333,        1,  454472333,  454472333
 32146,    29,   38000000,  508669573,        1,  470669573,  470669573
 32146,    30,   38000000,  528655934,        1,  490655934,  490655934
 32146,    31,   38000000,  543670550,        1,  505670550,  505670550
 32146,    32,   38000000,  561941922,        1,  523941922,  523941922
 32146,    33,   38000000,  582911443,        1,  544911443,  544911443
 32146,    34,   38000000,  600981388,        1,  562981388,  562981388
 32146,    35,   38000000,  615218558,        1,  577218558,  577218558
 32146,    36,   38000000,  632473779,        1,  594473779,  594473779
 32146,    37,   38000000,  650611155,        1,  612611155,  612611155
 32146,    38,   38000000,  669638936,        1,  631638936,  631638936
 32146,    39,   38000000,  689454821,        1,  651454821,  651454821
 32146,    40,   38000000,  705802407,        1,  667802407,  667802407
 32146,    41,   38000000,  719307499,        1,  681307499,  681307499
 32146,    42,   38000000,  736595365,        1,  698595365,  698595365
 32146,    43,   38000000,  751305877,        1,  713305877,  713305877
 32146,    44,   38000000,  768934971,        1,  730934971,  730934971
 32146,    45,   38000000,  787818662,        1,  749818662,  749818662
 32146,    46,   38000000,  804995848,        1,  766995848,  766995848
 32146,    47,   38000000,  819343406,        1,  781343406,  781343406
 32146,    48,   38000000,  836587175,        1,  798587175,  798587175
 32146,    49,   38000000,  851745005,        1,  813745005,  813745005
 32146,    50,   38000000,  871925879,        1,  833925879,  833925879
 32146,    51,   38000000,  891116120,        1,  853116120,  853116120
 32146,    52,   38000000,  903206650,        1,  865206650,  865206650
 32146,    53,   38000000,  918641923,        1,  880641923,  880641923
 32146,    54,   38000000,  937224805,        1,  899224805,  899224805
 32146,    55,   38000000,  955271808,        1,  917271808,  917271808
 32146,    56,   38000000,  974247202,        1,  936247202,  936247202
 32146,    57,   38000000,  992496963,        1,  954496963,  954496963
 32146,    58,   38000000, 1012628187,        1,  974628187,  974628187
 32146,    59,   38000000, 1028092387,        1,  990092387,  990092387
 32146,    60,   38000000, 1041584299,        1, 1003584299, 1003584299
 32146,    61,   38000000, 1063022316,        1, 1025022316, 1025022316
 32146,    62,   38000000, 1082230768,        1, 1044230768, 1044230768
 32146,    63,   38000000, 1098580870,        1, 1060580870, 1060580870
# task NAME=myapp PID=32149 COST=11449000 PERIOD=57000000 CPU=0
 32149,     2,   57000000,      13494,        0,  -56986506,          0
 32149,     3,   57000000,     128154,        0,  -56871846,          0
 32149,     4,   57000000,   17382116,        0,  -39617884,          0
 32149,     5,   57000000,   17269602,        0,  -39730398,          0
 32149,     6,   57000000,   17727046,        0,  -39272954,          0
 32149,     7,   57000000,   18340590,        0,  -38659410,          0
 32149,     8,   57000000,   17503993,        0,  -39496007,          0
 32149,     9,   57000000,   14373386,        0,  -42626614,          0
 32149,    10,   57000000,   20230170,        0,  -36769830,          0
 32149,    11,   57000000,   19221655,        0,  -37778345,          0
 32149,    12,   57000000,   18163070,        0,  -38836930,          0
 32149,    13,   57000000,   16835529,        0,  -40164471,          0
 32149,    14,   57000000,   20371230,        0,  -36628770,          0
 32149,    15,   57000000,   16888212,        0,  -40111788,          0
 32149,    16,   57000000,   19259663,        0,  -37740337,          0
 32149,    17,   57000000,   17216180,        0,  -39783820,          0
 32149,    18,   57000000,   17429792,        0,  -39570208,          0
 32149,    19,   57000000,   19194385,        0,  -37805615,          0
 32149,    20,   57000000,   16019724,        0,  -40980276,          0
 32149,    21,   57000000,   17203491,        0,  -39796509,          0
 32149,    22,   57000000,   19482130,        0,  -37517870,          0
 32149,    23,   57000000,   19186366,        0,  -37813634,          0
 32149,    24,   57000000,   18240754,        0,  -38759246,          0
 32149,    25,   57000000,   15181091,        0,  -41818909,          0
 32149,    26,   57000000,   19343146,        0,  -37656854,          0
 32149,    27,   57000000,   19679746,        0,  -37320254,          0
 32149,    28,   57000000,   18365509,        0,  -38634491,          0
 32149,    29,   57000000,   17259096,        0,  -39740904,          0
 32149,    30,   57000000,   20310764,        0,  -36689236,          0
 32149,    31,   57000000,   19184262,        0,  -37815738,          0
 32149,    32,   57000000,   18993213,        0,  -38006787,          0
 32149,    33,   57000000,   17378460,        0,  -39621540,          0
 32149,    34,   57000000,   17487084,        0,  -39512916,          0
 32149,    35,   57000000,   15464378,        0,  -41535622,          0
 32149,    36,   57000000,   18266052,        0,  -38733948,          0
 32149,    37,   57000000,   17288709,        0,  -39711291,          0
 32149,    38,   57000000,   20248391,        0,  -36751609,          0
 32149,    39,   57000000,   18911749,        0,  -38088251,          0
 32149,    40,   57000000,   19017297,        0,  -37982703,          0
 32149,    41,   57000000,   17285814,        0,  -39714186,          0
 32149,    42,   57000000,   16490596,        0,  -40509404,          0
 32149,    43,   57000000,   19119168,        0,  -37880832,          0
 32149,    44,   57000000,   18339870,        0,  -38660130,          0
 32149,    45,   57000000,   16338870,        0,  -40661130,          0
 32149,    46,   57000000,   19375737,        0,  -37624263,          0
 32149,    47,   57000000,   19253157,        0,  -37746843,          0
 32149,    48,   57000000,   15417901,        0,  -41582099,          0
 32149,    49,   57000000,   17567783,        0,  -39432217,          0
 32149,    50,   57000000,   18349527,        0,  -38650473,          0
 32149,    51,   57000000,   19441214,        0,  -37558786,          0
 32149,    52,   57000000,   17335032,        0,  -39664968,          0
 32149,    53,   57000000,   16376568,        0,  -40623432,          0
 32149,    54,   57000000,   20335472,        0,  -36664528,          0
 32149,    55,   57000000,   19877146,        0,  -37122854,          0
 32149,    56,   57000000,   17472764,        0,  -39527236,          0
 32149,    57,   57000000,   17193485,        0,  -39806515,          0
 32149,    58,   57000000,   20079469,        0,  -36920531,          0
 32149,    59,   57000000,   19256850,        0,  -37743150,          0
 32149,    60,   57000000,   18116946,        0,  -38883054,          0
 32149,    61,   57000000,   17185999,        0,  -39814001,          0
 32149,    62,   57000000,   21034705,        0,  -35965295,          0
 32149,    63,   57000000,   19159645,        0,  -37840355,          0
 32149,    64,   57000000,   18227906,        0,  -38772094,          0
 32149,    65,   57000000,   13462649,        0,  -43537351,          0
 32149,    66,   57000000,   20251475,        0,  -36748525,          0
 32149,    67,   57000000,   16439582,        0,  -40560418,          0
 32149,    68,   57000000,   18297931,        0,  -38702069,          0
 32149,    69,   57000000,   17217041,        0,  -39782959,          0
 32149,    70,   57000000,   16695048,        0,  -40304952,          0
 32149,    71,   57000000,   18374131,        0,  -38625869,          0
 32149,    72,   57000000,   18215732,        0,  -38784268,          0
 32149,    73,   57000000,   17145262,        0,  -39854738,          0
 32149,    74,   57000000,   20287176,        0,  -36712824,          0
 32149,    75,   57000000,   19634192,        0,  -37365808,          0
 32149,    76,   57000000,   18112132,        0,  -38887868,          0
 32149,    77,   57000000,   17523119,        0,  -39476881,          0
 32149,    78,   57000000,   20255525,        0,  -36744475,          0
 32149,    79,   57000000,   16414008,        0,  -40585992,          0
 32149,    80,   57000000,   18309050,        0,  -38690950,          0
 32149,    81,   57000000,   15169007,        0,  -41830993,          0
 32149,    82,   57000000,   20257720,        0,  -36742280,          0
 32149,    83,   57000000,   15531424,        0,  -41468576,          0
 32149,    84,   57000000,   18327311,        0,  -38672689,          0
 32149,    85,   57000000,   17262716,        0,  -39737284,          0
 32149,    86,   57000000,   20504994,        0,  -36495006,          0
 32149,    87,   57000000,   19147035,        0,  -37852965,          0
 32149,    88,   57000000,   18277329,        0,  -38722671,          0
 32149,    89,   57000000,   17239463,        0,  -39760537,          0
 32149,    90,   57000000,   20179352,        0,  -36820648,          0
 32149,    91,   57000000,   16519897,        0,  -40480103,          0
 32149,    92,   57000000,   17328036,        0,  -39671964,          0
 32149,    93,   57000000,   17239532,        0,  -39760468,          0
 32149,    94,   57000000,   20198485,        0,  -36801515,          0
 32149,    95,   57000000,   20055334,        0,  -36944666,          0
 32149,    96,   57000000,   18232308,        0,  -38767692,          0
 32149,    97,   57000000,   17139872,        0,  -39860128,          0
 32149,    98,   57000000,   19898277,        0,  -37101723,          0
 32149,    99,   57000000,   19202543,        0,  -37797457,          0
 32149,   100,   57000000,   14436322,        0,  -42563678,          0
 32149,   101,   57000000,   16315139,        0,  -40684861,          0
 32149,   102,   57000000,   19373254,        0,  -37626746,          0
 32149,   103,   57000000,   18373007,        0,  -38626993,          0
 32149,   104,   57000000,   18265488,        0,  -38734512,          0
 32149,   105,   57000000,   17123431,        0,  -39876569,          0
 32149,   106,   57000000,   20623626,        0,  -36376374,          0
 32149,   107,   57000000,   16205607,        0,  -40794393,          0
 32149,   108,   57000000,   15452381,        0,  -41547619,          0
 32149,   109,   57000000,   17199493,        0,  -39800507,          0
 32149,   110,   57000000,   20249391,        0,  -36750609,          0
 32149,   111,   57000000,   18307003,        0,  -38692997,          0
 32149,   112,   57000000,   18225332,        0,  -38774668,          0
 32149,   113,   57000000,   14248419,        0,  -42751581,          0
 32149,   114,   57000000,   19453796,        0,  -37546204,          0
 32149,   115,   57000000,   19148725,        0,  -37851275,          0
 32149,   116,   57000000,   18203865,        0,  -38796135,          0
 32149,   117,   57000000,   17321274,        0,  -39678726,          0
 32149,   118,   57000000,   19826983,        0,  -37173017,          0
 32149,   119,   57000000,   15761269,        0,  -41238731,          0
 32149,   120,   57000000,   18203837,        0,  -38796163,          0
 32149,   121,   57000000,   14444539,        0,  -42555461,          0
 32149,   122,   57000000,   20774591,        0,  -36225409,          0
 32149,   123,   57000000,   18365271,        0,  -38634729,          0
 32149,   124,   57000000,   18037784,        0,  -38962216,          0
 32149,   125,   57000000,   16959612,        0,  -40040388,          0
 32149,   126,   57000000,   20116806,        0,  -36883194,          0
 32149,   127,   57000000,   18983692,        0,  -38016308,          0
 32149,   128,   57000000,   15968877,        0,  -41031123,          0
 32149,   129,   57000000,   16316993,        0,  -40683007,          0
 32149,   130,   57000000,   20516801,        0,  -36483199,          0
 32149,   131,   57000000,   18541279,        0,  -38458721,          0
 32149,   132,   57000000,   18231475,        0,  -38768525,          0
 32149,   133,   57000000,   17145832,        0,  -39854168,          0
 32149,   134,   57000000,   20260076,        0,  -36739924,          0
 32149,   135,   57000000,   19917024,        0,  -37082976,          0
 32149,   136,   57000000,   18218370,        0,  -38781630,          0
 32149,   137,   57000000,   17275881,        0,  -39724119,          0
 32149,   138,   57000000,   20089339,        0,  -36910661,          0
 32149,   139,   57000000,   19313814,        0,  -37686186,          0
 32149,   140,   57000000,   17333529,        0,  -39666471,          0
 32149,   141,   57000000,   14502737,        0,  -42497263,          0
 32149,   142,   57000000,   20307163,        0,  -36692837,          0
 32149,   143,   57000000,   18396079,        0,  -38603921,          0
 32149,   144,   57000000,   18203449,        0,  -38796551,          0
 32149,   145,   57000000,   17352989,        0,  -39647011,          0
 32149,   146,   57000000,   18146253,        0,  -38853747,          0
 32149,   147,   57000000,   19808365,        0,  -37191635,          0
 32149,   148,   57000000,   18208056,        0,  -38791944,          0
 32149,   149,   57000000,   17967484,        0,  -39032516,          0
 32149,   150,   57000000,   17266819,        0,  -39733181,          0
 32149,   151,   57000000,   19097957,        0,  -37902043,          0
 32149,   152,   57000000,   15298923,        0,  -41701077,          0
 32149,   153,   57000000,   17315635,        0,  -39684365,          0
 32149,   154,   57000000,   20328418,        0,  -36671582,          0
 32149,   155,   57000000,   18898852,        0,  -38101148,          0
 32149,   156,   57000000,   18204136,        0,  -38795864,          0
 32149,   157,   57000000,   14506436,        0,  -42493564,          0
 32149,   158,   57000000,   19341471,        0,  -37658529,          0
 32149,   159,   57000000,   18335310,        0,  -38664690,          0
 32149,   160,   57000000,   15400924,        0,  -41599076,          0
 32149,   161,   57000000,   14308927,        0,  -42691073,          0
 32149,   162,   57000000,   20853820,        0,  -36146180,          0
 32149,   163,   57000000,   20301881,        0,  -36698119,          0
 32149,   164,   57000000,   18207268,        0,  -38792732,          0
 32149,   165,   57000000,   16617677,        0,  -40382323,          0
 32149,   166,   57000000,   19365900,        0,  -37634100,          0
 32149,   167,   57000000,   19281507,        0,  -37718493,          0
 32149,   168,   57000000,   18229322,        0,  -38770678,          0
 32149,   169,   57000000,   17990810,        0,  -39009190,          0
 32149,   170,   57000000,   19344808,        0,  -37655192,          0
 32149,   171,   57000000,   15448892,        0,  -41551108,          0
 32149,   172,   57000000,   18214333,        0,  -38785667,          0
 32149,   173,   57000000,   14371426,        0,  -42628574,          0
 32149,   174,   57000000,   21146907,        0,  -35853093,          0
 32149,   175,   57000000,   15348630,        0,  -41651370,          0
 32149,   176,   57000000,   17657737,        0,  -39342263,          0
 32149,   177,   57000000,   17221558,        0,  -39778442,          0
 32149,   178,   57000000,   19572420,        0,  -37427580,          0
 32149,   179,   57000000,   19258830,        0,  -37741170,          0
