# Task,   Job,     Period,   Response, DL Miss?,   Lateness,  Tardiness
# task NAME=myapp PID=25955 COST=62985000 PERIOD=73000000 CPU=0
 25955,     2,   73000000,      12461,        0,  -72987539,          0
 25955,     3,   73000000,     218377,        0,  -72781623,          0
 25955,     4,   73000000,  102276767,        1,   29276767,   29276767
 25955,     5,   73000000,  129148573,        1,   56148573,   56148573
 25955,     6,   73000000,  164015546,        1,   91015546,   91015546
 25955,     7,   73000000,  198700234,        1,  125700234,  125700234
 25955,     8,   73000000,  230091097,        1,  157091097,  157091097
 25955,     9,   73000000,  262229991,        1,  189229991,  189229991
 25955,    10,   73000000,  298474256,        1,  225474256,  225474256
 25955,    11,   73000000,  334429870,        1,  261429870,  261429870
 25955,    12,   73000000,  362214026,        1,  289214026,  289214026
 25955,    13,   73000000,  400231725,        1,  327231725,  327231725
 25955,    14,   73000000,  431299989,        1,  358299989,  358299989
 25955,    15,   73000000,  463215854,        1,  390215854,  390215854
 25955,    16,   73000000,  490310853,        1,  417310853,  417310853
 25955,    17,   73000000,  527366879,        1,  454366879,  454366879
 25955,    18,   73000000,  559585187,        1,  486585187,  486585187
 25955,    19,   73000000,  595829546,        1,  522829546,  522829546
 25955,    20,   73000000,  625359312,        1,  552359312,  552359312
 25955,    21,   73000000,  660527109,        1,  587527109,  587527109
 25955,    22,   73000000,  691733845,        1,  618733845,  618733845
 25955,    23,   73000000,  721444698,        1,  648444698,  648444698
 25955,    24,   73000000,  754003472,        1,  681003472,  681003472
 25955,    25,   73000000,  781125639,        1,  708125639,  708125639
 25955,    26,   73000000,  815738862,        1,  742738862,  742738862
 25955,    27,   73000000,  843667903,        1,  770667903,  770667903
 25955,    28,   73000000,  877460050,        1,  804460050,  804460050
 25955,    29,   73000000,  911641164,        1,  838641164,  838641164
 25955,    30,   73000000,  944480288,        1,  871480288,  871480288
 25955,    31,   73000000,  969511467,        1,  896511467,  896511467
 25955,    32,   73000000, 1001620237,        1,  928620237,  928620237
 25955,    33,   73000000, 1036059033,        1,  963059033,  963059033
 25955,    34,   73000000, 1068657693,        1,  995657693,  995657693
 25955,    35,   73000000, 1103329373,        1, 1030329373, 1030329373
 25955,    36,   73000000, 1129393756,        1, 1056393756, 1056393756
 25955,    37,   73000000, 1157820685,        1, 1084820685, 1084820685
 25955,    38,   73000000, 1191903958,        1, 1118903958, 1118903958
 25955,    39,   73000000, 1221995268,        1, 1148995268, 1148995268
 25955,    40,   73000000, 1254086867,        1, 1181086867, 1181086867
 25955,    41,   73000000, 1288122390,        1, 1215122390, 1215122390
 25955,    42,   73000000, 1316800846,        1, 1243800846, 1243800846
 25955,    43,   73000000, 1350411532,        1, 1277411532, 1277411532
 25955,    44,   73000000, 1388477510,        1, 1315477510, 1315477510
 25955,    45,   73000000, 1416513656,        1, 1343513656, 1343513656
 25955,    46,   73000000, 1450340569,        1, 1377340569, 1377340569
 25955,    47,   73000000, 1479178834,        1, 1406178834, 1406178834
 25955,    48,   73000000, 1510757901,        1, 1437757901, 1437757901
 25955,    49,   73000000, 1547590049,        1, 1474590049, 1474590049
 25955,    50,   73000000, 1580530580,        1, 1507530580, 1507530580
 25955,    51,   73000000, 1610384706,        1, 1537384706, 1537384706
 25955,    52,   73000000, 1642051765,        1, 1569051765, 1569051765
 25955,    53,   73000000, 1673562193,        1, 1600562193, 1600562193
 25955,    54,   73000000, 1704757462,        1, 1631757462, 1631757462
 25955,    55,   73000000, 1735332420,        1, 1662332420, 1662332420
 25955,    56,   73000000, 1761834147,        1, 1688834147, 1688834147
 25955,    57,   73000000, 1792732490,        1, 1719732490, 1719732490
 25955,    58,   73000000, 1819622528,        1, 1746622528, 1746622528
 25955,    59,   73000000, 1846813198,        1, 1773813198, 1773813198
 25955,    60,   73000000, 1878173287,        1, 1805173287, 1805173287
 25955,    61,   73000000, 1908300771,        1, 1835300771, 1835300771
 25955,    62,   73000000, 1939373093,        1, 1866373093, 1866373093
 25955,    63,   73000000, 1971906828,        1, 1898906828, 1898906828
 25955,    64,   73000000, 2000912469,        1, 1927912469, 1927912469
 25955,    65,   73000000, 2033572990,        1, 1960572990, 1960572990
 25955,    66,   73000000, 2063491685,        1, 1990491685, 1990491685
# task NAME=myapp PID=25958 COST=32275000 PERIOD=41000000 CPU=0
 25958,     2,   41000000,       9599,        0,  -40990401,          0
 25958,     3,   41000000,     195874,        0,  -40804126,          0
 25958,     4,   41000000,   57189322,        1,   16189322,   16189322
 25958,     5,   41000000,   71841427,        1,   30841427,   30841427
 25958,     6,   41000000,   86842474,        1,   45842474,   45842474
 25958,     7,   41000000,  101760353,        1,   60760353,   60760353
 25958,     8,   41000000,  113248007,        1,   72248007,   72248007
 25958,     9,   41000000,  124383015,        1,   83383015,   83383015
 25958,    10,   41000000,  139514698,        1,   98514698,   98514698
 25958,    11,   41000000,  154718227,        1,  113718227,  113718227
 25958,    12,   41000000,  166146170,        1,  125146170,  125146170
 25958,    13,   41000000,  184195984,        1,  143195984,  143195984
 25958,    14,   41000000,  198777945,        1,  157777945,  157777945
 25958,    15,   41000000,  212218250,        1,  171218250,  171218250
 25958,    16,   41000000,  226768211,        1,  185768211,  185768211
 25958,    17,   41000000,  236050028,        1,  195050028,  195050028
 25958,    18,   41000000,  250664648,        1,  209664648,  209664648
 25958,    19,   41000000,  261680657,        1,  220680657,  220680657
 25958,    20,   41000000,  274570200,        1,  233570200,  233570200
 25958,    21,   41000000,  287866801,        1,  246866801,  246866801
 25958,    22,   41000000,  303061031,        1,  262061031,  262061031
 25958,    23,   41000000,  315278387,        1,  274278387,  274278387
 25958,    24,   41000000,  325275203,        1,  284275203,  284275203
 25958,    25,   41000000,  341914113,        1,  300914113,  300914113
 25958,    26,   41000000,  355179563,        1,  314179563,  314179563
 25958,    27,   41000000,  366547222,        1,  325547222,  325547222
 25958,    28,   41000000,  382335902,        1,  341335902,  341335902
 25958,    29,   41000000,  393847488,        1,  352847488,  352847488
 25958,    30,   41000000,  407701105,        1,  366701105,  366701105
 25958,    31,   41000000,  422567741,        1,  381567741,  381567741
 25958,    32,   41000000,  430267943,        1,  389267943,  389267943
 25958,    33,   41000000,  444955562,        1,  403955562,  403955562
 25958,    34,   41000000,  459120569,        1,  418120569,  418120569
 25958,    35,   41000000,  472096176,        1,  431096176,  431096176
 25958,    36,   41000000,  483265928,        1,  442265928,  442265928
 25958,    37,   41000000,  495374563,        1,  454374563,  454374563
 25958,    38,   41000000,  510734912,        1,  469734912,  469734912
 25958,    39,   41000000,  519038408,        1,  478038408,  478038408
 25958,    40,   41000000,  529855497,        1,  488855497,  488855497
 25958,    41,   41000000,  545773505,        1,  504773505,  504773505
 25958,    42,   41000000,  556026362,        1,  515026362,  515026362
 25958,    43,   41000000,  567204063,        1,  526204063,  526204063
 25958,    44,   41000000,  580319078,        1,  539319078,  539319078
 25958,    45,   41000000,  589773048,        1,  548773048,  548773048
 25958,    46,   41000000,  602619886,        1,  561619886,  561619886
 25958,    47,   41000000,  614836819,        1,  573836819,  573836819
 25958,    48,   41000000,  625609587,        1,  584609587,  584609587
 25958,    49,   41000000,  636854101,        1,  595854101,  595854101
 25958,    50,   41000000,  650615379,        1,  609615379,  609615379
 25958,    51,   41000000,  659036219,        1,  618036219,  618036219
 25958,    52,   41000000,  672775348,        1,  631775348,  631775348
 25958,    53,   41000000,  689607915,        1,  648607915,  648607915
 25958,    54,   41000000,  699187594,        1,  658187594,  658187594
 25958,    55,   41000000,  712399000,        1,  671399000,  671399000
 25958,    56,   41000000,  728326427,        1,  687326427,  687326427
 25958,    57,   41000000,  740642621,        1,  699642621,  699642621
 25958,    58,   41000000,  751497105,        1,  710497105,  710497105
 25958,    59,   41000000,  762154911,        1,  721154911,  721154911
 25958,    60,   41000000,  777441394,        1,  736441394,  736441394
 25958,    61,   41000000,  784882226,        1,  743882226,  743882226
 25958,    62,   41000000,  798913490,        1,  757913490,  757913490
 25958,    63,   41000000,  814254133,        1,  773254133,  773254133
 25958,    64,   41000000,  826997483,        1,  785997483,  785997483
 25958,    65,   41000000,  837783266,        1,  796783266,  796783266
 25958,    66,   41000000,  852411739,        1,  811411739,  811411739
 25958,    67,   41000000,  867833732,        1,  826833732,  826833732
 25958,    68,   41000000,  881075488,        1,  840075488,  840075488
 25958,    69,   41000000,  894241552,        1,  853241552,  853241552
 25958,    70,   41000000,  910812403,        1,  869812403,  869812403
 25958,    71,   41000000,  919623711,        1,  878623711,  878623711
 25958,    72,   41000000,  930384096,        1,  889384096,  889384096
 25958,    73,   41000000,  941921071,        1,  900921071,  900921071
 25958,    74,   41000000,  956651499,        1,  915651499,  915651499
 25958,    75,   41000000,  970174722,        1,  929174722,  929174722
 25958,    76,   41000000,  981487671,        1,  940487671,  940487671
 25958,    77,   41000000,  991587748,        1,  950587748,  950587748
 25958,    78,   41000000, 1007557883,        1,  966557883,  966557883
 25958,    79,   41000000, 1021601424,        1,  980601424,  980601424
 25958,    80,   41000000, 1034594709,        1,  993594709,  993594709
 25958,    81,   41000000, 1049733116,        1, 1008733116, 1008733116
 25958,    82,   41000000, 1063074791,        1, 1022074791, 1022074791
 25958,    83,   41000000, 1078887590,        1, 1037887590, 1037887590
# task NAME=myapp PID=25962 COST=59339000 PERIOD=87000000 CPU=0
 25962,     2,   87000000,      20817,        0,  -86979183,          0
 25962,     3,   87000000,     199207,        0,  -86800793,          0
 25962,     4,   87000000,  100195429,        1,   13195429,   13195429
 25962,     5,   87000000,  110037864,        1,   23037864,   23037864
 25962,     6,   87000000,  121650042,        1,   34650042,   34650042
 25962,     7,   87000000,  134576995,        1,   47576995,   47576995
 25962,     8,   87000000,  147743619,        1,   60743619,   60743619
 25962,     9,   87000000,  160455666,        1,   73455666,   73455666
 25962,    10,   87000000,  166163930,        1,   79163930,   79163930
 25962,    11,   87000000,  179570934,        1,   92570934,   92570934
 25962,    12,   87000000,  189098686,        1,  102098686,  102098686
 25962,    13,   87000000,  203933673,        1,  116933673,  116933673
 25962,    14,   87000000,  212896324,        1,  125896324,  125896324
 25962,    15,   87000000,  224184003,        1,  137184003,  137184003
 25962,    16,   87000000,  235368161,        1,  148368161,  148368161
 25962,    17,   87000000,  244871493,        1,  157871493,  157871493
 25962,    18,   87000000,  250201352,        1,  163201352,  163201352
 25962,    19,   87000000,  262543949,        1,  175543949,  175543949
 25962,    20,   87000000,  276089172,        1,  189089172,  189089172
 25962,    21,   87000000,  280893193,        1,  193893193,  193893193
 25962,    22,   87000000,  297147583,        1,  210147583,  210147583
 25962,    23,   87000000,  307545311,        1,  220545311,  220545311
 25962,    24,   87000000,  320263598,        1,  233263598,  233263598
 25962,    25,   87000000,  329867157,        1,  242867157,  242867157
 25962,    26,   87000000,  341564024,        1,  254564024,  254564024
 25962,    27,   87000000,  350740389,        1,  263740389,  263740389
 25962,    28,   87000000,  361161016,        1,  274161016,  274161016
 25962,    29,   87000000,  369610685,        1,  282610685,  282610685
 25962,    30,   87000000,  381677567,        1,  294677567,  294677567
 25962,    31,   87000000,  389378274,        1,  302378274,  302378274
 25962,    32,   87000000,  399764123,        1,  312764123,  312764123
 25962,    33,   87000000,  408017683,        1,  321017683,  321017683
 25962,    34,   87000000,  421043895,        1,  334043895,  334043895
 25962,    35,   87000000,  430944883,        1,  343944883,  343944883
 25962,    36,   87000000,  443283955,        1,  356283955,  356283955
 25962,    37,   87000000,  458114013,        1,  371114013,  371114013
 25962,    38,   87000000,  469858521,        1,  382858521,  382858521
 25962,    39,   87000000,  475302932,        1,  388302932,  388302932
 25962,    40,   87000000,  487904854,        1,  400904854,  400904854
 25962,    41,   87000000,  496058939,        1,  409058939,  409058939
 25962,    42,   87000000,  505918984,        1,  418918984,  418918984
 25962,    43,   87000000,  516047335,        1,  429047335,  429047335
 25962,    44,   87000000,  526876483,        1,  439876483,  439876483
 25962,    45,   87000000,  539587783,        1,  452587783,  452587783
 25962,    46,   87000000,  553033587,        1,  466033587,  466033587
 25962,    47,   87000000,  565470670,        1,  478470670,  478470670
 25962,    48,   87000000,  571298850,        1,  484298850,  484298850
 25962,    49,   87000000,  587611070,        1,  500611070,  500611070
 25962,    50,   87000000,  594683952,        1,  507683952,  507683952
 25962,    51,   87000000,  606491565,        1,  519491565,  519491565
 25962,    52,   87000000,  622542773,        1,  535542773,  535542773
 25962,    53,   87000000,  632933271,        1,  545933271,  545933271
 25962,    54,   87000000,  641507070,        1,  554507070,  554507070
 25962,    55,   87000000,  651419311,        1,  564419311,  564419311
 25962,    56,   87000000,  666350490,        1,  579350490,  579350490
 25962,    57,   87000000,  673246320,        1,  586246320,  586246320
 25962,    58,   87000000,  681052653,        1,  594052653,  594052653
 25962,    59,   87000000,  694086726,        1,  607086726,  607086726
 25962,    60,   87000000,  703562067,        1,  616562067,  616562067
 25962,    61,   87000000,  713568955,        1,  626568955,  626568955
 25962,    62,   87000000,  718918032,        1,  631918032,  631918032
 25962,    63,   87000000,  726072062,        1,  639072062,  639072062
 25962,    64,   87000000,  731826538,        1,  644826538,  644826538
 25962,    65,   87000000,  743611724,        1,  656611724,  656611724
 25962,    66,   87000000,  754972518,        1,  667972518,  667972518
 25962,    67,   87000000,  764069008,        1,  677069008,  677069008
 25962,    68,   87000000,  777507817,        1,  690507817,  690507817
 25962,    69,   87000000,  785464593,        1,  698464593,  698464593
 25962,    70,   87000000,  792404551,        1,  705404551,  705404551
 25962,    71,   87000000,  806805241,        1,  719805241,  719805241
 25962,    72,   87000000,  812312427,        1,  725312427,  725312427
 25962,    73,   87000000,  825860036,        1,  738860036,  738860036
 25962,    74,   87000000,  837098056,        1,  750098056,  750098056
 25962,    75,   87000000,  843830164,        1,  756830164,  756830164
 25962,    76,   87000000,  851978946,        1,  764978946,  764978946
 25962,    77,   87000000,  863564257,        1,  776564257,  776564257
 25962,    78,   87000000,  876891620,        1,  789891620,  789891620
 25962,    79,   87000000,  891502010,        1,  804502010,  804502010
 25962,    80,   87000000,  903320320,        1,  816320320,  816320320
 25962,    81,   87000000,  923731327,        1,  836731327,  836731327
 25962,    82,   87000000,  937429016,        1,  850429016,  850429016
 25962,    83,   87000000,  945168359,        1,  858168359,  858168359
 25962,    84,   87000000,  959653848,        1,  872653848,  872653848
 25962,    85,   87000000,  968527759,        1,  881527759,  881527759
 25962,    86,   87000000,  980687369,        1,  893687369,  893687369
 25962,    87,   87000000,  995462627,        1,  908462627,  908462627
 25962,    88,   87000000,  999462298,        1,  912462298,  912462298
 25962,    89,   87000000, 1009240410,        1,  922240410,  922240410
 25962,    90,   87000000, 1024403505,        1,  937403505,  937403505
 25962,    91,   87000000, 1039693106,        1,  952693106,  952693106
 25962,    92,   87000000, 1046798627,        1,  959798627,  959798627
 25962,    93,   87000000, 1061961445,        1,  974961445,  974961445
 25962,    94,   87000000, 1071119452,        1,  984119452,  984119452
 25962,    95,   87000000, 1081443557,        1,  994443557,  994443557
 25962,    96,   87000000, 1091034480,        1, 1004034480, 1004034480
 25962,    97,   87000000, 1098163035,        1, 1011163035, 1011163035
 25962,    98,   87000000, 1109420755,        1, 1022420755, 1022420755
 25962,    99,   87000000, 1118490776,        1, 1031490776, 1031490776
 25962,   100,   87000000, 1134898765,        1, 1047898765, 1047898765
 25962,   101,   87000000, 1148419396,        1, 1061419396, 1061419396
 25962,   102,   87000000, 1157294279,        1, 1070294279, 1070294279
 25962,   103,   87000000, 1166967886,        1, 1079967886, 1079967886
 25962,   104,   87000000, 1175465435,        1, 1088465435, 1088465435
 25962,   105,   87000000, 1186209231,        1, 1099209231, 1099209231
 25962,   106,   87000000, 1198772960,        1, 1111772960, 1111772960
 25962,   107,   87000000, 1214734297,        1, 1127734297, 1127734297
 25962,   108,   87000000, 1229040011,        1, 1142040011, 1142040011
 25962,   109,   87000000, 1245227431,        1, 1158227431, 1158227431
 25962,   110,   87000000, 1253849320,        1, 1166849320, 1166849320
 25962,   111,   87000000, 1266906181,        1, 1179906181, 1179906181
 25962,   112,   87000000, 1278402069,        1, 1191402069, 1191402069
 25962,   113,   87000000, 1284232044,        1, 1197232044, 1197232044
 25962,   114,   87000000, 1294122691,        1, 1207122691, 1207122691
 25962,   115,   87000000, 1306675562,        1, 1219675562, 1219675562
 25962,   116,   87000000, 1312254464,        1, 1225254464, 1225254464
 25962,   117,   87000000, 1328626812,        1, 1241626812, 1241626812
 25962,   118,   87000000, 1346010672,        1, 1259010672, 1259010672
# task NAME=myapp PID=25966 COST=43416000 PERIOD=65000000 CPU=0
 25966,     2,   65000000,      34622,        0,  -64965378,          0
 25966,     3,   65000000,     203171,        0,  -64796829,          0
 25966,     4,   65000000,   70067523,        1,    5067523,    5067523
 25966,     5,   65000000,   76627317,        1,   11627317,   11627317
 25966,     6,   65000000,   81197104,        1,   16197104,   16197104
 25966,     7,   65000000,   85957366,        1,   20957366,   20957366
 25966,     8,   65000000,   93280195,        1,   28280195,   28280195
 25966,     9,   65000000,   97071024,        1,   32071024,   32071024
 25966,    10,   65000000,  103619693,        1,   38619693,   38619693
 25966,    11,   65000000,  113918623,        1,   48918623,   48918623
 25966,    12,   65000000,  120356609,        1,   55356609,   55356609
 25966,    13,   65000000,  128336302,        1,   63336302,   63336302
 25966,    14,   65000000,  135534420,        1,   70534420,   70534420
 25966,    15,   65000000,  140023991,        1,   75023991,   75023991
 25966,    16,   65000000,  144599419,        1,   79599419,   79599419
 25966,    17,   65000000,  156509067,        1,   91509067,   91509067
 25966,    18,   65000000,  165479915,        1,  100479915,  100479915
 25966,    19,   65000000,  170880087,        1,  105880087,  105880087
 25966,    20,   65000000,  178972347,        1,  113972347,  113972347
 25966,    21,   65000000,  189513160,        1,  124513160,  124513160
 25966,    22,   65000000,  195915741,        1,  130915741,  130915741
 25966,    23,   65000000,  205688388,        1,  140688388,  140688388
 25966,    24,   65000000,  210850885,        1,  145850885,  145850885
 25966,    25,   65000000,  213490505,        1,  148490505,  148490505
 25966,    26,   65000000,  220890639,        1,  155890639,  155890639
 25966,    27,   65000000,  228672448,        1,  163672448,  163672448
 25966,    28,   65000000,  237766435,        1,  172766435,  172766435
 25966,    29,   65000000,  247684822,        1,  182684822,  182684822
 25966,    30,   65000000,  254605098,        1,  189605098,  189605098
 25966,    31,   65000000,  261443687,        1,  196443687,  196443687
 25966,    32,   65000000,  266511207,        1,  201511207,  201511207
 25966,    33,   65000000,  273255520,        1,  208255520,  208255520
 25966,    34,   65000000,  281189886,        1,  216189886,  216189886
 25966,    35,   65000000,  288032273,        1,  223032273,  223032273
 25966,    36,   65000000,  298120604,        1,  233120604,  233120604
 25966,    37,   65000000,  305949474,        1,  240949474,  240949474
 25966,    38,   65000000,  316478937,        1,  251478937,  251478937
 25966,    39,   65000000,  322802286,        1,  257802286,  257802286
 25966,    40,   65000000,  330201253,        1,  265201253,  265201253
 25966,    41,   65000000,  336797240,        1,  271797240,  271797240
 25966,    42,   65000000,  339593411,        1,  274593411,  274593411
 25966,    43,   65000000,  346422783,        1,  281422783,  281422783
 25966,    44,   65000000,  346417841,        1,  281417841,  281417841
 25966,    45,   65000000,  348748230,        1,  283748230,  283748230
 25966,    46,   65000000,  352256456,        1,  287256456,  287256456
 25966,    47,   65000000,  362959754,        1,  297959754,  297959754
 25966,    48,   65000000,  371682767,        1,  306682767,  306682767
 25966,    49,   65000000,  380504264,        1,  315504264,  315504264
 25966,    50,   65000000,  388649340,        1,  323649340,  323649340
 25966,    51,   65000000,  393367981,        1,  328367981,  328367981
 25966,    52,   65000000,  401669256,        1,  336669256,  336669256
 25966,    53,   65000000,  413085129,        1,  348085129,  348085129
 25966,    54,   65000000,  416276389,        1,  351276389,  351276389
 25966,    55,   65000000,  422482489,        1,  357482489,  357482489
 25966,    56,   65000000,  429250538,        1,  364250538,  364250538
 25966,    57,   65000000,  435561909,        1,  370561909,  370561909
 25966,    58,   65000000,  444071790,        1,  379071790,  379071790
 25966,    59,   65000000,  459102792,        1,  394102792,  394102792
 25966,    60,   65000000,  468564494,        1,  403564494,  403564494
 25966,    61,   65000000,  476365645,        1,  411365645,  411365645
 25966,    62,   65000000,  484562537,        1,  419562537,  419562537
 25966,    63,   65000000,  494427302,        1,  429427302,  429427302
 25966,    64,   65000000,  498927191,        1,  433927191,  433927191
 25966,    65,   65000000,  506168536,        1,  441168536,  441168536
 25966,    66,   65000000,  511667510,        1,  446667510,  446667510
 25966,    67,   65000000,  518905871,        1,  453905871,  453905871
 25966,    68,   65000000,  525453344,        1,  460453344,  460453344
 25966,    69,   65000000,  532379327,        1,  467379327,  467379327
 25966,    70,   65000000,  540377464,        1,  475377464,  475377464
 25966,    71,   65000000,  546721680,        1,  481721680,  481721680
 25966,    72,   65000000,  554607910,        1,  489607910,  489607910
 25966,    73,   65000000,  564328559,        1,  499328559,  499328559
 25966,    74,   65000000,  571698539,        1,  506698539,  506698539
 25966,    75,   65000000,  578544814,        1,  513544814,  513544814
 25966,    76,   65000000,  585588582,        1,  520588582,  520588582
 25966,    77,   65000000,  589053657,        1,  524053657,  524053657
 25966,    78,   65000000,  592876649,        1,  527876649,  527876649
 25966,    79,   65000000,  609600481,        1,  544600481,  544600481
 25966,    80,   65000000,  612785043,        1,  547785043,  547785043
 25966,    81,   65000000,  625429061,        1,  560429061,  560429061
 25966,    82,   65000000,  630972947,        1,  565972947,  565972947
 25966,    83,   65000000,  633532866,        1,  568532866,  568532866
 25966,    84,   65000000,  634153569,        1,  569153569,  569153569
 25966,    85,   65000000,  642489414,        1,  577489414,  577489414
 25966,    86,   65000000,  644361169,        1,  579361169,  579361169
 25966,    87,   65000000,  647159332,        1,  582159332,  582159332
 25966,    88,   65000000,  656997695,        1,  591997695,  591997695
 25966,    89,   65000000,  665423668,        1,  600423668,  600423668
 25966,    90,   65000000,  673016781,        1,  608016781,  608016781
 25966,    91,   65000000,  678746588,        1,  613746588,  613746588
 25966,    92,   65000000,  686060809,        1,  621060809,  621060809
 25966,    93,   65000000,  696845368,        1,  631845368,  631845368
 25966,    94,   65000000,  711501016,        1,  646501016,  646501016
 25966,    95,   65000000,  719164503,        1,  654164503,  654164503
 25966,    96,   65000000,  721758395,        1,  656758395,  656758395
 25966,    97,   65000000,  728434486,        1,  663434486,  663434486
 25966,    98,   65000000,  738974726,        1,  673974726,  673974726
 25966,    99,   65000000,  742416560,        1,  677416560,  677416560
 25966,   100,   65000000,  752559216,        1,  687559216,  687559216
 25966,   101,   65000000,  758254592,        1,  693254592,  693254592
 25966,   102,   65000000,  762748458,        1,  697748458,  697748458
 25966,   103,   65000000,  774493547,        1,  709493547,  709493547
 25966,   104,   65000000,  780870958,        1,  715870958,  715870958
 25966,   105,   65000000,  787841962,        1,  722841962,  722841962
 25966,   106,   65000000,  793831476,        1,  728831476,  728831476
 25966,   107,   65000000,  799128235,        1,  734128235,  734128235
 25966,   108,   65000000,  807892704,        1,  742892704,  742892704
 25966,   109,   65000000,  816070556,        1,  751070556,  751070556
 25966,   110,   65000000,  823750476,        1,  758750476,  758750476
 25966,   111,   65000000,  830856828,        1,  765856828,  765856828
 25966,   112,   65000000,  840305868,        1,  775305868,  775305868
 25966,   113,   65000000,  848880173,        1,  783880173,  783880173
 25966,   114,   65000000,  856670171,        1,  791670171,  791670171
 25966,   115,   65000000,  863697522,        1,  798697522,  798697522
 25966,   116,   65000000,  867204446,        1,  802204446,  802204446
 25966,   117,   65000000,  869855874,        1,  804855874,  804855874
 25966,   118,   65000000,  872163535,        1,  807163535,  807163535
 25966,   119,   65000000,  877321548,        1,  812321548,  812321548
 25966,   120,   65000000,  878645332,        1,  813645332,  813645332
 25966,   121,   65000000,  884807048,        1,  819807048,  819807048
 25966,   122,   65000000,  891822068,        1,  826822068,  826822068
 25966,   123,   65000000,  902626916,        1,  837626916,  837626916
 25966,   124,   65000000,  913104876,        1,  848104876,  848104876
 25966,   125,   65000000,  920350462,        1,  855350462,  855350462
 25966,   126,   65000000,  932698078,        1,  867698078,  867698078
 25966,   127,   65000000,  938404047,        1,  873404047,  873404047
 25966,   128,   65000000,  945296508,        1,  880296508,  880296508
 25966,   129,   65000000,  951445773,        1,  886445773,  886445773
 25966,   130,   65000000,  962712905,        1,  897712905,  897712905
 25966,   131,   65000000,  966112291,        1,  901112291,  901112291
 25966,   132,   65000000,  969105771,        1,  904105771,  904105771
 25966,   133,   65000000,  975589739,        1,  910589739,  910589739
 25966,   134,   65000000,  979608352,        1,  914608352,  914608352
 25966,   135,   65000000,  983168994,        1,  918168994,  918168994
 25966,   136,   65000000,  992659336,        1,  927659336,  927659336
 25966,   137,   65000000,  992760454,        1,  927760454,  927760454
 25966,   138,   65000000,  996895075,        1,  931895075,  931895075
 25966,   139,   65000000, 1002817737,        1,  937817737,  937817737
 25966,   140,   65000000, 1008713618,        1,  943713618,  943713618
 25966,   141,   65000000, 1013206536,        1,  948206536,  948206536
 25966,   142,   65000000, 1018386583,        1,  953386583,  953386583
 25966,   143,   65000000, 1022497643,        1,  957497643,  957497643
 25966,   144,   65000000, 1029564754,        1,  964564754,  964564754
 25966,   145,   65000000, 1032245243,        1,  967245243,  967245243
 25966,   146,   65000000, 1039649058,        1,  974649058,  974649058
 25966,   147,   65000000, 1046727300,        1,  981727300,  981727300
 25966,   148,   65000000, 1053591372,        1,  988591372,  988591372
 25966,   149,   65000000, 1061718936,        1,  996718936,  996718936
 25966,   150,   65000000, 1071806132,        1, 1006806132, 1006806132
 25966,   151,   65000000, 1080913604,        1, 1015913604, 1015913604
 25966,   152,   65000000, 1088869660,        1, 1023869660, 1023869660
 25966,   153,   65000000, 1096662879,        1, 1031662879, 1031662879
 25966,   154,   65000000, 1102854216,        1, 1037854216, 1037854216
 25966,   155,   65000000, 1107353249,        1, 1042353249, 1042353249
 25966,   156,   65000000, 1114535054,        1, 1049535054, 1049535054
 25966,   157,   65000000, 1117945303,        1, 1052945303, 1052945303
