130 25 105
373 66 307
166 34 132
124 23 101
267 64 203
221 59 162
189 37 152
104 25 79
257 62 195
117 23 94
171 34 137
176 40 136
130 33 97
195 50 145
110 22 88
220 58 162
166 31 135
274 49 225
373 76 297
374 68 306
837 129 708
106 24 82
484 95 389
122 28 94
113 32 81
158 44 114
149 37 112
160 38 122
105 22 83
108 22 86
112 27 85
403 75 328
185 37 148
912 146 766
142 39 103
134 34 100
361 70 291
387 76 311
174 27 147
316 69 247
105 24 81
559 91 468
912 150 762
120 27 93
191 47 144
178 34 144
215 59 156
142 30 112
147 43 104
170 34 136
405 89 316
203 36 167
244 57 187
253 54 199
120 36 84
152 44 108
146 32 114
350 69 281
105 21 84
140 24 116
200 44 156
184 37 147
136 36 100
147 43 104
115 22 93
505 101 404
105 23 82
118 32 86
133 30 103
126 25 101
158 45 113
117 24 93
173 29 144
178 36 142
118 24 94
117 30 87
318 69 249
135 24 111
339 81 258
