122 86 36
181 150 31
120 102 18
125 90 35
165 135 30
413 287 126
129 109 20
159 108 51
213 174 39
147 116 31
123 106 17
123 101 22
196 167 29
121 84 37
126 101 25
124 93 31
114 97 17
127 109 18
201 168 33
1015 599 416
129 100 29
137 102 35
198 156 42
183 159 24
193 159 34
292 209 83
144 118 26
139 123 16
599 436 163
311 259 52
517 409 108
203 166 37
227 170 57
211 161 50
217 167 50
850 611 239
179 140 39
143 103 40
290 239 51
189 153 36
136 118 18
158 117 41
227 195 32
126 104 22
178 149 29
264 228 36
137 86 51
1016 643 373
466 374 92
852 524 328
141 104 37
679 482 197
165 110 55
676 527 149
154 118 36
515 412 103
173 127 46
195 157 38
218 185 33
