738 748 0
1570 1613 0
784 841 0
1673 1698 0
2473 2554 0
483 483 1
1324 1401 0
812 817 0
591 593 0
854 895 0
355 357 0
381 391 0
1256 1285 0
493 493 1
260 260 1
307 307 1
411 414 0
563 564 0
433 444 0
623 627 0
986 1013 0
581 616 0
919 920 0
1331 1410 0
654 661 0
 
1678 1682 0
1733 1956 0
396 402 0
2267 2366 0
1938 2003 0
1369 1391 0
966 985 0
690 704 0
1196 1209 0
1795 1796 0
525 526 0
1681 1720 0
1251 1281 0
1266 1282 0
1457 1479 0
863 873 0
1690 1726 0
1614 1650 0
2109 2287 0
748 774 0
1116 1136 0
1314 1409 0
1647 1740 0
1202 1250 0
1431 1501 0
 
1588 1810 0
1209 1575 0
2268 2469 0
2173 2214 0
1130 1306 0
1471 1675 0
2037 2160 0
2818 2973 0
2384 2548 0
992 1230 0
1266 1279 0
1403 1676 0
731 771 0
1942 2126 0
1883 2064 0
2206 2276 0
2115 2447 0
2158 2441 0
1564 1704 0
4422 4692 0
2725 2751 0
2492 2766 0
2103 2178 0
2059 2298 0
956 1481 0
 
2125 2599 0
3295 3948 0
2097 2751 0
1236 1513 0
4119 4554 0
1682 1992 0
1826 2130 0
1428 1672 0
3034 3626 0
3107 4119 0
1571 2165 0
1182 1334 0
4379 5052 0
1370 1627 0
1913 2335 0
2064 3115 0
1782 2231 0
2677 3703 0
1829 2081 0
1853 2132 0
1841 2302 0
2675 3435 0
2044 2646 0
2009 2355 0
2697 3685 0
 
===
