# Task,   Job,     Period,   Response, DL Miss?,   Lateness,  Tardiness
# task NAME=myapp PID=689 COST=18502000 PERIOD=26000000 CPU=0
   689,     2,   26000000,      11079,        0,  -25988921,          0
   689,     3,   26000000,    1251979,        0,  -24748021,          0
   689,     4,   26000000,   18361617,        0,   -7638383,          0
   689,     5,   26000000,   45631823,        1,   19631823,   19631823
   689,     6,   26000000,   54259085,        1,   28259085,   28259085
   689,     7,   26000000,   72615778,        1,   46615778,   46615778
   689,     8,   26000000,   77956299,        1,   51956299,   51956299
   689,     9,   26000000,  106582484,        1,   80582484,   80582484
   689,    10,   26000000,   98940442,        1,   72940442,   72940442
   689,    11,   26000000,   91282896,        1,   65282896,   65282896
   689,    12,   26000000,   83606445,        1,   57606445,   57606445
   689,    13,   26000000,   77897158,        1,   51897158,   51897158
   689,    14,   26000000,   70247563,        1,   44247563,   44247563
   689,    15,   26000000,   62865610,        1,   36865610,   36865610
   689,    16,   26000000,   86343018,        1,   60343018,   60343018
   689,    17,   26000000,  197370702,        1,  171370702,  171370702
   689,    18,   26000000,  203328765,        1,  177328765,  177328765
   689,    19,   26000000,  195703975,        1,  169703975,  169703975
   689,    20,   26000000,  188373699,        1,  162373699,  162373699
   689,    21,   26000000,  180743023,        1,  154743023,  154743023
   689,    22,   26000000,  173109961,        1,  147109961,  147109961
   689,    23,   26000000,  165473066,        1,  139473066,  139473066
   689,    24,   26000000,  157818225,        1,  131818225,  131818225
   689,    25,   26000000,  150146272,        1,  124146272,  124146272
   689,    26,   26000000,  142469349,        1,  116469349,  116469349
   689,    27,   26000000,  135081573,        1,  109081573,  109081573
   689,    28,   26000000,  127400247,        1,  101400247,  101400247
   689,    29,   26000000,  119759502,        1,   93759502,   93759502
   689,    30,   26000000,  112110689,        1,   86110689,   86110689
   689,    31,   26000000,  122736679,        1,   96736679,   96736679
   689,    32,   26000000,  144379742,        1,  118379742,  118379742
   689,    33,   26000000,  136708533,        1,  110708533,  110708533
   689,    34,   26000000,  129033073,        1,  103033073,  103033073
   689,    35,   26000000,  132977469,        1,  106977469,  106977469
   689,    36,   26000000,  125329012,        1,   99329012,   99329012
   689,    37,   26000000,  117953451,        1,   91953451,   91953451
   689,    38,   26000000,  198482764,        1,  172482764,  172482764
   689,    39,   26000000,  205523183,        1,  179523183,  179523183
   689,    40,   26000000,  197865524,        1,  171865524,  171865524
   689,    41,   26000000,  190215359,        1,  164215359,  164215359
   689,    42,   26000000,  182552457,        1,  156552457,  156552457
   689,    43,   26000000,  240317255,        1,  214317255,  214317255
   689,    44,   26000000,  232674287,        1,  206674287,  206674287
   689,    45,   26000000,  225025618,        1,  199025618,  199025618
   689,    46,   26000000,  311975618,        1,  285975618,  285975618
   689,    47,   26000000,  413966712,        1,  387966712,  387966712
   689,    48,   26000000,  406311671,        1,  380311671,  380311671
   689,    49,   26000000,  398654860,        1,  372654860,  372654860
   689,    50,   26000000,  391008328,        1,  365008328,  365008328
   689,    51,   26000000,  383652777,        1,  357652777,  357652777
   689,    52,   26000000,  375993849,        1,  349993849,  349993849
   689,    53,   26000000,  368339775,        1,  342339775,  342339775
   689,    54,   26000000,  360678794,        1,  334678794,  334678794
   689,    55,   26000000,  353009377,        1,  327009377,  327009377
   689,    56,   26000000,  345339224,        1,  319339224,  319339224
   689,    57,   26000000,  337672753,        1,  311672753,  311672753
   689,    58,   26000000,  330306246,        1,  304306246,  304306246
   689,    59,   26000000,  398881182,        1,  372881182,  372881182
   689,    60,   26000000,  442313476,        1,  416313476,  416313476
   689,    61,   26000000,  434657607,        1,  408657607,  408657607
   689,    62,   26000000,  426990766,        1,  400990766,  400990766
   689,    63,   26000000,  419667372,        1,  393667372,  393667372
   689,    64,   26000000,  412333335,        1,  386333335,  386333335
   689,    65,   26000000,  405292455,        1,  379292455,  379292455
   689,    66,   26000000,  397985345,        1,  371985345,  371985345
   689,    67,   26000000,  390660666,        1,  364660666,  364660666
   689,    68,   26000000,  383329288,        1,  357329288,  357329288
   689,    69,   26000000,  376007843,        1,  350007843,  350007843
   689,    70,   26000000,  368673746,        1,  342673746,  342673746
   689,    71,   26000000,  361384759,        1,  335384759,  335384759
   689,    72,   26000000,  353714171,        1,  327714171,  327714171
   689,    73,   26000000,  346050612,        1,  320050612,  320050612
   689,    74,   26000000,  338405148,        1,  312405148,  312405148
   689,    75,   26000000,  330757279,        1,  304757279,  304757279
   689,    76,   26000000,  419768231,        1,  393768231,  393768231
   689,    77,   26000000,  549440707,        1,  523440707,  523440707
   689,    78,   26000000,  541787048,        1,  515787048,  515787048
   689,    79,   26000000,  534420060,        1,  508420060,  508420060
   689,    80,   26000000,  526760398,        1,  500760398,  500760398
   689,    81,   26000000,  519096819,        1,  493096819,  493096819
   689,    82,   26000000,  511427303,        1,  485427303,  485427303
   689,    83,   26000000,  503758523,        1,  477758523,  477758523
   689,    84,   26000000,  496096348,        1,  470096348,  470096348
   689,    85,   26000000,  488424416,        1,  462424416,  462424416
   689,    86,   26000000,  481071361,        1,  455071361,  455071361
   689,    87,   26000000,  473408767,        1,  447408767,  447408767
   689,    88,   26000000,  522331994,        1,  496331994,  496331994
   689,    89,   26000000,  514969639,        1,  488969639,  488969639
   689,    90,   26000000,  507333634,        1,  481333634,  481333634
   689,    91,   26000000,  499686216,        1,  473686216,  473686216
   689,    92,   26000000,  492043793,        1,  466043793,  466043793
   689,    93,   26000000,  484388145,        1,  458388145,  458388145
   689,    94,   26000000,  476728746,        1,  450728746,  450728746
   689,    95,   26000000,  469068567,        1,  443068567,  443068567
   689,    96,   26000000,  461689840,        1,  435689840,  435689840
   689,   101,   26000000,  449402185,        1,  423402185,  423402185
   689,   102,   26000000,  442028970,        1,  416028970,  416028970
   689,   103,   26000000,  434355045,        1,  408355045,  408355045
   689,   104,   26000000,  439705352,        1,  413705352,  413705352
   689,   105,   26000000,  444059890,        1,  418059890,  418059890
   689,   106,   26000000,  484233589,        1,  458233589,  458233589
   689,   107,   26000000,  502602823,        1,  476602823,  476602823
   689,   109,   26000000,  513293618,        1,  487293618,  487293618
   689,   110,   26000000,  602188198,        1,  576188198,  576188198
   689,   111,   26000000,  647948364,        1,  621948364,  621948364
   689,   112,   26000000,  708101297,        1,  682101297,  682101297
   689,   113,   26000000,  721041814,        1,  695041814,  695041814
   689,   114,   26000000,  726380565,        1,  700380565,  700380565
   689,   115,   26000000,  744737000,        1,  718737000,  718737000
   689,   116,   26000000,  759755265,        1,  733755265,  733755265
   689,   117,   26000000,  765104671,        1,  739104671,  739104671
   689,   118,   26000000,  785912132,        1,  759912132,  759912132
   689,   119,   26000000,  778272508,        1,  752272508,  752272508
   689,   120,   26000000,  788868366,        1,  762868366,  762868366
   689,   121,   26000000,  858814172,        1,  832814172,  832814172
   689,   122,   26000000,  851172600,        1,  825172600,  825172600
   689,   123,   26000000,  843516474,        1,  817516474,  817516474
   689,   124,   26000000,  835848737,        1,  809848737,  809848737
   689,   125,   26000000,  828486573,        1,  802486573,  802486573
   689,   126,   26000000,  902471049,        1,  876471049,  876471049
   689,   127,   26000000,  895324359,        1,  869324359,  869324359
   689,   128,   26000000,  931895133,        1,  905895133,  905895133
   689,   129,   26000000,  962119151,        1,  936119151,  936119151
# task NAME=myapp PID=692 COST=47304000 PERIOD=71000000 CPU=0
   692,     2,   71000000,       2694,        0,  -70997306,          0
   692,     3,   71000000,    1248497,        0,  -69751503,          0
   692,     4,   71000000,   71355347,        1,     355347,     355347
   692,     5,   71000000,   47165548,        0,  -23834452,          0
   692,     6,   71000000,  157031142,        1,   86031142,   86031142
   692,     7,   71000000,  133143687,        1,   62143687,   62143687
   692,     8,   71000000,  121105810,        1,   50105810,   50105810
   692,     9,   71000000,   97267907,        1,   26267907,   26267907
   692,    10,   71000000,   73103931,        1,    2103931,    2103931
   692,    11,   71000000,   53737510,        0,  -17262490,          0
   692,    12,   71000000,  167556465,        1,   96556465,   96556465
   692,    13,   71000000,  143369522,        1,   72369522,   72369522
   692,    14,   71000000,  119496036,        1,   48496036,   48496036
   692,    15,   71000000,  132147881,        1,   61147881,   61147881
   692,    16,   71000000,  209532281,        1,  138532281,  138532281
   692,    17,   71000000,  224442218,        1,  153442218,  153442218
   692,    18,   71000000,  315133087,        1,  244133087,  244133087
   692,    19,   71000000,  442462042,        1,  371462042,  371462042
   692,    20,   71000000,  418634286,        1,  347634286,  347634286
   692,    21,   71000000,  394497654,        1,  323497654,  323497654
   692,    22,   71000000,  422667059,        1,  351667059,  351667059
   692,    23,   71000000,  436568149,        1,  365568149,  365568149
   692,    24,   71000000,  480491677,        1,  409491677,  409491677
   692,    25,   71000000,  553569224,        1,  482569224,  482569224
   692,    26,   71000000,  622279425,        1,  551279425,  551279425
   692,    27,   71000000,  686614141,        1,  615614141,  615614141
   692,    28,   71000000,  701461561,        1,  630461561,  630461561
   692,    29,   71000000,  677611463,        1,  606611463,  606611463
   692,    30,   71000000,  653436917,        1,  582436917,  582436917
   692,    31,   71000000,  629270912,        1,  558270912,  558270912
   692,    32,   71000000,  611547188,        1,  540547188,  540547188
   692,    33,   71000000,  606809776,        1,  535809776,  535809776
   692,    34,   71000000,  700347986,        1,  629347986,  629347986
   692,    35,   71000000,  722564041,        1,  651564041,  651564041
   692,    36,   71000000,  698686309,        1,  627686309,  627686309
   692,    37,   71000000,  674553159,        1,  603553159,  603553159
   692,    38,   71000000,  651511039,        1,  580511039,  580511039
   692,    39,   71000000,  627517826,        1,  556517826,  556517826
   692,    40,   71000000,  652799904,        1,  581799904,  581799904
   692,    41,   71000000,  628656383,        1,  557656383,  557656383
   692,    42,   71000000,  604470392,        1,  533470392,  533470392
   692,    43,   71000000,  615884495,        1,  544884495,  544884495
   692,    44,   71000000,  853897999,        1,  782897999,  782897999
   692,    45,   71000000,  839407149,        1,  768407149,  768407149
   692,    46,   71000000,  896706988,        1,  825706988,  825706988
   692,    47,   71000000,  872687194,        1,  801687194,  801687194
   692,    48,   71000000,  848838235,        1,  777838235,  777838235
   692,    49,   71000000,  824698604,        1,  753698604,  753698604
   692,    50,   71000000,  851538645,        1,  780538645,  780538645
   692,    51,   71000000,  960417362,        1,  889417362,  889417362
   692,    52,   71000000,  936587408,        1,  865587408,  865587408
   692,    53,   71000000, 1004873404,        1,  933873404,  933873404
   692,    54,   71000000, 1069205663,        1,  998205663,  998205663
   692,    55,   71000000, 1170596006,        1, 1099596006, 1099596006
   692,    56,   71000000, 1280051809,        1, 1209051809, 1209051809
   692,    57,   71000000, 1317868409,        1, 1246868409, 1246868409
   692,    58,   71000000, 1357856468,        1, 1286856468, 1286856468
   692,    59,   71000000, 1498003728,        1, 1427003728, 1427003728
   692,    60,   71000000, 1522952449,        1, 1451952449, 1451952449
   692,    61,   71000000, 1636053931,        1, 1565053931, 1565053931
   692,    62,   71000000, 1750157406,        1, 1679157406, 1679157406
   692,    63,   71000000, 1773454077,        1, 1702454077, 1702454077
   692,    64,   71000000, 1801692514,        1, 1730692514, 1730692514
   692,    65,   71000000, 1829677721,        1, 1758677721, 1758677721
   692,    66,   71000000, 1900871306,        1, 1829871306, 1829871306
   692,    67,   71000000, 1909881005,        1, 1838881005, 1838881005
   692,    68,   71000000, 2006942780,        1, 1935942780, 1935942780
   692,    69,   71000000, 2080430931,        1, 2009430931, 2009430931
   692,    70,   71000000, 2142935995,        1, 2071935995, 2071935995
   692,    71,   71000000, 2167878475,        1, 2096878475, 2096878475
   692,    72,   71000000, 2228407433,        1, 2157407433, 2157407433
   692,    73,   71000000, 2280639228,        1, 2209639228, 2209639228
   692,    74,   71000000, 2313644768,        1, 2242644768, 2242644768
   692,    75,   71000000, 2289744139,        1, 2218744139, 2218744139
   692,    76,   71000000, 2299609624,        1, 2228609624, 2228609624
   692,    77,   71000000, 2275712206,        1, 2204712206, 2204712206
   692,    78,   71000000, 2251529056,        1, 2180529056, 2180529056
# task NAME=myapp PID=697 COST=35257000 PERIOD=55000000 CPU=0
   697,     2,   55000000,       3260,        0,  -54996740,          0
   697,     3,   55000000,    1245618,        0,  -53754382,          0
   697,     4,   55000000,   65378899,        1,   10378899,   10378899
   697,     5,   55000000,   84342297,        1,   29342297,   29342297
   697,     6,   55000000,  105055857,        1,   50055857,   50055857
   697,     7,   55000000,   85001823,        1,   30001823,   30001823
   697,     8,   55000000,  177168266,        1,  122168266,  122168266
   697,     9,   55000000,  157145222,        1,  102145222,  102145222
   697,    10,   55000000,  222900530,        1,  167900530,  167900530
   697,    11,   55000000,  203186068,        1,  148186068,  148186068
   697,    12,   55000000,  183149915,        1,  128149915,  128149915
   697,    13,   55000000,  237748613,        1,  182748613,  182748613
   697,    14,   55000000,  354396955,        1,  299396955,  299396955
   697,    15,   55000000,  334362502,        1,  279362502,  279362502
   697,    16,   55000000,  314612439,        1,  259612439,  259612439
   697,    17,   55000000,  294553209,        1,  239553209,  239553209
   697,    18,   55000000,  274484566,        1,  219484566,  219484566
   697,    19,   55000000,  255683071,        1,  200683071,  200683071
   697,    20,   55000000,  235649611,        1,  180649611,  180649611
   697,    21,   55000000,  281824968,        1,  226824968,  226824968
   697,    22,   55000000,  261796143,        1,  206796143,  206796143
   697,    23,   55000000,  241736365,        1,  186736365,  186736365
   697,    24,   55000000,  221929702,        1,  166929702,  166929702
   697,    25,   55000000,  201853649,        1,  146853649,  146853649
   697,    26,   55000000,  181786468,        1,  126786468,  126786468
   697,    27,   55000000,  161709599,        1,  106709599,  106709599
   697,    28,   55000000,  181859569,        1,  126859569,  126859569
   697,    29,   55000000,  186555949,        1,  131555949,  131555949
   697,    30,   55000000,  258652642,        1,  203652642,  203652642
   697,    31,   55000000,  238880065,        1,  183880065,  183880065
   697,    32,   55000000,  218808130,        1,  163808130,  163808130
   697,    33,   55000000,  273146417,        1,  218146417,  218146417
   697,    34,   55000000,  278507609,        1,  223507609,  223507609
   697,    35,   55000000,  375240274,        1,  320240274,  320240274
   697,    36,   55000000,  367579019,        1,  312579019,  312579019
   697,    37,   55000000,  347522234,        1,  292522234,  292522234
   697,    38,   55000000,  327717574,        1,  272717574,  272717574
   697,    39,   55000000,  307623133,        1,  252623133,  252623133
   697,    40,   55000000,  287524550,        1,  232524550,  232524550
   697,    41,   55000000,  274007521,        1,  219007521,  219007521
   697,    42,   55000000,  255368186,        1,  200368186,  200368186
   697,    43,   55000000,  236336480,        1,  181336480,  181336480
   697,    44,   55000000,  217297434,        1,  162297434,  162297434
   697,    45,   55000000,  198142461,        1,  143142461,  143142461
   697,    46,   55000000,  271624077,        1,  216624077,  216624077
   697,    47,   55000000,  285196870,        1,  230196870,  230196870
   697,    48,   55000000,  310942627,        1,  255942627,  255942627
   697,    49,   55000000,  316895752,        1,  261895752,  261895752
   697,    50,   55000000,  375325070,        1,  320325070,  320325070
   697,    51,   55000000,  559297631,        1,  504297631,  504297631
   697,    52,   55000000,  597174615,        1,  542174615,  542174615
   697,    53,   55000000,  577095986,        1,  522095986,  522095986
   697,    54,   55000000,  635175179,        1,  580175179,  580175179
   697,    55,   55000000,  615121279,        1,  560121279,  560121279
   697,    56,   55000000,  595331843,        1,  540331843,  540331843
   697,    57,   55000000,  575241330,        1,  520241330,  520241330
   697,    58,   55000000,  555165692,        1,  500165692,  500165692
   697,    59,   55000000,  535087015,        1,  480087015,  480087015
   697,    60,   55000000,  515289045,        1,  460289045,  460289045
   697,    61,   55000000,  495197749,        1,  440197749,  440197749
   697,    62,   55000000,  475098829,        1,  420098829,  420098829
   697,    63,   55000000,  474910136,        1,  419910136,  419910136
   697,    64,   55000000,  546630997,        1,  491630997,  491630997
   697,    65,   55000000,  526594066,        1,  471594066,  471594066
   697,    66,   55000000,  582112497,        1,  527112497,  527112497
   697,    67,   55000000,  605613705,        1,  550613705,  550613705
   697,    68,   55000000,  625945002,        1,  570945002,  570945002
   697,    69,   55000000,  617658874,        1,  562658874,  562658874
   697,    70,   55000000,  598185037,        1,  543185037,  543185037
   697,    71,   55000000,  578102719,        1,  523102719,  523102719
   697,    72,   55000000,  572931610,        1,  517931610,  517931610
   697,    73,   55000000,  553182593,        1,  498182593,  498182593
   697,    74,   55000000,  653181360,        1,  598181360,  598181360
   697,    75,   55000000,  633122392,        1,  578122392,  578122392
   697,    76,   55000000,  639397283,        1,  584397283,  584397283
   697,    77,   55000000,  658551592,        1,  603551592,  603551592
   697,    78,   55000000,  748545030,        1,  693545030,  693545030
   697,    79,   55000000,  861374216,        1,  806374216,  806374216
   697,    80,   55000000, 1004285352,        1,  949285352,  949285352
   697,    81,   55000000,  984489617,        1,  929489617,  929489617
   697,    82,   55000000,  964778299,        1,  909778299,  909778299
   697,    83,   55000000,  945377247,        1,  890377247,  890377247
   697,    84,   55000000,  992361315,        1,  937361315,  937361315
   697,    85,   55000000,  973495888,        1,  918495888,  918495888
   697,    86,   55000000, 1111796724,        1, 1056796724, 1056796724
   697,    87,   55000000, 1092244961,        1, 1037244961, 1037244961
   697,    88,   55000000, 1072209039,        1, 1017209039, 1017209039
   697,    89,   55000000, 1052447610,        1,  997447610,  997447610
   697,    90,   55000000, 1100169861,        1, 1045169861, 1045169861
   697,    91,   55000000, 1080084237,        1, 1025084237, 1025084237
   697,    92,   55000000, 1060030435,        1, 1005030435, 1005030435
   697,    93,   55000000, 1039964884,        1,  984964884,  984964884
   697,    94,   55000000, 1174787846,        1, 1119787846, 1119787846
   697,    95,   55000000, 1154711851,        1, 1099711851, 1099711851
   697,    96,   55000000, 1134904847,        1, 1079904847, 1079904847
   697,    97,   55000000, 1114849857,        1, 1059849857, 1059849857
   697,    98,   55000000, 1094787920,        1, 1039787920, 1039787920
   697,    99,   55000000, 1155303225,        1, 1100303225, 1100303225
   697,   100,   55000000, 1135263143,        1, 1080263143, 1080263143
   697,   101,   55000000, 1115494327,        1, 1060494327, 1060494327
   697,   102,   55000000, 1200838729,        1, 1145838729, 1145838729
   697,   103,   55000000, 1180742656,        1, 1125742656, 1125742656
   697,   104,   55000000, 1160650137,        1, 1105650137, 1105650137
   697,   105,   55000000, 1140848284,        1, 1085848284, 1085848284
   697,   107,   55000000, 1110726533,        1, 1055726533, 1055726533
   697,   108,   55000000, 1090630091,        1, 1035630091, 1035630091
   697,   109,   55000000, 1079757211,        1, 1024757211, 1024757211
   697,   111,   55000000, 1089332452,        1, 1034332452, 1034332452
   697,   112,   55000000, 1069242616,        1, 1014242616, 1014242616
   697,   113,   55000000, 1076506442,        1, 1021506442, 1021506442
   697,   118,   55000000, 1178150045,        1, 1123150045, 1123150045
   697,   128,   55000000, 1070829569,        1, 1015829569, 1015829569
   697,   129,   55000000, 1121881022,        1, 1066881022, 1066881022
   697,   130,   55000000, 1159074724,        1, 1104074724, 1104074724
   697,   131,   55000000, 1139004223,        1, 1084004223, 1084004223
   697,   132,   55000000, 1118935072,        1, 1063935072, 1063935072
   697,   133,   55000000, 1118323582,        1, 1063323582, 1063323582
   697,   134,   55000000, 1098873440,        1, 1043873440, 1043873440
   697,   135,   55000000, 1079405702,        1, 1024405702, 1024405702
   697,   143,   55000000, 1062690202,        1, 1007690202, 1007690202
   697,   144,   55000000, 1042622962,        1,  987622962,  987622962
   697,   145,   55000000, 1028052009,        1,  973052009,  973052009
   697,   147,   55000000, 1055645968,        1, 1000645968, 1000645968
   697,   148,   55000000, 1035932507,        1,  980932507,  980932507
   697,   154,   55000000, 1087516854,        1, 1032516854, 1032516854
   697,   155,   55000000, 1088147869,        1, 1033147869, 1033147869
   697,   156,   55000000, 1133471914,        1, 1078471914, 1078471914
   697,   157,   55000000, 1113451456,        1, 1058451456, 1058451456
   697,   158,   55000000, 1147982868,        1, 1092982868, 1092982868
   697,   159,   55000000, 1127968082,        1, 1072968082, 1072968082
   697,   162,   55000000, 1190115813,        1, 1135115813, 1135115813
   697,   163,   55000000, 1170044594,        1, 1115044594, 1115044594
   697,   164,   55000000, 1267662242,        1, 1212662242, 1212662242
   697,   165,   55000000, 1354736372,        1, 1299736372, 1299736372
   697,   166,   55000000, 1334673902,        1, 1279673902, 1279673902
   697,   167,   55000000, 1314630527,        1, 1259630527, 1259630527
   697,   168,   55000000, 1294586345,        1, 1239586345, 1239586345
   697,   169,   55000000, 1274801944,        1, 1219801944, 1219801944
   697,   170,   55000000, 1254730414,        1, 1199730414, 1199730414
   697,   171,   55000000, 1234662757,        1, 1179662757, 1179662757
   697,   172,   55000000, 1214859115,        1, 1159859115, 1159859115
   697,   173,   55000000, 1194783722,        1, 1139783722, 1139783722
   697,   174,   55000000, 1174705804,        1, 1119705804, 1119705804
   697,   175,   55000000, 1154611506,        1, 1099611506, 1099611506
   697,   181,   55000000, 1036958436,        1,  981958436,  981958436
# task NAME=myapp PID=701 COST=36386000 PERIOD=44000000 CPU=0
   701,     2,   44000000,      11343,        0,  -43988657,          0
   701,     3,   44000000,    1238078,        0,  -42761922,          0
   701,     4,   44000000,   49719420,        1,    5719420,    5719420
   701,     5,   44000000,   70177824,        1,   26177824,   26177824
   701,     6,   44000000,   84128698,        1,   40128698,   40128698
   701,     7,   44000000,   86455934,        1,   42455934,   42455934
   701,     8,   44000000,   80618734,        1,   36618734,   36618734
   701,     9,   44000000,  174786810,        1,  130786810,  130786810
   701,    10,   44000000,  172898731,        1,  128898731,  128898731
   701,    11,   44000000,  238188614,        1,  194188614,  194188614
   701,    12,   44000000,  230586342,        1,  186586342,  186586342
   701,    13,   44000000,  222683532,        1,  178683532,  178683532
   701,    14,   44000000,  214765178,        1,  170765178,  170765178
   701,    15,   44000000,  274415742,        1,  230415742,  230415742
   701,    16,   44000000,  335885572,        1,  291885572,  291885572
   701,    17,   44000000,  327928715,        1,  283928715,  283928715
   701,    18,   44000000,  320004014,        1,  276004014,  276004014
   701,    19,   44000000,  312420676,        1,  268420676,  268420676
   701,    20,   44000000,  304525644,        1,  260525644,  260525644
   701,    21,   44000000,  296605534,        1,  252605534,  252605534
   701,    22,   44000000,  288984465,        1,  244984465,  244984465
   701,    23,   44000000,  282263153,        1,  238263153,  238263153
   701,    24,   44000000,  274367326,        1,  230367326,  230367326
   701,    25,   44000000,  266433667,        1,  222433667,  222433667
   701,    26,   44000000,  258775473,        1,  214775473,  214775473
   701,    27,   44000000,  250893310,        1,  206893310,  206893310
   701,    28,   44000000,  312316135,        1,  268316135,  268316135
   701,    29,   44000000,  304399182,        1,  260399182,  260399182
   701,    30,   44000000,  296482360,        1,  252482360,  252482360
   701,    31,   44000000,  360980863,        1,  316980863,  316980863
   701,    32,   44000000,  456512332,        1,  412512332,  412512332
   701,    33,   44000000,  474609064,        1,  430609064,  430609064
   701,    34,   44000000,  506962843,        1,  462962843,  462962843
   701,    35,   44000000,  574297247,        1,  530297247,  530297247
   701,    36,   44000000,  605648694,        1,  561648694,  561648694
   701,    37,   44000000,  700491540,        1,  656491540,  656491540
   701,    38,   44000000,  803373374,        1,  759373374,  759373374
   701,    39,   44000000,  821759293,        1,  777759293,  777759293
   701,    40,   44000000,  945415703,        1,  901415703,  901415703
   701,    41,   44000000, 1040484452,        1,  996484452,  996484452
   701,    42,   44000000, 1065074745,        1, 1021074745, 1021074745
   701,    43,   44000000, 1096178176,        1, 1052178176, 1052178176
   701,    44,   44000000, 1157588077,        1, 1113588077, 1113588077
   701,    45,   44000000, 1149682955,        1, 1105682955, 1105682955
   701,    46,   44000000, 1210788731,        1, 1166788731, 1166788731
   701,    47,   44000000, 1240844988,        1, 1196844988, 1196844988
   701,    48,   44000000, 1232903340,        1, 1188903340, 1188903340
   701,    49,   44000000, 1266676724,        1, 1222676724, 1222676724
   701,    50,   44000000, 1258722035,        1, 1214722035, 1214722035
   701,    51,   44000000, 1251132670,        1, 1207132670, 1207132670
   701,    52,   44000000, 1252006968,        1, 1208006968, 1208006968
   701,    53,   44000000, 1269485456,        1, 1225485456, 1225485456
   701,    54,   44000000, 1261825868,        1, 1217825868, 1217825868
   701,    55,   44000000, 1256027020,        1, 1212027020, 1212027020
   701,    56,   44000000, 1248075973,        1, 1204075973, 1204075973
   701,    57,   44000000, 1240116034,        1, 1196116034, 1196116034
   701,    58,   44000000, 1232450093,        1, 1188450093, 1188450093
   701,    59,   44000000, 1259175928,        1, 1215175928, 1215175928
# task NAME=myapp PID=705 COST=82891000 PERIOD=95000000 CPU=0
   705,     2,   95000000,      14034,        0,  -94985966,          0
   705,     3,   95000000,    1276568,        0,  -93723432,          0
   705,     4,   95000000,  135927242,        1,   40927242,   40927242
   705,     5,   95000000,  123513782,        1,   28513782,   28513782
   705,     6,   95000000,  169208145,        1,   74208145,   74208145
   705,     7,   95000000,  156647858,        1,   61647858,   61647858
   705,     8,   95000000,  152003738,        1,   57003738,   57003738
   705,     9,   95000000,  207488246,        1,  112488246,  112488246
   705,    10,   95000000,  353153892,        1,  258153892,  258153892
   705,    11,   95000000,  399361378,        1,  304361378,  304361378
   705,    12,   95000000,  478745016,        1,  383745016,  383745016
   705,    13,   95000000,  490948964,        1,  395948964,  395948964
   705,    14,   95000000,  478335738,        1,  383335738,  383335738
   705,    15,   95000000,  465415049,        1,  370415049,  370415049
   705,    16,   95000000,  562823787,        1,  467823787,  467823787
   705,    17,   95000000,  550977679,        1,  455977679,  455977679
   705,    18,   95000000,  538536306,        1,  443536306,  443536306
   705,    19,   95000000,  527540005,        1,  432540005,  432540005
   705,    20,   95000000,  548143480,        1,  453143480,  453143480
   705,    21,   95000000,  670044315,        1,  575044315,  575044315
   705,    22,   95000000,  856335445,        1,  761335445,  761335445
   705,    23,   95000000,  867789447,        1,  772789447,  772789447
   705,    24,   95000000,  932419130,        1,  837419130,  837419130
   705,    25,   95000000,  940313538,        1,  845313538,  845313538
   705,    26,   95000000,  963765153,        1,  868765153,  868765153
   705,    27,   95000000,  951472341,        1,  856472341,  856472341
   705,    28,   95000000,  961593070,        1,  866593070,  866593070
   705,    29,   95000000,  958327000,        1,  863327000,  863327000
   705,    30,   95000000, 1065220618,        1,  970220618,  970220618
   705,    31,   95000000, 1258140984,        1, 1163140984, 1163140984
   705,    32,   95000000, 1245636426,        1, 1150636426, 1150636426
   705,    33,   95000000, 1496529065,        1, 1401529065, 1401529065
   705,    34,   95000000, 1483941621,        1, 1388941621, 1388941621
   705,    35,   95000000, 1598831853,        1, 1503831853, 1503831853
   705,    36,   95000000, 1743680692,        1, 1648680692, 1648680692
   705,    37,   95000000, 1758070980,        1, 1663070980, 1663070980
   705,    38,   95000000, 1765916731,        1, 1670916731, 1670916731
   705,    39,   95000000, 1838174910,        1, 1743174910, 1743174910
   705,    40,   95000000, 1902176720,        1, 1807176720, 1807176720
   705,    41,   95000000, 1889327394,        1, 1794327394, 1794327394
   705,    42,   95000000, 2041288218,        1, 1946288218, 1946288218
   705,    43,   95000000, 2118779323,        1, 2023779323, 2023779323
   705,    44,   95000000, 2342414081,        1, 2247414081, 2247414081
   705,    45,   95000000, 2329845143,        1, 2234845143, 2234845143
   705,    46,   95000000, 2317175890,        1, 2222175890, 2222175890
   705,    47,   95000000, 2304350578,        1, 2209350578, 2209350578
   705,    48,   95000000, 2291680010,        1, 2196680010, 2196680010
   705,    49,   95000000, 2279030853,        1, 2184030853, 2184030853
   705,    50,   95000000, 2390747294,        1, 2295747294, 2295747294
   705,    51,   95000000, 2474231662,        1, 2379231662, 2379231662
   705,    52,   95000000, 2461317143,        1, 2366317143, 2366317143
   705,    53,   95000000, 2590580214,        1, 2495580214, 2495580214
   705,    54,   95000000, 2653122586,        1, 2558122586, 2558122586
   705,    55,   95000000, 2866500496,        1, 2771500496, 2771500496
   705,    56,   95000000, 3096572657,        1, 3001572657, 3001572657
   705,    57,   95000000, 3083610692,        1, 2988610692, 2988610692
   705,    58,   95000000, 3070914603,        1, 2975914603, 2975914603
   705,    59,   95000000, 3135096105,        1, 3040096105, 3040096105
   705,    61,   95000000, 3337671284,        1, 3242671284, 3242671284
# task NAME=myapp PID=708 COST=23116000 PERIOD=48000000 CPU=0
   708,     2,   48000000,      22049,        0,  -47977951,          0
   708,     3,   48000000,    1242552,        0,  -46757448,          0
   708,     4,   48000000,   22975121,        0,  -25024879,          0
   708,     5,   48000000,   35904705,        0,  -12095295,          0
   708,     6,   48000000,   53364944,        1,    5364944,    5364944
   708,     7,   48000000,   28273651,        0,  -19726349,          0
   708,     8,   48000000,   40344383,        0,   -7655617,          0
   708,     9,   48000000,   63904656,        1,   15904656,   15904656
   708,    10,   48000000,   39105501,        0,   -8894499,          0
   708,    11,   48000000,   78604416,        1,   30604416,   30604416
   708,    12,   48000000,   53541535,        1,    5541535,    5541535
   708,    13,   48000000,  106286753,        1,   58286753,   58286753
   708,    14,   48000000,   81221472,        1,   33221472,   33221472
   708,    15,   48000000,   56451769,        1,    8451769,    8451769
   708,    16,   48000000,   31381625,        0,  -16618375,          0
   708,    17,   48000000,  114392661,        1,   66392661,   66392661
   708,    18,   48000000,   89987850,        1,   41987850,   41987850
   708,    19,   48000000,   65655666,        1,   17655666,   17655666
   708,    20,   48000000,   58900685,        1,   10900685,   10900685
   708,    21,   48000000,   33817434,        0,  -14182566,          0
   708,    22,   48000000,   58104303,        1,   10104303,   10104303
   708,    23,   48000000,   46335833,        0,   -1664167,          0
   708,    24,   48000000,   88028538,        1,   40028538,   40028538
   708,    25,   48000000,   97988524,        1,   49988524,   49988524
   708,    26,   48000000,   98936631,        1,   50936631,   50936631
   708,    27,   48000000,  125530264,        1,   77530264,   77530264
   708,    28,   48000000,  100474649,        1,   52474649,   52474649
   708,    29,   48000000,   75395558,        1,   27395558,   27395558
   708,    30,   48000000,   50295831,        1,    2295831,    2295831
   708,    31,   48000000,   25192332,        0,  -22807668,          0
   708,    32,   48000000,   23696338,        0,  -24303662,          0
   708,    33,   48000000,  148813337,        1,  100813337,  100813337
   708,    34,   48000000,  132526174,        1,   84526174,   84526174
   708,    35,   48000000,  107726139,        1,   59726139,   59726139
   708,    36,   48000000,   82635597,        1,   34635597,   34635597
   708,    37,   48000000,   57536852,        1,    9536852,    9536852
   708,    38,   48000000,   32842138,        0,  -15157862,          0
   708,    39,   48000000,   90637420,        1,   42637420,   42637420
   708,    40,   48000000,   65540312,        1,   17540312,   17540312
   708,    41,   48000000,   40438891,        0,   -7561109,          0
   708,    42,   48000000,  230342122,        1,  182342122,  182342122
   708,    43,   48000000,  257707226,        1,  209707226,  209707226
   708,    44,   48000000,  232617931,        1,  184617931,  184617931
   708,    45,   48000000,  207510673,        1,  159510673,  159510673
   708,    46,   48000000,  182397591,        1,  134397591,  134397591
   708,    47,   48000000,  157559781,        1,  109559781,  109559781
   708,    48,   48000000,  132441561,        1,   84441561,   84441561
   708,    49,   48000000,  107322483,        1,   59322483,   59322483
   708,    50,   48000000,   96588669,        1,   48588669,   48588669
   708,    51,   48000000,   71785736,        1,   23785736,   23785736
   708,    52,   48000000,   46676035,        0,   -1323965,          0
   708,    53,   48000000,   84782485,        1,   36782485,   36782485
   708,    54,   48000000,   59966290,        1,   11966290,   11966290
   708,    55,   48000000,   34861254,        0,  -13138746,          0
   708,    56,   48000000,  103742767,        1,   55742767,   55742767
   708,    57,   48000000,  146177438,        1,   98177438,   98177438
   708,    58,   48000000,  121381922,        1,   73381922,   73381922
   708,    59,   48000000,   96288904,        1,   48288904,   48288904
   708,    60,   48000000,   71197594,        1,   23197594,   23197594
   708,    61,   48000000,   46101048,        0,   -1898952,          0
   708,    62,   48000000,   81784724,        1,   33784724,   33784724
   708,    63,   48000000,   56668304,        1,    8668304,    8668304
   708,    64,   48000000,   31552041,        0,  -16447959,          0
   708,    65,   48000000,  108326561,        1,   60326561,   60326561
   708,    66,   48000000,  146660027,        1,   98660027,   98660027
   708,    67,   48000000,  147624022,        1,   99624022,   99624022
   708,    68,   48000000,  135809929,        1,   87809929,   87809929
   708,    69,   48000000,  151457009,        1,  103457009,  103457009
   708,    70,   48000000,  236782872,        1,  188782872,  188782872
   708,    71,   48000000,  226381399,        1,  178381399,  178381399
   708,    72,   48000000,  284760729,        1,  236760729,  236760729
   708,    73,   48000000,  286001512,        1,  238001512,  238001512
   708,    74,   48000000,  279738602,        1,  231738602,  231738602
   708,    75,   48000000,  285682744,        1,  237682744,  237682744
   708,    76,   48000000,  271845130,        1,  223845130,  223845130
   708,    77,   48000000,  246803847,        1,  198803847,  198803847
   708,    78,   48000000,  221803905,        1,  173803905,  173803905
   708,    79,   48000000,  196778391,        1,  148778391,  148778391
   708,    80,   48000000,  171692697,        1,  123692697,  123692697
   708,    81,   48000000,  176810599,        1,  128810599,  128810599
   708,    82,   48000000,  178939435,        1,  130939435,  130939435
   708,    83,   48000000,  255433542,        1,  207433542,  207433542
   708,    84,   48000000,  230371519,        1,  182371519,  182371519
   708,    85,   48000000,  256244873,        1,  208244873,  208244873
   708,    86,   48000000,  231158299,        1,  183158299,  183158299
   708,    87,   48000000,  206070873,        1,  158070873,  158070873
   708,    88,   48000000,  181298786,        1,  133298786,  133298786
   708,    89,   48000000,  222833863,        1,  174833863,  174833863
   708,    90,   48000000,  197760611,        1,  149760611,  149760611
   708,    91,   48000000,  172980391,        1,  124980391,  124980391
   708,    92,   48000000,  147908973,        1,   99908973,   99908973
   708,    93,   48000000,  122822636,        1,   74822636,   74822636
   708,    94,   48000000,   97726575,        1,   49726575,   49726575
   708,    95,   48000000,   72616538,        1,   24616538,   24616538
   708,    96,   48000000,   47789155,        0,    -210845,          0
   708,    97,   48000000,   23274408,        0,  -24725592,          0
   708,    98,   48000000,   98698815,        1,   50698815,   50698815
   708,    99,   48000000,  136820870,        1,   88820870,   88820870
   708,   100,   48000000,  192200745,        1,  144200745,  144200745
   708,   101,   48000000,  167117880,        1,  119117880,  119117880
   708,   102,   48000000,  154210865,        1,  106210865,  106210865
   708,   103,   48000000,  129127096,        1,   81127096,   81127096
   708,   104,   48000000,  104032412,        1,   56032412,   56032412
   708,   105,   48000000,   78974952,        1,   30974952,   30974952
   708,   106,   48000000,   53921217,        1,    5921217,    5921217
   708,   107,   48000000,   54371955,        1,    6371955,    6371955
   708,   108,   48000000,   29284526,        0,  -18715474,          0
   708,   109,   48000000,   33801555,        0,  -14198445,          0
   708,   110,   48000000,   34273542,        0,  -13726458,          0
   708,   111,   48000000,   63894980,        1,   15894980,   15894980
   708,   112,   48000000,  135638333,        1,   87638333,   87638333
   708,   113,   48000000,  161929154,        1,  113929154,  113929154
   708,   114,   48000000,  166752987,        1,  118752987,  118752987
   708,   115,   48000000,  166110247,        1,  118110247,  118110247
   708,   116,   48000000,  164410832,        1,  116410832,  116410832
   708,   117,   48000000,  240828606,        1,  192828606,  192828606
   708,   118,   48000000,  241794174,        1,  193794174,  193794174
   708,   119,   48000000,  316115338,        1,  268115338,  268115338
   708,   120,   48000000,  334077511,        1,  286077511,  286077511
   708,   121,   48000000,  332065452,        1,  284065452,  284065452
   708,   122,   48000000,  332987083,        1,  284987083,  284987083
   708,   123,   48000000,  333911935,        1,  285911935,  285911935
   708,   124,   48000000,  331239628,        1,  283239628,  283239628
   708,   125,   48000000,  319168411,        1,  271168411,  271168411
   708,   126,   48000000,  320099231,        1,  272099231,  272099231
   708,   127,   48000000,  339062362,        1,  291062362,  291062362
   708,   128,   48000000,  364929497,        1,  316929497,  316929497
   708,   129,   48000000,  369937652,        1,  321937652,  321937652
   708,   130,   48000000,  371426093,        1,  323426093,  323426093
   708,   131,   48000000,  377621308,        1,  329621308,  329621308
   708,   132,   48000000,  420148523,        1,  372148523,  372148523
   708,   133,   48000000,  421076055,        1,  373076055,  373076055
   708,   134,   48000000,  486967604,        1,  438967604,  438967604
   708,   135,   48000000,  474897466,        1,  426897466,  426897466
   708,   136,   48000000,  524867504,        1,  476867504,  476867504
   708,   137,   48000000,  525801986,        1,  477801986,  477801986
   708,   138,   48000000,  518765833,        1,  470765833,  470765833
   708,   139,   48000000,  514710366,        1,  466710366,  466710366
   708,   140,   48000000,  534661583,        1,  486661583,  486661583
   708,   141,   48000000,  559286928,        1,  511286928,  511286928
   708,   142,   48000000,  585030179,        1,  537030179,  537030179
   708,   143,   48000000,  590716382,        1,  542716382,  542716382
   708,   144,   48000000,  576804240,        1,  528804240,  528804240
   708,   145,   48000000,  551703110,        1,  503703110,  503703110
   708,   146,   48000000,  526891934,        1,  478891934,  478891934
   708,   147,   48000000,  541515359,        1,  493515359,  493515359
   708,   148,   48000000,  555937943,        1,  507937943,  507937943
   708,   149,   48000000,  607002009,        1,  559002009,  559002009
   708,   150,   48000000,  582187517,        1,  534187517,  534187517
   708,   151,   48000000,  557071616,        1,  509071616,  509071616
   708,   152,   48000000,  531941626,        1,  483941626,  483941626
   708,   153,   48000000,  506830960,        1,  458830960,  458830960
   708,   154,   48000000,  514451910,        1,  466451910,  466451910
   708,   155,   48000000,  561915739,        1,  513915739,  513915739
   708,   156,   48000000,  537121277,        1,  489121277,  489121277
   708,   157,   48000000,  512032871,        1,  464032871,  464032871
   708,   158,   48000000,  561484402,        1,  513484402,  513484402
   708,   159,   48000000,  536373121,        1,  488373121,  488373121
   708,   160,   48000000,  511260362,        1,  463260362,  463260362
   708,   161,   48000000,  486149664,        1,  438149664,  438149664
   708,   162,   48000000,  461032578,        1,  413032578,  413032578
   708,   163,   48000000,  531714654,        1,  483714654,  483714654
   708,   164,   48000000,  542274767,        1,  494274767,  494274767
   708,   165,   48000000,  517154203,        1,  469154203,  469154203
   708,   166,   48000000,  492034238,        1,  444034238,  444034238
   708,   167,   48000000,  499315633,        1,  451315633,  451315633
   708,   168,   48000000,  539560894,        1,  491560894,  491560894
   708,   169,   48000000,  540507364,        1,  492507364,  492507364
   708,   170,   48000000,  528432875,        1,  480432875,  480432875
   708,   171,   48000000,  597549655,        1,  549549655,  549549655
   708,   172,   48000000,  593527564,        1,  545527564,  545527564
   708,   173,   48000000,  758777465,        1,  710777465,  710777465
   708,   174,   48000000,  743321122,        1,  695321122,  695321122
   708,   175,   48000000,  718238674,        1,  670238674,  670238674
   708,   176,   48000000,  780087378,        1,  732087378,  732087378
   708,   177,   48000000,  787829749,        1,  739829749,  739829749
   708,   178,   48000000,  762732551,        1,  714732551,  714732551
   708,   179,   48000000,  737623499,        1,  689623499,  689623499
   708,   180,   48000000,  712532458,        1,  664532458,  664532458
   708,   181,   48000000,  687447099,        1,  639447099,  639447099
   708,   182,   48000000,  662630782,        1,  614630782,  614630782
   708,   183,   48000000,  637517877,        1,  589517877,  589517877
   708,   184,   48000000,  612403768,        1,  564403768,  564403768
   708,   185,   48000000,  587285197,        1,  539285197,  539285197
   708,   186,   48000000,  562167067,        1,  514167067,  514167067
   708,   187,   48000000,  537048879,        1,  489048879,  489048879
   708,   188,   48000000,  524591762,        1,  476591762,  476591762
   708,   189,   48000000,  499486898,        1,  451486898,  451486898
   708,   190,   48000000,  474648381,        1,  426648381,  426648381
   708,   191,   48000000,  449970032,        1,  401970032,  401970032
   708,   192,   48000000,  425308331,        1,  377308331,  377308331
   708,   193,   48000000,  432158204,        1,  384158204,  384158204
   708,   194,   48000000,  407075766,        1,  359075766,  359075766
   708,   195,   48000000,  381956932,        1,  333956932,  333956932
   708,   196,   48000000,  356843670,        1,  308843670,  308843670
   708,   197,   48000000,  333128870,        1,  285128870,  285128870
   708,   198,   48000000,  308034727,        1,  260034727,  260034727
   708,   199,   48000000,  282946371,        1,  234946371,  234946371
   708,   200,   48000000,  341344558,        1,  293344558,  293344558
   708,   201,   48000000,  316237100,        1,  268237100,  268237100
   708,   202,   48000000,  291122639,        1,  243122639,  243122639
   708,   203,   48000000,  266001018,        1,  218001018,  218001018
   708,   204,   48000000,  277809470,        1,  229809470,  229809470
   708,   205,   48000000,  252723006,        1,  204723006,  204723006
   708,   206,   48000000,  227619972,        1,  179619972,  179619972
   708,   207,   48000000,  202502195,        1,  154502195,  154502195
   708,   208,   48000000,  177791462,        1,  129791462,  129791462
   708,   209,   48000000,  153099509,        1,  105099509,  105099509
   708,   210,   48000000,  128378782,        1,   80378782,   80378782
   708,   211,   48000000,  113675550,        1,   65675550,   65675550
   708,   212,   48000000,   88966096,        1,   40966096,   40966096
