# Task,   Job,     Period,   Response, DL Miss?,   Lateness,  Tardiness
# task NAME=myapp PID=308 COST=13409000 PERIOD=21000000 CPU=0
   308,     2,   21000000,       2843,        0,  -20997157,          0
   308,     3,   21000000,     128391,        0,  -20871609,          0
   308,     4,   21000000,   13604934,        0,   -7395066,          0
   308,     5,   21000000,   16589473,        0,   -4410527,          0
   308,     6,   21000000,   16728857,        0,   -4271143,          0
   308,     7,   21000000,   32887681,        1,   11887681,   11887681
   308,     8,   21000000,   25182384,        1,    4182384,    4182384
   308,     9,   21000000,   17477806,        0,   -3522194,          0
   308,    10,   21000000,   64622621,        1,   43622621,   43622621
   308,    11,   21000000,   69923620,        1,   48923620,   48923620
   308,    12,   21000000,   75232319,        1,   54232319,   54232319
   308,    13,   21000000,  217030591,        1,  196030591,  196030591
   308,    14,   21000000,  309800315,        1,  288800315,  288800315
   308,    15,   21000000,  302089809,        1,  281089809,  281089809
   308,    16,   21000000,  294366532,        1,  273366532,  273366532
   308,    17,   21000000,  286650076,        1,  265650076,  265650076
   308,    18,   21000000,  278929482,        1,  257929482,  257929482
   308,    19,   21000000,  271218186,        1,  250218186,  250218186
   308,    20,   21000000,  263501575,        1,  242501575,  242501575
   308,    21,   21000000,  255792593,        1,  234792593,  234792593
   308,    22,   21000000,  248081708,        1,  227081708,  227081708
   308,    23,   21000000,  240646287,        1,  219646287,  219646287
   308,    24,   21000000,  232924420,        1,  211924420,  211924420
   308,    25,   21000000,  225210050,        1,  204210050,  204210050
   308,    26,   21000000,  217494642,        1,  196494642,  196494642
   308,    27,   21000000,  209772282,        1,  188772282,  188772282
   308,    28,   21000000,  202062766,        1,  181062766,  181062766
   308,    29,   21000000,  194343056,        1,  173343056,  173343056
   308,    30,   21000000,  186625006,        1,  165625006,  165625006
   308,    31,   21000000,  178900440,        1,  157900440,  157900440
   308,    32,   21000000,  171473173,        1,  150473173,  150473173
   308,    33,   21000000,  163750199,        1,  142750199,  142750199
   308,    34,   21000000,  156030703,        1,  135030703,  135030703
   308,    35,   21000000,  148298938,        1,  127298938,  127298938
   308,    36,   21000000,  140569360,        1,  119569360,  119569360
   308,    37,   21000000,  132837928,        1,  111837928,  111837928
   308,    38,   21000000,  139118366,        1,  118118366,  118118366
   308,    39,   21000000,  299330227,        1,  278330227,  278330227
   308,    40,   21000000,  360523955,        1,  339523955,  339523955
   308,    41,   21000000,  353105060,        1,  332105060,  332105060
   308,    42,   21000000,  345391312,        1,  324391312,  324391312
   308,    43,   21000000,  337677332,        1,  316677332,  316677332
   308,    44,   21000000,  329954249,        1,  308954249,  308954249
   308,    45,   21000000,  322237901,        1,  301237901,  301237901
   308,    46,   21000000,  314518905,        1,  293518905,  293518905
   308,    47,   21000000,  306793978,        1,  285793978,  285793978
   308,    48,   21000000,  299081804,        1,  278081804,  278081804
   308,    49,   21000000,  291359770,        1,  270359770,  270359770
   308,    50,   21000000,  283654278,        1,  262654278,  262654278
   308,    51,   21000000,  276234547,        1,  255234547,  255234547
   308,    52,   21000000,  268524667,        1,  247524667,  247524667
   308,    53,   21000000,  260810372,        1,  239810372,  239810372
   308,    54,   21000000,  253103410,        1,  232103410,  232103410
   308,    55,   21000000,  245385620,        1,  224385620,  224385620
   308,    56,   21000000,  250681610,        1,  229681610,  229681610
   308,    57,   21000000,  255967648,        1,  234967648,  234967648
   308,    58,   21000000,  261260221,        1,  240260221,  240260221
   308,    59,   21000000,  266548424,        1,  245548424,  245548424
   308,    60,   21000000,  271829215,        1,  250829215,  250829215
   308,    61,   21000000,  277134589,        1,  256134589,  256134589
   308,    62,   21000000,  282437335,        1,  261437335,  261437335
   308,    63,   21000000,  300751197,        1,  279751197,  279751197
   308,    64,   21000000,  343748310,        1,  322748310,  322748310
   308,    65,   21000000,  447050515,        1,  426050515,  426050515
   308,    66,   21000000,  525944847,        1,  504944847,  504944847
   308,    67,   21000000,  518260484,        1,  497260484,  497260484
   308,    68,   21000000,  510571920,        1,  489571920,  489571920
   308,    69,   21000000,  502872605,        1,  481872605,  481872605
   308,    70,   21000000,  495448383,        1,  474448383,  474448383
   308,    71,   21000000,  487723577,        1,  466723577,  466723577
   308,    72,   21000000,  479999025,        1,  458999025,  458999025
   308,    73,   21000000,  472281508,        1,  451281508,  451281508
   308,    74,   21000000,  464558877,        1,  443558877,  443558877
   308,    75,   21000000,  456831175,        1,  435831175,  435831175
   308,    76,   21000000,  449106179,        1,  428106179,  428106179
   308,    77,   21000000,  441368178,        1,  420368178,  420368178
   308,    78,   21000000,  433637159,        1,  412637159,  412637159
   308,    79,   21000000,  425906096,        1,  404906096,  404906096
   308,    80,   21000000,  418491098,        1,  397491098,  397491098
   308,    81,   21000000,  410788673,        1,  389788673,  389788673
   308,    82,   21000000,  403097279,        1,  382097279,  382097279
   308,    83,   21000000,  395395568,        1,  374395568,  374395568
   308,    84,   21000000,  444290245,        1,  423290245,  423290245
   308,   100,   21000000,  494456949,        1,  473456949,  473456949
   308,   101,   21000000,  486748657,        1,  465748657,  465748657
   308,   102,   21000000,  479047395,        1,  458047395,  458047395
   308,   103,   21000000,  471331851,        1,  450331851,  450331851
# task NAME=myapp PID=312 COST=38675000 PERIOD=66000000 CPU=0
   312,     2,   66000000,       2757,        0,  -65997243,          0
   312,     3,   66000000,     300284,        0,  -65699716,          0
   312,     4,   66000000,   84894686,        1,   18894686,   18894686
   312,     5,   66000000,   57201574,        0,   -8798426,          0
   312,     6,   66000000,   78124290,        1,   12124290,   12124290
   312,     7,   66000000,   50418429,        0,  -15581571,          0
   312,     8,   66000000,  436454522,        1,  370454522,  370454522
   312,     9,   66000000,  571853097,        1,  505853097,  505853097
   312,    10,   66000000,  801562703,        1,  735562703,  735562703
   312,    11,   66000000,  774187391,        1,  708187391,  708187391
   312,    12,   66000000,  831137433,        1,  765137433,  765137433
   312,    13,   66000000,  981845509,        1,  915845509,  915845509
   312,    14,   66000000, 1125797780,        1, 1059797780, 1059797780
   312,    15,   66000000, 1098189153,        1, 1032189153, 1032189153
   312,    16,   66000000, 1178491734,        1, 1112491734, 1112491734
   312,    17,   66000000, 1284964339,        1, 1218964339, 1218964339
   312,    18,   66000000, 1257295156,        1, 1191295156, 1191295156
   312,    19,   66000000, 1312658434,        1, 1246658434, 1246658434
   312,    20,   66000000, 1285282047,        1, 1219282047, 1219282047
   312,    21,   66000000, 1257868300,        1, 1191868300, 1191868300
   312,    22,   66000000, 1277395999,        1, 1211395999, 1211395999
   312,    23,   66000000, 1249743093,        1, 1183743093, 1183743093
   312,    24,   66000000, 1317698396,        1, 1251698396, 1251698396
   312,    25,   66000000, 1290038435,        1, 1224038435, 1224038435
   312,    26,   66000000, 1262638646,        1, 1196638646, 1196638646
   312,    27,   66000000, 1312806351,        1, 1246806351, 1246806351
   312,    28,   66000000, 1285413551,        1, 1219413551, 1219413551
   312,    29,   66000000, 1257716447,        1, 1191716447, 1191716447
   312,    30,   66000000, 1503114133,        1, 1437114133, 1437114133
   312,    31,   66000000, 1488816167,        1, 1422816167, 1422816167
   312,    32,   66000000, 1593702112,        1, 1527702112, 1527702112
   312,    33,   66000000, 1577661986,        1, 1511661986, 1511661986
   312,    34,   66000000, 1549971630,        1, 1483971630, 1483971630
   312,    35,   66000000, 1655372512,        1, 1589372512, 1589372512
   312,    36,   66000000, 1627983631,        1, 1561983631, 1561983631
   312,    37,   66000000, 1600305655,        1, 1534305655, 1534305655
   312,    38,   66000000, 1641430313,        1, 1575430313, 1575430313
   312,    39,   66000000, 1630040584,        1, 1564040584, 1564040584
   312,    40,   66000000, 1602630107,        1, 1536630107, 1536630107
   312,    41,   66000000, 1616369326,        1, 1550369326, 1550369326
   312,    42,   66000000, 1672694123,        1, 1606694123, 1606694123
   312,    43,   66000000, 1645284272,        1, 1579284272, 1579284272
   312,    44,   66000000, 1631195637,        1, 1565195637, 1565195637
   312,    45,   66000000, 1605362825,        1, 1539362825, 1539362825
   312,    46,   66000000, 1577955445,        1, 1511955445, 1511955445
   312,    47,   66000000, 1580388645,        1, 1514388645, 1514388645
   312,    48,   66000000, 1639453765,        1, 1573453765, 1573453765
   312,    49,   66000000, 1688641743,        1, 1622641743, 1622641743
# task NAME=myapp PID=315 COST=16833000 PERIOD=29000000 CPU=0
   315,     2,   29000000,      11143,        0,  -28988857,          0
   315,     3,   29000000,     131985,        0,  -28868015,          0
   315,     4,   29000000,   16715386,        0,  -12284614,          0
   315,     5,   29000000,   19488367,        0,   -9511633,          0
   315,     6,   29000000,   37035821,        1,    8035821,    8035821
   315,     7,   29000000,   34138588,        1,    5138588,    5138588
   315,     8,   29000000,   22100843,        0,   -6899157,          0
   315,     9,   29000000,   76022671,        1,   47022671,   47022671
   315,    10,   29000000,   63698777,        1,   34698777,   34698777
   315,    11,   29000000,   51651774,        1,   22651774,   22651774
   315,    12,   29000000,   39323643,        1,   10323643,   10323643
   315,    13,   29000000,   26985678,        0,   -2014322,          0
   315,    14,   29000000,  215425911,        1,  186425911,  186425911
   315,    15,   29000000,  203125170,        1,  174125170,  174125170
   315,    16,   29000000,  190805844,        1,  161805844,  161805844
   315,    17,   29000000,  178494387,        1,  149494387,  149494387
   315,    18,   29000000,  166178177,        1,  137178177,  137178177
   315,    19,   29000000,  153859523,        1,  124859523,  124859523
   315,    20,   29000000,  141560406,        1,  112560406,  112560406
   315,    21,   29000000,  129539171,        1,  100539171,  100539171
   315,    22,   29000000,  117222842,        1,   88222842,   88222842
   315,    23,   29000000,  104902611,        1,   75902611,   75902611
   315,    24,   29000000,   92593183,        1,   63593183,   63593183
   315,    25,   29000000,  103327103,        1,   74327103,   74327103
   315,    26,   29000000,  112200386,        1,   83200386,   83200386
   315,    27,   29000000,  117214857,        1,   88214857,   88214857
   315,    28,   29000000,  125213801,        1,   96213801,   96213801
   315,    29,   29000000,  158490059,        1,  129490059,  129490059
   315,    30,   29000000,  250472338,        1,  221472338,  221472338
   315,    31,   29000000,  260389138,        1,  231389138,  231389138
   315,    32,   29000000,  261082224,        1,  232082224,  232082224
   315,    33,   29000000,  273116076,        1,  244116076,  244116076
   315,    34,   29000000,  273812706,        1,  244812706,  244812706
   315,    35,   29000000,  287516973,        1,  258516973,  258516973
   315,    36,   29000000,  288204773,        1,  259204773,  259204773
   315,    37,   29000000,  288904080,        1,  259904080,  259904080
   315,    38,   29000000,  302903679,        1,  273903679,  273903679
   315,    39,   29000000,  303600392,        1,  274600392,  274600392
   315,    40,   29000000,  304291245,        1,  275291245,  275291245
   315,    41,   29000000,  305275603,        1,  276275603,  276275603
   315,    42,   29000000,  372781266,        1,  343781266,  343781266
   315,    43,   29000000,  467495154,        1,  438495154,  438495154
   315,    44,   29000000,  455185989,        1,  426185989,  426185989
   315,    45,   29000000,  443163092,        1,  414163092,  414163092
   315,    46,   29000000,  430840169,        1,  401840169,  401840169
   315,    47,   29000000,  418527183,        1,  389527183,  389527183
   315,    48,   29000000,  406209934,        1,  377209934,  377209934
   315,    49,   29000000,  393874077,        1,  364874077,  364874077
   315,    50,   29000000,  381541940,        1,  352541940,  352541940
   315,    51,   29000000,  369206191,        1,  340206191,  340206191
   315,    52,   29000000,  357154830,        1,  328154830,  328154830
   315,    53,   29000000,  400898429,        1,  371898429,  371898429
   315,    54,   29000000,  388603763,        1,  359603763,  359603763
   315,    55,   29000000,  376307254,        1,  347307254,  347307254
   315,    56,   29000000,  364271927,        1,  335271927,  335271927
   315,    57,   29000000,  351933319,        1,  322933319,  322933319
   315,    58,   29000000,  339605740,        1,  310605740,  310605740
   315,    59,   29000000,  327272278,        1,  298272278,  298272278
   315,    60,   29000000,  314932082,        1,  285932082,  285932082
   315,    61,   29000000,  343187306,        1,  314187306,  314187306
   315,    62,   29000000,  332169044,        1,  303169044,  303169044
   315,    63,   29000000,  319853567,        1,  290853567,  290853567
   315,    64,   29000000,  341946968,        1,  312946968,  312946968
   315,    65,   29000000,  358302920,        1,  329302920,  329302920
   315,    66,   29000000,  345967323,        1,  316967323,  316967323
   315,    67,   29000000,  333638226,        1,  304638226,  304638226
   315,    68,   29000000,  321315265,        1,  292315265,  292315265
   315,    69,   29000000,  308985517,        1,  279985517,  279985517
   315,    70,   29000000,  296666977,        1,  267666977,  267666977
   315,    71,   29000000,  339475775,        1,  310475775,  310475775
   315,    72,   29000000,  452516018,        1,  423516018,  423516018
   315,    73,   29000000,  501173725,        1,  472173725,  472173725
   315,    74,   29000000,  488859943,        1,  459859943,  459859943
   315,    75,   29000000,  476551990,        1,  447551990,  447551990
   315,    76,   29000000,  464233342,        1,  435233342,  435233342
   315,    77,   29000000,  451902653,        1,  422902653,  422902653
   315,    78,   29000000,  439573634,        1,  410573634,  410573634
   315,    79,   29000000,  427247979,        1,  398247979,  398247979
   315,    80,   29000000,  414908201,        1,  385908201,  385908201
   315,    81,   29000000,  402857868,        1,  373857868,  373857868
   315,    82,   29000000,  390525404,        1,  361525404,  361525404
   315,    83,   29000000,  378190008,        1,  349190008,  349190008
   315,    84,   29000000,  384504955,        1,  355504955,  355504955
   315,    85,   29000000,  500759617,        1,  471759617,  471759617
   315,    86,   29000000,  488454893,        1,  459454893,  459454893
   315,    87,   29000000,  476422140,        1,  447422140,  447422140
   315,    88,   29000000,  464099035,        1,  435099035,  435099035
   315,    89,   29000000,  451763543,        1,  422763543,  422763543
   315,    90,   29000000,  439437756,        1,  410437756,  410437756
   315,    91,   29000000,  538820552,        1,  509820552,  509820552
   315,    92,   29000000,  550875315,        1,  521875315,  521875315
   315,    93,   29000000,  556098031,        1,  527098031,  527098031
   315,    94,   29000000,  543786390,        1,  514786390,  514786390
   315,    95,   29000000,  604307380,        1,  575307380,  575307380
   315,    96,   29000000,  615141672,        1,  586141672,  586141672
   315,    97,   29000000,  602828860,        1,  573828860,  573828860
   315,    98,   29000000,  590521944,        1,  561521944,  561521944
   315,    99,   29000000,  578210732,        1,  549210732,  549210732
   315,   100,   29000000,  565869393,        1,  536869393,  536869393
   315,   101,   29000000,  558308868,        1,  529308868,  529308868
   315,   102,   29000000,  546541050,        1,  517541050,  517541050
   315,   103,   29000000,  537582820,        1,  508582820,  508582820
   315,   104,   29000000,  525529737,        1,  496529737,  496529737
   315,   105,   29000000,  513475542,        1,  484475542,  484475542
   315,   106,   29000000,  504453959,        1,  475453959,  475453959
   315,   107,   29000000,  492456280,        1,  463456280,  463456280
   315,   108,   29000000,  551264694,        1,  522264694,  522264694
   315,   109,   29000000,  600977200,        1,  571977200,  571977200
   315,   110,   29000000,  588650495,        1,  559650495,  559650495
   315,   111,   29000000,  627737384,        1,  598737384,  598737384
   315,   112,   29000000,  891663256,        1,  862663256,  862663256
   315,   113,   29000000,  934769499,        1,  905769499,  905769499
   315,   114,   29000000,  922454578,        1,  893454578,  893454578
   315,   119,   29000000,  865725459,        1,  836725459,  836725459
   315,   120,   29000000,  853396817,        1,  824396817,  824396817
   315,   121,   29000000,  841072882,        1,  812072882,  812072882
   315,   122,   29000000,  829021234,        1,  800021234,  800021234
   315,   123,   29000000,  816686267,        1,  787686267,  787686267
   315,   124,   29000000,  804357729,        1,  775357729,  775357729
   315,   125,   29000000,  792028955,        1,  763028955,  763028955
   315,   126,   29000000,  779693496,        1,  750693496,  750693496
   315,   127,   29000000,  767368443,        1,  738368443,  738368443
   315,   128,   29000000,  755044903,        1,  726044903,  726044903
# task NAME=myapp PID=320 COST=6420000 PERIOD=12000000 CPU=0
   320,     2,   12000000,      11698,        0,  -11988302,          0
   320,     3,   12000000,     266285,        0,  -11733715,          0
   320,     4,   12000000,    6396881,        0,   -5603119,          0
   320,     5,   12000000,    6879290,        0,   -5120710,          0
   320,     6,   12000000,   12654966,        1,     654966,     654966
   320,     7,   12000000,   10559545,        0,   -1440455,          0
   320,     8,   12000000,   10455314,        0,   -1544686,          0
   320,     9,   12000000,   37479535,        1,   25479535,   25479535
   320,    10,   12000000,   31848479,        1,   19848479,   19848479
   320,    11,   12000000,   26217916,        1,   14217916,   14217916
   320,    12,   12000000,   20587201,        1,    8587201,    8587201
   320,    13,   12000000,   14949943,        1,    2949943,    2949943
   320,    14,   12000000,    9327732,        0,   -2672268,          0
   320,    15,   12000000,   43843111,        1,   31843111,   31843111
   320,    16,   12000000,   38217769,        1,   26217769,   26217769
   320,    17,   12000000,   40638200,        1,   28638200,   28638200
   320,    18,   12000000,   34998272,        1,   22998272,   22998272
   320,    19,   12000000,   48447257,        1,   36447257,   36447257
   320,    20,   12000000,   42810889,        1,   30810889,   30810889
   320,    21,   12000000,   50192194,        1,   38192194,   38192194
   320,    22,   12000000,   46373175,        1,   34373175,   34373175
   320,    23,   12000000,   75397311,        1,   63397311,   63397311
   320,    24,   12000000,   84165684,        1,   72165684,   72165684
   320,    25,   12000000,   78530248,        1,   66530248,   66530248
   320,    26,   12000000,   72888730,        1,   60888730,   60888730
   320,    27,   12000000,   67259122,        1,   55259122,   55259122
   320,    28,   12000000,   61619427,        1,   49619427,   49619427
   320,    29,   12000000,   55976972,        1,   43976972,   43976972
   320,    30,   12000000,   50342930,        1,   38342930,   38342930
   320,    31,   12000000,   44702771,        1,   32702771,   32702771
   320,    32,   12000000,   39068540,        1,   27068540,   27068540
   320,    33,   12000000,   33428480,        1,   21428480,   21428480
   320,    34,   12000000,   29399644,        1,   17399644,   17399644
   320,    35,   12000000,   23863118,        1,   11863118,   11863118
   320,    36,   12000000,   21363008,        1,    9363008,    9363008
   320,    37,   12000000,   15776378,        1,    3776378,    3776378
   320,    38,   12000000,   10140022,        0,   -1859978,          0
   320,    39,   12000000,   16824045,        1,    4824045,    4824045
   320,    40,   12000000,   11185267,        0,    -814733,          0
   320,    41,   12000000,  165767280,        1,  153767280,  153767280
   320,    42,   12000000,  207166337,        1,  195166337,  195166337
   320,    43,   12000000,  257906024,        1,  245906024,  245906024
   320,    44,   12000000,  342674090,        1,  330674090,  330674090
   320,    45,   12000000,  389831933,        1,  377831933,  377831933
   320,    46,   12000000,  384208613,        1,  372208613,  372208613
   320,    47,   12000000,  378861717,        1,  366861717,  366861717
   320,    48,   12000000,  373227803,        1,  361227803,  361227803
   320,    49,   12000000,  367588975,        1,  355588975,  355588975
   320,    50,   12000000,  361951591,        1,  349951591,  349951591
   320,    51,   12000000,  356320397,        1,  344320397,  344320397
   320,    52,   12000000,  350681660,        1,  338681660,  338681660
   320,    53,   12000000,  345045665,        1,  333045665,  333045665
   320,    54,   12000000,  339402874,        1,  327402874,  327402874
   320,    55,   12000000,  333762789,        1,  321762789,  321762789
   320,    56,   12000000,  328130198,        1,  316130198,  316130198
   320,    57,   12000000,  322490577,        1,  310490577,  310490577
   320,    58,   12000000,  316845923,        1,  304845923,  304845923
   320,    59,   12000000,  311211692,        1,  299211692,  299211692
   320,    60,   12000000,  345792280,        1,  333792280,  333792280
   320,    61,   12000000,  354122259,        1,  342122259,  342122259
   320,    62,   12000000,  348483173,        1,  336483173,  336483173
   320,   259,   12000000,  271838004,        1,  259838004,  259838004
   320,   260,   12000000,  266218118,        1,  254218118,  254218118
   320,   261,   12000000,  260593384,        1,  248593384,  248593384
   320,   262,   12000000,  268782328,        1,  256782328,  256782328
   320,   263,   12000000,  321474719,        1,  309474719,  309474719
   320,   264,   12000000,  374045186,        1,  362045186,  362045186
   320,   265,   12000000,  372944518,        1,  360944518,  360944518
   320,   266,   12000000,  376846701,        1,  364846701,  364846701
   320,   267,   12000000,  371219054,        1,  359219054,  359219054
   320,   268,   12000000,  365586223,        1,  353586223,  353586223
   320,   269,   12000000,  359947732,        1,  347947732,  347947732
   320,   270,   12000000,  354319233,        1,  342319233,  342319233
   320,   271,   12000000,  348684292,        1,  336684292,  336684292
   320,   311,   12000000,  287698757,        1,  275698757,  275698757
   320,   312,   12000000,  282071359,        1,  270071359,  270071359
   320,   313,   12000000,  276434662,        1,  264434662,  264434662
   320,   314,   12000000,  275480053,        1,  263480053,  263480053
   320,   315,   12000000,  327762458,        1,  315762458,  315762458
   320,   316,   12000000,  359101616,        1,  347101616,  347101616
   320,   317,   12000000,  462463689,        1,  450463689,  450463689
   320,   318,   12000000,  534432961,        1,  522432961,  522432961
   320,   319,   12000000,  550484914,        1,  538484914,  538484914
   320,   320,   12000000,  544844271,        1,  532844271,  532844271
   320,   321,   12000000,  539210676,        1,  527210676,  527210676
   320,   322,   12000000,  533572093,        1,  521572093,  521572093
   320,   323,   12000000,  527929803,        1,  515929803,  515929803
   320,   324,   12000000,  522294119,        1,  510294119,  510294119
   320,   325,   12000000,  516654088,        1,  504654088,  504654088
   320,   326,   12000000,  511010323,        1,  499010323,  499010323
   320,   327,   12000000,  505374207,        1,  493374207,  493374207
   320,   328,   12000000,  499732653,        1,  487732653,  487732653
# task NAME=myapp PID=323 COST=54503000 PERIOD=69000000 CPU=0
   323,     2,   69000000,      51931,        0,  -68948069,          0
   323,     3,   69000000,     276770,        0,  -68723230,          0
   323,     4,   69000000,   65033448,        0,   -3966552,          0
   323,     5,   69000000,  125321500,        1,   56321500,   56321500
   323,     6,   69000000,  363451587,        1,  294451587,  294451587
   323,     7,   69000000,  348449783,        1,  279449783,  279449783
   323,     8,   69000000,  333715911,        1,  264715911,  264715911
   323,     9,   69000000,  318698533,        1,  249698533,  249698533
   323,    10,   69000000,  303954205,        1,  234954205,  234954205
   323,    11,   69000000,  369998651,        1,  300998651,  300998651
   323,    12,   69000000,  354998675,        1,  285998675,  285998675
   323,    13,   69000000,  363496646,        1,  294496646,  294496646
   323,    14,   69000000,  348543733,        1,  279543733,  279543733
   323,    15,   69000000,  425643898,        1,  356643898,  356643898
   323,    16,   69000000,  588133557,        1,  519133557,  519133557
   323,    17,   69000000,  573432770,        1,  504432770,  504432770
   323,    18,   69000000,  558427592,        1,  489427592,  489427592
   323,    19,   69000000,  543460467,        1,  474460467,  474460467
   323,    20,   69000000,  528776031,        1,  459776031,  459776031
   323,    21,   69000000,  623841742,        1,  554841742,  554841742
   323,    22,   69000000,  721159179,        1,  652159179,  652159179
   323,    23,   69000000,  706211483,        1,  637211483,  637211483
   323,    24,   69000000,  865175530,        1,  796175530,  796175530
   323,    25,   69000000, 1010502641,        1,  941502641,  941502641
   323,    26,   69000000, 1291311198,        1, 1222311198, 1222311198
   323,    27,   69000000, 1276599220,        1, 1207599220, 1207599220
   323,    28,   69000000, 1261577626,        1, 1192577626, 1192577626
   323,    29,   69000000, 1246793052,        1, 1177793052, 1177793052
   323,    30,   69000000, 1231827393,        1, 1162827393, 1162827393
   323,    31,   69000000, 1217552622,        1, 1148552622, 1148552622
   323,    32,   69000000, 1211401673,        1, 1142401673, 1142401673
   323,    33,   69000000, 1270612496,        1, 1201612496, 1201612496
   323,    34,   69000000, 1255599030,        1, 1186599030, 1186599030
   323,    35,   69000000, 1240810173,        1, 1171810173, 1171810173
   323,    36,   69000000, 1225726941,        1, 1156726941, 1156726941
   323,    37,   69000000, 1319832804,        1, 1250832804, 1250832804
   323,    38,   69000000, 1304810061,        1, 1235810061, 1235810061
   323,    39,   69000000, 1289792088,        1, 1220792088, 1220792088
   323,    40,   69000000, 1275083344,        1, 1206083344, 1206083344
   323,    41,   69000000, 1260068779,        1, 1191068779, 1191068779
   323,    42,   69000000, 1287436054,        1, 1218436054, 1218436054
   323,    43,   69000000, 1387000096,        1, 1318000096, 1318000096
   323,    44,   69000000, 1683177548,        1, 1614177548, 1614177548
   323,    45,   69000000, 1998925408,        1, 1929925408, 1929925408
   323,    46,   69000000, 2035725818,        1, 1966725818, 1966725818
   323,    47,   69000000, 2020980707,        1, 1951980707, 1951980707
   323,    48,   69000000, 2005903271,        1, 1936903271, 1936903271
   323,    49,   69000000, 1991149166,        1, 1922149166, 1922149166
   323,    50,   69000000, 1999919618,        1, 1930919618, 1930919618
   323,    51,   69000000, 1985314106,        1, 1916314106, 1916314106
   323,    52,   69000000, 1970330101,        1, 1901330101, 1901330101
   323,    53,   69000000, 1955583199,        1, 1886583199, 1886583199
   323,    54,   69000000, 2250370995,        1, 2181370995, 2181370995
   323,    55,   69000000, 2309303324,        1, 2240303324, 2240303324
   323,    56,   69000000, 2463044915,        1, 2394044915, 2394044915
   323,    57,   69000000, 2448291953,        1, 2379291953, 2379291953
   323,    58,   69000000, 2602395047,        1, 2533395047, 2533395047
   323,    59,   69000000, 2691229108,        1, 2622229108, 2622229108
   323,    60,   69000000, 2847265022,        1, 2778265022, 2778265022
   323,    61,   69000000, 2931040191,        1, 2862040191, 2862040191
   323,    62,   69000000, 3070749252,        1, 3001749252, 3001749252
# task NAME=myapp PID=328 COST=24055000 PERIOD=47000000 CPU=0
   328,     2,   47000000,      14575,        0,  -46985425,          0
   328,     3,   47000000,     236682,        0,  -46763318,          0
   328,     4,   47000000,   27681390,        0,  -19318610,          0
   328,     5,   47000000,   59508484,        1,   12508484,   12508484
   328,     6,   47000000,   77058081,        1,   30058081,   30058081
   328,     7,   47000000,   66925402,        1,   19925402,   19925402
   328,     8,   47000000,  113697797,        1,   66697797,   66697797
   328,     9,   47000000,   90562107,        1,   43562107,   43562107
   328,    10,   47000000,   67422946,        1,   20422946,   20422946
   328,    11,   47000000,   44554889,        0,   -2445111,          0
   328,    12,   47000000,  309973179,        1,  262973179,  262973179
   328,    13,   47000000,  318261672,        1,  271261672,  271261672
   328,    14,   47000000,  322530884,        1,  275530884,  275530884
   328,    15,   47000000,  339285762,        1,  292285762,  292285762
   328,    16,   47000000,  449680565,        1,  402680565,  402680565
   328,    17,   47000000,  452562375,        1,  405562375,  405562375
   328,    18,   47000000,  468737909,        1,  421737909,  421737909
   328,    19,   47000000,  458611102,        1,  411611102,  411611102
   328,    20,   47000000,  461493195,        1,  414493195,  414493195
   328,    21,   47000000,  464393644,        1,  417393644,  417393644
   328,    22,   47000000,  467283862,        1,  420283862,  420283862
   328,    23,   47000000,  470157017,        1,  423157017,  423157017
   328,    24,   47000000,  482930339,        1,  435930339,  435930339
   328,    25,   47000000,  459796488,        1,  412796488,  412796488
   328,    26,   47000000,  436652870,        1,  389652870,  389652870
   328,    27,   47000000,  413792384,        1,  366792384,  366792384
   328,    28,   47000000,  390649326,        1,  343649326,  343649326
   328,    29,   47000000,  369546685,        1,  322546685,  322546685
   328,    30,   47000000,  377784743,        1,  330784743,  330784743
   328,    31,   47000000,  354929203,        1,  307929203,  307929203
   328,    32,   47000000,  331787011,        1,  284787011,  284787011
   328,    33,   47000000,  334899906,        1,  287899906,  287899906
   328,    34,   47000000,  396586288,        1,  349586288,  349586288
   328,    35,   47000000,  373476985,        1,  326476985,  326476985
   328,    36,   47000000,  470025225,        1,  423025225,  423025225
   328,    37,   47000000,  450283057,        1,  403283057,  403283057
   328,    38,   47000000,  427213541,        1,  380213541,  380213541
   328,    39,   47000000,  605415733,        1,  558415733,  558415733
   328,    40,   47000000,  592453287,        1,  545453287,  545453287
   328,    41,   47000000,  578169222,        1,  531169222,  531169222
   328,    42,   47000000,  555035892,        1,  508035892,  508035892
   328,    43,   47000000,  647160403,        1,  600160403,  600160403
   328,    44,   47000000,  713030393,        1,  666030393,  666030393
   328,    45,   47000000,  715876778,        1,  668876778,  668876778
   328,    46,   47000000,  718748327,        1,  671748327,  671748327
   328,    47,   47000000,  721619507,        1,  674619507,  674619507
   328,    48,   47000000,  724467506,        1,  677467506,  677467506
   328,    49,   47000000,  714303159,        1,  667303159,  667303159
   328,    50,   47000000,  792866425,        1,  745866425,  745866425
   328,    51,   47000000,  889432297,        1,  842432297,  842432297
   328,    52,   47000000,  879310236,        1,  832310236,  832310236
   328,    53,   47000000,  856162115,        1,  809162115,  809162115
   328,    54,   47000000,  832982199,        1,  785982199,  785982199
   328,    55,   47000000,  809811434,        1,  762811434,  762811434
   328,    56,   47000000,  786923199,        1,  739923199,  739923199
   328,    57,   47000000,  763756023,        1,  716756023,  716756023
   328,    58,   47000000,  740627328,        1,  693627328,  693627328
   328,    59,   47000000,  717499100,        1,  670499100,  670499100
   328,    60,   47000000,  822610692,        1,  775610692,  775610692
   328,    61,   47000000,  974503392,        1,  927503392,  927503392
   328,    62,   47000000,  999456896,        1,  952456896,  952456896
   328,    63,   47000000,  976609369,        1,  929609369,  929609369
   328,    64,   47000000,  953456838,        1,  906456838,  906456838
   328,    65,   47000000,  930299654,        1,  883299654,  883299654
   328,    66,   47000000,  907146524,        1,  860146524,  860146524
   328,    67,   47000000,  883970643,        1,  836970643,  836970643
   328,    68,   47000000,  861090768,        1,  814090768,  814090768
   328,    69,   47000000,  837897730,        1,  790897730,  790897730
   328,    70,   47000000,  814717079,        1,  767717079,  767717079
   328,    71,   47000000,  791570351,        1,  744570351,  744570351
   328,    72,   47000000,  864271370,        1,  817271370,  817271370
   328,    73,   47000000,  916356583,        1,  869356583,  869356583
   328,    74,   47000000, 1087970274,        1, 1040970274, 1040970274
   328,    75,   47000000, 1201443315,        1, 1154443315, 1154443315
   328,    76,   47000000, 1178304413,        1, 1131304413, 1131304413
   328,    77,   47000000, 1155169978,        1, 1108169978, 1108169978
   328,    78,   47000000, 1132294846,        1, 1085294846, 1085294846
   328,    79,   47000000, 1109124595,        1, 1062124595, 1062124595
   328,    80,   47000000, 1085945458,        1, 1038945458, 1038945458
   328,    85,   47000000,  970456643,        1,  923456643,  923456643
   328,    86,   47000000, 1060749561,        1, 1013749561, 1013749561
   328,    87,   47000000, 1038055998,        1,  991055998,  991055998
   328,    88,   47000000, 1015276334,        1,  968276334,  968276334
   328,    89,   47000000, 1101086972,        1, 1054086972, 1054086972
   328,    90,   47000000, 1150441907,        1, 1103441907, 1103441907
   328,    91,   47000000, 1127304715,        1, 1080304715, 1080304715
   328,    92,   47000000, 1104511145,        1, 1057511145, 1057511145
   328,    93,   47000000, 1081373292,        1, 1034373292, 1034373292
   328,   140,   47000000, 1230263172,        1, 1183263172, 1183263172
   328,   144,   47000000, 1372314267,        1, 1325314267, 1325314267
# task NAME=myapp PID=332 COST=29409000 PERIOD=58000000 CPU=0
   332,     2,   58000000,       3655,        0,  -57996345,          0
   332,     3,   58000000,     186134,        0,  -57813866,          0
   332,     4,   58000000,   29377407,        0,  -28622593,          0
   332,     5,   58000000,   81687969,        1,   23687969,   23687969
   332,     6,   58000000,   52809000,        0,   -5191000,          0
   332,     7,   58000000,  126541872,        1,   68541872,   68541872
   332,     8,   58000000,   97669380,        1,   39669380,   39669380
   332,     9,   58000000,   69077443,        1,   11077443,   11077443
   332,    10,   58000000,   40196469,        0,  -17803531,          0
   332,    11,   58000000,  372521539,        1,  314521539,  314521539
   332,    12,   58000000,  392382266,        1,  334382266,  334382266
   332,    13,   58000000,  363534843,        1,  305534843,  305534843
   332,    14,   58000000,  334675601,        1,  276675601,  276675601
   332,    15,   58000000,  305799733,        1,  247799733,  247799733
   332,    16,   58000000,  277207522,        1,  219207522,  219207522
   332,    17,   58000000,  282042717,        1,  224042717,  224042717
   332,    18,   58000000,  266581294,        1,  208581294,  208581294
   332,    19,   58000000,  238025739,        1,  180025739,  180025739
   332,    20,   58000000,  234363827,        1,  176363827,  176363827
   332,    21,   58000000,  205503463,        1,  147503463,  147503463
   332,    22,   58000000,  176940748,        1,  118940748,  118940748
   332,    23,   58000000,  148103524,        1,   90103524,   90103524
   332,    24,   58000000,  119254382,        1,   61254382,   61254382
   332,    25,   58000000,   90378575,        1,   32378575,   32378575
   332,    26,   58000000,  142419656,        1,   84419656,   84419656
   332,    27,   58000000,  113629721,        1,   55629721,   55629721
   332,    28,   58000000,   85115504,        1,   27115504,   27115504
   332,    29,   58000000,   56268207,        0,   -1731793,          0
   332,    30,   58000000,  209932354,        1,  151932354,  151932354
   332,    31,   58000000,  218403148,        1,  160403148,  160403148
   332,    32,   58000000,  191432625,        1,  133432625,  133432625
   332,    33,   58000000,  292591878,        1,  234591878,  234591878
   332,    34,   58000000,  264309068,        1,  206309068,  206309068
   332,    35,   58000000,  345607187,        1,  287607187,  287607187
   332,    36,   58000000,  316753120,        1,  258753120,  258753120
   332,    37,   58000000,  371783732,        1,  313783732,  313783732
   332,    38,   58000000,  342959071,        1,  284959071,  284959071
   332,    39,   58000000,  314405562,        1,  256405562,  256405562
   332,    40,   58000000,  285811994,        1,  227811994,  227811994
   332,    41,   58000000,  256943636,        1,  198943636,  198943636
   332,    42,   58000000,  278452022,        1,  220452022,  220452022
   332,    43,   58000000,  249607722,        1,  191607722,  191607722
   332,    44,   58000000,  325893251,        1,  267893251,  267893251
   332,    45,   58000000,  297052427,        1,  239052427,  239052427
   332,    46,   58000000,  268189413,        1,  210189413,  210189413
   332,    47,   58000000,  317248266,        1,  259248266,  259248266
   332,    48,   58000000,  295270395,        1,  237270395,  237270395
   332,    49,   58000000,  496455031,        1,  438455031,  438455031
   332,    50,   58000000,  467619641,        1,  409619641,  409619641
   332,    51,   58000000,  438745048,        1,  380745048,  380745048
   332,    52,   58000000,  409858920,        1,  351858920,  351858920
   332,    53,   58000000,  381267392,        1,  323267392,  323267392
   332,    54,   58000000,  352408720,        1,  294408720,  294408720
   332,    55,   58000000,  323584472,        1,  265584472,  265584472
   332,    56,   58000000,  404827260,        1,  346827260,  346827260
   332,    57,   58000000,  415698976,        1,  357698976,  357698976
   332,    58,   58000000,  386837134,        1,  328837134,  328837134
   332,    59,   58000000,  357974324,        1,  299974324,  299974324
   332,    60,   58000000,  418262833,        1,  360262833,  360262833
   332,    61,   58000000,  613963846,        1,  555963846,  555963846
   332,    62,   58000000,  585133300,        1,  527133300,  527133300
   332,    63,   58000000,  556548217,        1,  498548217,  498548217
   332,    64,   58000000,  527677273,        1,  469677273,  469677273
   332,    65,   58000000,  498791666,        1,  440791666,  440791666
   332,    66,   58000000,  471787374,        1,  413787374,  413787374
   332,    67,   58000000,  869916619,        1,  811916619,  811916619
   332,    68,   58000000,  841084729,        1,  783084729,  783084729
   332,    69,   58000000,  812243422,        1,  754243422,  754243422
   332,    70,   58000000,  783653687,        1,  725653687,  725653687
   332,    71,   58000000,  754768663,        1,  696768663,  696768663
   332,    72,   58000000,  725886434,        1,  667886434,  667886434
   332,    73,   58000000,  697008776,        1,  639008776,  639008776
   332,    74,   58000000,  668458301,        1,  610458301,  610458301
   332,    75,   58000000,  639602135,        1,  581602135,  581602135
   332,    76,   58000000,  610733063,        1,  552733063,  552733063
   332,    77,   58000000,  581848826,        1,  523848826,  523848826
   332,    78,   58000000,  553249182,        1,  495249182,  495249182
   332,    79,   58000000,  524368421,        1,  466368421,  466368421
   332,    80,   58000000,  495483618,        1,  437483618,  437483618
   332,    81,   58000000,  466629875,        1,  408629875,  408629875
   332,    82,   58000000,  437768899,        1,  379768899,  379768899
   332,    83,   58000000,  517359555,        1,  459359555,  459359555
   332,    84,   58000000,  488496074,        1,  430496074,  430496074
   332,    85,   58000000,  477242366,        1,  419242366,  419242366
   332,    86,   58000000,  448417958,        1,  390417958,  390417958
   332,    87,   58000000,  419926997,        1,  361926997,  361926997
   332,    88,   58000000,  391109145,        1,  333109145,  333109145
   332,    89,   58000000,  496619899,        1,  438619899,  438619899
   332,    90,   58000000,  502955947,        1,  444955947,  444955947
   332,    91,   58000000,  474122241,        1,  416122241,  416122241
   332,    92,   58000000,  445272799,        1,  387272799,  387272799
   332,    93,   58000000,  416435642,        1,  358435642,  358435642
   332,    94,   58000000,  387919513,        1,  329919513,  329919513
   332,    95,   58000000,  359037102,        1,  301037102,  301037102
   332,    96,   58000000,  330139709,        1,  272139709,  272139709
   332,    97,   58000000,  301243075,        1,  243243075,  243243075
   332,    98,   58000000,  272619929,        1,  214619929,  214619929
   332,    99,   58000000,  259766395,        1,  201766395,  201766395
   332,   100,   58000000,  234213981,        1,  176213981,  176213981
   332,   101,   58000000,  205355299,        1,  147355299,  147355299
   332,   102,   58000000,  176789649,        1,  118789649,  118789649
   332,   103,   58000000,  147916410,        1,   89916410,   89916410
   332,   104,   58000000,  119042509,        1,   61042509,   61042509
   332,   105,   58000000,   90151549,        1,   32151549,   32151549
   332,   106,   58000000,   61531611,        1,    3531611,    3531611
   332,   107,   58000000,   32628335,        0,  -25371665,          0
   332,   108,   58000000,  144727537,        1,   86727537,   86727537
   332,   109,   58000000,  115919540,        1,   57919540,   57919540
   332,   110,   58000000,  131182224,        1,   73182224,   73182224
   332,   111,   58000000,  155572031,        1,   97572031,   97572031
   332,   112,   58000000,  126722631,        1,   68722631,   68722631
   332,   113,   58000000,   97849426,        1,   39849426,   39849426
   332,   114,   58000000,   68975595,        1,   10975595,   10975595
   332,   115,   58000000,   40374354,        0,  -17625646,          0
   332,   116,   58000000,  177071691,        1,  119071691,  119071691
   332,   117,   58000000,  182146090,        1,  124146090,  124146090
   332,   118,   58000000,  185868427,        1,  127868427,  127868427
   332,   119,   58000000,  170120755,        1,  112120755,  112120755
   332,   120,   58000000,  141541573,        1,   83541573,   83541573
   332,   121,   58000000,  112654599,        1,   54654599,   54654599
   332,   122,   58000000,  115400953,        1,   57400953,   57400953
   332,   123,   58000000,  295502914,        1,  237502914,  237502914
   332,   124,   58000000,  362290403,        1,  304290403,  304290403
   332,   125,   58000000,  415478928,        1,  357478928,  357478928
   332,   126,   58000000,  438727538,        1,  380727538,  380727538
   332,   127,   58000000,  443475409,        1,  385475409,  385475409
   332,   128,   58000000,  450888101,        1,  392888101,  392888101
   332,   129,   58000000,  590722916,        1,  532722916,  532722916
   332,   130,   58000000,  588171789,        1,  530171789,  530171789
   332,   131,   58000000,  607560357,        1,  549560357,  549560357
   332,   132,   58000000,  816887457,        1,  758887457,  758887457
   332,   133,   58000000,  897671188,        1,  839671188,  839671188
   332,   134,   58000000,  868801052,        1,  810801052,  810801052
   332,   135,   58000000,  925606115,        1,  867606115,  867606115
   332,   136,   58000000,  896728249,        1,  838728249,  838728249
   332,   137,   58000000,  867860831,        1,  809860831,  809860831
   332,   138,   58000000,  878587480,        1,  820587480,  820587480
   332,   139,   58000000,  895451604,        1,  837451604,  837451604
   332,   140,   58000000,  920065179,        1,  862065179,  862065179
   332,   141,   58000000,  891196939,        1,  833196939,  833196939
   332,   142,   58000000,  862606199,        1,  804606199,  804606199
   332,   143,   58000000,  986112512,        1,  928112512,  928112512
   332,   144,   58000000,  957228269,        1,  899228269,  899228269
   332,   145,   58000000,  928626993,        1,  870626993,  870626993
   332,   146,   58000000,  912763674,        1,  854763674,  854763674
   332,   147,   58000000, 1008263477,        1,  950263477,  950263477
   332,   148,   58000000,  983652721,        1,  925652721,  925652721
   332,   149,   58000000, 1096748164,        1, 1038748164, 1038748164
   332,   150,   58000000, 1165229725,        1, 1107229725, 1107229725
   332,   151,   58000000, 1162423279,        1, 1104423279, 1104423279
   332,   152,   58000000, 1339148047,        1, 1281148047, 1281148047
   332,   153,   58000000, 1554534255,        1, 1496534255, 1496534255
   332,   154,   58000000, 1551662250,        1, 1493662250, 1493662250
   332,   155,   58000000, 1548790346,        1, 1490790346, 1490790346
   332,   156,   58000000, 1545940369,        1, 1487940369, 1487940369
   332,   157,   58000000, 1574097318,        1, 1516097318, 1516097318
   332,   158,   58000000, 1800522937,        1, 1742522937, 1742522937
   332,   159,   58000000, 1895654232,        1, 1837654232, 1837654232
   332,   160,   58000000, 1999259133,        1, 1941259133, 1941259133
   332,   161,   58000000, 1996419485,        1, 1938419485, 1938419485
   332,   162,   58000000, 1993563826,        1, 1935563826, 1935563826
   332,   163,   58000000, 2003715174,        1, 1945715174, 1945715174
   332,   164,   58000000, 2000867149,        1, 1942867149, 1942867149
   332,   165,   58000000, 2184432387,        1, 2126432387, 2126432387
   332,   166,   58000000, 2169542847,        1, 2111542847, 2111542847
   332,   167,   58000000, 2140935601,        1, 2082935601, 2082935601
   332,   168,   58000000, 2112047997,        1, 2054047997, 2054047997
   332,   169,   58000000, 2083150163,        1, 2025150163, 2025150163
# task NAME=myapp PID=336 COST=3025000 PERIOD=59000000 CPU=0
   336,     2,   59000000,      26481,        0,  -58973519,          0
   336,     3,   59000000,     230258,        0,  -58769742,          0
   336,     4,   59000000,    3089625,        0,  -55910375,          0
   336,     5,   59000000,   57767532,        0,   -1232468,          0
   336,     6,   59000000,   12520873,        0,  -46479127,          0
   336,     7,   59000000,   35536323,        0,  -23463677,          0
   336,     8,   59000000,   23108412,        0,  -35891588,          0
   336,     9,   59000000,   42603355,        0,  -16396645,          0
   336,    10,   59000000,    3035999,        0,  -55964001,          0
   336,    11,   59000000,  121932383,        1,   62932383,   62932383
   336,    12,   59000000,  158652947,        1,   99652947,   99652947
   336,    13,   59000000,  114678301,        1,   55678301,   55678301
   336,    14,   59000000,   58679628,        0,    -320372,          0
   336,    15,   59000000,   20481151,        0,  -38518849,          0
   336,    16,   59000000,    3041199,        0,  -55958801,          0
   336,    17,   59000000,    3037779,        0,  -55962221,          0
   336,    18,   59000000,    6349859,        0,  -52650141,          0
   336,    19,   59000000,   22850896,        0,  -36149104,          0
   336,    20,   59000000,   17971518,        0,  -41028482,          0
   336,    21,   59000000,   40650001,        0,  -18349999,          0
   336,    22,   59000000,    5281926,        0,  -53718074,          0
   336,    23,   59000000,   35375867,        0,  -23624133,          0
   336,    24,   59000000,   38199155,        0,  -20800845,          0
   336,    25,   59000000,   38410946,        0,  -20589054,          0
   336,    26,   59000000,   53331064,        0,   -5668936,          0
   336,    27,   59000000,   45442944,        0,  -13557056,          0
   336,    28,   59000000,   37247541,        0,  -21752459,          0
   336,    29,   59000000,   32341990,        0,  -26658010,          0
   336,    30,   59000000,   33674488,        0,  -25325512,          0
   336,    31,   59000000,   82938424,        1,   23938424,   23938424
   336,    32,   59000000,   80559181,        1,   21559181,   21559181
   336,    33,   59000000,   38652928,        0,  -20347072,          0
   336,    34,   59000000,   11982940,        0,  -47017060,          0
   336,    35,   59000000,   33917665,        0,  -25082335,          0
   336,    36,   59000000,   47284228,        0,  -11715772,          0
   336,    37,   59000000,    5463419,        0,  -53536581,          0
   336,    38,   59000000,    3063281,        0,  -55936719,          0
   336,    39,   59000000,   22605057,        0,  -36394943,          0
   336,    40,   59000000,    8920785,        0,  -50079215,          0
   336,    41,   59000000,   10137263,        0,  -48862737,          0
   336,    42,   59000000,    9796982,        0,  -49203018,          0
   336,    43,   59000000,   36686874,        0,  -22313126,          0
   336,    44,   59000000,   31721607,        0,  -27278393,          0
   336,    45,   59000000,   23175102,        0,  -35824898,          0
   336,    46,   59000000,   26973786,        0,  -32026214,          0
   336,    47,   59000000,   21185848,        0,  -37814152,          0
   336,    48,   59000000,   10266135,        0,  -48733865,          0
   336,    49,   59000000,   26691187,        0,  -32308813,          0
   336,    50,   59000000,   32474750,        0,  -26525250,          0
   336,    51,   59000000,   19566018,        0,  -39433982,          0
   336,    52,   59000000,   26435000,        0,  -32565000,          0
   336,    53,   59000000,    3400749,        0,  -55599251,          0
   336,    54,   59000000,   36844909,        0,  -22155091,          0
   336,    55,   59000000,   22272537,        0,  -36727463,          0
   336,    56,   59000000,    7617246,        0,  -51382754,          0
   336,    57,   59000000,    5002512,        0,  -53997488,          0
   336,    58,   59000000,   15563895,        0,  -43436105,          0
   336,    59,   59000000,   79900279,        1,   20900279,   20900279
   336,    60,   59000000,   23898397,        0,  -35101603,          0
   336,    61,   59000000,    3055649,        0,  -55944351,          0
   336,    62,   59000000,    3052201,        0,  -55947799,          0
   336,    63,   59000000,   18241776,        0,  -40758224,          0
   336,    64,   59000000,   26093460,        0,  -32906540,          0
   336,    65,   59000000,    5281424,        0,  -53718576,          0
   336,    66,   59000000,    7153793,        0,  -51846207,          0
   336,    67,   59000000,   89069083,        1,   30069083,   30069083
   336,    68,   59000000,  123110392,        1,   64110392,   64110392
   336,    69,   59000000,   76105146,        1,   17105146,   17105146
   336,    70,   59000000,   20243053,        0,  -38756947,          0
   336,    71,   59000000,   41660896,        0,  -17339104,          0
   336,    72,   59000000,   35804995,        0,  -23195005,          0
   336,    73,   59000000,   24131768,        0,  -34868232,          0
   336,    74,   59000000,    8984871,        0,  -50015129,          0
   336,    75,   59000000,    7932679,        0,  -51067321,          0
   336,    76,   59000000,   16474897,        0,  -42525103,          0
   336,    77,   59000000,   38557205,        0,  -20442795,          0
   336,    78,   59000000,   18565665,        0,  -40434335,          0
   336,    79,   59000000,   16037728,        0,  -42962272,          0
   336,    80,   59000000,   36647518,        0,  -22352482,          0
   336,    81,   59000000,   62323531,        1,    3323531,    3323531
   336,    82,   59000000,   59609847,        1,     609847,     609847
   336,    83,   59000000,    7627395,        0,  -51372605,          0
   336,    84,   59000000,   66764583,        1,    7764583,    7764583
   336,    85,   59000000,   58785762,        0,    -214238,          0
   336,    86,   59000000,   11133019,        0,  -47866981,          0
   336,    87,   59000000,    3326965,        0,  -55673035,          0
   336,    88,   59000000,    3055463,        0,  -55944537,          0
   336,    89,   59000000,   38777332,        0,  -20222668,          0
   336,    90,   59000000,    7094012,        0,  -51905988,          0
   336,    91,   59000000,    7338727,        0,  -51661273,          0
   336,    92,   59000000,   46089748,        0,  -12910252,          0
   336,    93,   59000000,   31262481,        0,  -27737519,          0
   336,    94,   59000000,   25970846,        0,  -33029154,          0
   336,    95,   59000000,   34357652,        0,  -24642348,          0
   336,    96,   59000000,   25440329,        0,  -33559671,          0
   336,    97,   59000000,  108631073,        1,   49631073,   49631073
   336,    98,   59000000,   88126454,        1,   29126454,   29126454
   336,    99,   59000000,   72144748,        1,   13144748,   13144748
   336,   100,   59000000,   67379916,        1,    8379916,    8379916
   336,   101,   59000000,   34999207,        0,  -24000793,          0
   336,   102,   59000000,    3060580,        0,  -55939420,          0
   336,   103,   59000000,   13537757,        0,  -45462243,          0
   336,   104,   59000000,   13497829,        0,  -45502171,          0
   336,   105,   59000000,   23064130,        0,  -35935870,          0
   336,   106,   59000000,   11718209,        0,  -47281791,          0
   336,   107,   59000000,   41706697,        0,  -17293303,          0
   336,   108,   59000000,   26371315,        0,  -32628685,          0
   336,   109,   59000000,  110512555,        1,   51512555,   51512555
   336,   110,   59000000,   72260974,        1,   13260974,   13260974
   336,   111,   59000000,   26074034,        0,  -32925966,          0
   336,   112,   59000000,   15020642,        0,  -43979358,          0
   336,   113,   59000000,   36426794,        0,  -22573206,          0
   336,   114,   59000000,   36242555,        0,  -22757445,          0
   336,   115,   59000000,   49333524,        0,   -9666476,          0
   336,   116,   59000000,    8499184,        0,  -50500816,          0
   336,   117,   59000000,    3052246,        0,  -55947754,          0
   336,   118,   59000000,    3052444,        0,  -55947556,          0
   336,   119,   59000000,    3056157,        0,  -55943843,          0
   336,   120,   59000000,    5536295,        0,  -53463705,          0
   336,   121,   59000000,    3053512,        0,  -55946488,          0
   336,   122,   59000000,    3778897,        0,  -55221103,          0
   336,   123,   59000000,   63672881,        1,    4672881,    4672881
   336,   124,   59000000,   49629585,        0,   -9370415,          0
   336,   125,   59000000,   40248142,        0,  -18751858,          0
   336,   126,   59000000,   39608476,        0,  -19391524,          0
   336,   127,   59000000,   19335029,        0,  -39664971,          0
   336,   128,   59000000,   29505352,        0,  -29494648,          0
   336,   129,   59000000,   11434746,        0,  -47565254,          0
   336,   130,   59000000,   35068027,        0,  -23931973,          0
   336,   131,   59000000,   58122914,        0,    -877086,          0
   336,   132,   59000000,    3153388,        0,  -55846612,          0
   336,   133,   59000000,   47313600,        0,  -11686400,          0
   336,   134,   59000000,    6109728,        0,  -52890272,          0
   336,   135,   59000000,   19571450,        0,  -39428550,          0
   336,   136,   59000000,    9495339,        0,  -49504661,          0
   336,   137,   59000000,   38161845,        0,  -20838155,          0
   336,   138,   59000000,   32877045,        0,  -26122955,          0
   336,   139,   59000000,   39128921,        0,  -19871079,          0
   336,   140,   59000000,    3052201,        0,  -55947799,          0
   336,   141,   59000000,    3059021,        0,  -55940979,          0
   336,   142,   59000000,   30023392,        0,  -28976608,          0
   336,   143,   59000000,    8920585,        0,  -50079415,          0
   336,   144,   59000000,   38309907,        0,  -20690093,          0
   336,   145,   59000000,   34641479,        0,  -24358521,          0
   336,   146,   59000000,   29986539,        0,  -29013461,          0
   336,   147,   59000000,   17539312,        0,  -41460688,          0
   336,   148,   59000000,    9456709,        0,  -49543291,          0
   336,   149,   59000000,   21365965,        0,  -37634035,          0
   336,   150,   59000000,   10232238,        0,  -48767762,          0
   336,   151,   59000000,   45224437,        0,  -13775563,          0
   336,   152,   59000000,   17548790,        0,  -41451210,          0
   336,   153,   59000000,   12127232,        0,  -46872768,          0
   336,   154,   59000000,   45550835,        0,  -13449165,          0
   336,   155,   59000000,    9472352,        0,  -49527648,          0
   336,   156,   59000000,   14257760,        0,  -44742240,          0
   336,   157,   59000000,   31150937,        0,  -27849063,          0
   336,   158,   59000000,   16147104,        0,  -42852896,          0
   336,   159,   59000000,   48609842,        0,  -10390158,          0
   336,   160,   59000000,   27778732,        0,  -31221268,          0
   336,   161,   59000000,    9074168,        0,  -49925832,          0
   336,   162,   59000000,   21742034,        0,  -37257966,          0
   336,   163,   59000000,    9295888,        0,  -49704112,          0
   336,   164,   59000000,    5432701,        0,  -53567299,          0
   336,   165,   59000000,   25314987,        0,  -33685013,          0
   336,   166,   59000000,   13665123,        0,  -45334877,          0
   336,   167,   59000000,   27438282,        0,  -31561718,          0
   336,   168,   59000000,   26705439,        0,  -32294561,          0
   336,   169,   59000000,    3056529,        0,  -55943471,          0
   336,   170,   59000000,    3053157,        0,  -55946843,          0
   336,   171,   59000000,    3052078,        0,  -55947922,          0
   336,   172,   59000000,   34374465,        0,  -24625535,          0
   336,   173,   59000000,   52811646,        0,   -6188354,          0
