# Task,   Job,     Period,   Response, DL Miss?,   Lateness,  Tardiness
# task NAME=myapp PID=23286 COST=65759000 PERIOD=86000000 CPU=0
 23286,     2,   86000000,       9943,        0,  -85990057,          0
 23286,     3,   86000000,      55557,        0,  -85944443,          0
 23286,     4,   86000000,   68940868,        0,  -17059132,          0
 23286,     5,   86000000,   64689577,        0,  -21310423,          0
 23286,     6,   86000000,   64363141,        0,  -21636859,          0
 23286,     7,   86000000,   64614426,        0,  -21385574,          0
 23286,     8,   86000000,   64606673,        0,  -21393327,          0
 23286,     9,   86000000,   64372816,        0,  -21627184,          0
 23286,    10,   86000000,   64326576,        0,  -21673424,          0
 23286,    11,   86000000,   70869359,        0,  -15130641,          0
 23286,    12,   86000000,   64418921,        0,  -21581079,          0
 23286,    13,   86000000,   64339179,        0,  -21660821,          0
 23286,    14,   86000000,   64629923,        0,  -21370077,          0
 23286,    15,   86000000,   64672697,        0,  -21327303,          0
 23286,    16,   86000000,   64338869,        0,  -21661131,          0
 23286,    17,   86000000,   64618252,        0,  -21381748,          0
 23286,    18,   86000000,   64602000,        0,  -21398000,          0
 23286,    19,   86000000,   64347367,        0,  -21652633,          0
 23286,    20,   86000000,   64628103,        0,  -21371897,          0
 23286,    21,   86000000,   64895222,        0,  -21104778,          0
 23286,    22,   86000000,   64316388,        0,  -21683612,          0
 23286,    23,   86000000,   64599333,        0,  -21400667,          0
 23286,    24,   86000000,   64694875,        0,  -21305125,          0
 23286,    25,   86000000,   64323331,        0,  -21676669,          0
 23286,    26,   86000000,   64349991,        0,  -21650009,          0
 23286,    27,   86000000,   70945715,        0,  -15054285,          0
 23286,    28,   86000000,   64351648,        0,  -21648352,          0
 23286,    29,   86000000,   64351326,        0,  -21648674,          0
 23286,    30,   86000000,   64622797,        0,  -21377203,          0
 23286,    31,   86000000,   64617729,        0,  -21382271,          0
 23286,    32,   86000000,   64311365,        0,  -21688635,          0
 23286,    33,   86000000,   64604866,        0,  -21395134,          0
 23286,    34,   86000000,   64608900,        0,  -21391100,          0
 23286,    35,   86000000,   64419646,        0,  -21580354,          0
 23286,    36,   86000000,   64624325,        0,  -21375675,          0
 23286,    37,   86000000,   64619005,        0,  -21380995,          0
 23286,    38,   86000000,   64323605,        0,  -21676395,          0
 23286,    39,   86000000,   64584230,        0,  -21415770,          0
 23286,    40,   86000000,   64629819,        0,  -21370181,          0
 23286,    41,   86000000,   64314552,        0,  -21685448,          0
 23286,    42,   86000000,   64332866,        0,  -21667134,          0
 23286,    43,   86000000,   64580937,        0,  -21419063,          0
 23286,    44,   86000000,   83086844,        0,   -2913156,          0
 23286,    45,   86000000,   64378570,        0,  -21621430,          0
 23286,    46,   86000000,   64581483,        0,  -21418517,          0
 23286,    47,   86000000,   64685009,        0,  -21314991,          0
 23286,    48,   86000000,   68993137,        0,  -17006863,          0
 23286,    49,   86000000,   64577242,        0,  -21422758,          0
 23286,    50,   86000000,   64591649,        0,  -21408351,          0
 23286,    51,   86000000,   64341019,        0,  -21658981,          0
 23286,    52,   86000000,   64596235,        0,  -21403765,          0
 23286,    53,   86000000,   64564661,        0,  -21435339,          0
 23286,    54,   86000000,   64317635,        0,  -21682365,          0
 23286,    55,   86000000,   64313623,        0,  -21686377,          0
 23286,    56,   86000000,   64582862,        0,  -21417138,          0
 23286,    57,   86000000,   64320889,        0,  -21679111,          0
 23286,    58,   86000000,   64311514,        0,  -21688486,          0
 23286,    59,   86000000,   64577372,        0,  -21422628,          0
 23286,    60,   86000000,   64321598,        0,  -21678402,          0
 23286,    61,   86000000,   64282632,        0,  -21717368,          0
 23286,    62,   86000000,   64572088,        0,  -21427912,          0
 23286,    63,   86000000,   69313968,        0,  -16686032,          0
 23286,    64,   86000000,   67586263,        0,  -18413737,          0
 23286,    65,   86000000,   64611083,        0,  -21388917,          0
 23286,    66,   86000000,   64625951,        0,  -21374049,          0
 23286,    67,   86000000,   64324266,        0,  -21675734,          0
 23286,    68,   86000000,   64604710,        0,  -21395290,          0
 23286,    69,   86000000,   64599386,        0,  -21400614,          0
 23286,    70,   86000000,   64487518,        0,  -21512482,          0
 23286,    71,   86000000,   64283398,        0,  -21716602,          0
 23286,    72,   86000000,   64589691,        0,  -21410309,          0
 23286,    73,   86000000,   64336852,        0,  -21663148,          0
 23286,    74,   86000000,   64326949,        0,  -21673051,          0
 23286,    75,   86000000,   64616110,        0,  -21383890,          0
 23286,    76,   86000000,   64399023,        0,  -21600977,          0
 23286,    77,   86000000,   65254362,        0,  -20745638,          0
 23286,    78,   86000000,   64617082,        0,  -21382918,          0
 23286,    79,   86000000,   64563183,        0,  -21436817,          0
 23286,    80,   86000000,   64404743,        0,  -21595257,          0
 23286,    81,   86000000,   64598414,        0,  -21401586,          0
 23286,    82,   86000000,   64721105,        0,  -21278895,          0
 23286,    83,   86000000,   73591594,        0,  -12408406,          0
 23286,    84,   86000000,   64555956,        0,  -21444044,          0
 23286,    85,   86000000,   64618077,        0,  -21381923,          0
 23286,    86,   86000000,   64354970,        0,  -21645030,          0
 23286,    87,   86000000,   64331481,        0,  -21668519,          0
 23286,    88,   86000000,   64598930,        0,  -21401070,          0
 23286,    89,   86000000,   64376090,        0,  -21623910,          0
 23286,    90,   86000000,   64329781,        0,  -21670219,          0
 23286,    91,   86000000,   64591493,        0,  -21408507,          0
 23286,    92,   86000000,   64354172,        0,  -21645828,          0
 23286,    93,   86000000,   64345342,        0,  -21654658,          0
 23286,    94,   86000000,   64677201,        0,  -21322799,          0
 23286,    95,   86000000,   64595396,        0,  -21404604,          0
 23286,    96,   86000000,   64351264,        0,  -21648736,          0
 23286,    97,   86000000,   64592795,        0,  -21407205,          0
 23286,    98,   86000000,   64657916,        0,  -21342084,          0
 23286,    99,   86000000,   64346003,        0,  -21653997,          0
 23286,   100,   86000000,   64691236,        0,  -21308764,          0
 23286,   101,   86000000,   64620109,        0,  -21379891,          0
 23286,   102,   86000000,   64334711,        0,  -21665289,          0
 23286,   103,   86000000,   64333442,        0,  -21666558,          0
 23286,   104,   86000000,   74340713,        0,  -11659287,          0
 23286,   105,   86000000,   64455579,        0,  -21544421,          0
 23286,   106,   86000000,   64322533,        0,  -21677467,          0
 23286,   107,   86000000,   64628457,        0,  -21371543,          0
 23286,   108,   86000000,   64331566,        0,  -21668434,          0
 23286,   109,   86000000,   64350120,        0,  -21649880,          0
 23286,   110,   86000000,   64661022,        0,  -21338978,          0
 23286,   111,   86000000,   81874043,        0,   -4125957,          0
 23286,   112,   86000000,   64334862,        0,  -21665138,          0
 23286,   113,   86000000,   64598364,        0,  -21401636,          0
 23286,   114,   86000000,   64615812,        0,  -21384188,          0
 23286,   115,   86000000,   64454347,        0,  -21545653,          0
 23286,   116,   86000000,   64598865,        0,  -21401135,          0
 23286,   117,   86000000,   64662377,        0,  -21337623,          0
 23286,   118,   86000000,   64355225,        0,  -21644775,          0
 23286,   119,   86000000,   64288418,        0,  -21711582,          0
 23286,   120,   86000000,   64594919,        0,  -21405081,          0
# task NAME=myapp PID=23289 COST=9414000 PERIOD=40000000 CPU=0
 23289,     2,   40000000,      11824,        0,  -39988176,          0
 23289,     3,   40000000,      48578,        0,  -39951422,          0
 23289,     4,   40000000,    9243248,        0,  -30756752,          0
 23289,     5,   40000000,   18807602,        0,  -21192398,          0
 23289,     6,   40000000,    9228733,        0,  -30771267,          0
 23289,     7,   40000000,    9225591,        0,  -30774409,          0
 23289,     8,   40000000,    9257425,        0,  -30742575,          0
 23289,     9,   40000000,    9248847,        0,  -30751153,          0
 23289,    10,   40000000,    9242766,        0,  -30757234,          0
 23289,    11,   40000000,    9239076,        0,  -30760924,          0
 23289,    12,   40000000,    9233616,        0,  -30766384,          0
 23289,    13,   40000000,    9295493,        0,  -30704507,          0
 23289,    14,   40000000,    9248801,        0,  -30751199,          0
 23289,    15,   40000000,    9287884,        0,  -30712116,          0
 23289,    16,   40000000,    9230409,        0,  -30769591,          0
 23289,    17,   40000000,    9228115,        0,  -30771885,          0
 23289,    18,   40000000,    9223390,        0,  -30776610,          0
 23289,    19,   40000000,    9250283,        0,  -30749717,          0
 23289,    20,   40000000,   23430884,        0,  -16569116,          0
 23289,    21,   40000000,    9560187,        0,  -30439813,          0
 23289,    22,   40000000,    9239435,        0,  -30760565,          0
 23289,    23,   40000000,    9260181,        0,  -30739819,          0
 23289,    24,   40000000,    9525383,        0,  -30474617,          0
 23289,    25,   40000000,   33514069,        0,   -6485931,          0
 23289,    26,   40000000,    9270319,        0,  -30729681,          0
 23289,    27,   40000000,    9273034,        0,  -30726966,          0
 23289,    28,   40000000,    9293006,        0,  -30706994,          0
 23289,    29,   40000000,   11790567,        0,  -28209433,          0
 23289,    30,   40000000,    9244347,        0,  -30755653,          0
 23289,    31,   40000000,   18794010,        0,  -21205990,          0
 23289,    32,   40000000,    9244130,        0,  -30755870,          0
 23289,    33,   40000000,    9231202,        0,  -30768798,          0
 23289,    34,   40000000,    9238612,        0,  -30761388,          0
 23289,    35,   40000000,    9232757,        0,  -30767243,          0
 23289,    36,   40000000,    9258703,        0,  -30741297,          0
 23289,    37,   40000000,    9244591,        0,  -30755409,          0
 23289,    38,   40000000,    9251219,        0,  -30748781,          0
 23289,    39,   40000000,    9220401,        0,  -30779599,          0
 23289,    40,   40000000,    9240676,        0,  -30759324,          0
 23289,    41,   40000000,    9237692,        0,  -30762308,          0
 23289,    42,   40000000,    9266659,        0,  -30733341,          0
 23289,    43,   40000000,    9256654,        0,  -30743346,          0
 23289,    44,   40000000,    9261043,        0,  -30738957,          0
 23289,    45,   40000000,    9284646,        0,  -30715354,          0
 23289,    46,   40000000,    9526404,        0,  -30473596,          0
 23289,    47,   40000000,   15001551,        0,  -24998449,          0
 23289,    48,   40000000,    9249786,        0,  -30750214,          0
 23289,    49,   40000000,    9558413,        0,  -30441587,          0
 23289,    50,   40000000,    9229917,        0,  -30770083,          0
 23289,    51,   40000000,    9235287,        0,  -30764713,          0
 23289,    52,   40000000,    9279943,        0,  -30720057,          0
 23289,    53,   40000000,    9247152,        0,  -30752848,          0
 23289,    54,   40000000,    9232543,        0,  -30767457,          0
 23289,    55,   40000000,    9231186,        0,  -30768814,          0
 23289,    56,   40000000,    9239890,        0,  -30760110,          0
 23289,    57,   40000000,    9246708,        0,  -30753292,          0
 23289,    58,   40000000,    9233087,        0,  -30766913,          0
 23289,    59,   40000000,    9293675,        0,  -30706325,          0
 23289,    60,   40000000,    9299762,        0,  -30700238,          0
 23289,    61,   40000000,    9266134,        0,  -30733866,          0
 23289,    62,   40000000,    9257749,        0,  -30742251,          0
 23289,    63,   40000000,    9251777,        0,  -30748223,          0
 23289,    64,   40000000,    9276581,        0,  -30723419,          0
 23289,    65,   40000000,    9244686,        0,  -30755314,          0
 23289,    66,   40000000,    9268649,        0,  -30731351,          0
 23289,    67,   40000000,    9227862,        0,  -30772138,          0
 23289,    68,   40000000,   12893227,        0,  -27106773,          0
 23289,    69,   40000000,    9235082,        0,  -30764918,          0
 23289,    70,   40000000,    9253567,        0,  -30746433,          0
 23289,    71,   40000000,    9521660,        0,  -30478340,          0
 23289,    72,   40000000,    9237775,        0,  -30762225,          0
 23289,    73,   40000000,    9239283,        0,  -30760717,          0
 23289,    74,   40000000,    9509945,        0,  -30490055,          0
 23289,    75,   40000000,    9241487,        0,  -30758513,          0
 23289,    76,   40000000,    9254709,        0,  -30745291,          0
 23289,    77,   40000000,    9266674,        0,  -30733326,          0
 23289,    78,   40000000,    9245311,        0,  -30754689,          0
 23289,    79,   40000000,    9243754,        0,  -30756246,          0
 23289,    80,   40000000,    9238945,        0,  -30761055,          0
 23289,    81,   40000000,    9253394,        0,  -30746606,          0
 23289,    82,   40000000,    9278530,        0,  -30721470,          0
 23289,    83,   40000000,    9267627,        0,  -30732373,          0
 23289,    84,   40000000,    9239926,        0,  -30760074,          0
 23289,    85,   40000000,    9266781,        0,  -30733219,          0
 23289,    86,   40000000,   12397264,        0,  -27602736,          0
 23289,    87,   40000000,    9247084,        0,  -30752916,          0
 23289,    88,   40000000,   27561197,        0,  -12438803,          0
 23289,    89,   40000000,    9246157,        0,  -30753843,          0
 23289,    90,   40000000,    9261731,        0,  -30738269,          0
 23289,    91,   40000000,   29523262,        0,  -10476738,          0
 23289,    92,   40000000,    9234348,        0,  -30765652,          0
 23289,    93,   40000000,    9238284,        0,  -30761716,          0
 23289,    94,   40000000,    9230664,        0,  -30769336,          0
 23289,    95,   40000000,    9240931,        0,  -30759069,          0
 23289,    96,   40000000,    9521588,        0,  -30478412,          0
 23289,    97,   40000000,    9244554,        0,  -30755446,          0
 23289,    98,   40000000,    9243658,        0,  -30756342,          0
 23289,    99,   40000000,    9516834,        0,  -30483166,          0
 23289,   100,   40000000,    9237244,        0,  -30762756,          0
 23289,   101,   40000000,    9237674,        0,  -30762326,          0
 23289,   102,   40000000,    9250629,        0,  -30749371,          0
 23289,   103,   40000000,    9246616,        0,  -30753384,          0
 23289,   104,   40000000,    9249127,        0,  -30750873,          0
 23289,   105,   40000000,    9233166,        0,  -30766834,          0
 23289,   106,   40000000,    9236158,        0,  -30763842,          0
 23289,   107,   40000000,    9281273,        0,  -30718727,          0
 23289,   108,   40000000,    9243238,        0,  -30756762,          0
 23289,   109,   40000000,   33831088,        0,   -6168912,          0
 23289,   110,   40000000,    9233355,        0,  -30766645,          0
 23289,   111,   40000000,    9264928,        0,  -30735072,          0
 23289,   112,   40000000,    9243023,        0,  -30756977,          0
 23289,   113,   40000000,   23817143,        0,  -16182857,          0
 23289,   114,   40000000,    9259052,        0,  -30740948,          0
 23289,   115,   40000000,    9267062,        0,  -30732938,          0
 23289,   116,   40000000,    9264206,        0,  -30735794,          0
 23289,   117,   40000000,    9254648,        0,  -30745352,          0
 23289,   118,   40000000,    9248031,        0,  -30751969,          0
 23289,   119,   40000000,    9250045,        0,  -30749955,          0
 23289,   120,   40000000,    9288643,        0,  -30711357,          0
 23289,   121,   40000000,    9525698,        0,  -30474302,          0
 23289,   122,   40000000,   23884781,        0,  -16115219,          0
 23289,   123,   40000000,    9236366,        0,  -30763634,          0
 23289,   124,   40000000,    9534242,        0,  -30465758,          0
 23289,   125,   40000000,   10254027,        0,  -29745973,          0
 23289,   126,   40000000,    9260402,        0,  -30739598,          0
 23289,   127,   40000000,    9250530,        0,  -30749470,          0
 23289,   128,   40000000,    9239077,        0,  -30760923,          0
 23289,   129,   40000000,    9265686,        0,  -30734314,          0
 23289,   130,   40000000,    9257943,        0,  -30742057,          0
 23289,   131,   40000000,   23949453,        0,  -16050547,          0
 23289,   132,   40000000,    9292595,        0,  -30707405,          0
 23289,   133,   40000000,    9235880,        0,  -30764120,          0
 23289,   134,   40000000,    9251923,        0,  -30748077,          0
 23289,   135,   40000000,    9286687,        0,  -30713313,          0
 23289,   136,   40000000,    9243852,        0,  -30756148,          0
 23289,   137,   40000000,    9229391,        0,  -30770609,          0
 23289,   138,   40000000,    9263025,        0,  -30736975,          0
 23289,   139,   40000000,    9242845,        0,  -30757155,          0
 23289,   140,   40000000,    9287152,        0,  -30712848,          0
 23289,   141,   40000000,    9258215,        0,  -30741785,          0
 23289,   142,   40000000,    9244070,        0,  -30755930,          0
 23289,   143,   40000000,    9239446,        0,  -30760554,          0
 23289,   144,   40000000,    9235458,        0,  -30764542,          0
 23289,   145,   40000000,   14393846,        0,  -25606154,          0
 23289,   146,   40000000,    9520930,        0,  -30479070,          0
 23289,   147,   40000000,    9236821,        0,  -30763179,          0
 23289,   148,   40000000,    9236609,        0,  -30763391,          0
 23289,   149,   40000000,    9519835,        0,  -30480165,          0
 23289,   150,   40000000,    9242764,        0,  -30757236,          0
 23289,   151,   40000000,    9226920,        0,  -30773080,          0
 23289,   152,   40000000,    9285830,        0,  -30714170,          0
 23289,   153,   40000000,    9258444,        0,  -30741556,          0
 23289,   154,   40000000,    9258757,        0,  -30741243,          0
 23289,   155,   40000000,    9241539,        0,  -30758461,          0
 23289,   156,   40000000,    9259390,        0,  -30740610,          0
 23289,   157,   40000000,    9263771,        0,  -30736229,          0
 23289,   158,   40000000,    9260039,        0,  -30739961,          0
 23289,   159,   40000000,   12552453,        0,  -27447547,          0
 23289,   160,   40000000,    9259039,        0,  -30740961,          0
 23289,   161,   40000000,    9246199,        0,  -30753801,          0
 23289,   162,   40000000,    9328045,        0,  -30671955,          0
 23289,   163,   40000000,    9229551,        0,  -30770449,          0
 23289,   164,   40000000,    9249956,        0,  -30750044,          0
 23289,   165,   40000000,    9263860,        0,  -30736140,          0
 23289,   166,   40000000,    9234409,        0,  -30765591,          0
 23289,   167,   40000000,    9252090,        0,  -30747910,          0
 23289,   168,   40000000,    9844601,        0,  -30155399,          0
 23289,   169,   40000000,    9245648,        0,  -30754352,          0
 23289,   170,   40000000,    9242926,        0,  -30757074,          0
 23289,   171,   40000000,    9528751,        0,  -30471249,          0
 23289,   172,   40000000,    9289666,        0,  -30710334,          0
 23289,   173,   40000000,   18133312,        0,  -21866688,          0
 23289,   174,   40000000,    9509726,        0,  -30490274,          0
 23289,   175,   40000000,    9238089,        0,  -30761911,          0
 23289,   176,   40000000,    9236348,        0,  -30763652,          0
 23289,   177,   40000000,    9227666,        0,  -30772334,          0
 23289,   178,   40000000,    9240471,        0,  -30759529,          0
 23289,   179,   40000000,    9282287,        0,  -30717713,          0
 23289,   180,   40000000,    9275012,        0,  -30724988,          0
 23289,   181,   40000000,    9249196,        0,  -30750804,          0
 23289,   182,   40000000,    9242160,        0,  -30757840,          0
 23289,   183,   40000000,    9224579,        0,  -30775421,          0
 23289,   184,   40000000,    9248869,        0,  -30751131,          0
 23289,   185,   40000000,    9262976,        0,  -30737024,          0
 23289,   186,   40000000,    9272537,        0,  -30727463,          0
 23289,   187,   40000000,    9243998,        0,  -30756002,          0
 23289,   188,   40000000,   24205532,        0,  -15794468,          0
 23289,   189,   40000000,    9265162,        0,  -30734838,          0
 23289,   190,   40000000,    9221068,        0,  -30778932,          0
 23289,   191,   40000000,    9244390,        0,  -30755610,          0
 23289,   192,   40000000,    9248054,        0,  -30751946,          0
 23289,   193,   40000000,   34253099,        0,   -5746901,          0
 23289,   194,   40000000,    9234581,        0,  -30765419,          0
 23289,   195,   40000000,    9250281,        0,  -30749719,          0
 23289,   196,   40000000,    9504321,        0,  -30495679,          0
 23289,   197,   40000000,    9233800,        0,  -30766200,          0
 23289,   198,   40000000,    9248642,        0,  -30751358,          0
 23289,   199,   40000000,    9520152,        0,  -30479848,          0
 23289,   200,   40000000,    9243150,        0,  -30756850,          0
 23289,   201,   40000000,    9242100,        0,  -30757900,          0
 23289,   202,   40000000,    9246953,        0,  -30753047,          0
 23289,   203,   40000000,    9231621,        0,  -30768379,          0
 23289,   204,   40000000,   14328702,        0,  -25671298,          0
 23289,   205,   40000000,    9239548,        0,  -30760452,          0
 23289,   206,   40000000,    9248892,        0,  -30751108,          0
 23289,   207,   40000000,    9242346,        0,  -30757654,          0
 23289,   208,   40000000,    9236637,        0,  -30763363,          0
 23289,   209,   40000000,    9238466,        0,  -30761534,          0
 23289,   210,   40000000,    9277529,        0,  -30722471,          0
 23289,   211,   40000000,    9572945,        0,  -30427055,          0
 23289,   212,   40000000,    9248873,        0,  -30751127,          0
 23289,   213,   40000000,    9264194,        0,  -30735806,          0
 23289,   214,   40000000,    9255879,        0,  -30744121,          0
 23289,   215,   40000000,    9247899,        0,  -30752101,          0
 23289,   216,   40000000,    9231000,        0,  -30769000,          0
 23289,   217,   40000000,    9259596,        0,  -30740404,          0
 23289,   218,   40000000,    9242833,        0,  -30757167,          0
 23289,   219,   40000000,    9237163,        0,  -30762837,          0
 23289,   220,   40000000,   25057505,        0,  -14942495,          0
 23289,   221,   40000000,    9506545,        0,  -30493455,          0
 23289,   222,   40000000,    9225125,        0,  -30774875,          0
 23289,   223,   40000000,    9227465,        0,  -30772535,          0
 23289,   224,   40000000,    9508822,        0,  -30491178,          0
 23289,   225,   40000000,    9254058,        0,  -30745942,          0
 23289,   226,   40000000,    9234645,        0,  -30765355,          0
 23289,   227,   40000000,    9237100,        0,  -30762900,          0
 23289,   228,   40000000,    9241747,        0,  -30758253,          0
 23289,   229,   40000000,    9239653,        0,  -30760347,          0
 23289,   230,   40000000,    9234097,        0,  -30765903,          0
 23289,   231,   40000000,    9264770,        0,  -30735230,          0
 23289,   232,   40000000,    9230063,        0,  -30769937,          0
 23289,   233,   40000000,    9255045,        0,  -30744955,          0
 23289,   234,   40000000,    9229395,        0,  -30770605,          0
 23289,   235,   40000000,   34503657,        0,   -5496343,          0
 23289,   236,   40000000,    9263371,        0,  -30736629,          0
 23289,   237,   40000000,    9233497,        0,  -30766503,          0
 23289,   238,   40000000,   32660407,        0,   -7339593,          0
 23289,   239,   40000000,    9234529,        0,  -30765471,          0
 23289,   240,   40000000,    9244523,        0,  -30755477,          0
 23289,   241,   40000000,   13944571,        0,  -26055429,          0
 23289,   242,   40000000,    9241626,        0,  -30758374,          0
 23289,   243,   40000000,    9247531,        0,  -30752469,          0
 23289,   244,   40000000,    9236532,        0,  -30763468,          0
 23289,   245,   40000000,    9246454,        0,  -30753546,          0
 23289,   246,   40000000,    9528977,        0,  -30471023,          0
 23289,   247,   40000000,    9251684,        0,  -30748316,          0
 23289,   248,   40000000,    9232942,        0,  -30767058,          0
 23289,   249,   40000000,    9522504,        0,  -30477496,          0
 23289,   250,   40000000,    9228121,        0,  -30771879,          0
 23289,   251,   40000000,    9273794,        0,  -30726206,          0
 23289,   252,   40000000,    9246841,        0,  -30753159,          0
 23289,   253,   40000000,   34604424,        0,   -5395576,          0
 23289,   254,   40000000,    9226113,        0,  -30773887,          0
