# Task,   Job,     Period,   Response, DL Miss?,   Lateness,  Tardiness
# task NAME=myapp PID=22400 COST=40230000 PERIOD=65000000 CPU=0
 22400,     2,   65000000,       9242,        0,  -64990758,          0
 22400,     3,   65000000,     102619,        0,  -64897381,          0
 22400,     4,   65000000,   39373367,        0,  -25626633,          0
 22400,     5,   65000000,   39363255,        0,  -25636745,          0
 22400,     6,   65000000,   39342936,        0,  -25657064,          0
 22400,     7,   65000000,   39333887,        0,  -25666113,          0
 22400,     8,   65000000,   39385926,        0,  -25614074,          0
 22400,     9,   65000000,   39361184,        0,  -25638816,          0
 22400,    10,   65000000,   39408428,        0,  -25591572,          0
 22400,    11,   65000000,   40113146,        0,  -24886854,          0
 22400,    12,   65000000,   39335858,        0,  -25664142,          0
 22400,    13,   65000000,   39353572,        0,  -25646428,          0
 22400,    14,   65000000,   39643094,        0,  -25356906,          0
 22400,    15,   65000000,   39349672,        0,  -25650328,          0
 22400,    16,   65000000,   39728618,        0,  -25271382,          0
 22400,    17,   65000000,   39462392,        0,  -25537608,          0
 22400,    18,   65000000,   39624679,        0,  -25375321,          0
 22400,    19,   65000000,   39373242,        0,  -25626758,          0
 22400,    20,   65000000,   39606151,        0,  -25393849,          0
 22400,    21,   65000000,   39385643,        0,  -25614357,          0
 22400,    22,   65000000,   39632811,        0,  -25367189,          0
 22400,    23,   65000000,   39405710,        0,  -25594290,          0
 22400,    24,   65000000,   65243528,        1,     243528,     243528
 22400,    25,   65000000,   39566007,        0,  -25433993,          0
 22400,    26,   65000000,   39744805,        0,  -25255195,          0
 22400,    27,   65000000,   39353770,        0,  -25646230,          0
 22400,    28,   65000000,   39819537,        0,  -25180463,          0
 22400,    29,   65000000,   39349674,        0,  -25650326,          0
 22400,    30,   65000000,   39381323,        0,  -25618677,          0
 22400,    31,   65000000,   39343852,        0,  -25656148,          0
 22400,    32,   65000000,   39337563,        0,  -25662437,          0
 22400,    33,   65000000,   39344337,        0,  -25655663,          0
 22400,    34,   65000000,   39366654,        0,  -25633346,          0
 22400,    35,   65000000,   39347111,        0,  -25652889,          0
 22400,    36,   65000000,   65334972,        1,     334972,     334972
 22400,    37,   65000000,   39654261,        0,  -25345739,          0
 22400,    38,   65000000,   39449040,        0,  -25550960,          0
 22400,    39,   65000000,   39620786,        0,  -25379214,          0
 22400,    40,   65000000,   39353295,        0,  -25646705,          0
 22400,    41,   65000000,   39627108,        0,  -25372892,          0
 22400,    42,   65000000,   39711802,        0,  -25288198,          0
 22400,    43,   65000000,   39625151,        0,  -25374849,          0
 22400,    44,   65000000,   39386731,        0,  -25613269,          0
 22400,    45,   65000000,   39631227,        0,  -25368773,          0
 22400,    46,   65000000,   39453980,        0,  -25546020,          0
 22400,    47,   65000000,   39649883,        0,  -25350117,          0
 22400,    48,   65000000,   39414503,        0,  -25585497,          0
 22400,    49,   65000000,   39614020,        0,  -25385980,          0
 22400,    50,   65000000,   39373201,        0,  -25626799,          0
 22400,    51,   65000000,   50559691,        0,  -14440309,          0
 22400,    52,   65000000,   39373340,        0,  -25626660,          0
 22400,    53,   65000000,   40857913,        0,  -24142087,          0
 22400,    54,   65000000,   39335515,        0,  -25664485,          0
 22400,    55,   65000000,   39365134,        0,  -25634866,          0
 22400,    56,   65000000,   39439215,        0,  -25560785,          0
 22400,    57,   65000000,   39361722,        0,  -25638278,          0
 22400,    58,   65000000,   39343426,        0,  -25656574,          0
 22400,    59,   65000000,   39354957,        0,  -25645043,          0
 22400,    60,   65000000,   39348325,        0,  -25651675,          0
 22400,    61,   65000000,   39358918,        0,  -25641082,          0
 22400,    62,   65000000,   39309585,        0,  -25690415,          0
 22400,    63,   65000000,   39360854,        0,  -25639146,          0
 22400,    64,   65000000,   39616882,        0,  -25383118,          0
 22400,    65,   65000000,   39394252,        0,  -25605748,          0
 22400,    66,   65000000,   39621246,        0,  -25378754,          0
 22400,    67,   65000000,   39415074,        0,  -25584926,          0
 22400,    68,   65000000,   39636580,        0,  -25363420,          0
 22400,    69,   65000000,   39362251,        0,  -25637749,          0
 22400,    70,   65000000,   39620826,        0,  -25379174,          0
 22400,    71,   65000000,   39348570,        0,  -25651430,          0
 22400,    72,   65000000,   39625497,        0,  -25374503,          0
 22400,    73,   65000000,   39341307,        0,  -25658693,          0
 22400,    74,   65000000,   39637828,        0,  -25362172,          0
 22400,    75,   65000000,   39384963,        0,  -25615037,          0
 22400,    76,   65000000,   39599252,        0,  -25400748,          0
 22400,    77,   65000000,   39313169,        0,  -25686831,          0
 22400,    78,   65000000,   39709889,        0,  -25290111,          0
 22400,    79,   65000000,   39432662,        0,  -25567338,          0
 22400,    80,   65000000,   39448762,        0,  -25551238,          0
 22400,    81,   65000000,   39350257,        0,  -25649743,          0
 22400,    82,   65000000,   39340922,        0,  -25659078,          0
 22400,    83,   65000000,   39346301,        0,  -25653699,          0
 22400,    84,   65000000,   39341267,        0,  -25658733,          0
 22400,    85,   65000000,   39338302,        0,  -25661698,          0
 22400,    86,   65000000,   39343883,        0,  -25656117,          0
 22400,    87,   65000000,   39358330,        0,  -25641670,          0
 22400,    88,   65000000,   39376381,        0,  -25623619,          0
 22400,    89,   65000000,   39627781,        0,  -25372219,          0
 22400,    90,   65000000,   39361018,        0,  -25638982,          0
 22400,    91,   65000000,   39695856,        0,  -25304144,          0
 22400,    92,   65000000,   39355914,        0,  -25644086,          0
 22400,    93,   65000000,   39626309,        0,  -25373691,          0
 22400,    94,   65000000,   39416628,        0,  -25583372,          0
 22400,    95,   65000000,   39624173,        0,  -25375827,          0
 22400,    96,   65000000,   39346199,        0,  -25653801,          0
 22400,    97,   65000000,   39619770,        0,  -25380230,          0
 22400,    98,   65000000,   39342214,        0,  -25657786,          0
 22400,    99,   65000000,   39600897,        0,  -25399103,          0
 22400,   100,   65000000,   39363854,        0,  -25636146,          0
 22400,   101,   65000000,   39623117,        0,  -25376883,          0
 22400,   102,   65000000,   39332161,        0,  -25667839,          0
 22400,   103,   65000000,   39632300,        0,  -25367700,          0
 22400,   104,   65000000,   39345939,        0,  -25654061,          0
 22400,   105,   65000000,   39353523,        0,  -25646477,          0
 22400,   106,   65000000,   39367147,        0,  -25632853,          0
 22400,   107,   65000000,   39357047,        0,  -25642953,          0
 22400,   108,   65000000,   39349208,        0,  -25650792,          0
 22400,   109,   65000000,   39357120,        0,  -25642880,          0
 22400,   110,   65000000,   39356097,        0,  -25643903,          0
 22400,   111,   65000000,   39349257,        0,  -25650743,          0
 22400,   112,   65000000,   39349487,        0,  -25650513,          0
 22400,   113,   65000000,   39350996,        0,  -25649004,          0
 22400,   114,   65000000,   39645681,        0,  -25354319,          0
 22400,   115,   65000000,   39351966,        0,  -25648034,          0
 22400,   116,   65000000,   39634622,        0,  -25365378,          0
 22400,   117,   65000000,   39351100,        0,  -25648900,          0
 22400,   118,   65000000,   39652769,        0,  -25347231,          0
 22400,   119,   65000000,   39349193,        0,  -25650807,          0
 22400,   120,   65000000,   39621801,        0,  -25378199,          0
 22400,   121,   65000000,   39355854,        0,  -25644146,          0
 22400,   122,   65000000,   39620147,        0,  -25379853,          0
 22400,   123,   65000000,   39361166,        0,  -25638834,          0
 22400,   124,   65000000,   39646529,        0,  -25353471,          0
 22400,   125,   65000000,   39439496,        0,  -25560504,          0
 22400,   126,   65000000,   39626514,        0,  -25373486,          0
 22400,   127,   65000000,   39354693,        0,  -25645307,          0
 22400,   128,   65000000,   39649019,        0,  -25350981,          0
 22400,   129,   65000000,   39342502,        0,  -25657498,          0
 22400,   130,   65000000,   39344055,        0,  -25655945,          0
 22400,   131,   65000000,   39349981,        0,  -25650019,          0
 22400,   132,   65000000,   39347435,        0,  -25652565,          0
 22400,   133,   65000000,   39361600,        0,  -25638400,          0
 22400,   134,   65000000,   39356728,        0,  -25643272,          0
 22400,   135,   65000000,   39365647,        0,  -25634353,          0
 22400,   136,   65000000,   39352354,        0,  -25647646,          0
 22400,   137,   65000000,   39354005,        0,  -25645995,          0
 22400,   138,   65000000,   39348149,        0,  -25651851,          0
 22400,   139,   65000000,   39638004,        0,  -25361996,          0
 22400,   140,   65000000,   39427635,        0,  -25572365,          0
 22400,   141,   65000000,   39628640,        0,  -25371360,          0
 22400,   142,   65000000,   39413667,        0,  -25586333,          0
 22400,   143,   65000000,   39634605,        0,  -25365395,          0
 22400,   144,   65000000,   42842073,        0,  -22157927,          0
 22400,   145,   65000000,   39644093,        0,  -25355907,          0
 22400,   146,   65000000,   39354773,        0,  -25645227,          0
 22400,   147,   65000000,   39623430,        0,  -25376570,          0
 22400,   148,   65000000,   39420085,        0,  -25579915,          0
 22400,   149,   65000000,   39628894,        0,  -25371106,          0
 22400,   150,   65000000,   39381000,        0,  -25619000,          0
 22400,   151,   65000000,   39640924,        0,  -25359076,          0
 22400,   152,   65000000,   39350564,        0,  -25649436,          0
 22400,   153,   65000000,   39649171,        0,  -25350829,          0
 22400,   154,   65000000,   39352015,        0,  -25647985,          0
 22400,   155,   65000000,   39344314,        0,  -25655686,          0
 22400,   156,   65000000,   39366116,        0,  -25633884,          0
 22400,   157,   65000000,   39356292,        0,  -25643708,          0
# task NAME=myapp PID=22403 COST=16767000 PERIOD=44000000 CPU=0
 22403,     2,   44000000,      15933,        0,  -43984067,          0
 22403,     3,   44000000,      84149,        0,  -43915851,          0
 22403,     4,   44000000,   16422644,        0,  -27577356,          0
 22403,     5,   44000000,   16444499,        0,  -27555501,          0
 22403,     6,   44000000,   16414511,        0,  -27585489,          0
 22403,     7,   44000000,   16417418,        0,  -27582582,          0
 22403,     8,   44000000,   16427169,        0,  -27572831,          0
 22403,     9,   44000000,   16434234,        0,  -27565766,          0
 22403,    10,   44000000,   16437867,        0,  -27562133,          0
 22403,    11,   44000000,   16437036,        0,  -27562964,          0
 22403,    12,   44000000,   16427483,        0,  -27572517,          0
 22403,    13,   44000000,   16471834,        0,  -27528166,          0
 22403,    14,   44000000,   16429898,        0,  -27570102,          0
 22403,    15,   44000000,   39468835,        0,   -4531165,          0
 22403,    16,   44000000,   16440539,        0,  -27559461,          0
 22403,    17,   44000000,   16719380,        0,  -27280620,          0
 22403,    18,   44000000,   16426718,        0,  -27573282,          0
 22403,    19,   44000000,   16413518,        0,  -27586482,          0
 22403,    20,   44000000,   16701062,        0,  -27298938,          0
 22403,    21,   44000000,   16417531,        0,  -27582469,          0
 22403,    22,   44000000,   16423782,        0,  -27576218,          0
 22403,    23,   44000000,   16441090,        0,  -27558910,          0
 22403,    24,   44000000,   16426890,        0,  -27573110,          0
 22403,    25,   44000000,   16478648,        0,  -27521352,          0
 22403,    26,   44000000,   16443712,        0,  -27556288,          0
 22403,    27,   44000000,   16449405,        0,  -27550595,          0
 22403,    28,   44000000,   16472614,        0,  -27527386,          0
 22403,    29,   44000000,   16420791,        0,  -27579209,          0
 22403,    30,   44000000,   16445378,        0,  -27554622,          0
 22403,    31,   44000000,   16443131,        0,  -27556869,          0
 22403,    32,   44000000,   16435983,        0,  -27564017,          0
 22403,    33,   44000000,   16431129,        0,  -27568871,          0
 22403,    34,   44000000,   43365057,        0,    -634943,          0
 22403,    35,   44000000,   16424176,        0,  -27575824,          0
 22403,    36,   44000000,   16425049,        0,  -27574951,          0
 22403,    37,   44000000,   16735879,        0,  -27264121,          0
 22403,    38,   44000000,   16469181,        0,  -27530819,          0
 22403,    39,   44000000,   16439181,        0,  -27560819,          0
 22403,    40,   44000000,   18714588,        0,  -25285412,          0
 22403,    41,   44000000,   16446698,        0,  -27553302,          0
 22403,    42,   44000000,   16466370,        0,  -27533630,          0
 22403,    43,   44000000,   16442137,        0,  -27557863,          0
 22403,    44,   44000000,   16428237,        0,  -27571763,          0
 22403,    45,   44000000,   16427286,        0,  -27572714,          0
 22403,    46,   44000000,   16436895,        0,  -27563105,          0
 22403,    47,   44000000,   16522319,        0,  -27477681,          0
 22403,    48,   44000000,   16433987,        0,  -27566013,          0
 22403,    49,   44000000,   16489593,        0,  -27510407,          0
 22403,    50,   44000000,   16428736,        0,  -27571264,          0
 22403,    51,   44000000,   16437770,        0,  -27562230,          0
 22403,    52,   44000000,   31429099,        0,  -12570901,          0
 22403,    53,   44000000,   16431437,        0,  -27568563,          0
 22403,    54,   44000000,   16724002,        0,  -27275998,          0
 22403,    55,   44000000,   19475701,        0,  -24524299,          0
 22403,    56,   44000000,   16426498,        0,  -27573502,          0
 22403,    57,   44000000,   16714235,        0,  -27285765,          0
 22403,    58,   44000000,   16484621,        0,  -27515379,          0
 22403,    59,   44000000,   16436807,        0,  -27563193,          0
 22403,    60,   44000000,   16440992,        0,  -27559008,          0
 22403,    61,   44000000,   25469226,        0,  -18530774,          0
 22403,    62,   44000000,   16449474,        0,  -27550526,          0
 22403,    63,   44000000,   16477569,        0,  -27522431,          0
 22403,    64,   44000000,   16454990,        0,  -27545010,          0
 22403,    65,   44000000,   16453636,        0,  -27546364,          0
 22403,    66,   44000000,   16602747,        0,  -27397253,          0
 22403,    67,   44000000,   16430790,        0,  -27569210,          0
 22403,    68,   44000000,   16456363,        0,  -27543637,          0
 22403,    69,   44000000,   16458232,        0,  -27541768,          0
 22403,    70,   44000000,   16441236,        0,  -27558764,          0
 22403,    71,   44000000,   16751996,        0,  -27248004,          0
 22403,    72,   44000000,   16426290,        0,  -27573710,          0
 22403,    73,   44000000,   16438215,        0,  -27561785,          0
 22403,    74,   44000000,   23572215,        0,  -20427785,          0
 22403,    75,   44000000,   16420243,        0,  -27579757,          0
 22403,    76,   44000000,   16421105,        0,  -27578895,          0
 22403,    77,   44000000,   16444680,        0,  -27555320,          0
 22403,    78,   44000000,   16461066,        0,  -27538934,          0
 22403,    79,   44000000,   16432072,        0,  -27567928,          0
 22403,    80,   44000000,   16465356,        0,  -27534644,          0
 22403,    81,   44000000,   16415172,        0,  -27584828,          0
 22403,    82,   44000000,   16459345,        0,  -27540655,          0
 22403,    83,   44000000,   16436518,        0,  -27563482,          0
 22403,    84,   44000000,   16444199,        0,  -27555801,          0
 22403,    85,   44000000,   19668430,        0,  -24331570,          0
 22403,    86,   44000000,   16429159,        0,  -27570841,          0
 22403,    87,   44000000,   16427875,        0,  -27572125,          0
 22403,    88,   44000000,   16743807,        0,  -27256193,          0
 22403,    89,   44000000,   16449450,        0,  -27550550,          0
 22403,    90,   44000000,   16446213,        0,  -27553787,          0
 22403,    91,   44000000,   19017002,        0,  -24982998,          0
 22403,    92,   44000000,   16452311,        0,  -27547689,          0
 22403,    93,   44000000,   16434394,        0,  -27565606,          0
 22403,    94,   44000000,   17096615,        0,  -26903385,          0
 22403,    95,   44000000,   16447752,        0,  -27552248,          0
 22403,    96,   44000000,   16435305,        0,  -27564695,          0
 22403,    97,   44000000,   16418795,        0,  -27581205,          0
 22403,    98,   44000000,   16467996,        0,  -27532004,          0
 22403,    99,   44000000,   16430813,        0,  -27569187,          0
 22403,   100,   44000000,   16440697,        0,  -27559303,          0
 22403,   101,   44000000,   16446905,        0,  -27553095,          0
 22403,   102,   44000000,   16440067,        0,  -27559933,          0
 22403,   103,   44000000,   16416262,        0,  -27583738,          0
 22403,   104,   44000000,   16428768,        0,  -27571232,          0
 22403,   105,   44000000,   16705927,        0,  -27294073,          0
 22403,   106,   44000000,   16426433,        0,  -27573567,          0
 22403,   107,   44000000,   16433997,        0,  -27566003,          0
 22403,   108,   44000000,   16696826,        0,  -27303174,          0
 22403,   109,   44000000,   16421119,        0,  -27578881,          0
 22403,   110,   44000000,   16428154,        0,  -27571846,          0
 22403,   111,   44000000,   16744521,        0,  -27255479,          0
 22403,   112,   44000000,   16445888,        0,  -27554112,          0
 22403,   113,   44000000,   16418069,        0,  -27581931,          0
 22403,   114,   44000000,   33821839,        0,  -10178161,          0
 22403,   115,   44000000,   16509632,        0,  -27490368,          0
 22403,   116,   44000000,   16430059,        0,  -27569941,          0
 22403,   117,   44000000,   21862701,        0,  -22137299,          0
 22403,   118,   44000000,   16418467,        0,  -27581533,          0
 22403,   119,   44000000,   16415296,        0,  -27584704,          0
 22403,   120,   44000000,   16430445,        0,  -27569555,          0
 22403,   121,   44000000,   16422888,        0,  -27577112,          0
 22403,   122,   44000000,   16428771,        0,  -27571229,          0
 22403,   123,   44000000,   16427559,        0,  -27572441,          0
 22403,   124,   44000000,   16436809,        0,  -27563191,          0
 22403,   125,   44000000,   16709026,        0,  -27290974,          0
 22403,   126,   44000000,   16447116,        0,  -27552884,          0
 22403,   127,   44000000,   16436191,        0,  -27563809,          0
 22403,   128,   44000000,   16722342,        0,  -27277658,          0
 22403,   129,   44000000,   16422287,        0,  -27577713,          0
 22403,   130,   44000000,   16435742,        0,  -27564258,          0
 22403,   131,   44000000,   16411363,        0,  -27588637,          0
 22403,   132,   44000000,   16428024,        0,  -27571976,          0
 22403,   133,   44000000,   16426685,        0,  -27573315,          0
 22403,   134,   44000000,   16410734,        0,  -27589266,          0
 22403,   135,   44000000,   16425254,        0,  -27574746,          0
 22403,   136,   44000000,   16430330,        0,  -27569670,          0
 22403,   137,   44000000,   16426681,        0,  -27573319,          0
 22403,   138,   44000000,   16523590,        0,  -27476410,          0
 22403,   139,   44000000,   16415053,        0,  -27584947,          0
 22403,   140,   44000000,   16425897,        0,  -27574103,          0
 22403,   141,   44000000,   16434546,        0,  -27565454,          0
 22403,   142,   44000000,   16717049,        0,  -27282951,          0
 22403,   143,   44000000,   16417754,        0,  -27582246,          0
 22403,   144,   44000000,   16436411,        0,  -27563589,          0
 22403,   145,   44000000,   16713682,        0,  -27286318,          0
 22403,   146,   44000000,   16421165,        0,  -27578835,          0
 22403,   147,   44000000,   16412728,        0,  -27587272,          0
 22403,   148,   44000000,   16444851,        0,  -27555149,          0
 22403,   149,   44000000,   16435207,        0,  -27564793,          0
 22403,   150,   44000000,   16428893,        0,  -27571107,          0
 22403,   151,   44000000,   16442466,        0,  -27557534,          0
 22403,   152,   44000000,   16427355,        0,  -27572645,          0
 22403,   153,   44000000,   16435541,        0,  -27564459,          0
 22403,   154,   44000000,   16421846,        0,  -27578154,          0
 22403,   155,   44000000,   16429290,        0,  -27570710,          0
 22403,   156,   44000000,   16431889,        0,  -27568111,          0
 22403,   157,   44000000,   16421467,        0,  -27578533,          0
 22403,   158,   44000000,   16442604,        0,  -27557396,          0
 22403,   159,   44000000,   16700294,        0,  -27299706,          0
 22403,   160,   44000000,   16440228,        0,  -27559772,          0
 22403,   161,   44000000,   16423982,        0,  -27576018,          0
 22403,   162,   44000000,   16693446,        0,  -27306554,          0
 22403,   163,   44000000,   16425129,        0,  -27574871,          0
 22403,   164,   44000000,   16426290,        0,  -27573710,          0
 22403,   165,   44000000,   16706804,        0,  -27293196,          0
 22403,   166,   44000000,   16440048,        0,  -27559952,          0
 22403,   167,   44000000,   16426323,        0,  -27573677,          0
 22403,   168,   44000000,   16415177,        0,  -27584823,          0
 22403,   169,   44000000,   16438824,        0,  -27561176,          0
 22403,   170,   44000000,   16431588,        0,  -27568412,          0
 22403,   171,   44000000,   16420910,        0,  -27579090,          0
 22403,   172,   44000000,   16439619,        0,  -27560381,          0
 22403,   173,   44000000,   16428535,        0,  -27571465,          0
 22403,   174,   44000000,   16418432,        0,  -27581568,          0
 22403,   175,   44000000,   16435880,        0,  -27564120,          0
 22403,   176,   44000000,   16422311,        0,  -27577689,          0
 22403,   177,   44000000,   16427456,        0,  -27572544,          0
 22403,   178,   44000000,   16425665,        0,  -27574335,          0
 22403,   179,   44000000,   16710431,        0,  -27289569,          0
 22403,   180,   44000000,   16412978,        0,  -27587022,          0
 22403,   181,   44000000,   16432822,        0,  -27567178,          0
 22403,   182,   44000000,   16708461,        0,  -27291539,          0
 22403,   183,   44000000,   16424244,        0,  -27575756,          0
 22403,   184,   44000000,   16430150,        0,  -27569850,          0
 22403,   185,   44000000,   16438903,        0,  -27561097,          0
 22403,   186,   44000000,   16421866,        0,  -27578134,          0
 22403,   187,   44000000,   16438797,        0,  -27561203,          0
 22403,   188,   44000000,   16423987,        0,  -27576013,          0
 22403,   189,   44000000,   16438722,        0,  -27561278,          0
 22403,   190,   44000000,   16427477,        0,  -27572523,          0
 22403,   191,   44000000,   16433392,        0,  -27566608,          0
 22403,   192,   44000000,   16424449,        0,  -27575551,          0
 22403,   193,   44000000,   16410401,        0,  -27589599,          0
 22403,   194,   44000000,   16426927,        0,  -27573073,          0
 22403,   195,   44000000,   16418375,        0,  -27581625,          0
 22403,   196,   44000000,   16706953,        0,  -27293047,          0
 22403,   197,   44000000,   16443980,        0,  -27556020,          0
 22403,   198,   44000000,   16434131,        0,  -27565869,          0
 22403,   199,   44000000,   16703128,        0,  -27296872,          0
 22403,   200,   44000000,   16421944,        0,  -27578056,          0
 22403,   201,   44000000,   16465869,        0,  -27534131,          0
 22403,   202,   44000000,   16419923,        0,  -27580077,          0
 22403,   203,   44000000,   16425824,        0,  -27574176,          0
 22403,   204,   44000000,   16424113,        0,  -27575887,          0
 22403,   205,   44000000,   16421698,        0,  -27578302,          0
 22403,   206,   44000000,   16529002,        0,  -27470998,          0
 22403,   207,   44000000,   16437569,        0,  -27562431,          0
 22403,   208,   44000000,   16421756,        0,  -27578244,          0
 22403,   209,   44000000,   16430676,        0,  -27569324,          0
 22403,   210,   44000000,   16429186,        0,  -27570814,          0
 22403,   211,   44000000,   16417309,        0,  -27582691,          0
 22403,   212,   44000000,   16418212,        0,  -27581788,          0
 22403,   213,   44000000,   16717989,        0,  -27282011,          0
 22403,   214,   44000000,   16430530,        0,  -27569470,          0
 22403,   215,   44000000,   16423284,        0,  -27576716,          0
 22403,   216,   44000000,   16699941,        0,  -27300059,          0
 22403,   217,   44000000,   16418655,        0,  -27581345,          0
 22403,   218,   44000000,   16412926,        0,  -27587074,          0
 22403,   219,   44000000,   16718608,        0,  -27281392,          0
 22403,   220,   44000000,   16427781,        0,  -27572219,          0
 22403,   221,   44000000,   16452508,        0,  -27547492,          0
 22403,   222,   44000000,   16436874,        0,  -27563126,          0
 22403,   223,   44000000,   16433722,        0,  -27566278,          0
 22403,   224,   44000000,   16421498,        0,  -27578502,          0
 22403,   225,   44000000,   16468746,        0,  -27531254,          0
 22403,   226,   44000000,   16453653,        0,  -27546347,          0
 22403,   227,   44000000,   16431905,        0,  -27568095,          0
 22403,   228,   44000000,   16471088,        0,  -27528912,          0
 22403,   229,   44000000,   16473124,        0,  -27526876,          0
 22403,   230,   44000000,   16694531,        0,  -27305469,          0
 22403,   231,   44000000,   16458776,        0,  -27541224,          0
