# Task,   Job,     Period,   Response, DL Miss?,   Lateness,  Tardiness
# task NAME=myapp PID=2979 COST=17141000 PERIOD=22000000 CPU=0
  2979,     2,   22000000,      13707,        0,  -21986293,          0
  2979,     3,   22000000,     241900,        0,  -21758100,          0
  2979,     4,   22000000,   17011667,        0,   -4988333,          0
  2979,     5,   22000000,   18224736,        0,   -3775264,          0
  2979,     6,   22000000,   19483127,        0,   -2516873,          0
  2979,     7,   22000000,   17095565,        0,   -4904435,          0
  2979,     8,   22000000,   69078892,        1,   47078892,   47078892
  2979,     9,   22000000,   94045899,        1,   72045899,   72045899
  2979,    10,   22000000,  102314292,        1,   80314292,   80314292
  2979,    11,   22000000,  125238612,        1,  103238612,  103238612
  2979,    12,   22000000,  120220028,        1,   98220028,   98220028
  2979,    13,   22000000,  115202189,        1,   93202189,   93202189
  2979,    14,   22000000,  110170551,        1,   88170551,   88170551
  2979,    15,   22000000,  105436083,        1,   83436083,   83436083
  2979,    16,   22000000,  100434768,        1,   78434768,   78434768
  2979,    17,   22000000,  177604933,        1,  155604933,  155604933
  2979,    18,   22000000,  172602136,        1,  150602136,  150602136
  2979,    19,   22000000,  167597230,        1,  145597230,  145597230
  2979,    20,   22000000,  162589055,        1,  140589055,  140589055
  2979,    21,   22000000,  157576043,        1,  135576043,  135576043
  2979,    22,   22000000,  152558002,        1,  130558002,  130558002
  2979,    23,   22000000,  147687493,        1,  125687493,  125687493
  2979,    24,   22000000,  142938585,        1,  120938585,  120938585
  2979,    25,   22000000,  138547382,        1,  116547382,  116547382
  2979,    26,   22000000,  133793320,        1,  111793320,  111793320
  2979,    27,   22000000,  129084552,        1,  107084552,  107084552
  2979,    28,   22000000,  124286826,        1,  102286826,  102286826
  2979,    29,   22000000,  119282652,        1,   97282652,   97282652
  2979,    30,   22000000,  114278981,        1,   92278981,   92278981
  2979,    31,   22000000,  210783294,        1,  188783294,  188783294
  2979,    32,   22000000,  205765459,        1,  183765459,  183765459
  2979,    33,   22000000,  201036959,        1,  179036959,  179036959
  2979,    34,   22000000,  196000069,        1,  174000069,  174000069
  2979,    35,   22000000,  190971584,        1,  168971584,  168971584
  2979,    36,   22000000,  189571947,        1,  167571947,  167571947
  2979,    37,   22000000,  184576019,        1,  162576019,  162576019
  2979,    38,   22000000,  179576609,        1,  157576609,  157576609
  2979,    39,   22000000,  174574666,        1,  152574666,  152574666
  2979,    40,   22000000,  169575566,        1,  147575566,  147575566
  2979,    41,   22000000,  164854208,        1,  142854208,  142854208
  2979,    42,   22000000,  159853065,        1,  137853065,  137853065
  2979,    43,   22000000,  206226415,        1,  184226415,  184226415
  2979,    44,   22000000,  241274340,        1,  219274340,  219274340
  2979,    45,   22000000,  236284298,        1,  214284298,  214284298
  2979,    46,   22000000,  231290308,        1,  209290308,  209290308
  2979,    47,   22000000,  226296176,        1,  204296176,  204296176
  2979,    48,   22000000,  221305242,        1,  199305242,  199305242
  2979,    49,   22000000,  216304861,        1,  194304861,  194304861
  2979,    50,   22000000,  211585967,        1,  189585967,  189585967
  2979,    51,   22000000,  206571998,        1,  184571998,  184571998
  2979,    52,   22000000,  201543796,        1,  179543796,  179543796
  2979,    53,   22000000,  196605524,        1,  174605524,  174605524
  2979,    54,   22000000,  191859204,        1,  169859204,  169859204
  2979,    55,   22000000,  187135943,        1,  165135943,  165135943
  2979,    56,   22000000,  182386995,        1,  160386995,  160386995
  2979,    57,   22000000,  192373362,        1,  170373362,  170373362
  2979,    58,   22000000,  187387492,        1,  165387492,  165387492
  2979,    59,   22000000,  182671601,        1,  160671601,  160671601
  2979,    60,   22000000,  247295691,        1,  225295691,  225295691
  2979,    61,   22000000,  335429295,        1,  313429295,  313429295
  2979,    62,   22000000,  331541679,        1,  309541679,  309541679
  2979,    63,   22000000,  326520005,        1,  304520005,  304520005
  2979,    64,   22000000,  321502333,        1,  299502333,  299502333
  2979,    65,   22000000,  316486605,        1,  294486605,  294486605
  2979,    66,   22000000,  311463888,        1,  289463888,  289463888
  2979,    67,   22000000,  306431675,        1,  284431675,  284431675
  2979,    68,   22000000,  301403315,        1,  279403315,  279403315
  2979,    69,   22000000,  375239036,        1,  353239036,  353239036
  2979,    70,   22000000,  370237300,        1,  348237300,  348237300
  2979,    71,   22000000,  365504468,        1,  343504468,  343504468
  2979,    72,   22000000,  360486898,        1,  338486898,  338486898
  2979,    73,   22000000,  355462762,        1,  333462762,  333462762
  2979,    74,   22000000,  350430833,        1,  328430833,  328430833
  2979,    75,   22000000,  375880600,        1,  353880600,  353880600
  2979,    76,   22000000,  443732743,        1,  421732743,  421732743
  2979,    77,   22000000,  438727625,        1,  416727625,  416727625
  2979,    78,   22000000,  433778992,        1,  411778992,  411778992
  2979,    79,   22000000,  428775482,        1,  406775482,  406775482
  2979,    80,   22000000,  424044615,        1,  402044615,  402044615
  2979,    81,   22000000,  419011918,        1,  397011918,  397011918
  2979,    82,   22000000,  413982433,        1,  391982433,  391982433
  2979,    83,   22000000,  408945695,        1,  386945695,  386945695
  2979,    84,   22000000,  403908830,        1,  381908830,  381908830
  2979,    85,   22000000,  398872788,        1,  376872788,  376872788
  2979,    86,   22000000,  394274379,        1,  372274379,  372274379
  2979,    87,   22000000,  404254848,        1,  382254848,  382254848
  2979,    88,   22000000,  399263816,        1,  377263816,  377263816
  2979,    89,   22000000,  394265510,        1,  372265510,  372265510
  2979,    90,   22000000,  460954819,        1,  438954819,  438954819
  2979,    91,   22000000,  455945775,        1,  433945775,  433945775
  2979,    92,   22000000,  450934544,        1,  428934544,  428934544
  2979,    93,   22000000,  445916831,        1,  423916831,  423916831
  2979,    94,   22000000,  440900967,        1,  418900967,  418900967
  2979,    95,   22000000,  435888481,        1,  413888481,  413888481
  2979,    97,   22000000,  496938939,        1,  474938939,  474938939
  2979,    98,   22000000,  491949378,        1,  469949378,  469949378
  2979,    99,   22000000,  486956976,        1,  464956976,  464956976
  2979,   100,   22000000,  536243364,        1,  514243364,  514243364
  2979,   101,   22000000,  558139617,        1,  536139617,  536139617
  2979,   102,   22000000,  553114960,        1,  531114960,  531114960
  2979,   103,   22000000,  548394347,        1,  526394347,  526394347
  2979,   104,   22000000,  543396877,        1,  521396877,  521396877
  2979,   105,   22000000,  538396739,        1,  516396739,  516396739
  2979,   106,   22000000,  533389125,        1,  511389125,  511389125
  2979,   107,   22000000,  633083833,        1,  611083833,  611083833
  2979,   108,   22000000,  642358321,        1,  620358321,  620358321
  2979,   109,   22000000,  637341633,        1,  615341633,  615341633
  2979,   115,   22000000,  649966286,        1,  627966286,  627966286
  2979,   116,   22000000,  646723705,        1,  624723705,  624723705
# task NAME=myapp PID=2983 COST=62456000 PERIOD=80000000 CPU=0
  2983,     2,   80000000,      13473,        0,  -79986527,          0
  2983,     3,   80000000,     146855,        0,  -79853145,          0
  2983,     4,   80000000,   80619672,        1,     619672,     619672
  2983,     5,   80000000,   89398912,        1,    9398912,    9398912
  2983,     6,   80000000,  125856340,        1,   45856340,   45856340
  2983,     7,   80000000,  107745152,        1,   27745152,   27745152
  2983,     8,   80000000,  115851183,        1,   35851183,   35851183
  2983,     9,   80000000,  242757729,        1,  162757729,  162757729
  2983,    10,   80000000,  224873072,        1,  144873072,  144873072
  2983,    11,   80000000,  206706265,        1,  126706265,  126706265
  2983,    12,   80000000,  431328922,        1,  351328922,  351328922
  2983,    13,   80000000,  413276764,        1,  333276764,  333276764
  2983,    14,   80000000,  395441218,        1,  315441218,  315441218
  2983,    15,   80000000,  377244691,        1,  297244691,  297244691
  2983,    16,   80000000,  371684278,        1,  291684278,  291684278
  2983,    17,   80000000,  353594506,        1,  273594506,  273594506
  2983,    18,   80000000,  335720832,        1,  255720832,  255720832
  2983,    19,   80000000,  317550976,        1,  237550976,  237550976
  2983,    20,   80000000,  299751387,        1,  219751387,  219751387
  2983,    21,   80000000,  363523959,        1,  283523959,  283523959
  2983,    22,   80000000,  526529879,        1,  446529879,  446529879
  2983,    23,   80000000,  549568654,        1,  469568654,  469568654
  2983,    24,   80000000,  611948267,        1,  531948267,  531948267
  2983,    25,   80000000,  593806847,        1,  513806847,  513806847
  2983,    26,   80000000,  575991352,        1,  495991352,  495991352
  2983,    27,   80000000,  557912338,        1,  477912338,  477912338
  2983,    28,   80000000,  608354153,        1,  528354153,  528354153
  2983,    29,   80000000,  590486335,        1,  510486335,  510486335
  2983,    30,   80000000,  931042029,        1,  851042029,  851042029
  2983,    31,   80000000,  938188866,        1,  858188866,  858188866
  2983,    32,   80000000,  920340683,        1,  840340683,  840340683
  2983,    33,   80000000,  902246779,        1,  822246779,  822246779
  2983,    34,   80000000,  884405027,        1,  804405027,  804405027
  2983,    35,   80000000,  866276099,        1,  786276099,  786276099
  2983,    36,   80000000,  848435057,        1,  768435057,  768435057
  2983,    37,   80000000,  966993512,        1,  886993512,  886993512
  2983,    38,   80000000, 1027934160,        1,  947934160,  947934160
  2983,    39,   80000000, 1010110993,        1,  930110993,  930110993
  2983,    40,   80000000, 1002360046,        1,  922360046,  922360046
  2983,    41,   80000000, 1064073244,        1,  984073244,  984073244
  2983,    42,   80000000, 1046198577,        1,  966198577,  966198577
  2983,    43,   80000000, 1227926102,        1, 1147926102, 1147926102
  2983,    44,   80000000, 1210053625,        1, 1130053625, 1130053625
  2983,    45,   80000000, 1191887953,        1, 1111887953, 1111887953
  2983,    46,   80000000, 1205092334,        1, 1125092334, 1125092334
  2983,    47,   80000000, 1267704369,        1, 1187704369, 1187704369
  2983,    48,   80000000, 1249536762,        1, 1169536762, 1169536762
  2983,    49,   80000000, 1316535078,        1, 1236535078, 1236535078
  2983,    50,   80000000, 1464627069,        1, 1384627069, 1384627069
  2983,    51,   80000000, 1473600788,        1, 1393600788, 1393600788
  2983,    52,   80000000, 1455779993,        1, 1375779993, 1375779993
  2983,    53,   80000000, 1631686013,        1, 1551686013, 1551686013
  2983,    54,   80000000, 1613578567,        1, 1533578567, 1533578567
  2983,    55,   80000000, 1660068174,        1, 1580068174, 1580068174
  2983,    56,   80000000, 1642253543,        1, 1562253543, 1562253543
  2983,    57,   80000000, 1739567059,        1, 1659567059, 1659567059
  2983,    58,   80000000, 1819237954,        1, 1739237954, 1739237954
  2983,    59,   80000000, 1801351242,        1, 1721351242, 1721351242
  2983,    60,   80000000, 1783157675,        1, 1703157675, 1703157675
  2983,    61,   80000000, 1765293888,        1, 1685293888, 1685293888
  2983,    62,   80000000, 1850861106,        1, 1770861106, 1770861106
  2983,    63,   80000000, 1870281885,        1, 1790281885, 1790281885
  2983,    64,   80000000, 1917344995,        1, 1837344995, 1837344995
  2983,    65,   80000000, 1991861414,        1, 1911861414, 1911861414
  2983,    66,   80000000, 1974064677,        1, 1894064677, 1894064677
  2983,    67,   80000000, 2049792870,        1, 1969792870, 1969792870
  2983,    68,   80000000, 2031644302,        1, 1951644302, 1951644302
  2983,    69,   80000000, 2013738954,        1, 1933738954, 1933738954
  2983,    70,   80000000, 1995641901,        1, 1915641901, 1915641901
  2983,    71,   80000000, 2257210995,        1, 2177210995, 2177210995
  2983,    72,   80000000, 2239407148,        1, 2159407148, 2159407148
# task NAME=myapp PID=2987 COST=17894000 PERIOD=24000000 CPU=0
  2987,     2,   24000000,      13178,        0,  -23986822,          0
  2987,     3,   24000000,     203952,        0,  -23796048,          0
  2987,     4,   24000000,   17766495,        0,   -6233505,          0
  2987,     5,   24000000,   17813824,        0,   -6186176,          0
  2987,     6,   24000000,   17796158,        0,   -6203842,          0
  2987,     7,   24000000,   34718955,        1,   10718955,   10718955
  2987,     8,   24000000,   28456446,        1,    4456446,    4456446
  2987,     9,   24000000,   22190368,        0,   -1809632,          0
  2987,    10,   24000000,   37968874,        1,   13968874,   13968874
  2987,    11,   24000000,   90238005,        1,   66238005,   66238005
  2987,    12,   24000000,   83992817,        1,   59992817,   59992817
  2987,    13,   24000000,   77729660,        1,   53729660,   53729660
  2987,    14,   24000000,   71464240,        1,   47464240,   47464240
  2987,    15,   24000000,   74648920,        1,   50648920,   50648920
  2987,    16,   24000000,   68397576,        1,   44397576,   44397576
  2987,    17,   24000000,   62153299,        1,   38153299,   38153299
  2987,    18,   24000000,   94100139,        1,   70100139,   70100139
  2987,    19,   24000000,  114557160,        1,   90557160,   90557160
  2987,    20,   24000000,  108306744,        1,   84306744,   84306744
  2987,    21,   24000000,  102057811,        1,   78057811,   78057811
  2987,    22,   24000000,   95792542,        1,   71792542,   71792542
  2987,    23,   24000000,   89532751,        1,   65532751,   65532751
  2987,    24,   24000000,   83262922,        1,   59262922,   59262922
  2987,    25,   24000000,  125091542,        1,  101091542,  101091542
  2987,    26,   24000000,  135536660,        1,  111536660,  111536660
  2987,    27,   24000000,  129286850,        1,  105286850,  105286850
  2987,    28,   24000000,  123035945,        1,   99035945,   99035945
  2987,    29,   24000000,  117423436,        1,   93423436,   93423436
  2987,    30,   24000000,  111707888,        1,   87707888,   87707888
  2987,    31,   24000000,  105945992,        1,   81945992,   81945992
  2987,    32,   24000000,  100267459,        1,   76267459,   76267459
  2987,    33,   24000000,   94549114,        1,   70549114,   70549114
  2987,    34,   24000000,   88791509,        1,   64791509,   64791509
  2987,    35,   24000000,   83111163,        1,   59111163,   59111163
  2987,    36,   24000000,   77726258,        1,   53726258,   53726258
  2987,    37,   24000000,   72055742,        1,   48055742,   48055742
  2987,    38,   24000000,   66284057,        1,   42284057,   42284057
  2987,    39,   24000000,   84629050,        1,   60629050,   60629050
  2987,    40,   24000000,  245095519,        1,  221095519,  221095519
  2987,    41,   24000000,  317425121,        1,  293425121,  293425121
  2987,    42,   24000000,  442861030,        1,  418861030,  418861030
  2987,    43,   24000000,  436629879,        1,  412629879,  412629879
  2987,    44,   24000000,  430660470,        1,  406660470,  406660470
  2987,    45,   24000000,  424417867,        1,  400417867,  400417867
  2987,    46,   24000000,  418172249,        1,  394172249,  394172249
  2987,    47,   24000000,  411910804,        1,  387910804,  387910804
  2987,    48,   24000000,  405926939,        1,  381926939,  381926939
  2987,    49,   24000000,  426941957,        1,  402941957,  402941957
  2987,    50,   24000000,  490283191,        1,  466283191,  466283191
  2987,    51,   24000000,  484024313,        1,  460024313,  460024313
  2987,    52,   24000000,  477752467,        1,  453752467,  453752467
  2987,    53,   24000000,  471496981,        1,  447496981,  447496981
  2987,    54,   24000000,  465228793,        1,  441228793,  441228793
  2987,    55,   24000000,  590512358,        1,  566512358,  566512358
  2987,    56,   24000000,  657923356,        1,  633923356,  633923356
  2987,    57,   24000000,  651658529,        1,  627658529,  627658529
  2987,    58,   24000000,  645379348,        1,  621379348,  621379348
  2987,    59,   24000000,  639101502,        1,  615101502,  615101502
  2987,    60,   24000000,  633100261,        1,  609100261,  609100261
  2987,    61,   24000000,  626812734,        1,  602812734,  602812734
  2987,    62,   24000000,  620540893,        1,  596540893,  596540893
  2987,    63,   24000000,  614262792,        1,  590262792,  590262792
  2987,    64,   24000000,  607995754,        1,  583995754,  583995754
  2987,    65,   24000000,  601733431,        1,  577733431,  577733431
  2987,    66,   24000000,  595659568,        1,  571659568,  571659568
  2987,    67,   24000000,  604476546,        1,  580476546,  580476546
  2987,    68,   24000000,  616777870,        1,  592777870,  592777870
  2987,    69,   24000000,  628798881,        1,  604798881,  604798881
  2987,    72,   24000000,  623515467,        1,  599515467,  599515467
  2987,    73,   24000000,  617260930,        1,  593260930,  593260930
  2987,    74,   24000000,  679712521,        1,  655712521,  655712521
# task NAME=myapp PID=2991 COST=46800000 PERIOD=85000000 CPU=0
  2991,     2,   85000000,      13649,        0,  -84986351,          0
  2991,     3,   85000000,     222094,        0,  -84777906,          0
  2991,     4,   85000000,   84692923,        0,    -307077,          0
  2991,     5,   85000000,   46437338,        0,  -38562662,          0
  2991,     6,   85000000,   70789515,        0,  -14210485,          0
  2991,     7,   85000000,   66168462,        0,  -18831538,          0
  2991,     8,   85000000,  203963307,        1,  118963307,  118963307
  2991,     9,   85000000,  211407402,        1,  126407402,  126407402
  2991,    10,   85000000,  313871588,        1,  228871588,  228871588
  2991,    11,   85000000,  275283444,        1,  190283444,  190283444
  2991,    12,   85000000,  236956754,        1,  151956754,  151956754
  2991,    13,   85000000,  198340353,        1,  113340353,  113340353
  2991,    14,   85000000,  220831205,        1,  135831205,  135831205
  2991,    15,   85000000,  182245486,        1,   97245486,   97245486
  2991,    16,   85000000,  143930231,        1,   58930231,   58930231
  2991,    17,   85000000,  213744480,        1,  128744480,  128744480
  2991,    18,   85000000,  175437576,        1,   90437576,   90437576
  2991,    19,   85000000,  137100746,        1,   52100746,   52100746
  2991,    20,   85000000,   98538284,        1,   13538284,   13538284
  2991,    21,   85000000,   59876157,        0,  -25123843,          0
  2991,    22,   85000000,  230601799,        1,  145601799,  145601799
  2991,    23,   85000000,  192258590,        1,  107258590,  107258590
  2991,    24,   85000000,  153615219,        1,   68615219,   68615219
  2991,    25,   85000000,  115263079,        1,   30263079,   30263079
  2991,    26,   85000000,   76585534,        0,   -8414466,          0
  2991,    27,   85000000,   47068433,        0,  -37931567,          0
  2991,    28,   85000000,   83294873,        0,   -1705127,          0
  2991,    29,   85000000,   70172141,        0,  -14827859,          0
  2991,    30,   85000000,  117104028,        1,   32104028,   32104028
  2991,    31,   85000000,   79258970,        0,   -5741030,          0
  2991,    32,   85000000,  133696532,        1,   48696532,   48696532
  2991,    33,   85000000,  215376368,        1,  130376368,  130376368
  2991,    34,   85000000,  176783018,        1,   91783018,   91783018
  2991,    35,   85000000,  138136921,        1,   53136921,   53136921
  2991,    36,   85000000,  120321556,        1,   35321556,   35321556
  2991,    37,   85000000,   81676129,        0,   -3323871,          0
  2991,    38,   85000000,  185647051,        1,  100647051,  100647051
  2991,    39,   85000000,  147038478,        1,   62038478,   62038478
  2991,    40,   85000000,  108671012,        1,   23671012,   23671012
  2991,    41,   85000000,   70093197,        0,  -14906803,          0
  2991,    42,   85000000,  221580170,        1,  136580170,  136580170
  2991,    43,   85000000,  221956966,        1,  136956966,  136956966
  2991,    44,   85000000,  209364768,        1,  124364768,  124364768
  2991,    45,   85000000,  171045352,        1,   86045352,   86045352
  2991,    46,   85000000,  193832114,        1,  108832114,  108832114
  2991,    47,   85000000,  155496798,        1,   70496798,   70496798
  2991,    48,   85000000,  116825245,        1,   31825245,   31825245
  2991,    49,   85000000,   78470005,        0,   -6529995,          0
  2991,    50,   85000000,  238231149,        1,  153231149,  153231149
  2991,    51,   85000000,  445976851,        1,  360976851,  360976851
  2991,    52,   85000000,  413187547,        1,  328187547,  328187547
  2991,    53,   85000000,  460554277,        1,  375554277,  375554277
  2991,    54,   85000000,  422193219,        1,  337193219,  337193219
  2991,    55,   85000000,  383891431,        1,  298891431,  298891431
  2991,    56,   85000000,  346076492,        1,  261076492,  261076492
  2991,    57,   85000000,  308546911,        1,  223546911,  223546911
  2991,    58,   85000000,  270185214,        1,  185185214,  185185214
  2991,    59,   85000000,  285632088,        1,  200632088,  200632088
  2991,    60,   85000000,  246958426,        1,  161958426,  161958426
  2991,    61,   85000000,  319228187,        1,  234228187,  234228187
  2991,    62,   85000000,  287660436,        1,  202660436,  202660436
  2991,    63,   85000000,  263384342,        1,  178384342,  178384342
  2991,    64,   85000000,  224749628,        1,  139749628,  139749628
  2991,    65,   85000000,  201454395,        1,  116454395,  116454395
  2991,    66,   85000000,  177533108,        1,   92533108,   92533108
  2991,    67,   85000000,  138873392,        1,   53873392,   53873392
  2991,    68,   85000000,  101172343,        1,   16172343,   16172343
  2991,    69,   85000000,   62562146,        0,  -22437854,          0
  2991,    70,   85000000,  270488970,        1,  185488970,  185488970
  2991,    71,   85000000,  294262977,        1,  209262977,  209262977
  2991,    72,   85000000,  298639191,        1,  213639191,  213639191
  2991,    73,   85000000,  665384101,        1,  580384101,  580384101
  2991,    74,   85000000,  626715057,        1,  541715057,  541715057
  2991,    75,   85000000,  588082153,        1,  503082153,  503082153
  2991,    76,   85000000,  692228673,        1,  607228673,  607228673
  2991,    77,   85000000,  701709034,        1,  616709034,  616709034
  2991,    78,   85000000,  928510817,        1,  843510817,  843510817
  2991,    79,   85000000,  889871490,        1,  804871490,  804871490
  2991,    80,   85000000,  851494165,        1,  766494165,  766494165
  2991,    81,   85000000,  918715920,        1,  833715920,  833715920
  2991,    82,   85000000,  880091269,        1,  795091269,  795091269
  2991,    83,   85000000,  904313351,        1,  819313351,  819313351
  2991,    84,   85000000,  941978696,        1,  856978696,  856978696
  2991,    85,   85000000,  927772043,        1,  842772043,  842772043
  2991,    86,   85000000,  902132219,        1,  817132219,  817132219
  2991,    87,   85000000,  915783525,        1,  830783525,  830783525
  2991,    88,   85000000,  980906198,        1,  895906198,  895906198
  2991,    89,   85000000, 1148085851,        1, 1063085851, 1063085851
  2991,    90,   85000000, 1152604965,        1, 1067604965, 1067604965
  2991,    91,   85000000, 1378115554,        1, 1293115554, 1293115554
  2991,    92,   85000000, 1339730442,        1, 1254730442, 1254730442
  2991,    93,   85000000, 1301094481,        1, 1216094481, 1216094481
  2991,    94,   85000000, 1262742535,        1, 1177742535, 1177742535
  2991,    95,   85000000, 1224108232,        1, 1139108232, 1139108232
  2991,    96,   85000000, 1185413290,        1, 1100413290, 1100413290
  2991,    97,   85000000, 1147026929,        1, 1062026929, 1062026929
  2991,    98,   85000000, 1108353319,        1, 1023353319, 1023353319
  2991,    99,   85000000, 1222907037,        1, 1137907037, 1137907037
  2991,   100,   85000000, 1403248513,        1, 1318248513, 1318248513
  2991,   101,   85000000, 1364644804,        1, 1279644804, 1279644804
  2991,   102,   85000000, 1326331996,        1, 1241331996, 1241331996
  2991,   103,   85000000, 1287641610,        1, 1202641610, 1202641610
  2991,   104,   85000000, 1248959851,        1, 1163959851, 1163959851
  2991,   105,   85000000, 1210584523,        1, 1125584523, 1125584523
  2991,   106,   85000000, 1171935758,        1, 1086935758, 1086935758
  2991,   107,   85000000, 1140897163,        1, 1055897163, 1055897163
  2991,   108,   85000000, 1175814392,        1, 1090814392, 1090814392
  2991,   109,   85000000, 1137412830,        1, 1052412830, 1052412830
  2991,   110,   85000000, 1099345206,        1, 1014345206, 1014345206
  2991,   111,   85000000, 1118333899,        1, 1033333899, 1033333899
  2991,   112,   85000000, 1079667615,        1,  994667615,  994667615
  2991,   113,   85000000, 1041266070,        1,  956266070,  956266070
  2991,   114,   85000000, 1037814459,        1,  952814459,  952814459
  2991,   115,   85000000,  999436537,        1,  914436537,  914436537
  2991,   116,   85000000,  960779164,        1,  875779164,  875779164
  2991,   117,   85000000, 1018516348,        1,  933516348,  933516348
  2991,   118,   85000000,  980112696,        1,  895112696,  895112696
  2991,   119,   85000000,  947141028,        1,  862141028,  862141028
  2991,   120,   85000000,  908491208,        1,  823491208,  823491208
  2991,   121,   85000000,  870109985,        1,  785109985,  785109985
# task NAME=myapp PID=2995 COST=32895000 PERIOD=64000000 CPU=0
  2995,     2,   64000000,      20342,        0,  -63979658,          0
  2995,     3,   64000000,     138482,        0,  -63861518,          0
  2995,     4,   64000000,   34891862,        0,  -29108138,          0
  2995,     5,   64000000,   73491928,        1,    9491928,    9491928
  2995,     6,   64000000,   42420237,        0,  -21579763,          0
  2995,     7,   64000000,   47168117,        0,  -16831883,          0
  2995,     8,   64000000,  171565833,        1,  107565833,  107565833
  2995,     9,   64000000,  140200226,        1,   76200226,   76200226
  2995,    10,   64000000,  108805034,        1,   44805034,   44805034
  2995,    11,   64000000,  103709998,        1,   39709998,   39709998
  2995,    12,   64000000,  238173606,        1,  174173606,  174173606
  2995,    13,   64000000,  279554748,        1,  215554748,  215554748
  2995,    14,   64000000,  248188911,        1,  184188911,  184188911
  2995,    15,   64000000,  217102732,        1,  153102732,  153102732
  2995,    16,   64000000,  185727831,        1,  121727831,  121727831
  2995,    17,   64000000,  154343655,        1,   90343655,   90343655
  2995,    18,   64000000,  126695126,        1,   62695126,   62695126
  2995,    19,   64000000,  134514672,        1,   70514672,   70514672
  2995,    20,   64000000,  103168081,        1,   39168081,   39168081
  2995,    21,   64000000,   71802805,        1,    7802805,    7802805
  2995,    22,   64000000,   40721177,        0,  -23278823,          0
  2995,    23,   64000000,  119260742,        1,   55260742,   55260742
  2995,    24,   64000000,   88187977,        1,   24187977,   24187977
  2995,    25,   64000000,   56809796,        0,   -7190204,          0
  2995,    26,   64000000,  191969556,        1,  127969556,  127969556
  2995,    27,   64000000,  160569069,        1,   96569069,   96569069
  2995,    28,   64000000,  129149562,        1,   65149562,   65149562
  2995,    29,   64000000,   97999271,        1,   33999271,   33999271
  2995,    30,   64000000,   95059939,        1,   31059939,   31059939
  2995,    31,   64000000,  118280373,        1,   54280373,   54280373
  2995,    32,   64000000,   93911640,        1,   29911640,   29911640
  2995,    33,   64000000,   62511675,        0,   -1488325,          0
  2995,    34,   64000000,   33345878,        0,  -30654122,          0
  2995,    35,   64000000,  221040485,        1,  157040485,  157040485
  2995,    36,   64000000,  206437764,        1,  142437764,  142437764
  2995,    37,   64000000,  251074281,        1,  187074281,  187074281
  2995,    38,   64000000,  340610899,        1,  276610899,  276610899
  2995,    39,   64000000,  309543118,        1,  245543118,  245543118
  2995,    40,   64000000,  278136544,        1,  214136544,  214136544
  2995,    41,   64000000,  246711174,        1,  182711174,  182711174
  2995,    42,   64000000,  215283818,        1,  151283818,  151283818
  2995,    43,   64000000,  184172871,        1,  120172871,  120172871
  2995,    44,   64000000,  152799833,        1,   88799833,   88799833
  2995,    45,   64000000,  208899043,        1,  144899043,  144899043
  2995,    46,   64000000,  189947883,        1,  125947883,  125947883
  2995,    47,   64000000,  159143916,        1,   95143916,   95143916
  2995,    48,   64000000,  362198784,        1,  298198784,  298198784
  2995,    49,   64000000,  342089914,        1,  278089914,  278089914
  2995,    50,   64000000,  310716444,        1,  246716444,  246716444
  2995,    51,   64000000,  279323151,        1,  215323151,  215323151
  2995,    52,   64000000,  248209006,        1,  184209006,  184209006
  2995,    53,   64000000,  216803118,        1,  152803118,  152803118
  2995,    54,   64000000,  235471325,        1,  171471325,  171471325
  2995,    55,   64000000,  230099092,        1,  166099092,  166099092
  2995,    56,   64000000,  238002233,        1,  174002233,  174002233
  2995,    57,   64000000,  230871757,        1,  166871757,  166871757
  2995,    58,   64000000,  199498513,        1,  135498513,  135498513
  2995,    59,   64000000,  168377200,        1,  104377200,  104377200
  2995,    60,   64000000,  136948293,        1,   72948293,   72948293
  2995,    61,   64000000,  117670994,        1,   53670994,   53670994
  2995,    62,   64000000,   86564502,        1,   22564502,   22564502
  2995,    63,   64000000,   55174212,        0,   -8825788,          0
  2995,    64,   64000000,  158960432,        1,   94960432,   94960432
  2995,    65,   64000000,  127580881,        1,   63580881,   63580881
  2995,    66,   64000000,  152496597,        1,   88496597,   88496597
  2995,    67,   64000000,  145543536,        1,   81543536,   81543536
  2995,    68,   64000000,  243645110,        1,  179645110,  179645110
  2995,    69,   64000000,  212247786,        1,  148247786,  148247786
  2995,    70,   64000000,  250819645,        1,  186819645,  186819645
  2995,    71,   64000000,  219503782,        1,  155503782,  155503782
  2995,    72,   64000000,  188730475,        1,  124730475,  124730475
  2995,    73,   64000000,  166118981,        1,  102118981,  102118981
  2995,    74,   64000000,  135272979,        1,   71272979,   71272979
  2995,    75,   64000000,  285358582,        1,  221358582,  221358582
  2995,    76,   64000000,  314055255,        1,  250055255,  250055255
  2995,    77,   64000000,  447898075,        1,  383898075,  383898075
  2995,    78,   64000000,  443408596,        1,  379408596,  379408596
  2995,    79,   64000000,  589725209,        1,  525725209,  525725209
  2995,    80,   64000000,  558630872,        1,  494630872,  494630872
  2995,    81,   64000000,  527252366,        1,  463252366,  463252366
  2995,    82,   64000000,  495879302,        1,  431879302,  431879302
  2995,    83,   64000000,  464487538,        1,  400487538,  400487538
  2995,    84,   64000000,  433373345,        1,  369373345,  369373345
  2995,    85,   64000000,  402023404,        1,  338023404,  338023404
  2995,    86,   64000000,  505877437,        1,  441877437,  441877437
  2995,    87,   64000000,  474539374,        1,  410539374,  410539374
  2995,    88,   64000000,  443471786,        1,  379471786,  379471786
  2995,    89,   64000000,  425114445,        1,  361114445,  361114445
  2995,    90,   64000000,  423228681,        1,  359228681,  359228681
  2995,    91,   64000000,  426150949,        1,  362150949,  362150949
  2995,    92,   64000000,  432709738,        1,  368709738,  368709738
  2995,    93,   64000000,  451685361,        1,  387685361,  387685361
  2995,    94,   64000000,  532925893,        1,  468925893,  468925893
  2995,    95,   64000000,  501838139,        1,  437838139,  437838139
  2995,    96,   64000000,  470454490,        1,  406454490,  406454490
  2995,    97,   64000000,  439055537,        1,  375055537,  375055537
  2995,    98,   64000000,  407933851,        1,  343933851,  343933851
  2995,    99,   64000000,  376526367,        1,  312526367,  312526367
  2995,   100,   64000000,  345283002,        1,  281283002,  281283002
  2995,   101,   64000000,  314509288,        1,  250509288,  250509288
  2995,   102,   64000000,  283708671,        1,  219708671,  219708671
  2995,   103,   64000000,  252318547,        1,  188318547,  188318547
  2995,   104,   64000000,  220937120,        1,  156937120,  156937120
  2995,   105,   64000000,  189605878,        1,  125605878,  125605878
  2995,   106,   64000000,  265611476,        1,  201611476,  201611476
  2995,   107,   64000000,  244928163,        1,  180928163,  180928163
  2995,   108,   64000000,  228707031,        1,  164707031,  164707031
  2995,   109,   64000000,  198395625,        1,  134395625,  134395625
  2995,   110,   64000000,  167314866,        1,  103314866,  103314866
  2995,   111,   64000000,  135932616,        1,   71932616,   71932616
  2995,   112,   64000000,  104547307,        1,   40547307,   40547307
  2995,   113,   64000000,   73440055,        1,    9440055,    9440055
  2995,   114,   64000000,   42057075,        0,  -21942925,          0
  2995,   115,   64000000,  138557887,        1,   74557887,   74557887
  2995,   116,   64000000,  312832776,        1,  248832776,  248832776
  2995,   117,   64000000,  281449911,        1,  217449911,  217449911
  2995,   118,   64000000,  324896425,        1,  260896425,  260896425
  2995,   119,   64000000,  293513272,        1,  229513272,  229513272
  2995,   120,   64000000,  262402788,        1,  198402788,  198402788
  2995,   121,   64000000,  230989627,        1,  166989627,  166989627
  2995,   122,   64000000,  255286863,        1,  191286863,  191286863
  2995,   123,   64000000,  223869748,        1,  159869748,  159869748
  2995,   124,   64000000,  356463905,        1,  292463905,  292463905
  2995,   125,   64000000,  331632945,        1,  267632945,  267632945
  2995,   126,   64000000,  300209273,        1,  236209273,  236209273
  2995,   127,   64000000,  268786683,        1,  204786683,  204786683
  2995,   128,   64000000,  237670515,        1,  173670515,  173670515
  2995,   129,   64000000,  236564146,        1,  172564146,  172564146
  2995,   130,   64000000,  318250393,        1,  254250393,  254250393
  2995,   131,   64000000,  286833146,        1,  222833146,  222833146
  2995,   132,   64000000,  255689519,        1,  191689519,  191689519
  2995,   133,   64000000,  224264968,        1,  160264968,  160264968
  2995,   134,   64000000,  192840638,        1,  128840638,  128840638
  2995,   135,   64000000,  161710882,        1,   97710882,   97710882
  2995,   136,   64000000,  130290466,        1,   66290466,   66290466
  2995,   137,   64000000,   98858333,        1,   34858333,   34858333
  2995,   138,   64000000,  214017075,        1,  150017075,  150017075
  2995,   139,   64000000,  192869198,        1,  128869198,  128869198
  2995,   140,   64000000,  161473444,        1,   97473444,   97473444
  2995,   141,   64000000,  130072575,        1,   66072575,   66072575
  2995,   142,   64000000,   98954052,        1,   34954052,   34954052
  2995,   143,   64000000,   67559644,        1,    3559644,    3559644
  2995,   144,   64000000,   92605448,        1,   28605448,   28605448
  2995,   145,   64000000,   61190416,        0,   -2809584,          0
  2995,   146,   64000000,  235133080,        1,  171133080,  171133080
  2995,   147,   64000000,  203712437,        1,  139712437,  139712437
  2995,   148,   64000000,  172295579,        1,  108295579,  108295579
  2995,   149,   64000000,  141163459,        1,   77163459,   77163459
  2995,   150,   64000000,  244520267,        1,  180520267,  180520267
  2995,   151,   64000000,  213149223,        1,  149149223,  149149223
  2995,   152,   64000000,  181887428,        1,  117887428,  117887428
  2995,   153,   64000000,  264346896,        1,  200346896,  200346896
  2995,   154,   64000000,  232936159,        1,  168936159,  168936159
  2995,   155,   64000000,  201524379,        1,  137524379,  137524379
  2995,   156,   64000000,  170099447,        1,  106099447,  106099447
  2995,   157,   64000000,  206990136,        1,  142990136,  142990136
  2995,   158,   64000000,  258875360,        1,  194875360,  194875360
  2995,   159,   64000000,  227487167,        1,  163487167,  163487167
  2995,   160,   64000000,  196367772,        1,  132367772,  132367772
# task NAME=myapp PID=2999 COST=45650000 PERIOD=55000000 CPU=0
  2999,     2,   55000000,       6768,        0,  -54993232,          0
  2999,     3,   55000000,     158374,        0,  -54841626,          0
  2999,     4,   55000000,   45328285,        0,   -9671715,          0
  2999,     5,   55000000,  131761965,        1,   76761965,   76761965
  2999,     6,   55000000,  217525540,        1,  162525540,  162525540
  2999,     7,   55000000,  207750328,        1,  152750328,  152750328
  2999,     8,   55000000,  198768540,        1,  143768540,  143768540
  2999,     9,   55000000,  189296972,        1,  134296972,  134296972
  2999,    10,   55000000,  315447357,        1,  260447357,  260447357
  2999,    11,   55000000,  313041253,        1,  258041253,  258041253
  2999,    12,   55000000,  437135664,        1,  382135664,  382135664
  2999,    13,   55000000,  427386956,        1,  372386956,  372386956
  2999,    14,   55000000,  417907838,        1,  362907838,  362907838
  2999,    15,   55000000,  408138721,        1,  353138721,  353138721
  2999,    16,   55000000,  398590064,        1,  343590064,  343590064
  2999,    17,   55000000,  390210552,        1,  335210552,  335210552
  2999,    18,   55000000,  490527093,        1,  435527093,  435527093
  2999,    19,   55000000,  538983518,        1,  483983518,  483983518
  2999,    20,   55000000,  717401390,        1,  662401390,  662401390
  2999,    21,   55000000,  797346665,        1,  742346665,  742346665
  2999,    22,   55000000,  787560138,        1,  732560138,  732560138
  2999,    23,   55000000,  778064555,        1,  723064555,  723064555
  2999,    24,   55000000,  786247831,        1,  731247831,  731247831
  2999,    25,   55000000,  859239682,        1,  804239682,  804239682
  2999,    26,   55000000,  849752605,        1,  794752605,  794752605
  2999,    27,   55000000,  924056353,        1,  869056353,  869056353
  2999,    28,   55000000,  915631401,        1,  860631401,  860631401
  2999,    29,   55000000,  973929386,        1,  918929386,  918929386
  2999,    30,   55000000,  964157775,        1,  909157775,  909157775
  2999,    31,   55000000,  954658013,        1,  899658013,  899658013
  2999,    32,   55000000,  944818048,        1,  889818048,  889818048
  2999,    33,   55000000,  935048147,        1,  880048147,  880048147
  2999,    34,   55000000,  925574781,        1,  870574781,  870574781
  2999,    35,   55000000, 1002483087,        1,  947483087,  947483087
  2999,    36,   55000000,  992722191,        1,  937722191,  937722191
  2999,    37,   55000000,  982917415,        1,  927917415,  927917415
  2999,    38,   55000000,  973391458,        1,  918391458,  918391458
  2999,    39,   55000000,  963606080,        1,  908606080,  908606080
  2999,    40,   55000000, 1099573566,        1, 1044573566, 1044573566
  2999,    41,   55000000, 1334707275,        1, 1279707275, 1279707275
  2999,    42,   55000000, 1351288599,        1, 1296288599, 1296288599
  2999,    43,   55000000, 1341510917,        1, 1286510917, 1286510917
  2999,    44,   55000000, 1331699671,        1, 1276699671, 1276699671
  2999,    45,   55000000, 1322181541,        1, 1267181541, 1267181541
  2999,    46,   55000000, 1325382062,        1, 1270382062, 1270382062
  2999,    47,   55000000, 1315899967,        1, 1260899967, 1260899967
  2999,    48,   55000000, 1306095126,        1, 1251095126, 1251095126
  2999,    49,   55000000, 1296286682,        1, 1241286682, 1241286682
  2999,    50,   55000000, 1353207259,        1, 1298207259, 1298207259
  2999,    51,   55000000, 1343461561,        1, 1288461561, 1288461561
  2999,    52,   55000000, 1333914896,        1, 1278914896, 1278914896
  2999,    53,   55000000, 1332261901,        1, 1277261901, 1277261901
  2999,    54,   55000000, 1417565524,        1, 1362565524, 1362565524
  2999,    55,   55000000, 1408075424,        1, 1353075424, 1353075424
  2999,    56,   55000000, 1466637576,        1, 1411637576, 1411637576
  2999,    57,   55000000, 1456858882,        1, 1401858882, 1401858882
  2999,    58,   55000000, 1447070795,        1, 1392070795, 1392070795
  2999,    59,   55000000, 1465031328,        1, 1410031328, 1410031328
  2999,    60,   55000000, 1455252901,        1, 1400252901, 1400252901
