# Task,   Job,     Period,   Response, DL Miss?,   Lateness,  Tardiness
# task NAME=myapp PID=3761 COST=18502000 PERIOD=26000000 CPU=0
  3761,     2,   26000000,       5772,        0,  -25994228,          0
  3761,     3,   26000000,     101336,        0,  -25898664,          0
  3761,     4,   26000000,   32719842,        1,    6719842,    6719842
  3761,     5,   26000000,   42361705,        1,   16361705,   16361705
  3761,     6,   26000000,   51951694,        1,   25951694,   25951694
  3761,     7,   26000000,   63499524,        1,   37499524,   37499524
  3761,     8,   26000000,   71437435,        1,   45437435,   45437435
  3761,     9,   26000000,   80972007,        1,   54972007,   54972007
  3761,    10,   26000000,   88527869,        1,   62527869,   62527869
  3761,    11,   26000000,  100388821,        1,   74388821,   74388821
  3761,    12,   26000000,  107920961,        1,   81920961,   81920961
  3761,    13,   26000000,  117481503,        1,   91481503,   91481503
  3761,    14,   26000000,  127051321,        1,  101051321,  101051321
  3761,    15,   26000000,  136928060,        1,  110928060,  110928060
  3761,    16,   26000000,  144488492,        1,  118488492,  118488492
  3761,    17,   26000000,  155968569,        1,  129968569,  129968569
  3761,    18,   26000000,  165595887,        1,  139595887,  139595887
  3761,    19,   26000000,  173201506,        1,  147201506,  147201506
  3761,    20,   26000000,  182829564,        1,  156829564,  156829564
  3761,    21,   26000000,  190392462,        1,  164392462,  164392462
  3761,    22,   26000000,  202025584,        1,  176025584,  176025584
  3761,    23,   26000000,  209549248,        1,  183549248,  183549248
  3761,    24,   26000000,  219105552,        1,  193105552,  193105552
  3761,    25,   26000000,  226712747,        1,  200712747,  200712747
  3761,    26,   26000000,  236218426,        1,  210218426,  210218426
  3761,    27,   26000000,  246065812,        1,  220065812,  220065812
  3761,    28,   26000000,  255320918,        1,  229320918,  229320918
  3761,    29,   26000000,  267190440,        1,  241190440,  241190440
  3761,    30,   26000000,  272753863,        1,  246753863,  246753863
  3761,    31,   26000000,  282229962,        1,  256229962,  256229962
  3761,    32,   26000000,  291808516,        1,  265808516,  265808516
  3761,    33,   26000000,  301721732,        1,  275721732,  275721732
  3761,    34,   26000000,  313322349,        1,  287322349,  287322349
  3761,    35,   26000000,  320950903,        1,  294950903,  294950903
  3761,    36,   26000000,  330876674,        1,  304876674,  304876674
  3761,    37,   26000000,  338390886,        1,  312390886,  312390886
  3761,    38,   26000000,  347960205,        1,  321960205,  321960205
  3761,    39,   26000000,  357502323,        1,  331502323,  331502323
  3761,    40,   26000000,  369294250,        1,  343294250,  343294250
  3761,    41,   26000000,  378870947,        1,  352870947,  352870947
  3761,    42,   26000000,  384408147,        1,  358408147,  358408147
  3761,    43,   26000000,  393969521,        1,  367969521,  367969521
  3761,    44,   26000000,  405464397,        1,  379464397,  379464397
  3761,    45,   26000000,  412965343,        1,  386965343,  386965343
  3761,    46,   26000000,  420626638,        1,  394626638,  394626638
  3761,    47,   26000000,  430374551,        1,  404374551,  404374551
  3761,    48,   26000000,  439942695,        1,  413942695,  413942695
  3761,    49,   26000000,  449517521,        1,  423517521,  423517521
  3761,    50,   26000000,  461391229,        1,  435391229,  435391229
  3761,    51,   26000000,  468986237,        1,  442986237,  442986237
  3761,    52,   26000000,  478589855,        1,  452589855,  452589855
  3761,    53,   26000000,  486100969,        1,  460100969,  460100969
  3761,    54,   26000000,  495611725,        1,  469611725,  469611725
  3761,    55,   26000000,  505181302,        1,  479181302,  479181302
  3761,    56,   26000000,  514670789,        1,  488670789,  488670789
  3761,    57,   26000000,  524207691,        1,  498207691,  498207691
  3761,    58,   26000000,  531727829,        1,  505727829,  505727829
  3761,    59,   26000000,  541332461,        1,  515332461,  515332461
  3761,    60,   26000000,  550917918,        1,  524917918,  524917918
  3761,    61,   26000000,  560820687,        1,  534820687,  534820687
  3761,    62,   26000000,  568362368,        1,  542362368,  542362368
  3761,    63,   26000000,  577954036,        1,  551954036,  551954036
  3761,    64,   26000000,  587494833,        1,  561494833,  561494833
  3761,    65,   26000000,  597110987,        1,  571110987,  571110987
  3761,    66,   26000000,  604624908,        1,  578624908,  578624908
  3761,    67,   26000000,  614238524,        1,  588238524,  588238524
  3761,    68,   26000000,  623764502,        1,  597764502,  597764502
  3761,    69,   26000000,  633317419,        1,  607317419,  607317419
  3761,    70,   26000000,  642919610,        1,  616919610,  616919610
  3761,    71,   26000000,  650454906,        1,  624454906,  624454906
  3761,    72,   26000000,  661066397,        1,  635066397,  635066397
  3761,    73,   26000000,  669826371,        1,  643826371,  643826371
  3761,    74,   26000000,  679385447,        1,  653385447,  653385447
  3761,    75,   26000000,  689330134,        1,  663330134,  663330134
  3761,    76,   26000000,  698966530,        1,  672966530,  672966530
# task NAME=myapp PID=3764 COST=47304000 PERIOD=71000000 CPU=0
  3764,     2,   71000000,       9462,        0,  -70990538,          0
  3764,     3,   71000000,     191887,        0,  -70808113,          0
  3764,     4,   71000000,   88569992,        1,   17569992,   17569992
  3764,     5,   71000000,  104504694,        1,   33504694,   33504694
  3764,     6,   71000000,  124386417,        1,   53386417,   53386417
  3764,     7,   71000000,  144219673,        1,   73219673,   73219673
  3764,     8,   71000000,  162086900,        1,   91086900,   91086900
  3764,     9,   71000000,  180222069,        1,  109222069,  109222069
  3764,    10,   71000000,  202324685,        1,  131324685,  131324685
  3764,    11,   71000000,  218193024,        1,  147193024,  147193024
  3764,    12,   71000000,  238074472,        1,  167074472,  167074472
  3764,    13,   71000000,  256330408,        1,  185330408,  185330408
  3764,    14,   71000000,  278513104,        1,  207513104,  207513104
  3764,    15,   71000000,  294348497,        1,  223348497,  223348497
  3764,    16,   71000000,  316191398,        1,  245191398,  245191398
  3764,    17,   71000000,  332369710,        1,  261369710,  261369710
  3764,    18,   71000000,  352316553,        1,  281316553,  281316553
  3764,    19,   71000000,  370416808,        1,  299416808,  299416808
  3764,    20,   71000000,  390747297,        1,  319747297,  319747297
  3764,    21,   71000000,  410632187,        1,  339632187,  339632187
  3764,    22,   71000000,  428666342,        1,  357666342,  357666342
  3764,    23,   71000000,  446413387,        1,  375413387,  375413387
  3764,    24,   71000000,  466643586,        1,  395643586,  395643586
  3764,    25,   71000000,  484526061,        1,  413526061,  413526061
  3764,    26,   71000000,  504745978,        1,  433745978,  433745978
  3764,    27,   71000000,  524724940,        1,  453724940,  453724940
  3764,    28,   71000000,  545730302,        1,  474730302,  474730302
  3764,    29,   71000000,  562823512,        1,  491823512,  491823512
  3764,    30,   71000000,  582979222,        1,  511979222,  511979222
  3764,    31,   71000000,  603189363,        1,  532189363,  532189363
  3764,    32,   71000000,  619029411,        1,  548029411,  548029411
  3764,    33,   71000000,  639018930,        1,  568018930,  568018930
  3764,    34,   71000000,  656941650,        1,  585941650,  585941650
  3764,    35,   71000000,  679072852,        1,  608072852,  608072852
  3764,    36,   71000000,  694939475,        1,  623939475,  623939475
  3764,    37,   71000000,  715382133,        1,  644382133,  644382133
  3764,    38,   71000000,  735314169,        1,  664314169,  664314169
  3764,    39,   71000000,  751823497,        1,  680823497,  680823497
  3764,    40,   71000000,  770654161,        1,  699654161,  699654161
  3764,    41,   71000000,  788764337,        1,  717764337,  717764337
  3764,    42,   71000000,  810912028,        1,  739912028,  739912028
  3764,    43,   71000000,  828846803,        1,  757846803,  757846803
  3764,    44,   71000000,  846765912,        1,  775765912,  775765912
  3764,    45,   71000000,  864693565,        1,  793693565,  793693565
  3764,    46,   71000000,  886960806,        1,  815960806,  815960806
  3764,    47,   71000000,  902812634,        1,  831812634,  831812634
  3764,    48,   71000000,  923096185,        1,  852096185,  852096185
  3764,    49,   71000000,  943240253,        1,  872240253,  872240253
  3764,    50,   71000000,  961075219,        1,  890075219,  890075219
  3764,    51,   71000000,  982930882,        1,  911930882,  911930882
  3764,    52,   71000000,  999057199,        1,  928057199,  928057199
  3764,    53,   71000000, 1018939102,        1,  947939102,  947939102
  3764,    54,   71000000, 1038837885,        1,  967837885,  967837885
  3764,    55,   71000000, 1054755650,        1,  983755650,  983755650
  3764,    56,   71000000, 1074808022,        1, 1003808022, 1003808022
  3764,    57,   71000000, 1094889486,        1, 1023889486, 1023889486
  3764,    58,   71000000, 1112788255,        1, 1041788255, 1041788255
  3764,    59,   71000000, 1134998381,        1, 1063998381, 1063998381
  3764,    60,   71000000, 1150875406,        1, 1079875406, 1079875406
  3764,    61,   71000000, 1168716042,        1, 1097716042, 1097716042
  3764,    62,   71000000, 1188663008,        1, 1117663008, 1117663008
  3764,    63,   71000000, 1208862022,        1, 1137862022, 1137862022
  3764,    64,   71000000, 1226702985,        1, 1155702985, 1155702985
  3764,    65,   71000000, 1244953987,        1, 1173953987, 1173953987
  3764,    66,   71000000, 1265296787,        1, 1194296787, 1194296787
  3764,    67,   71000000, 1282609852,        1, 1211609852, 1211609852
  3764,    68,   71000000, 1304778659,        1, 1233778659, 1233778659
  3764,    69,   71000000, 1320578784,        1, 1249578784, 1249578784
  3764,    70,   71000000, 1340847982,        1, 1269847982, 1269847982
  3764,    71,   71000000, 1358711938,        1, 1287711938, 1287711938
  3764,    72,   71000000, 1381082693,        1, 1310082693, 1310082693
  3764,    73,   71000000, 1396579692,        1, 1325579692, 1325579692
  3764,    74,   71000000, 1416486563,        1, 1345486563, 1345486563
  3764,    75,   71000000, 1434374895,        1, 1363374895, 1363374895
  3764,    76,   71000000, 1454599038,        1, 1383599038, 1383599038
  3764,    77,   71000000, 1472647910,        1, 1401647910, 1401647910
  3764,    78,   71000000, 1492565444,        1, 1421565444, 1421565444
  3764,    79,   71000000, 1512392705,        1, 1441392705, 1441392705
  3764,    80,   71000000, 1530334683,        1, 1459334683, 1459334683
  3764,    81,   71000000, 1550511197,        1, 1479511197, 1479511197
  3764,    82,   71000000, 1568287796,        1, 1497287796, 1497287796
  3764,    83,   71000000, 1586122662,        1, 1515122662, 1515122662
  3764,    84,   71000000, 1605987940,        1, 1534987940, 1534987940
  3764,    85,   71000000, 1624198203,        1, 1553198203, 1553198203
  3764,    86,   71000000, 1643959648,        1, 1572959648, 1572959648
  3764,    87,   71000000, 1662100333,        1, 1591100333, 1591100333
  3764,    88,   71000000, 1682076179,        1, 1611076179, 1611076179
  3764,    89,   71000000, 1699897494,        1, 1628897494, 1628897494
  3764,    90,   71000000, 1717763896,        1, 1646763896, 1646763896
  3764,    91,   71000000, 1737987305,        1, 1666987305, 1666987305
  3764,    92,   71000000, 1758162670,        1, 1687162670, 1687162670
  3764,    93,   71000000, 1776158414,        1, 1705158414, 1705158414
  3764,    94,   71000000, 1796027406,        1, 1725027406, 1725027406
# task NAME=myapp PID=3769 COST=35257000 PERIOD=55000000 CPU=0
  3769,     2,   55000000,       6171,        0,  -54993829,          0
  3769,     3,   55000000,     140976,        0,  -54859024,          0
  3769,     4,   55000000,   65258870,        1,   10258870,   10258870
  3769,     5,   55000000,   75804284,        1,   20804284,   20804284
  3769,     6,   55000000,   88203607,        1,   33203607,   33203607
  3769,     7,   55000000,  100686266,        1,   45686266,   45686266
  3769,     8,   55000000,  111113892,        1,   56113892,   56113892
  3769,     9,   55000000,  125761867,        1,   70761867,   70761867
  3769,    10,   55000000,  136184732,        1,   81184732,   81184732
  3769,    11,   55000000,  150363804,        1,   95363804,   95363804
  3769,    12,   55000000,  159503401,        1,  104503401,  104503401
  3769,    13,   55000000,  174026590,        1,  119026590,  119026590
  3769,    14,   55000000,  184544571,        1,  129544571,  129544571
  3769,    15,   55000000,  196995954,        1,  141995954,  141995954
  3769,    16,   55000000,  207481289,        1,  152481289,  152481289
  3769,    17,   55000000,  220284122,        1,  165284122,  165284122
  3769,    18,   55000000,  233046887,        1,  178046887,  178046887
  3769,    19,   55000000,  245560649,        1,  190560649,  190560649
  3769,    20,   55000000,  258161206,        1,  203161206,  203161206
  3769,    21,   55000000,  268558759,        1,  213558759,  213558759
  3769,    22,   55000000,  283594570,        1,  228594570,  228594570
  3769,    23,   55000000,  293690085,        1,  238690085,  238690085
  3769,    24,   55000000,  306452023,        1,  251452023,  251452023
  3769,    25,   55000000,  318959347,        1,  263959347,  263959347
  3769,    26,   55000000,  329674468,        1,  274674468,  274674468
  3769,    27,   55000000,  344146146,        1,  289146146,  289146146
  3769,    28,   55000000,  354894070,        1,  299894070,  299894070
  3769,    29,   55000000,  367266498,        1,  312266498,  312266498
  3769,    30,   55000000,  378333540,        1,  323333540,  323333540
  3769,    31,   55000000,  390375090,        1,  335375090,  335375090
  3769,    32,   55000000,  404862681,        1,  349862681,  349862681
  3769,    33,   55000000,  415732229,        1,  360732229,  360732229
  3769,    34,   55000000,  428285403,        1,  373285403,  373285403
  3769,    35,   55000000,  442851270,        1,  387851270,  387851270
  3769,    36,   55000000,  453260107,        1,  398260107,  398260107
  3769,    37,   55000000,  463898733,        1,  408898733,  408898733
  3769,    38,   55000000,  478463001,        1,  423463001,  423463001
  3769,    39,   55000000,  488919728,        1,  433919728,  433919728
  3769,    40,   55000000,  499377101,        1,  444377101,  444377101
  3769,    41,   55000000,  512260233,        1,  457260233,  457260233
  3769,    42,   55000000,  526838000,        1,  471838000,  471838000
  3769,    43,   55000000,  537609838,        1,  482609838,  482609838
  3769,    44,   55000000,  550035104,        1,  495035104,  495035104
  3769,    45,   55000000,  560462784,        1,  505462784,  505462784
  3769,    46,   55000000,  573203659,        1,  518203659,  518203659
  3769,    47,   55000000,  585690084,        1,  530690084,  530690084
  3769,    48,   55000000,  600384915,        1,  545384915,  545384915
  3769,    49,   55000000,  608694519,        1,  553694519,  553694519
  3769,    50,   55000000,  621126395,        1,  566126395,  566126395
  3769,    51,   55000000,  633493874,        1,  578493874,  578493874
  3769,    52,   55000000,  645971669,        1,  590971669,  590971669
  3769,    53,   55000000,  658386519,        1,  603386519,  603386519
  3769,    54,   55000000,  668761346,        1,  613761346,  613761346
  3769,    55,   55000000,  683229711,        1,  628229711,  628229711
  3769,    56,   55000000,  691606544,        1,  636606544,  636606544
  3769,    57,   55000000,  703981396,        1,  648981396,  648981396
  3769,    58,   55000000,  716616918,        1,  661616918,  661616918
  3769,    59,   55000000,  729048318,        1,  674048318,  674048318
  3769,    60,   55000000,  739502032,        1,  684502032,  684502032
  3769,    61,   55000000,  752264120,        1,  697264120,  697264120
  3769,    62,   55000000,  764768827,        1,  709768827,  709768827
  3769,    63,   55000000,  777625577,        1,  722625577,  722625577
  3769,    64,   55000000,  790090075,        1,  735090075,  735090075
  3769,    65,   55000000,  802866658,        1,  747866658,  747866658
  3769,    66,   55000000,  815344371,        1,  760344371,  760344371
  3769,    67,   55000000,  826524675,        1,  771524675,  771524675
  3769,    68,   55000000,  838290916,        1,  783290916,  783290916
  3769,    69,   55000000,  850989043,        1,  795989043,  795989043
  3769,    70,   55000000,  863461527,        1,  808461527,  808461527
  3769,    71,   55000000,  873929806,        1,  818929806,  818929806
  3769,    72,   55000000,  886445152,        1,  831445152,  831445152
  3769,    73,   55000000,  898992439,        1,  843992439,  843992439
  3769,    74,   55000000,  909523366,        1,  854523366,  854523366
  3769,    75,   55000000,  922002226,        1,  867002226,  867002226
  3769,    76,   55000000,  936874769,        1,  881874769,  881874769
  3769,    77,   55000000,  947319714,        1,  892319714,  892319714
  3769,    78,   55000000,  960052581,        1,  905052581,  905052581
  3769,    79,   55000000,  970520327,        1,  915520327,  915520327
  3769,    80,   55000000,  985178817,        1,  930178817,  930178817
  3769,    81,   55000000,  995508446,        1,  940508446,  940508446
  3769,    82,   55000000, 1008141200,        1,  953141200,  953141200
  3769,    83,   55000000, 1020449328,        1,  965449328,  965449328
  3769,    84,   55000000, 1031230306,        1,  976230306,  976230306
  3769,    85,   55000000, 1043980698,        1,  988980698,  988980698
  3769,    86,   55000000, 1056546874,        1, 1001546874, 1001546874
  3769,    87,   55000000, 1069227759,        1, 1014227759, 1014227759
  3769,    88,   55000000, 1081826604,        1, 1026826604, 1026826604
  3769,    89,   55000000, 1092301489,        1, 1037301489, 1037301489
  3769,    90,   55000000, 1105044063,        1, 1050044063, 1050044063
  3769,    91,   55000000, 1117714146,        1, 1062714146, 1062714146
  3769,    92,   55000000, 1130275293,        1, 1075275293, 1075275293
  3769,    93,   55000000, 1140638139,        1, 1085638139, 1085638139
  3769,    94,   55000000, 1153100926,        1, 1098100926, 1098100926
  3769,    95,   55000000, 1167288911,        1, 1112288911, 1112288911
  3769,    96,   55000000, 1180188897,        1, 1125188897, 1125188897
  3769,    97,   55000000, 1190912232,        1, 1135912232, 1135912232
  3769,    98,   55000000, 1203364785,        1, 1148364785, 1148364785
  3769,    99,   55000000, 1213809494,        1, 1158809494, 1158809494
  3769,   100,   55000000, 1226261720,        1, 1171261720, 1171261720
  3769,   101,   55000000, 1238787871,        1, 1183787871, 1183787871
  3769,   102,   55000000, 1249256300,        1, 1194256300, 1194256300
  3769,   103,   55000000, 1261724446,        1, 1206724446, 1206724446
  3769,   104,   55000000, 1274241314,        1, 1219241314, 1219241314
  3769,   105,   55000000, 1284702209,        1, 1229702209, 1229702209
  3769,   106,   55000000, 1297447054,        1, 1242447054, 1242447054
  3769,   107,   55000000, 1309904503,        1, 1254904503, 1254904503
  3769,   108,   55000000, 1324474786,        1, 1269474786, 1269474786
  3769,   109,   55000000, 1336906905,        1, 1281906905, 1281906905
# task NAME=myapp PID=3772 COST=36386000 PERIOD=44000000 CPU=0
  3772,     2,   44000000,       6042,        0,  -43993958,          0
  3772,     3,   44000000,     116963,        0,  -43883037,          0
  3772,     4,   44000000,   65377725,        1,   21377725,   21377725
  3772,     5,   44000000,   89915414,        1,   45915414,   45915414
  3772,     6,   44000000,  116591224,        1,   72591224,   72591224
  3772,     7,   44000000,  143373996,        1,   99373996,   99373996
  3772,     8,   44000000,  165917621,        1,  121917621,  121917621
  3772,     9,   44000000,  190768461,        1,  146768461,  146768461
  3772,    10,   44000000,  217325835,        1,  173325835,  173325835
  3772,    11,   44000000,  244641345,        1,  200641345,  200641345
  3772,    12,   44000000,  268855522,        1,  224855522,  224855522
  3772,    13,   44000000,  293438036,        1,  249438036,  249438036
  3772,    14,   44000000,  320059234,        1,  276059234,  276059234
  3772,    15,   44000000,  342573286,        1,  298573286,  298573286
  3772,    16,   44000000,  371472356,        1,  327472356,  327472356
  3772,    17,   44000000,  395913089,        1,  351913089,  351913089
  3772,    18,   44000000,  420901485,        1,  376901485,  376901485
  3772,    19,   44000000,  445614271,        1,  401614271,  401614271
  3772,    20,   44000000,  472513479,        1,  428513479,  428513479
  3772,    21,   44000000,  499046726,        1,  455046726,  455046726
  3772,    22,   44000000,  521843437,        1,  477843437,  477843437
  3772,    23,   44000000,  546654633,        1,  502654633,  502654633
  3772,    24,   44000000,  573199050,        1,  529199050,  529199050
  3772,    25,   44000000,  598002271,        1,  554002271,  554002271
  3772,    26,   44000000,  625813843,        1,  581813843,  581813843
  3772,    27,   44000000,  649069731,        1,  605069731,  605069731
  3772,    28,   44000000,  673668650,        1,  629668650,  629668650
  3772,    29,   44000000,  698274991,        1,  654274991,  654274991
  3772,    30,   44000000,  726908536,        1,  682908536,  682908536
  3772,    31,   44000000,  751656609,        1,  707656609,  707656609
  3772,    32,   44000000,  774528970,        1,  730528970,  730528970
  3772,    33,   44000000,  801226076,        1,  757226076,  757226076
  3772,    34,   44000000,  825779359,        1,  781779359,  781779359
  3772,    35,   44000000,  850307303,        1,  806307303,  806307303
  3772,    36,   44000000,  878847551,        1,  834847551,  834847551
  3772,    37,   44000000,  901450091,        1,  857450091,  857450091
  3772,    38,   44000000,  926068143,        1,  882068143,  882068143
  3772,    39,   44000000,  950598782,        1,  906598782,  906598782
  3772,    40,   44000000,  977230350,        1,  933230350,  933230350
  3772,    41,   44000000, 1004094879,        1,  960094879,  960094879
  3772,    42,   44000000, 1026605406,        1,  982605406,  982605406
  3772,    43,   44000000, 1055235697,        1, 1011235697, 1011235697
  3772,    44,   44000000, 1077773976,        1, 1033773976, 1033773976
  3772,    45,   44000000, 1102729189,        1, 1058729189, 1058729189
  3772,    46,   44000000, 1129322407,        1, 1085322407, 1085322407
  3772,    47,   44000000, 1154199334,        1, 1110199334, 1110199334
  3772,    48,   44000000, 1182837900,        1, 1138837900, 1138837900
  3772,    49,   44000000, 1205738940,        1, 1161738940, 1161738940
  3772,    50,   44000000, 1230273088,        1, 1186273088, 1186273088
  3772,    51,   44000000, 1256946097,        1, 1212946097, 1212946097
  3772,    52,   44000000, 1281750588,        1, 1237750588, 1237750588
  3772,    53,   44000000, 1306321322,        1, 1262321322, 1262321322
  3772,    54,   44000000, 1333180065,        1, 1289180065, 1289180065
  3772,    55,   44000000, 1357704300,        1, 1313704300, 1313704300
  3772,    56,   44000000, 1382277139,        1, 1338277139, 1338277139
# task NAME=myapp PID=3776 COST=82891000 PERIOD=95000000 CPU=0
  3776,     2,   95000000,       9452,        0,  -94990548,          0
  3776,     3,   95000000,     125395,        0,  -94874605,          0
  3776,     4,   95000000,  154396658,        1,   59396658,   59396658
  3776,     5,   95000000,  217848610,        1,  122848610,  122848610
  3776,     6,   95000000,  280068067,        1,  185068067,  185068067
  3776,     7,   95000000,  343933597,        1,  248933597,  248933597
  3776,     8,   95000000,  403473735,        1,  308473735,  308473735
  3776,     9,   95000000,  469410268,        1,  374410268,  374410268
  3776,    10,   95000000,  529498037,        1,  434498037,  434498037
  3776,    11,   95000000,  593096066,        1,  498096066,  498096066
  3776,    12,   95000000,  655211698,        1,  560211698,  560211698
  3776,    13,   95000000,  716564751,        1,  621564751,  621564751
  3776,    14,   95000000,  780413600,        1,  685413600,  685413600
  3776,    15,   95000000,  842537629,        1,  747537629,  747537629
  3776,    16,   95000000,  906657153,        1,  811657153,  811657153
  3776,    17,   95000000,  968309763,        1,  873309763,  873309763
  3776,    18,   95000000, 1032321766,        1,  937321766,  937321766
  3776,    19,   95000000, 1094326946,        1,  999326946,  999326946
  3776,    20,   95000000, 1158043950,        1, 1063043950, 1063043950
  3776,    21,   95000000, 1220258840,        1, 1125258840, 1125258840
  3776,    22,   95000000, 1284150083,        1, 1189150083, 1189150083
  3776,    23,   95000000, 1345838553,        1, 1250838553, 1250838553
  3776,    24,   95000000, 1407555940,        1, 1312555940, 1312555940
  3776,    25,   95000000, 1471554037,        1, 1376554037, 1376554037
  3776,    26,   95000000, 1533169676,        1, 1438169676, 1438169676
  3776,    27,   95000000, 1596910819,        1, 1501910819, 1501910819
  3776,    28,   95000000, 1658659117,        1, 1563659117, 1563659117
  3776,    29,   95000000, 1722713528,        1, 1627713528, 1627713528
  3776,    30,   95000000, 1784478664,        1, 1689478664, 1689478664
  3776,    31,   95000000, 1846362943,        1, 1751362943, 1751362943
  3776,    32,   95000000, 1910413385,        1, 1815413385, 1815413385
  3776,    33,   95000000, 1972174641,        1, 1877174641, 1877174641
  3776,    34,   95000000, 2036200300,        1, 1941200300, 1941200300
  3776,    35,   95000000, 2099718245,        1, 2004718245, 2004718245
  3776,    36,   95000000, 2161194041,        1, 2066194041, 2066194041
  3776,    37,   95000000, 2223595599,        1, 2128595599, 2128595599
  3776,    38,   95000000, 2285537323,        1, 2190537323, 2190537323
  3776,    39,   95000000, 2349271557,        1, 2254271557, 2254271557
  3776,    40,   95000000, 2413324389,        1, 2318324389, 2318324389
  3776,    41,   95000000, 2477307563,        1, 2382307563, 2382307563
  3776,    42,   95000000, 2536991857,        1, 2441991857, 2441991857
  3776,    43,   95000000, 2598737381,        1, 2503737381, 2503737381
  3776,    44,   95000000, 2665081885,        1, 2570081885, 2570081885
  3776,    45,   95000000, 2724734341,        1, 2629734341, 2629734341
  3776,    46,   95000000, 2788558730,        1, 2693558730, 2693558730
  3776,    47,   95000000, 2852467118,        1, 2757467118, 2757467118
  3776,    48,   95000000, 2914042810,        1, 2819042810, 2819042810
  3776,    49,   95000000, 2977690711,        1, 2882690711, 2882690711
  3776,    50,   95000000, 3037701862,        1, 2942701862, 2942701862
  3776,    51,   95000000, 3101611816,        1, 3006611816, 3006611816
# task NAME=myapp PID=3780 COST=23116000 PERIOD=48000000 CPU=0
  3780,     2,   48000000,      11337,        0,  -47988663,          0
  3780,     3,   48000000,     121009,        0,  -47878991,          0
  3780,     4,   48000000,   43164398,        0,   -4835602,          0
  3780,     5,   48000000,   40686681,        0,   -7313319,          0
  3780,     6,   48000000,   38640289,        0,   -9359711,          0
  3780,     7,   48000000,   40650663,        0,   -7349337,          0
  3780,     8,   48000000,   38741537,        0,   -9258463,          0
  3780,     9,   48000000,   40672846,        0,   -7327154,          0
  3780,    10,   48000000,   38999448,        0,   -9000552,          0
  3780,    11,   48000000,   38642059,        0,   -9357941,          0
  3780,    12,   48000000,   40808991,        0,   -7191009,          0
  3780,    13,   48000000,   38620556,        0,   -9379444,          0
  3780,    14,   48000000,   38634036,        0,   -9365964,          0
  3780,    15,   48000000,   38779229,        0,   -9220771,          0
  3780,    16,   48000000,   38727752,        0,   -9272248,          0
  3780,    17,   48000000,   41035644,        0,   -6964356,          0
  3780,    18,   48000000,   38642614,        0,   -9357386,          0
  3780,    19,   48000000,   42990138,        0,   -5009862,          0
  3780,    20,   48000000,   38635824,        0,   -9364176,          0
  3780,    21,   48000000,   38717013,        0,   -9282987,          0
  3780,    22,   48000000,   41021731,        0,   -6978269,          0
  3780,    23,   48000000,   38615079,        0,   -9384921,          0
  3780,    24,   48000000,   38779213,        0,   -9220787,          0
  3780,    25,   48000000,   38761146,        0,   -9238854,          0
  3780,    26,   48000000,   38701498,        0,   -9298502,          0
  3780,    27,   48000000,   43150090,        0,   -4849910,          0
  3780,    28,   48000000,   38663903,        0,   -9336097,          0
  3780,    29,   48000000,   39346308,        0,   -8653692,          0
  3780,    30,   48000000,   38681340,        0,   -9318660,          0
  3780,    31,   48000000,   38756407,        0,   -9243593,          0
  3780,    32,   48000000,   38660449,        0,   -9339551,          0
  3780,    33,   48000000,   38700271,        0,   -9299729,          0
  3780,    34,   48000000,   38635938,        0,   -9364062,          0
  3780,    35,   48000000,   40984109,        0,   -7015891,          0
  3780,    36,   48000000,   38757084,        0,   -9242916,          0
  3780,    37,   48000000,   38771667,        0,   -9228333,          0
  3780,    38,   48000000,   38779309,        0,   -9220691,          0
  3780,    39,   48000000,   40662383,        0,   -7337617,          0
  3780,    40,   48000000,   38695183,        0,   -9304817,          0
  3780,    41,   48000000,   39639635,        0,   -8360365,          0
  3780,    42,   48000000,   38764861,        0,   -9235139,          0
  3780,    43,   48000000,   38695141,        0,   -9304859,          0
  3780,    44,   48000000,   39599109,        0,   -8400891,          0
  3780,    45,   48000000,   41105799,        0,   -6894201,          0
  3780,    46,   48000000,   40670797,        0,   -7329203,          0
  3780,    47,   48000000,   40632398,        0,   -7367602,          0
  3780,    48,   48000000,   41130916,        0,   -6869084,          0
  3780,    49,   48000000,   38685197,        0,   -9314803,          0
  3780,    50,   48000000,   38713899,        0,   -9286101,          0
  3780,    51,   48000000,   38714649,        0,   -9285351,          0
  3780,    52,   48000000,   40758147,        0,   -7241853,          0
  3780,    53,   48000000,   38688671,        0,   -9311329,          0
  3780,    54,   48000000,   40682874,        0,   -7317126,          0
  3780,    55,   48000000,   38761079,        0,   -9238921,          0
  3780,    56,   48000000,   40826393,        0,   -7173607,          0
  3780,    57,   48000000,   38657341,        0,   -9342659,          0
  3780,    58,   48000000,   40696769,        0,   -7303231,          0
  3780,    59,   48000000,   38744715,        0,   -9255285,          0
  3780,    60,   48000000,   40707727,        0,   -7292273,          0
  3780,    61,   48000000,   38694940,        0,   -9305060,          0
  3780,    62,   48000000,   38714783,        0,   -9285217,          0
  3780,    63,   48000000,   38772422,        0,   -9227578,          0
  3780,    64,   48000000,   38701822,        0,   -9298178,          0
  3780,    65,   48000000,   38684477,        0,   -9315523,          0
  3780,    66,   48000000,   43019281,        0,   -4980719,          0
  3780,    67,   48000000,   38642034,        0,   -9357966,          0
  3780,    68,   48000000,   38732251,        0,   -9267749,          0
  3780,    69,   48000000,   41035439,        0,   -6964561,          0
  3780,    70,   48000000,   39139991,        0,   -8860009,          0
  3780,    71,   48000000,   40640469,        0,   -7359531,          0
  3780,    72,   48000000,   40841264,        0,   -7158736,          0
  3780,    73,   48000000,   40724272,        0,   -7275728,          0
  3780,    74,   48000000,   40979255,        0,   -7020745,          0
  3780,    75,   48000000,   38690772,        0,   -9309228,          0
  3780,    76,   48000000,   40842865,        0,   -7157135,          0
  3780,    77,   48000000,   40683930,        0,   -7316070,          0
  3780,    78,   48000000,   38687987,        0,   -9312013,          0
  3780,    79,   48000000,   40937173,        0,   -7062827,          0
  3780,    80,   48000000,   38778937,        0,   -9221063,          0
  3780,    81,   48000000,   39040248,        0,   -8959752,          0
  3780,    82,   48000000,   40768902,        0,   -7231098,          0
  3780,    83,   48000000,   38711505,        0,   -9288495,          0
  3780,    84,   48000000,   41013631,        0,   -6986369,          0
  3780,    85,   48000000,   39603773,        0,   -8396227,          0
  3780,    86,   48000000,   39078810,        0,   -8921190,          0
  3780,    87,   48000000,   40710912,        0,   -7289088,          0
  3780,    88,   48000000,   38654117,        0,   -9345883,          0
  3780,    89,   48000000,   38706098,        0,   -9293902,          0
  3780,    90,   48000000,   38690722,        0,   -9309278,          0
  3780,    91,   48000000,   38773013,        0,   -9226987,          0
  3780,    92,   48000000,   38722357,        0,   -9277643,          0
  3780,    93,   48000000,   38722505,        0,   -9277495,          0
  3780,    94,   48000000,   38692692,        0,   -9307308,          0
  3780,    95,   48000000,   40702963,        0,   -7297037,          0
  3780,    96,   48000000,   40634201,        0,   -7365799,          0
  3780,    97,   48000000,   40636687,        0,   -7363313,          0
  3780,    98,   48000000,   40659203,        0,   -7340797,          0
  3780,    99,   48000000,   40748774,        0,   -7251226,          0
  3780,   100,   48000000,   40941006,        0,   -7058994,          0
  3780,   101,   48000000,   38749343,        0,   -9250657,          0
  3780,   102,   48000000,   38713135,        0,   -9286865,          0
  3780,   103,   48000000,   41027181,        0,   -6972819,          0
  3780,   104,   48000000,   38627122,        0,   -9372878,          0
  3780,   105,   48000000,   41067152,        0,   -6932848,          0
  3780,   106,   48000000,   38716511,        0,   -9283489,          0
  3780,   107,   48000000,   39480660,        0,   -8519340,          0
  3780,   108,   48000000,   40939314,        0,   -7060686,          0
  3780,   109,   48000000,   38700954,        0,   -9299046,          0
  3780,   110,   48000000,   38711689,        0,   -9288311,          0
  3780,   111,   48000000,   38687722,        0,   -9312278,          0
  3780,   112,   48000000,   40701976,        0,   -7298024,          0
  3780,   113,   48000000,   38757907,        0,   -9242093,          0
  3780,   114,   48000000,   39504359,        0,   -8495641,          0
  3780,   115,   48000000,   38703514,        0,   -9296486,          0
  3780,   116,   48000000,   41038620,        0,   -6961380,          0
  3780,   117,   48000000,   38655893,        0,   -9344107,          0
  3780,   118,   48000000,   40752276,        0,   -7247724,          0
  3780,   119,   48000000,   38755822,        0,   -9244178,          0
  3780,   120,   48000000,   38742460,        0,   -9257540,          0
  3780,   121,   48000000,   41044965,        0,   -6955035,          0
  3780,   122,   48000000,   38746847,        0,   -9253153,          0
  3780,   123,   48000000,   38736697,        0,   -9263303,          0
  3780,   124,   48000000,   41014265,        0,   -6985735,          0
  3780,   125,   48000000,   38714933,        0,   -9285067,          0
  3780,   126,   48000000,   38718277,        0,   -9281723,          0
  3780,   127,   48000000,   38690497,        0,   -9309503,          0
  3780,   128,   48000000,   38788250,        0,   -9211750,          0
  3780,   129,   48000000,   40972920,        0,   -7027080,          0
  3780,   130,   48000000,   39084776,        0,   -8915224,          0
  3780,   131,   48000000,   40933515,        0,   -7066485,          0
  3780,   132,   48000000,   38710747,        0,   -9289253,          0
  3780,   133,   48000000,   38670023,        0,   -9329977,          0
  3780,   134,   48000000,   41119928,        0,   -6880072,          0
  3780,   135,   48000000,   38729187,        0,   -9270813,          0
  3780,   136,   48000000,   38651613,        0,   -9348387,          0
  3780,   137,   48000000,   38740109,        0,   -9259891,          0
  3780,   138,   48000000,   38657234,        0,   -9342766,          0
  3780,   139,   48000000,   38749578,        0,   -9250422,          0
  3780,   140,   48000000,   38777011,        0,   -9222989,          0
  3780,   141,   48000000,   38674808,        0,   -9325192,          0
  3780,   142,   48000000,   41034194,        0,   -6965806,          0
  3780,   143,   48000000,   39032091,        0,   -8967909,          0
  3780,   144,   48000000,   41042142,        0,   -6957858,          0
  3780,   145,   48000000,   38689033,        0,   -9310967,          0
  3780,   146,   48000000,   38623369,        0,   -9376631,          0
  3780,   147,   48000000,   40709340,        0,   -7290660,          0
  3780,   148,   48000000,   40691309,        0,   -7308691,          0
  3780,   149,   48000000,   38672630,        0,   -9327370,          0
  3780,   150,   48000000,   40714973,        0,   -7285027,          0
  3780,   151,   48000000,   38705070,        0,   -9294930,          0
  3780,   152,   48000000,   40976170,        0,   -7023830,          0
  3780,   153,   48000000,   40814101,        0,   -7185899,          0
  3780,   154,   48000000,   40626028,        0,   -7373972,          0
  3780,   155,   48000000,   40744142,        0,   -7255858,          0
  3780,   156,   48000000,   40660654,        0,   -7339346,          0
  3780,   157,   48000000,   38784468,        0,   -9215532,          0
  3780,   158,   48000000,   38703466,        0,   -9296534,          0
  3780,   159,   48000000,   38695453,        0,   -9304547,          0
  3780,   160,   48000000,   43003430,        0,   -4996570,          0
  3780,   161,   48000000,   38684260,        0,   -9315740,          0
  3780,   162,   48000000,   40666674,        0,   -7333326,          0
  3780,   163,   48000000,   38747560,        0,   -9252440,          0
  3780,   164,   48000000,   38703891,        0,   -9296109,          0
  3780,   165,   48000000,   41018503,        0,   -6981497,          0
  3780,   166,   48000000,   40740118,        0,   -7259882,          0
  3780,   167,   48000000,   40824624,        0,   -7175376,          0
  3780,   168,   48000000,   39112992,        0,   -8887008,          0
  3780,   169,   48000000,   38715862,        0,   -9284138,          0
  3780,   170,   48000000,   40918085,        0,   -7081915,          0
  3780,   171,   48000000,   40660793,        0,   -7339207,          0
  3780,   172,   48000000,   38744420,        0,   -9255580,          0
  3780,   173,   48000000,   38666639,        0,   -9333361,          0
  3780,   174,   48000000,   38632640,        0,   -9367360,          0
  3780,   175,   48000000,   38765047,        0,   -9234953,          0
  3780,   176,   48000000,   38663291,        0,   -9336709,          0
  3780,   177,   48000000,   38682597,        0,   -9317403,          0
  3780,   178,   48000000,   40986501,        0,   -7013499,          0
  3780,   179,   48000000,   38696131,        0,   -9303869,          0
  3780,   180,   48000000,   38699732,        0,   -9300268,          0
  3780,   181,   48000000,   38766216,        0,   -9233784,          0
  3780,   182,   48000000,   38689507,        0,   -9310493,          0
  3780,   183,   48000000,   38766935,        0,   -9233065,          0
  3780,   184,   48000000,   38685097,        0,   -9314903,          0
  3780,   185,   48000000,   40823125,        0,   -7176875,          0
  3780,   186,   48000000,   41003923,        0,   -6996077,          0
  3780,   187,   48000000,   38725034,        0,   -9274966,          0
  3780,   188,   48000000,   38776053,        0,   -9223947,          0
  3780,   189,   48000000,   38759847,        0,   -9240153,          0
  3780,   190,   48000000,   40689002,        0,   -7310998,          0
  3780,   191,   48000000,   40699714,        0,   -7300286,          0
  3780,   192,   48000000,   40694718,        0,   -7305282,          0
  3780,   193,   48000000,   38782549,        0,   -9217451,          0
  3780,   194,   48000000,   40973390,        0,   -7026610,          0
  3780,   195,   48000000,   38741078,        0,   -9258922,          0
  3780,   196,   48000000,   38790906,        0,   -9209094,          0
  3780,   197,   48000000,   40608182,        0,   -7391818,          0
  3780,   198,   48000000,   40707482,        0,   -7292518,          0
  3780,   199,   48000000,   42984436,        0,   -5015564,          0
  3780,   200,   48000000,   40773601,        0,   -7226399,          0
  3780,   201,   48000000,   40651335,        0,   -7348665,          0
  3780,   202,   48000000,   38665500,        0,   -9334500,          0
  3780,   203,   48000000,   38689618,        0,   -9310382,          0
  3780,   204,   48000000,   38772964,        0,   -9227036,          0
  3780,   205,   48000000,   38684329,        0,   -9315671,          0
  3780,   206,   48000000,   38776959,        0,   -9223041,          0
  3780,   207,   48000000,   40971595,        0,   -7028405,          0
  3780,   208,   48000000,   38678872,        0,   -9321128,          0
  3780,   209,   48000000,   41007164,        0,   -6992836,          0
  3780,   210,   48000000,   38668257,        0,   -9331743,          0
  3780,   211,   48000000,   40682121,        0,   -7317879,          0
  3780,   212,   48000000,   41034495,        0,   -6965505,          0
