218 88 130
114 50 64
122 45 77
458 149 309
268 106 162
459 142 317
232 95 137
321 115 206
231 91 140
133 64 69
120 63 57
131 66 65
167 76 91
216 84 132
308 128 180
232 91 141
194 77 117
201 90 111
124 45 79
254 104 150
137 67 70
119 45 74
273 126 147
211 80 131
118 66 52
164 80 84
227 101 126
457 145 312
204 93 111
204 95 109
179 85 94
719 221 498
591 176 415
316 119 197
106 57 49
170 79 91
138 68 70
129 58 71
143 77 66
440 158 282
146 74 72
532 183 349
165 68 97
142 46 96
145 77 68
325 115 210
201 74 127
504 167 337
140 50 90
336 144 192
592 181 411
125 64 61
1005 234 771
420 128 292
167 69 98
154 64 90
120 48 72
104 45 59
173 85 88
155 77 78
147 76 71
139 56 83
439 156 283
119 44 75
259 114 145
301 133 168
114 46 68
1004 227 777
216 85 131
128 57 71
122 49 73
268 122 146
405 142 263
154 53 101
459 135 324
146 65 81
128 57 71
147 60 87
193 73 120
115 49 66
212 91 121
160 69 91
336 139 197
176 80 96
388 151 237
