84 2 82
103 4 99
107 4 103
73 2 71
101 4 97
78 2 76
100 4 96
89 3 86
115 10 105
92 2 90
109 9 100
80 2 78
107 4 103
101 3 98
106 3 103
107 6 101
102 5 97
116 3 113
104 8 96
88 2 86
107 3 104
104 3 101
120 12 108
82 2 80
107 6 101
109 8 101
131 12 119
108 6 102
108 5 103
78 2 76
104 3 101
76 2 74
97 2 95
103 3 100
115 10 105
79 2 77
104 4 100
76 2 74
93 3 90
115 3 112
110 7 103
79 2 77
95 3 92
115 3 112
101 3 98
113 3 110
103 5 98
104 4 100
95 3 92
102 4 98
108 3 105
105 4 101
97 3 94
110 4 106
101 4 97
92 2 90
101 3 98
94 2 92
104 9 95
106 4 102
108 3 105
95 2 93
109 3 106
105 3 102
111 7 104
89 2 87
84 2 82
126 13 113
114 3 111
102 4 98
129 9 120
94 3 91
108 3 105
133 12 121
110 3 107
104 4 100
107 5 102
111 3 108
82 2 80
115 3 112
77 2 75
110 3 107
