# Task,   Job,     Period,   Response, DL Miss?,   Lateness,  Tardiness
# task NAME=myapp PID=24627 COST=37782000 PERIOD=49000000 CPU=0
 24627,     2,   49000000,      16103,        0,  -48983897,          0
 24627,     3,   49000000,      64778,        0,  -48935222,          0
 24627,     4,   49000000,   37375300,        0,  -11624700,          0
 24627,     5,   49000000,   37641694,        0,  -11358306,          0
 24627,     6,   49000000,   37417262,        0,  -11582738,          0
 24627,     7,   49000000,   37361808,        0,  -11638192,          0
 24627,     8,   49000000,   37362922,        0,  -11637078,          0
 24627,     9,   49000000,   37362767,        0,  -11637233,          0
 24627,    10,   49000000,   37640710,        0,  -11359290,          0
 24627,    11,   49000000,   37360177,        0,  -11639823,          0
 24627,    12,   49000000,   39903829,        0,   -9096171,          0
 24627,    13,   49000000,   42127807,        0,   -6872193,          0
 24627,    14,   49000000,   40589925,        0,   -8410075,          0
 24627,    15,   49000000,   37673596,        0,  -11326404,          0
 24627,    16,   49000000,   37798441,        0,  -11201559,          0
 24627,    17,   49000000,   37354618,        0,  -11645382,          0
 24627,    18,   49000000,   37645423,        0,  -11354577,          0
 24627,    19,   49000000,   37841095,        0,  -11158905,          0
 24627,    20,   49000000,   37709161,        0,  -11290839,          0
 24627,    21,   49000000,   37352993,        0,  -11647007,          0
 24627,    22,   49000000,   37402865,        0,  -11597135,          0
 24627,    23,   49000000,   42632225,        0,   -6367775,          0
 24627,    24,   49000000,   40838467,        0,   -8161533,          0
 24627,    25,   49000000,   38577742,        0,  -10422258,          0
 24627,    26,   49000000,   38862056,        0,  -10137944,          0
 24627,    27,   49000000,   37610026,        0,  -11389974,          0
 24627,    28,   49000000,   37615439,        0,  -11384561,          0
 24627,    29,   49000000,   37493867,        0,  -11506133,          0
 24627,    30,   49000000,   37475888,        0,  -11524112,          0
 24627,    31,   49000000,   37387258,        0,  -11612742,          0
 24627,    32,   49000000,   37347241,        0,  -11652759,          0
 24627,    33,   49000000,   40179686,        0,   -8820314,          0
 24627,    34,   49000000,   40018145,        0,   -8981855,          0
 24627,    35,   49000000,   37342686,        0,  -11657314,          0
 24627,    36,   49000000,   37710214,        0,  -11289786,          0
 24627,    37,   49000000,   37371826,        0,  -11628174,          0
 24627,    38,   49000000,   37670427,        0,  -11329573,          0
 24627,    39,   49000000,   37353964,        0,  -11646036,          0
 24627,    40,   49000000,   46623514,        0,   -2376486,          0
 24627,    41,   49000000,   37673130,        0,  -11326870,          0
 24627,    42,   49000000,   37440321,        0,  -11559679,          0
 24627,    43,   49000000,   37663848,        0,  -11336152,          0
 24627,    44,   49000000,   40654365,        0,   -8345635,          0
 24627,    45,   49000000,   45702156,        0,   -3297844,          0
 24627,    46,   49000000,   38588644,        0,  -10411356,          0
 24627,    47,   49000000,   37382420,        0,  -11617580,          0
 24627,    48,   49000000,   37367478,        0,  -11632522,          0
 24627,    49,   49000000,   37365483,        0,  -11634517,          0
 24627,    50,   49000000,   42441612,        0,   -6558388,          0
 24627,    51,   49000000,   37637050,        0,  -11362950,          0
 24627,    52,   49000000,   37389451,        0,  -11610549,          0
 24627,    53,   49000000,   37397868,        0,  -11602132,          0
 24627,    54,   49000000,   37353627,        0,  -11646373,          0
 24627,    55,   49000000,   37366857,        0,  -11633143,          0
 24627,    56,   49000000,   37639890,        0,  -11360110,          0
 24627,    57,   49000000,   37365122,        0,  -11634878,          0
 24627,    58,   49000000,   42564186,        0,   -6435814,          0
 24627,    59,   49000000,   37366911,        0,  -11633089,          0
 24627,    60,   49000000,   37401235,        0,  -11598765,          0
 24627,    61,   49000000,   37639246,        0,  -11360754,          0
 24627,    62,   49000000,   37388223,        0,  -11611777,          0
 24627,    63,   49000000,   37393205,        0,  -11606795,          0
 24627,    64,   49000000,   37653668,        0,  -11346332,          0
 24627,    65,   49000000,   37403525,        0,  -11596475,          0
 24627,    66,   49000000,   38567035,        0,  -10432965,          0
 24627,    67,   49000000,   37343181,        0,  -11656819,          0
 24627,    68,   49000000,   38351513,        0,  -10648487,          0
 24627,    69,   49000000,   37696709,        0,  -11303291,          0
 24627,    70,   49000000,   37362349,        0,  -11637651,          0
 24627,    71,   49000000,   38407027,        0,  -10592973,          0
 24627,    72,   49000000,   37372467,        0,  -11627533,          0
 24627,    73,   49000000,   37367318,        0,  -11632682,          0
 24627,    74,   49000000,   37643494,        0,  -11356506,          0
 24627,    75,   49000000,   37341272,        0,  -11658728,          0
 24627,    76,   49000000,   38471647,        0,  -10528353,          0
 24627,    77,   49000000,   37414817,        0,  -11585183,          0
 24627,    78,   49000000,   37546714,        0,  -11453286,          0
 24627,    79,   49000000,   37648820,        0,  -11351180,          0
 24627,    80,   49000000,   37395963,        0,  -11604037,          0
 24627,    81,   49000000,   37454035,        0,  -11545965,          0
 24627,    82,   49000000,   37355419,        0,  -11644581,          0
 24627,    83,   49000000,   37349011,        0,  -11650989,          0
 24627,    84,   49000000,   37747955,        0,  -11252045,          0
 24627,    85,   49000000,   37375279,        0,  -11624721,          0
 24627,    86,   49000000,   37466651,        0,  -11533349,          0
 24627,    87,   49000000,   37655327,        0,  -11344673,          0
 24627,    88,   49000000,   37548780,        0,  -11451220,          0
 24627,    89,   49000000,   37680106,        0,  -11319894,          0
 24627,    90,   49000000,   37372573,        0,  -11627427,          0
 24627,    91,   49000000,   43186108,        0,   -5813892,          0
 24627,    92,   49000000,   37769681,        0,  -11230319,          0
 24627,    93,   49000000,   40181062,        0,   -8818938,          0
 24627,    94,   49000000,   37839086,        0,  -11160914,          0
 24627,    95,   49000000,   37367887,        0,  -11632113,          0
 24627,    96,   49000000,   37496001,        0,  -11503999,          0
 24627,    97,   49000000,   37819480,        0,  -11180520,          0
 24627,    98,   49000000,   37358908,        0,  -11641092,          0
 24627,    99,   49000000,   37358010,        0,  -11641990,          0
 24627,   100,   49000000,   37388449,        0,  -11611551,          0
 24627,   101,   49000000,   37346088,        0,  -11653912,          0
 24627,   102,   49000000,   40945495,        0,   -8054505,          0
 24627,   103,   49000000,   37348981,        0,  -11651019,          0
 24627,   104,   49000000,   37402252,        0,  -11597748,          0
 24627,   105,   49000000,   37368277,        0,  -11631723,          0
 24627,   106,   49000000,   37657929,        0,  -11342071,          0
 24627,   107,   49000000,   37653434,        0,  -11346566,          0
 24627,   108,   49000000,   37494825,        0,  -11505175,          0
 24627,   109,   49000000,   38157764,        0,  -10842236,          0
 24627,   110,   49000000,   37488614,        0,  -11511386,          0
 24627,   111,   49000000,   37377498,        0,  -11622502,          0
 24627,   112,   49000000,   38047379,        0,  -10952621,          0
 24627,   113,   49000000,   37352329,        0,  -11647671,          0
 24627,   114,   49000000,   37497007,        0,  -11502993,          0
 24627,   115,   49000000,   37949949,        0,  -11050051,          0
 24627,   116,   49000000,   37361681,        0,  -11638319,          0
 24627,   117,   49000000,   37817464,        0,  -11182536,          0
 24627,   118,   49000000,   43027681,        0,   -5972319,          0
 24627,   119,   49000000,   37418446,        0,  -11581554,          0
 24627,   120,   49000000,   39588118,        0,   -9411882,          0
 24627,   121,   49000000,   37362768,        0,  -11637232,          0
 24627,   122,   49000000,   37673762,        0,  -11326238,          0
 24627,   123,   49000000,   37350979,        0,  -11649021,          0
 24627,   124,   49000000,   41403722,        0,   -7596278,          0
 24627,   125,   49000000,   37665949,        0,  -11334051,          0
 24627,   126,   49000000,   37371984,        0,  -11628016,          0
 24627,   127,   49000000,   37383136,        0,  -11616864,          0
 24627,   128,   49000000,   37710115,        0,  -11289885,          0
 24627,   129,   49000000,   37459471,        0,  -11540529,          0
 24627,   130,   49000000,   37636834,        0,  -11363166,          0
 24627,   131,   49000000,   37361552,        0,  -11638448,          0
 24627,   132,   49000000,   37471709,        0,  -11528291,          0
 24627,   133,   49000000,   37360821,        0,  -11639179,          0
 24627,   134,   49000000,   37350950,        0,  -11649050,          0
 24627,   135,   49000000,   37637705,        0,  -11362295,          0
 24627,   136,   49000000,   37351804,        0,  -11648196,          0
 24627,   137,   49000000,   37373534,        0,  -11626466,          0
 24627,   138,   49000000,   37783856,        0,  -11216144,          0
 24627,   139,   49000000,   37378227,        0,  -11621773,          0
 24627,   140,   49000000,   39892266,        0,   -9107734,          0
 24627,   141,   49000000,   37371882,        0,  -11628118,          0
 24627,   142,   49000000,   37377205,        0,  -11622795,          0
 24627,   143,   49000000,   37673949,        0,  -11326051,          0
 24627,   144,   49000000,   37562274,        0,  -11437726,          0
 24627,   145,   49000000,   37699084,        0,  -11300916,          0
 24627,   146,   49000000,   37658183,        0,  -11341817,          0
 24627,   147,   49000000,   37377456,        0,  -11622544,          0
 24627,   148,   49000000,   37638719,        0,  -11361281,          0
 24627,   149,   49000000,   37386995,        0,  -11613005,          0
 24627,   150,   49000000,   37396980,        0,  -11603020,          0
 24627,   151,   49000000,   37355727,        0,  -11644273,          0
 24627,   152,   49000000,   37368234,        0,  -11631766,          0
 24627,   153,   49000000,   37720949,        0,  -11279051,          0
 24627,   154,   49000000,   44262049,        0,   -4737951,          0
 24627,   155,   49000000,   37368306,        0,  -11631694,          0
 24627,   156,   49000000,   37359344,        0,  -11640656,          0
 24627,   157,   49000000,   37472858,        0,  -11527142,          0
 24627,   158,   49000000,   37671077,        0,  -11328923,          0
 24627,   159,   49000000,   37540548,        0,  -11459452,          0
 24627,   160,   49000000,   37376386,        0,  -11623614,          0
 24627,   161,   49000000,   43540069,        0,   -5459931,          0
 24627,   162,   49000000,   37362452,        0,  -11637548,          0
 24627,   163,   49000000,   37795825,        0,  -11204175,          0
 24627,   164,   49000000,   37358037,        0,  -11641963,          0
 24627,   165,   49000000,   37377701,        0,  -11622299,          0
 24627,   166,   49000000,   40499771,        0,   -8500229,          0
 24627,   167,   49000000,   37351540,        0,  -11648460,          0
 24627,   168,   49000000,   37662388,        0,  -11337612,          0
 24627,   169,   49000000,   37380742,        0,  -11619258,          0
 24627,   170,   49000000,   37374753,        0,  -11625247,          0
 24627,   171,   49000000,   37647575,        0,  -11352425,          0
 24627,   172,   49000000,   37359189,        0,  -11640811,          0
 24627,   173,   49000000,   37358790,        0,  -11641210,          0
 24627,   174,   49000000,   39629350,        0,   -9370650,          0
 24627,   175,   49000000,   37356921,        0,  -11643079,          0
 24627,   176,   49000000,   37630685,        0,  -11369315,          0
 24627,   177,   49000000,   37371147,        0,  -11628853,          0
 24627,   178,   49000000,   37361805,        0,  -11638195,          0
 24627,   179,   49000000,   39486650,        0,   -9513350,          0
 24627,   180,   49000000,   37412316,        0,  -11587684,          0
 24627,   181,   49000000,   37917534,        0,  -11082466,          0
 24627,   182,   49000000,   37357197,        0,  -11642803,          0
 24627,   183,   49000000,   37348274,        0,  -11651726,          0
 24627,   184,   49000000,   42186545,        0,   -6813455,          0
 24627,   185,   49000000,   37405107,        0,  -11594893,          0
 24627,   186,   49000000,   37807003,        0,  -11192997,          0
 24627,   187,   49000000,   37381565,        0,  -11618435,          0
 24627,   188,   49000000,   37349247,        0,  -11650753,          0
 24627,   189,   49000000,   37667497,        0,  -11332503,          0
 24627,   190,   49000000,   37340816,        0,  -11659184,          0
 24627,   191,   49000000,   37675305,        0,  -11324695,          0
 24627,   192,   49000000,   37379944,        0,  -11620056,          0
 24627,   193,   49000000,   37348497,        0,  -11651503,          0
 24627,   194,   49000000,   37644906,        0,  -11355094,          0
 24627,   195,   49000000,   40646597,        0,   -8353403,          0
 24627,   196,   49000000,   38024134,        0,  -10975866,          0
 24627,   197,   49000000,   39265964,        0,   -9734036,          0
 24627,   198,   49000000,   43233123,        0,   -5766877,          0
 24627,   199,   49000000,   37665558,        0,  -11334442,          0
 24627,   200,   49000000,   37346273,        0,  -11653727,          0
 24627,   201,   49000000,   37361213,        0,  -11638787,          0
 24627,   202,   49000000,   37401581,        0,  -11598419,          0
 24627,   203,   49000000,   37384423,        0,  -11615577,          0
 24627,   204,   49000000,   38521392,        0,  -10478608,          0
 24627,   205,   49000000,   37358493,        0,  -11641507,          0
 24627,   206,   49000000,   37363129,        0,  -11636871,          0
 24627,   207,   49000000,   37400186,        0,  -11599814,          0
 24627,   208,   49000000,   37369191,        0,  -11630809,          0
# task NAME=myapp PID=24631 COST=19688000 PERIOD=86000000 CPU=0
 24631,     2,   86000000,      23482,        0,  -85976518,          0
 24631,     3,   86000000,      61895,        0,  -85938105,          0
 24631,     4,   86000000,   19489626,        0,  -66510374,          0
 24631,     5,   86000000,   20402654,        0,  -65597346,          0
 24631,     6,   86000000,   23334148,        0,  -62665852,          0
 24631,     7,   86000000,   19579906,        0,  -66420094,          0
 24631,     8,   86000000,   19516597,        0,  -66483403,          0
 24631,     9,   86000000,   20162878,        0,  -65837122,          0
 24631,    10,   86000000,   20762731,        0,  -65237269,          0
 24631,    11,   86000000,   23414923,        0,  -62585077,          0
 24631,    12,   86000000,   19495183,        0,  -66504817,          0
 24631,    13,   86000000,   20064196,        0,  -65935804,          0
 24631,    14,   86000000,   19507211,        0,  -66492789,          0
 24631,    15,   86000000,   23589761,        0,  -62410239,          0
 24631,    16,   86000000,   19649699,        0,  -66350301,          0
 24631,    17,   86000000,   19493590,        0,  -66506410,          0
 24631,    18,   86000000,   19481017,        0,  -66518983,          0
 24631,    19,   86000000,   20233173,        0,  -65766827,          0
 24631,    20,   86000000,   19557077,        0,  -66442923,          0
 24631,    21,   86000000,   19507731,        0,  -66492269,          0
 24631,    22,   86000000,   19597676,        0,  -66402324,          0
 24631,    23,   86000000,   19500831,        0,  -66499169,          0
 24631,    24,   86000000,   19504329,        0,  -66495671,          0
 24631,    25,   86000000,   19489906,        0,  -66510094,          0
 24631,    26,   86000000,   21601324,        0,  -64398676,          0
 24631,    27,   86000000,   19545573,        0,  -66454427,          0
 24631,    28,   86000000,   19576827,        0,  -66423173,          0
 24631,    29,   86000000,   23155266,        0,  -62844734,          0
 24631,    30,   86000000,   19487595,        0,  -66512405,          0
 24631,    31,   86000000,   19482910,        0,  -66517090,          0
 24631,    32,   86000000,   19523625,        0,  -66476375,          0
 24631,    33,   86000000,   19504786,        0,  -66495214,          0
 24631,    34,   86000000,   21701673,        0,  -64298327,          0
 24631,    35,   86000000,   19481099,        0,  -66518901,          0
 24631,    36,   86000000,   19481368,        0,  -66518632,          0
 24631,    37,   86000000,   20291944,        0,  -65708056,          0
 24631,    38,   86000000,   19539487,        0,  -66460513,          0
 24631,    39,   86000000,   19482205,        0,  -66517795,          0
 24631,    40,   86000000,   19598249,        0,  -66401751,          0
 24631,    41,   86000000,   19483675,        0,  -66516325,          0
 24631,    42,   86000000,   19765194,        0,  -66234806,          0
 24631,    43,   86000000,   19525613,        0,  -66474387,          0
 24631,    44,   86000000,   19557640,        0,  -66442360,          0
 24631,    45,   86000000,   19767856,        0,  -66232144,          0
 24631,    46,   86000000,   19570474,        0,  -66429526,          0
 24631,    47,   86000000,   19508225,        0,  -66491775,          0
 24631,    48,   86000000,   19533170,        0,  -66466830,          0
 24631,    49,   86000000,   19696410,        0,  -66303590,          0
 24631,    50,   86000000,   22587537,        0,  -63412463,          0
 24631,    51,   86000000,   19558897,        0,  -66441103,          0
 24631,    52,   86000000,   19509524,        0,  -66490476,          0
 24631,    53,   86000000,   19544390,        0,  -66455610,          0
 24631,    54,   86000000,   19482379,        0,  -66517621,          0
 24631,    55,   86000000,   19508791,        0,  -66491209,          0
 24631,    56,   86000000,   19490468,        0,  -66509532,          0
 24631,    57,   86000000,   20043229,        0,  -65956771,          0
 24631,    58,   86000000,   19780929,        0,  -66219071,          0
 24631,    59,   86000000,   24982819,        0,  -61017181,          0
 24631,    60,   86000000,   19477027,        0,  -66522973,          0
 24631,    61,   86000000,   19774167,        0,  -66225833,          0
 24631,    62,   86000000,   21426745,        0,  -64573255,          0
 24631,    63,   86000000,   19630889,        0,  -66369111,          0
 24631,    64,   86000000,   23137350,        0,  -62862650,          0
 24631,    65,   86000000,   19482461,        0,  -66517539,          0
 24631,    66,   86000000,   19587504,        0,  -66412496,          0
 24631,    67,   86000000,   20418191,        0,  -65581809,          0
 24631,    68,   86000000,   19483000,        0,  -66517000,          0
 24631,    69,   86000000,   24370072,        0,  -61629928,          0
 24631,    70,   86000000,   25376277,        0,  -60623723,          0
 24631,    71,   86000000,   19592869,        0,  -66407131,          0
 24631,    72,   86000000,   19488430,        0,  -66511570,          0
 24631,    73,   86000000,   19502017,        0,  -66497983,          0
 24631,    74,   86000000,   19817220,        0,  -66182780,          0
 24631,    75,   86000000,   19489550,        0,  -66510450,          0
 24631,    76,   86000000,   19724862,        0,  -66275138,          0
 24631,    77,   86000000,   19782779,        0,  -66217221,          0
 24631,    78,   86000000,   19485275,        0,  -66514725,          0
 24631,    79,   86000000,   20538093,        0,  -65461907,          0
 24631,    80,   86000000,   19500752,        0,  -66499248,          0
 24631,    81,   86000000,   21874478,        0,  -64125522,          0
 24631,    82,   86000000,   19507050,        0,  -66492950,          0
 24631,    83,   86000000,   20435369,        0,  -65564631,          0
 24631,    84,   86000000,   21763268,        0,  -64236732,          0
 24631,    85,   86000000,   19488491,        0,  -66511509,          0
 24631,    86,   86000000,   19708840,        0,  -66291160,          0
 24631,    87,   86000000,   19827203,        0,  -66172797,          0
 24631,    88,   86000000,   19481600,        0,  -66518400,          0
 24631,    89,   86000000,   28927226,        0,  -57072774,          0
 24631,    90,   86000000,   19766596,        0,  -66233404,          0
 24631,    91,   86000000,   19491143,        0,  -66508857,          0
 24631,    92,   86000000,   19480683,        0,  -66519317,          0
 24631,    93,   86000000,   25358404,        0,  -60641596,          0
 24631,    94,   86000000,   19490787,        0,  -66509213,          0
 24631,    95,   86000000,   19559792,        0,  -66440208,          0
 24631,    96,   86000000,   29753903,        0,  -56246097,          0
 24631,    97,   86000000,   19597983,        0,  -66402017,          0
 24631,    98,   86000000,   19491538,        0,  -66508462,          0
 24631,    99,   86000000,   19521793,        0,  -66478207,          0
 24631,   100,   86000000,   19480454,        0,  -66519546,          0
 24631,   101,   86000000,   19506621,        0,  -66493379,          0
 24631,   102,   86000000,   19508341,        0,  -66491659,          0
 24631,   103,   86000000,   19823744,        0,  -66176256,          0
 24631,   104,   86000000,   19501413,        0,  -66498587,          0
 24631,   105,   86000000,   19814921,        0,  -66185079,          0
 24631,   106,   86000000,   20260233,        0,  -65739767,          0
 24631,   107,   86000000,   22433221,        0,  -63566779,          0
 24631,   108,   86000000,   24287406,        0,  -61712594,          0
 24631,   109,   86000000,   19794416,        0,  -66205584,          0
 24631,   110,   86000000,   19500433,        0,  -66499567,          0
 24631,   111,   86000000,   19508428,        0,  -66491572,          0
 24631,   112,   86000000,   19483189,        0,  -66516811,          0
 24631,   113,   86000000,   19485505,        0,  -66514495,          0
 24631,   114,   86000000,   19520460,        0,  -66479540,          0
 24631,   115,   86000000,   19483311,        0,  -66516689,          0
 24631,   116,   86000000,   19487304,        0,  -66512696,          0
 24631,   117,   86000000,   19485056,        0,  -66514944,          0
 24631,   118,   86000000,   19549091,        0,  -66450909,          0
 24631,   119,   86000000,   19792904,        0,  -66207096,          0
 24631,   120,   86000000,   19560161,        0,  -66439839,          0
