251 250 1
407 397 10
153 153 0
173 172 1
464 451 13
126 126 0
398 394 4
172 172 0
535 509 26
226 225 1
298 296 2
386 380 6
149 148 1
241 241 0
126 126 0
442 434 8
170 169 1
182 180 2
451 438 13
210 210 0
324 321 3
249 248 1
175 174 1
191 190 1
127 127 0
244 243 1
261 260 1
126 126 0
283 282 1
218 218 0
216 216 0
358 356 2
506 504 2
308 305 3
126 125 1
122 122 0
123 123 0
250 250 0
1021 934 87
318 315 3
156 155 1
224 222 2
211 210 1
165 165 0
306 302 4
133 133 0
345 343 2
164 164 0
384 377 7
125 125 0
160 159 1
179 179 0
178 177 1
202 200 2
151 151 0
131 131 0
151 151 0
2693 2669 24
