# Task,   Job,     Period,   Response, DL Miss?,   Lateness,  Tardiness
# task NAME=myapp PID=421 COST=67443000 PERIOD=79000000 CPU=0
   421,     2,   79000000,       9086,        0,  -78990914,          0
   421,     3,   79000000,    9767610,        0,  -69232390,          0
   421,     4,   79000000,   90698295,        1,   11698295,   11698295
   421,     5,   79000000,   77946560,        0,   -1053440,          0
   421,     6,   79000000,   66021663,        0,  -12978337,          0
   421,     7,   79000000,   66407643,        0,  -12592357,          0
   421,     8,   79000000,   66290062,        0,  -12709938,          0
   421,     9,   79000000,   65979923,        0,  -13020077,          0
   421,    10,   79000000,   66288438,        0,  -12711562,          0
   421,    11,   79000000,   66025854,        0,  -12974146,          0
   421,    12,   79000000,   66029494,        0,  -12970506,          0
   421,    13,   79000000,   66310579,        0,  -12689421,          0
   421,    14,   79000000,   66131198,        0,  -12868802,          0
   421,    15,   79000000,   66319244,        0,  -12680756,          0
   421,    16,   79000000,   66306248,        0,  -12693752,          0
   421,    17,   79000000,   65996703,        0,  -13003297,          0
   421,    18,   79000000,   66349697,        0,  -12650303,          0
   421,    19,   79000000,   66356490,        0,  -12643510,          0
   421,    20,   79000000,   86744593,        1,    7744593,    7744593
   421,    21,   79000000,   73995461,        0,   -5004539,          0
   421,    22,   79000000,   65978315,        0,  -13021685,          0
   421,    23,   79000000,   65995010,        0,  -13004990,          0
   421,    24,   79000000,   66338160,        0,  -12661840,          0
   421,    25,   79000000,   66032282,        0,  -12967718,          0
   421,    26,   79000000,   66358899,        0,  -12641101,          0
   421,    27,   79000000,   71834351,        0,   -7165649,          0
   421,    28,   79000000,   66024701,        0,  -12975299,          0
   421,    29,   79000000,   66317005,        0,  -12682995,          0
   421,    30,   79000000,   65982688,        0,  -13017312,          0
   421,    31,   79000000,   66044668,        0,  -12955332,          0
   421,    32,   79000000,   69135403,        0,   -9864597,          0
   421,    33,   79000000,   66002486,        0,  -12997514,          0
   421,    34,   79000000,   73711443,        0,   -5288557,          0
   421,    35,   79000000,   66280277,        0,  -12719723,          0
   421,    36,   79000000,   65986207,        0,  -13013793,          0
   421,    37,   79000000,   93883317,        1,   14883317,   14883317
   421,    38,   79000000,   81137165,        1,    2137165,    2137165
   421,    39,   79000000,   68206580,        0,  -10793420,          0
   421,    40,   79000000,   66346483,        0,  -12653517,          0
   421,    41,   79000000,   65999490,        0,  -13000510,          0
   421,    42,   79000000,   66014629,        0,  -12985371,          0
   421,    43,   79000000,   70315006,        0,   -8684994,          0
   421,    44,   79000000,   66042216,        0,  -12957784,          0
   421,    45,   79000000,   66282335,        0,  -12717665,          0
   421,    46,   79000000,   66302054,        0,  -12697946,          0
   421,    47,   79000000,   65990920,        0,  -13009080,          0
   421,    48,   79000000,   71470612,        0,   -7529388,          0
   421,    49,   79000000,   65980076,        0,  -13019924,          0
   421,    50,   79000000,   65981420,        0,  -13018580,          0
   421,    51,   79000000,   66279107,        0,  -12720893,          0
   421,    52,   79000000,   66100673,        0,  -12899327,          0
   421,    53,   79000000,   66316160,        0,  -12683840,          0
   421,    54,   79000000,   66299519,        0,  -12700481,          0
   421,    55,   79000000,   65998178,        0,  -13001822,          0
   421,    56,   79000000,   66273917,        0,  -12726083,          0
   421,    57,   79000000,   66288350,        0,  -12711650,          0
   421,    58,   79000000,   65968020,        0,  -13031980,          0
   421,    59,   79000000,   66356896,        0,  -12643104,          0
   421,    60,   79000000,   66015248,        0,  -12984752,          0
   421,    61,   79000000,   65994606,        0,  -13005394,          0
   421,    62,   79000000,   66333288,        0,  -12666712,          0
   421,    63,   79000000,   66041461,        0,  -12958539,          0
   421,    64,   79000000,   66409970,        0,  -12590030,          0
   421,    65,   79000000,   66251821,        0,  -12748179,          0
   421,    66,   79000000,   67047720,        0,  -11952280,          0
   421,    67,   79000000,   66282003,        0,  -12717997,          0
   421,    68,   79000000,   66252793,        0,  -12747207,          0
   421,    69,   79000000,   66011832,        0,  -12988168,          0
   421,    70,   79000000,   67492436,        0,  -11507564,          0
   421,    71,   79000000,   66018961,        0,  -12981039,          0
   421,    72,   79000000,   66293024,        0,  -12706976,          0
   421,    73,   79000000,   66330343,        0,  -12669657,          0
   421,    74,   79000000,   65998718,        0,  -13001282,          0
   421,    75,   79000000,   66286584,        0,  -12713416,          0
   421,    76,   79000000,   66318637,        0,  -12681363,          0
   421,    77,   79000000,   66079422,        0,  -12920578,          0
   421,    78,   79000000,   66361829,        0,  -12638171,          0
   421,    79,   79000000,   66029388,        0,  -12970612,          0
   421,    80,   79000000,   66014050,        0,  -12985950,          0
   421,    81,   79000000,   66334706,        0,  -12665294,          0
   421,    82,   79000000,   66050964,        0,  -12949036,          0
   421,    83,   79000000,   66295609,        0,  -12704391,          0
   421,    84,   79000000,   66306055,        0,  -12693945,          0
   421,    85,   79000000,   65978079,        0,  -13021921,          0
   421,    86,   79000000,   66273264,        0,  -12726736,          0
   421,    87,   79000000,   70268297,        0,   -8731703,          0
   421,    88,   79000000,   85736270,        1,    6736270,    6736270
   421,    89,   79000000,   72970677,        0,   -6029323,          0
   421,    90,   79000000,   79083557,        1,      83557,      83557
   421,    91,   79000000,   66353700,        0,  -12646300,          0
   421,    92,   79000000,   66287661,        0,  -12712339,          0
   421,    93,   79000000,   71296873,        0,   -7703127,          0
   421,    94,   79000000,   66284201,        0,  -12715799,          0
   421,    95,   79000000,   66258644,        0,  -12741356,          0
   421,    96,   79000000,   66068339,        0,  -12931661,          0
   421,    97,   79000000,   66319558,        0,  -12680442,          0
   421,    98,   79000000,   66021696,        0,  -12978304,          0
   421,    99,   79000000,   66028798,        0,  -12971202,          0
   421,   100,   79000000,   66301829,        0,  -12698171,          0
   421,   101,   79000000,   66265881,        0,  -12734119,          0
   421,   102,   79000000,   66742690,        0,  -12257310,          0
   421,   103,   79000000,   66281525,        0,  -12718475,          0
   421,   104,   79000000,   66023423,        0,  -12976577,          0
   421,   105,   79000000,   66304044,        0,  -12695956,          0
   421,   106,   79000000,   65989882,        0,  -13010118,          0
   421,   107,   79000000,   65987012,        0,  -13012988,          0
   421,   108,   79000000,   66291979,        0,  -12708021,          0
   421,   109,   79000000,   65971857,        0,  -13028143,          0
   421,   110,   79000000,   66255488,        0,  -12744512,          0
   421,   111,   79000000,   66305622,        0,  -12694378,          0
   421,   112,   79000000,   66054854,        0,  -12945146,          0
   421,   113,   79000000,   66286790,        0,  -12713210,          0
   421,   114,   79000000,   66332611,        0,  -12667389,          0
   421,   115,   79000000,   66076781,        0,  -12923219,          0
   421,   116,   79000000,   66280070,        0,  -12719930,          0
   421,   117,   79000000,   65989238,        0,  -13010762,          0
   421,   118,   79000000,   65998272,        0,  -13001728,          0
   421,   119,   79000000,   66322839,        0,  -12677161,          0
   421,   120,   79000000,   65994333,        0,  -13005667,          0
   421,   121,   79000000,   66327359,        0,  -12672641,          0
   421,   122,   79000000,   66305906,        0,  -12694094,          0
   421,   123,   79000000,   65993821,        0,  -13006179,          0
   421,   124,   79000000,   66283994,        0,  -12716006,          0
   421,   125,   79000000,   65989412,        0,  -13010588,          0
   421,   126,   79000000,   66039069,        0,  -12960931,          0
   421,   127,   79000000,   66291711,        0,  -12708289,          0
   421,   128,   79000000,   66082642,        0,  -12917358,          0
   421,   129,   79000000,   66316977,        0,  -12683023,          0
   421,   130,   79000000,   66306962,        0,  -12693038,          0
# task NAME=myapp PID=424 COST=38080000 PERIOD=67000000 CPU=0
   424,     2,   67000000,       9061,        0,  -66990939,          0
   424,     3,   67000000,    9678483,        0,  -57321517,          0
   424,     4,   67000000,   37513593,        0,  -29486407,          0
   424,     5,   67000000,   37286116,        0,  -29713884,          0
   424,     6,   67000000,   59929417,        0,   -7070583,          0
   424,     7,   67000000,   37279259,        0,  -29720741,          0
   424,     8,   67000000,   37282624,        0,  -29717376,          0
   424,     9,   67000000,   37274343,        0,  -29725657,          0
   424,    10,   67000000,   37280609,        0,  -29719391,          0
   424,    11,   67000000,   41309572,        0,  -25690428,          0
   424,    12,   67000000,   37268686,        0,  -29731314,          0
   424,    13,   67000000,   37532729,        0,  -29467271,          0
   424,    14,   67000000,   37310310,        0,  -29689690,          0
   424,    15,   67000000,   37601808,        0,  -29398192,          0
   424,    16,   67000000,   37434191,        0,  -29565809,          0
   424,    17,   67000000,   37569513,        0,  -29430487,          0
   424,    18,   67000000,   37344651,        0,  -29655349,          0
   424,    19,   67000000,   37580780,        0,  -29419220,          0
   424,    20,   67000000,   37304379,        0,  -29695621,          0
   424,    21,   67000000,   37287903,        0,  -29712097,          0
   424,    22,   67000000,   37307061,        0,  -29692939,          0
   424,    23,   67000000,   62055195,        0,   -4944805,          0
   424,    24,   67000000,   37282208,        0,  -29717792,          0
   424,    25,   67000000,   37285314,        0,  -29714686,          0
   424,    26,   67000000,   37381264,        0,  -29618736,          0
   424,    27,   67000000,   37324230,        0,  -29675770,          0
   424,    28,   67000000,   37599086,        0,  -29400914,          0
   424,    29,   67000000,   37242237,        0,  -29757763,          0
   424,    30,   67000000,   37549623,        0,  -29450377,          0
   424,    31,   67000000,   38414904,        0,  -28585096,          0
   424,    32,   67000000,   37619358,        0,  -29380642,          0
   424,    33,   67000000,   37319650,        0,  -29680350,          0
   424,    34,   67000000,   37557188,        0,  -29442812,          0
   424,    35,   67000000,   37272989,        0,  -29727011,          0
   424,    36,   67000000,   37290762,        0,  -29709238,          0
   424,    37,   67000000,   37266954,        0,  -29733046,          0
   424,    38,   67000000,   37266326,        0,  -29733674,          0
   424,    39,   67000000,   37265745,        0,  -29734255,          0
   424,    40,   67000000,   37269834,        0,  -29730166,          0
   424,    41,   67000000,   37563204,        0,  -29436796,          0
   424,    42,   67000000,   37262819,        0,  -29737181,          0
   424,    43,   67000000,   41492242,        0,  -25507758,          0
   424,    44,   67000000,   37279957,        0,  -29720043,          0
   424,    45,   67000000,   45063239,        0,  -21936761,          0
   424,    46,   67000000,   37321720,        0,  -29678280,          0
   424,    47,   67000000,   37548112,        0,  -29451888,          0
   424,    48,   67000000,   37354110,        0,  -29645890,          0
   424,    49,   67000000,   37295422,        0,  -29704578,          0
   424,    50,   67000000,   37296433,        0,  -29703567,          0
   424,    51,   67000000,   37255353,        0,  -29744647,          0
   424,    52,   67000000,   38339545,        0,  -28660455,          0
   424,    53,   67000000,   43612717,        0,  -23387283,          0
   424,    54,   67000000,   37581276,        0,  -29418724,          0
   424,    55,   67000000,   37297820,        0,  -29702180,          0
   424,    56,   67000000,   37581731,        0,  -29418269,          0
   424,    57,   67000000,   37302351,        0,  -29697649,          0
   424,    58,   67000000,   37583246,        0,  -29416754,          0
   424,    59,   67000000,   37254150,        0,  -29745850,          0
   424,    60,   67000000,   37636086,        0,  -29363914,          0
   424,    61,   67000000,   55131147,        0,  -11868853,          0
   424,    62,   67000000,   37572398,        0,  -29427602,          0
   424,    63,   67000000,   37281367,        0,  -29718633,          0
   424,    64,   67000000,   37261737,        0,  -29738263,          0
   424,    65,   67000000,   37314681,        0,  -29685319,          0
   424,    66,   67000000,   37279388,        0,  -29720612,          0
   424,    67,   67000000,   37325749,        0,  -29674251,          0
   424,    68,   67000000,   37272740,        0,  -29727260,          0
   424,    69,   67000000,   39645618,        0,  -27354382,          0
   424,    70,   67000000,   37320395,        0,  -29679605,          0
   424,    71,   67000000,   37561488,        0,  -29438512,          0
   424,    72,   67000000,   37263819,        0,  -29736181,          0
   424,    73,   67000000,   37562824,        0,  -29437176,          0
   424,    74,   67000000,   64448669,        0,   -2551331,          0
   424,    75,   67000000,   37555412,        0,  -29444588,          0
   424,    76,   67000000,   37294173,        0,  -29705827,          0
   424,    77,   67000000,   50287434,        0,  -16712566,          0
   424,    78,   67000000,   37264522,        0,  -29735478,          0
   424,    79,   67000000,   37282357,        0,  -29717643,          0
   424,    80,   67000000,   37534304,        0,  -29465696,          0
   424,    81,   67000000,   37258585,        0,  -29741415,          0
   424,    82,   67000000,   37571377,        0,  -29428623,          0
   424,    83,   67000000,   37284778,        0,  -29715222,          0
   424,    84,   67000000,   37546209,        0,  -29453791,          0
   424,    85,   67000000,   37261615,        0,  -29738385,          0
   424,    86,   67000000,   38454936,        0,  -28545064,          0
   424,    87,   67000000,   37316615,        0,  -29683385,          0
   424,    88,   67000000,   41213787,        0,  -25786213,          0
   424,    89,   67000000,   37256639,        0,  -29743361,          0
   424,    90,   67000000,   37557184,        0,  -29442816,          0
   424,    91,   67000000,   37318518,        0,  -29681482,          0
   424,    92,   67000000,   37277763,        0,  -29722237,          0
   424,    93,   67000000,   41315836,        0,  -25684164,          0
   424,    94,   67000000,   37261033,        0,  -29738967,          0
   424,    95,   67000000,   37290832,        0,  -29709168,          0
   424,    96,   67000000,   37282124,        0,  -29717876,          0
   424,    97,   67000000,   37560766,        0,  -29439234,          0
   424,    98,   67000000,   37260547,        0,  -29739453,          0
   424,    99,   67000000,   37571902,        0,  -29428098,          0
   424,   100,   67000000,   62849057,        0,   -4150943,          0
   424,   101,   67000000,   37537352,        0,  -29462648,          0
   424,   102,   67000000,   37321745,        0,  -29678255,          0
   424,   103,   67000000,   37560807,        0,  -29439193,          0
   424,   104,   67000000,   37290015,        0,  -29709985,          0
   424,   105,   67000000,   58030078,        0,   -8969922,          0
   424,   106,   67000000,   37291544,        0,  -29708456,          0
   424,   107,   67000000,   37319332,        0,  -29680668,          0
   424,   108,   67000000,   37299901,        0,  -29700099,          0
   424,   109,   67000000,   37262562,        0,  -29737438,          0
   424,   110,   67000000,   37575039,        0,  -29424961,          0
   424,   111,   67000000,   37300669,        0,  -29699331,          0
   424,   112,   67000000,   37555042,        0,  -29444958,          0
   424,   113,   67000000,   37280477,        0,  -29719523,          0
   424,   114,   67000000,   37560534,        0,  -29439466,          0
   424,   115,   67000000,   37303880,        0,  -29696120,          0
   424,   116,   67000000,   37569888,        0,  -29430112,          0
   424,   117,   67000000,   37262295,        0,  -29737705,          0
   424,   118,   67000000,   37252854,        0,  -29747146,          0
   424,   119,   67000000,   37300800,        0,  -29699200,          0
   424,   120,   67000000,   38135431,        0,  -28864569,          0
   424,   121,   67000000,   37285624,        0,  -29714376,          0
   424,   122,   67000000,   37266099,        0,  -29733901,          0
   424,   123,   67000000,   37313338,        0,  -29686662,          0
   424,   124,   67000000,   37321434,        0,  -29678566,          0
   424,   125,   67000000,   37561484,        0,  -29438516,          0
   424,   126,   67000000,   37304100,        0,  -29695900,          0
   424,   127,   67000000,   51298026,        0,  -15701974,          0
   424,   128,   67000000,   37358029,        0,  -29641971,          0
   424,   129,   67000000,   37548753,        0,  -29451247,          0
   424,   130,   67000000,   37270724,        0,  -29729276,          0
   424,   131,   67000000,   37559636,        0,  -29440364,          0
   424,   132,   67000000,   39267838,        0,  -27732162,          0
   424,   133,   67000000,   37253155,        0,  -29746845,          0
   424,   134,   67000000,   37285306,        0,  -29714694,          0
   424,   135,   67000000,   37345248,        0,  -29654752,          0
   424,   136,   67000000,   37317718,        0,  -29682282,          0
   424,   137,   67000000,   37256334,        0,  -29743666,          0
   424,   138,   67000000,   37644336,        0,  -29355664,          0
   424,   139,   67000000,   39365270,        0,  -27634730,          0
   424,   140,   67000000,   37569633,        0,  -29430367,          0
   424,   141,   67000000,   37306403,        0,  -29693597,          0
   424,   142,   67000000,   37574853,        0,  -29425147,          0
   424,   143,   67000000,   37261791,        0,  -29738209,          0
   424,   144,   67000000,   37568664,        0,  -29431336,          0
   424,   145,   67000000,   37304328,        0,  -29695672,          0
   424,   146,   67000000,   37293693,        0,  -29706307,          0
   424,   147,   67000000,   46203950,        0,  -20796050,          0
   424,   148,   67000000,   37306180,        0,  -29693820,          0
   424,   149,   67000000,   37268885,        0,  -29731115,          0
   424,   150,   67000000,   37387448,        0,  -29612552,          0
   424,   151,   67000000,   37277425,        0,  -29722575,          0
   424,   152,   67000000,   48456918,        0,  -18543082,          0
   424,   153,   67000000,   52567620,        0,  -14432380,          0
# task NAME=myapp PID=428 COST=50858000 PERIOD=88000000 CPU=0
   428,     2,   88000000,      15699,        0,  -87984301,          0
   428,     3,   88000000,    9728874,        0,  -78271126,          0
   428,     4,   88000000,   63057056,        0,  -24942944,          0
   428,     5,   88000000,   50020743,        0,  -37979257,          0
   428,     6,   88000000,   49763683,        0,  -38236317,          0
   428,     7,   88000000,   49750184,        0,  -38249816,          0
   428,     8,   88000000,   50080214,        0,  -37919786,          0
   428,     9,   88000000,   72186024,        0,  -15813976,          0
   428,    10,   88000000,   49766749,        0,  -38233251,          0
   428,    11,   88000000,   50034602,        0,  -37965398,          0
   428,    12,   88000000,   50088465,        0,  -37911535,          0
   428,    13,   88000000,   49771427,        0,  -38228573,          0
   428,    14,   88000000,   49787196,        0,  -38212804,          0
   428,    15,   88000000,   50054983,        0,  -37945017,          0
   428,    16,   88000000,   49788599,        0,  -38211401,          0
   428,    17,   88000000,   49774433,        0,  -38225567,          0
   428,    18,   88000000,   49994738,        0,  -38005262,          0
   428,    19,   88000000,   50100455,        0,  -37899545,          0
   428,    20,   88000000,   49781032,        0,  -38218968,          0
   428,    21,   88000000,   49785931,        0,  -38214069,          0
   428,    22,   88000000,   50074563,        0,  -37925437,          0
   428,    23,   88000000,   68990197,        0,  -19009803,          0
   428,    24,   88000000,   74127974,        0,  -13872026,          0
   428,    25,   88000000,   50085490,        0,  -37914510,          0
   428,    26,   88000000,   49814730,        0,  -38185270,          0
   428,    27,   88000000,   49746993,        0,  -38253007,          0
   428,    28,   88000000,   50088807,        0,  -37911193,          0
   428,    29,   88000000,   50065163,        0,  -37934837,          0
   428,    30,   88000000,   49797177,        0,  -38202823,          0
   428,    31,   88000000,   49778419,        0,  -38221581,          0
   428,    32,   88000000,   59325489,        0,  -28674511,          0
   428,    33,   88000000,   53897945,        0,  -34102055,          0
   428,    34,   88000000,   49770575,        0,  -38229425,          0
   428,    35,   88000000,   55406399,        0,  -32593601,          0
   428,    36,   88000000,   52583655,        0,  -35416345,          0
   428,    37,   88000000,   49754687,        0,  -38245313,          0
   428,    38,   88000000,   49798567,        0,  -38201433,          0
   428,    39,   88000000,   50086056,        0,  -37913944,          0
   428,    40,   88000000,   78108335,        0,   -9891665,          0
   428,    41,   88000000,   49773573,        0,  -38226427,          0
   428,    42,   88000000,   50019761,        0,  -37980239,          0
   428,    43,   88000000,   49754459,        0,  -38245541,          0
   428,    44,   88000000,   49802450,        0,  -38197550,          0
   428,    45,   88000000,   50080820,        0,  -37919180,          0
   428,    46,   88000000,   50057932,        0,  -37942068,          0
   428,    47,   88000000,   49868358,        0,  -38131642,          0
   428,    48,   88000000,   49769091,        0,  -38230909,          0
   428,    49,   88000000,   50039745,        0,  -37960255,          0
   428,    50,   88000000,   49779186,        0,  -38220814,          0
   428,    51,   88000000,   49762416,        0,  -38237584,          0
   428,    52,   88000000,   50072782,        0,  -37927218,          0
   428,    53,   88000000,   61022621,        0,  -26977379,          0
   428,    54,   88000000,   49877881,        0,  -38122119,          0
   428,    55,   88000000,   50123513,        0,  -37876487,          0
   428,    56,   88000000,   50231342,        0,  -37768658,          0
   428,    57,   88000000,   49766330,        0,  -38233670,          0
   428,    58,   88000000,   54109709,        0,  -33890291,          0
   428,    59,   88000000,   50040858,        0,  -37959142,          0
   428,    60,   88000000,   49798160,        0,  -38201840,          0
   428,    61,   88000000,   49778266,        0,  -38221734,          0
   428,    62,   88000000,   52936021,        0,  -35063979,          0
   428,    63,   88000000,   50096601,        0,  -37903399,          0
   428,    64,   88000000,   49776776,        0,  -38223224,          0
   428,    65,   88000000,   49791208,        0,  -38208792,          0
   428,    66,   88000000,   50101529,        0,  -37898471,          0
   428,    67,   88000000,   66623199,        0,  -21376801,          0
   428,    68,   88000000,   49790754,        0,  -38209246,          0
   428,    69,   88000000,   50054054,        0,  -37945946,          0
   428,    70,   88000000,   66163196,        0,  -21836804,          0
   428,    71,   88000000,   49843532,        0,  -38156468,          0
   428,    72,   88000000,   50050835,        0,  -37949165,          0
   428,    73,   88000000,   50063776,        0,  -37936224,          0
   428,    74,   88000000,   53050227,        0,  -34949773,          0
   428,    75,   88000000,   49740866,        0,  -38259134,          0
   428,    76,   88000000,   50066315,        0,  -37933685,          0
   428,    77,   88000000,   62843675,        0,  -25156325,          0
   428,    78,   88000000,   49773859,        0,  -38226141,          0
   428,    79,   88000000,   50036816,        0,  -37963184,          0
   428,    80,   88000000,   49778140,        0,  -38221860,          0
   428,    81,   88000000,   52901675,        0,  -35098325,          0
   428,    82,   88000000,   50121615,        0,  -37878385,          0
   428,    83,   88000000,   50059275,        0,  -37940725,          0
   428,    84,   88000000,   49774382,        0,  -38225618,          0
   428,    85,   88000000,   49786346,        0,  -38213654,          0
   428,    86,   88000000,   79187136,        0,   -8812864,          0
   428,    87,   88000000,   49759768,        0,  -38240232,          0
   428,    88,   88000000,   49762101,        0,  -38237899,          0
   428,    89,   88000000,   50100976,        0,  -37899024,          0
   428,    90,   88000000,   50065031,        0,  -37934969,          0
   428,    91,   88000000,   58815924,        0,  -29184076,          0
   428,    92,   88000000,   57021895,        0,  -30978105,          0
   428,    93,   88000000,   50047295,        0,  -37952705,          0
   428,    94,   88000000,   49769744,        0,  -38230256,          0
   428,    95,   88000000,   49810521,        0,  -38189479,          0
   428,    96,   88000000,   50044698,        0,  -37955302,          0
   428,    97,   88000000,   49748481,        0,  -38251519,          0
   428,    98,   88000000,   49757605,        0,  -38242395,          0
   428,    99,   88000000,   50039445,        0,  -37960555,          0
   428,   100,   88000000,   50073507,        0,  -37926493,          0
   428,   101,   88000000,   49926724,        0,  -38073276,          0
   428,   102,   88000000,   49771851,        0,  -38228149,          0
   428,   103,   88000000,   50052787,        0,  -37947213,          0
   428,   104,   88000000,   49754732,        0,  -38245268,          0
   428,   105,   88000000,   49770877,        0,  -38229123,          0
   428,   106,   88000000,   50064852,        0,  -37935148,          0
   428,   107,   88000000,   49802869,        0,  -38197131,          0
   428,   108,   88000000,   49802527,        0,  -38197473,          0
   428,   109,   88000000,   50099646,        0,  -37900354,          0
   428,   110,   88000000,   50096189,        0,  -37903811,          0
   428,   111,   88000000,   49758426,        0,  -38241574,          0
   428,   112,   88000000,   49751093,        0,  -38248907,          0
   428,   113,   88000000,   64274914,        0,  -23725086,          0
   428,   114,   88000000,   49775073,        0,  -38224927,          0
   428,   115,   88000000,   49821997,        0,  -38178003,          0
   428,   116,   88000000,   50119831,        0,  -37880169,          0
   428,   117,   88000000,   50097164,        0,  -37902836,          0
