174 6 168
180 16 164
199 26 173
198 22 176
207 41 166
194 18 176
189 18 171
182 14 168
160 7 153
181 9 172
185 13 172
184 9 175
183 8 175
140 5 135
126 6 120
178 10 168
197 19 178
136 6 130
125 4 121
173 9 164
130 5 125
170 7 163
201 31 170
181 13 168
153 6 147
191 18 173
165 6 159
184 9 175
154 5 149
200 33 167
176 11 165
184 8 176
185 10 175
156 7 149
178 14 164
181 14 167
188 12 176
134 4 130
180 12 168
136 4 132
123 5 118
188 14 174
134 8 126
183 14 169
127 6 121
147 4 143
139 5 134
199 26 173
181 6 175
198 26 172
189 10 179
200 31 169
172 7 165
178 7 171
162 7 155
171 9 162
171 6 165
202 39 163
134 8 126
204 41 163
173 8 165
119 4 115
199 27 172
175 5 170
208 36 172
152 5 147
208 39 169
180 16 164
135 7 128
180 21 159
176 12 164
171 10 161
161 10 151
160 8 152
153 8 145
198 33 165
175 8 167
149 6 143
189 21 168
154 10 144
169 9 160
183 22 161
182 20 162
169 9 160
122 7 115
176 10 166
128 7 121
181 19 162
186 20 166
158 7 151
174 10 164
183 18 165
181 16 165
160 7 153
174 14 160
177 15 162
160 11 149
173 13 160
179 12 167
176 16 160
179 16 163
208 40 168
173 13 160
