# Task,   Job,     Period,   Response, DL Miss?,   Lateness,  Tardiness
# task NAME=myapp PID=4077 COST=18606000 PERIOD=44000000 CPU=0
  4077,     2,   44000000,      20994,        0,  -43979006,          0
  4077,     3,   44000000,      88567,        0,  -43911433,          0
  4077,     4,   44000000,   18484515,        0,  -25515485,          0
  4077,     5,   44000000,   27581559,        0,  -16418441,          0
  4077,     6,   44000000,   18476615,        0,  -25523385,          0
  4077,     7,   44000000,   18558591,        0,  -25441409,          0
  4077,     8,   44000000,   18508131,        0,  -25491869,          0
  4077,     9,   44000000,   27775595,        0,  -16224405,          0
  4077,    10,   44000000,   18755400,        0,  -25244600,          0
  4077,    11,   44000000,   18565291,        0,  -25434709,          0
  4077,    12,   44000000,   18537246,        0,  -25462754,          0
  4077,    13,   44000000,   18784832,        0,  -25215168,          0
  4077,    14,   44000000,   18478441,        0,  -25521559,          0
  4077,    15,   44000000,   18468413,        0,  -25531587,          0
  4077,    16,   44000000,   18755535,        0,  -25244465,          0
  4077,    17,   44000000,   18483550,        0,  -25516450,          0
  4077,    18,   44000000,   18480218,        0,  -25519782,          0
  4077,    19,   44000000,   18485385,        0,  -25514615,          0
  4077,    20,   44000000,   18462747,        0,  -25537253,          0
  4077,    21,   44000000,   18453401,        0,  -25546599,          0
  4077,    22,   44000000,   18522962,        0,  -25477038,          0
  4077,    23,   44000000,   18492515,        0,  -25507485,          0
  4077,    24,   44000000,   18474625,        0,  -25525375,          0
  4077,    25,   44000000,   18468426,        0,  -25531574,          0
  4077,    26,   44000000,   19389273,        0,  -24610727,          0
  4077,    27,   44000000,   18466369,        0,  -25533631,          0
  4077,    28,   44000000,   18470104,        0,  -25529896,          0
  4077,    29,   44000000,   18501741,        0,  -25498259,          0
  4077,    30,   44000000,   18758637,        0,  -25241363,          0
  4077,    31,   44000000,   18492527,        0,  -25507473,          0
  4077,    32,   44000000,   19618353,        0,  -24381647,          0
  4077,    33,   44000000,   18775912,        0,  -25224088,          0
  4077,    34,   44000000,   18477448,        0,  -25522552,          0
  4077,    35,   44000000,   18972107,        0,  -25027893,          0
  4077,    36,   44000000,   18522336,        0,  -25477664,          0
  4077,    37,   44000000,   25707791,        0,  -18292209,          0
  4077,    38,   44000000,   18465806,        0,  -25534194,          0
  4077,    39,   44000000,   18487716,        0,  -25512284,          0
  4077,    40,   44000000,   18462004,        0,  -25537996,          0
  4077,    41,   44000000,   18468725,        0,  -25531275,          0
  4077,    42,   44000000,   18476363,        0,  -25523637,          0
  4077,    43,   44000000,   18642871,        0,  -25357129,          0
  4077,    44,   44000000,   19732055,        0,  -24267945,          0
  4077,    45,   44000000,   18464781,        0,  -25535219,          0
  4077,    46,   44000000,   18498411,        0,  -25501589,          0
  4077,    47,   44000000,   18752404,        0,  -25247596,          0
  4077,    48,   44000000,   18458333,        0,  -25541667,          0
  4077,    49,   44000000,   18482344,        0,  -25517656,          0
  4077,    50,   44000000,   19776562,        0,  -24223438,          0
  4077,    51,   44000000,   24823115,        0,  -19176885,          0
  4077,    52,   44000000,   18505876,        0,  -25494124,          0
  4077,    53,   44000000,   18938571,        0,  -25061429,          0
  4077,    54,   44000000,   18508473,        0,  -25491527,          0
  4077,    55,   44000000,   18466894,        0,  -25533106,          0
  4077,    56,   44000000,   18456365,        0,  -25543635,          0
  4077,    57,   44000000,   18464371,        0,  -25535629,          0
  4077,    58,   44000000,   19801903,        0,  -24198097,          0
  4077,    59,   44000000,   18482634,        0,  -25517366,          0
  4077,    60,   44000000,   18522091,        0,  -25477909,          0
  4077,    61,   44000000,   18468189,        0,  -25531811,          0
  4077,    62,   44000000,   20529984,        0,  -23470016,          0
  4077,    63,   44000000,   18463055,        0,  -25536945,          0
  4077,    64,   44000000,   19404253,        0,  -24595747,          0
  4077,    65,   44000000,   18917540,        0,  -25082460,          0
  4077,    66,   44000000,   18483759,        0,  -25516241,          0
  4077,    67,   44000000,   23065592,        0,  -20934408,          0
  4077,    68,   44000000,   18504100,        0,  -25495900,          0
  4077,    69,   44000000,   18516387,        0,  -25483613,          0
  4077,    70,   44000000,   24078708,        0,  -19921292,          0
  4077,    71,   44000000,   18511772,        0,  -25488228,          0
  4077,    72,   44000000,   18612784,        0,  -25387216,          0
  4077,    73,   44000000,   18463787,        0,  -25536213,          0
  4077,    74,   44000000,   18496374,        0,  -25503626,          0
  4077,    75,   44000000,   18495742,        0,  -25504258,          0
  4077,    76,   44000000,   18468150,        0,  -25531850,          0
  4077,    77,   44000000,   18480335,        0,  -25519665,          0
  4077,    78,   44000000,   18450451,        0,  -25549549,          0
  4077,    79,   44000000,   24455881,        0,  -19544119,          0
  4077,    80,   44000000,   18464047,        0,  -25535953,          0
  4077,    81,   44000000,   18461972,        0,  -25538028,          0
  4077,    82,   44000000,   18540232,        0,  -25459768,          0
  4077,    83,   44000000,   25856212,        0,  -18143788,          0
  4077,    84,   44000000,   18775296,        0,  -25224704,          0
  4077,    85,   44000000,   18706948,        0,  -25293052,          0
  4077,    86,   44000000,   23399557,        0,  -20600443,          0
  4077,    87,   44000000,   18778838,        0,  -25221162,          0
  4077,    88,   44000000,   18528347,        0,  -25471653,          0
  4077,    89,   44000000,   19409225,        0,  -24590775,          0
  4077,    90,   44000000,   18463902,        0,  -25536098,          0
  4077,    91,   44000000,   18509902,        0,  -25490098,          0
  4077,    92,   44000000,   20604993,        0,  -23395007,          0
  4077,    93,   44000000,   18508836,        0,  -25491164,          0
  4077,    94,   44000000,   18466859,        0,  -25533141,          0
  4077,    95,   44000000,   18494781,        0,  -25505219,          0
  4077,    96,   44000000,   22621888,        0,  -21378112,          0
  4077,    97,   44000000,   18458054,        0,  -25541946,          0
  4077,    98,   44000000,   18689524,        0,  -25310476,          0
  4077,    99,   44000000,   20854840,        0,  -23145160,          0
  4077,   100,   44000000,   18466887,        0,  -25533113,          0
  4077,   101,   44000000,   20082076,        0,  -23917924,          0
  4077,   102,   44000000,   18571741,        0,  -25428259,          0
  4077,   103,   44000000,   18507822,        0,  -25492178,          0
  4077,   104,   44000000,   18787532,        0,  -25212468,          0
  4077,   105,   44000000,   18648977,        0,  -25351023,          0
  4077,   106,   44000000,   18469230,        0,  -25530770,          0
  4077,   107,   44000000,   24995073,        0,  -19004927,          0
  4077,   108,   44000000,   18485700,        0,  -25514300,          0
  4077,   109,   44000000,   18458178,        0,  -25541822,          0
  4077,   110,   44000000,   18521187,        0,  -25478813,          0
  4077,   111,   44000000,   18522158,        0,  -25477842,          0
  4077,   112,   44000000,   18484886,        0,  -25515114,          0
  4077,   113,   44000000,   18467250,        0,  -25532750,          0
  4077,   114,   44000000,   19959013,        0,  -24040987,          0
  4077,   115,   44000000,   18775101,        0,  -25224899,          0
  4077,   116,   44000000,   18661830,        0,  -25338170,          0
  4077,   117,   44000000,   18465249,        0,  -25534751,          0
  4077,   118,   44000000,   18746628,        0,  -25253372,          0
  4077,   119,   44000000,   18482196,        0,  -25517804,          0
  4077,   120,   44000000,   18508828,        0,  -25491172,          0
  4077,   121,   44000000,   19094552,        0,  -24905448,          0
  4077,   122,   44000000,   18507947,        0,  -25492053,          0
  4077,   123,   44000000,   18518448,        0,  -25481552,          0
  4077,   124,   44000000,   20208916,        0,  -23791084,          0
  4077,   125,   44000000,   18446819,        0,  -25553181,          0
  4077,   126,   44000000,   18471909,        0,  -25528091,          0
  4077,   127,   44000000,   18457788,        0,  -25542212,          0
  4077,   128,   44000000,   18624982,        0,  -25375018,          0
  4077,   129,   44000000,   18491580,        0,  -25508420,          0
  4077,   130,   44000000,   18454515,        0,  -25545485,          0
  4077,   131,   44000000,   20766365,        0,  -23233635,          0
  4077,   132,   44000000,   18480478,        0,  -25519522,          0
  4077,   133,   44000000,   18484307,        0,  -25515693,          0
  4077,   134,   44000000,   18496603,        0,  -25503397,          0
  4077,   135,   44000000,   18752561,        0,  -25247439,          0
  4077,   136,   44000000,   18739184,        0,  -25260816,          0
  4077,   137,   44000000,   18538390,        0,  -25461610,          0
  4077,   138,   44000000,   27633827,        0,  -16366173,          0
  4077,   139,   44000000,   18483071,        0,  -25516929,          0
  4077,   140,   44000000,   19558283,        0,  -24441717,          0
  4077,   141,   44000000,   18753326,        0,  -25246674,          0
  4077,   142,   44000000,   23674553,        0,  -20325447,          0
  4077,   143,   44000000,   21336542,        0,  -22663458,          0
  4077,   144,   44000000,   20603406,        0,  -23396594,          0
  4077,   145,   44000000,   18450238,        0,  -25549762,          0
  4077,   146,   44000000,   18468955,        0,  -25531045,          0
  4077,   147,   44000000,   18506004,        0,  -25493996,          0
  4077,   148,   44000000,   18518604,        0,  -25481396,          0
  4077,   149,   44000000,   18665609,        0,  -25334391,          0
  4077,   150,   44000000,   18477436,        0,  -25522564,          0
  4077,   151,   44000000,   23587196,        0,  -20412804,          0
  4077,   152,   44000000,   18594815,        0,  -25405185,          0
  4077,   153,   44000000,   18493438,        0,  -25506562,          0
  4077,   154,   44000000,   18491327,        0,  -25508673,          0
  4077,   155,   44000000,   20593940,        0,  -23406060,          0
  4077,   156,   44000000,   18453941,        0,  -25546059,          0
  4077,   157,   44000000,   18487795,        0,  -25512205,          0
  4077,   158,   44000000,   20615709,        0,  -23384291,          0
  4077,   159,   44000000,   18453669,        0,  -25546331,          0
  4077,   160,   44000000,   18469680,        0,  -25530320,          0
  4077,   161,   44000000,   18477699,        0,  -25522301,          0
  4077,   162,   44000000,   18527018,        0,  -25472982,          0
  4077,   163,   44000000,   18827365,        0,  -25172635,          0
  4077,   164,   44000000,   18491784,        0,  -25508216,          0
  4077,   165,   44000000,   18492647,        0,  -25507353,          0
  4077,   166,   44000000,   18507657,        0,  -25492343,          0
  4077,   167,   44000000,   18459735,        0,  -25540265,          0
  4077,   168,   44000000,   18462097,        0,  -25537903,          0
  4077,   169,   44000000,   23709901,        0,  -20290099,          0
  4077,   170,   44000000,   23914977,        0,  -20085023,          0
  4077,   171,   44000000,   18504572,        0,  -25495428,          0
  4077,   172,   44000000,   18796657,        0,  -25203343,          0
  4077,   173,   44000000,   18467972,        0,  -25532028,          0
  4077,   174,   44000000,   18474930,        0,  -25525070,          0
  4077,   175,   44000000,   25165730,        0,  -18834270,          0
  4077,   176,   44000000,   18542110,        0,  -25457890,          0
  4077,   177,   44000000,   18461635,        0,  -25538365,          0
  4077,   178,   44000000,   18751631,        0,  -25248369,          0
  4077,   179,   44000000,   19351065,        0,  -24648935,          0
  4077,   180,   44000000,   18470505,        0,  -25529495,          0
  4077,   181,   44000000,   18495947,        0,  -25504053,          0
  4077,   182,   44000000,   18491075,        0,  -25508925,          0
  4077,   183,   44000000,   18911767,        0,  -25088233,          0
  4077,   184,   44000000,   18530728,        0,  -25469272,          0
  4077,   185,   44000000,   18469755,        0,  -25530245,          0
  4077,   186,   44000000,   20736513,        0,  -23263487,          0
  4077,   187,   44000000,   24121389,        0,  -19878611,          0
  4077,   188,   44000000,   18509959,        0,  -25490041,          0
  4077,   189,   44000000,   18760338,        0,  -25239662,          0
  4077,   190,   44000000,   18515275,        0,  -25484725,          0
  4077,   191,   44000000,   19733339,        0,  -24266661,          0
  4077,   192,   44000000,   18749799,        0,  -25250201,          0
  4077,   193,   44000000,   18461139,        0,  -25538861,          0
  4077,   194,   44000000,   18497131,        0,  -25502869,          0
  4077,   195,   44000000,   20302546,        0,  -23697454,          0
  4077,   196,   44000000,   18654620,        0,  -25345380,          0
  4077,   197,   44000000,   24239149,        0,  -19760851,          0
  4077,   198,   44000000,   18535242,        0,  -25464758,          0
  4077,   199,   44000000,   18455045,        0,  -25544955,          0
  4077,   200,   44000000,   25194710,        0,  -18805290,          0
  4077,   201,   44000000,   18490535,        0,  -25509465,          0
  4077,   202,   44000000,   18469332,        0,  -25530668,          0
  4077,   203,   44000000,   21944641,        0,  -22055359,          0
  4077,   204,   44000000,   18498619,        0,  -25501381,          0
  4077,   205,   44000000,   18467316,        0,  -25532684,          0
  4077,   206,   44000000,   26607932,        0,  -17392068,          0
  4077,   207,   44000000,   18488878,        0,  -25511122,          0
  4077,   208,   44000000,   19275869,        0,  -24724131,          0
  4077,   209,   44000000,   18746540,        0,  -25253460,          0
  4077,   210,   44000000,   18525638,        0,  -25474362,          0
  4077,   211,   44000000,   18474758,        0,  -25525242,          0
  4077,   212,   44000000,   26625710,        0,  -17374290,          0
  4077,   213,   44000000,   18504280,        0,  -25495720,          0
  4077,   214,   44000000,   18496019,        0,  -25503981,          0
  4077,   215,   44000000,   18522617,        0,  -25477383,          0
  4077,   216,   44000000,   18465263,        0,  -25534737,          0
  4077,   217,   44000000,   18457442,        0,  -25542558,          0
  4077,   218,   44000000,   18459875,        0,  -25540125,          0
  4077,   219,   44000000,   25812754,        0,  -18187246,          0
  4077,   220,   44000000,   18551846,        0,  -25448154,          0
  4077,   221,   44000000,   18464942,        0,  -25535058,          0
  4077,   222,   44000000,   20551886,        0,  -23448114,          0
  4077,   223,   44000000,   22494656,        0,  -21505344,          0
  4077,   224,   44000000,   18685770,        0,  -25314230,          0
  4077,   225,   44000000,   18471801,        0,  -25528199,          0
  4077,   226,   44000000,   18767286,        0,  -25232714,          0
  4077,   227,   44000000,   19756700,        0,  -24243300,          0
  4077,   228,   44000000,   18480986,        0,  -25519014,          0
  4077,   229,   44000000,   18765875,        0,  -25234125,          0
  4077,   230,   44000000,   18493222,        0,  -25506778,          0
  4077,   231,   44000000,   18472445,        0,  -25527555,          0
# task NAME=myapp PID=4080 COST=46748000 PERIOD=81000000 CPU=0
  4080,     2,   81000000,       6738,        0,  -80993262,          0
  4080,     3,   81000000,      90981,        0,  -80909019,          0
  4080,     4,   81000000,   47577026,        0,  -33422974,          0
  4080,     5,   81000000,   46621395,        0,  -34378605,          0
  4080,     6,   81000000,   46296396,        0,  -34703604,          0
  4080,     7,   81000000,   46645732,        0,  -34354268,          0
  4080,     8,   81000000,   46693906,        0,  -34306094,          0
  4080,     9,   81000000,   46326690,        0,  -34673310,          0
  4080,    10,   81000000,   46635007,        0,  -34364993,          0
  4080,    11,   81000000,   48602929,        0,  -32397071,          0
  4080,    12,   81000000,   46329729,        0,  -34670271,          0
  4080,    13,   81000000,   46596112,        0,  -34403888,          0
  4080,    14,   81000000,   46640356,        0,  -34359644,          0
  4080,    15,   81000000,   46395645,        0,  -34604355,          0
  4080,    16,   81000000,   46619032,        0,  -34380968,          0
  4080,    17,   81000000,   46334200,        0,  -34665800,          0
  4080,    18,   81000000,   46441237,        0,  -34558763,          0
  4080,    19,   81000000,   46611567,        0,  -34388433,          0
  4080,    20,   81000000,   46374940,        0,  -34625060,          0
  4080,    21,   81000000,   46408212,        0,  -34591788,          0
  4080,    22,   81000000,   46626405,        0,  -34373595,          0
  4080,    23,   81000000,   46465626,        0,  -34534374,          0
  4080,    24,   81000000,   46580748,        0,  -34419252,          0
  4080,    25,   81000000,   46586969,        0,  -34413031,          0
  4080,    26,   81000000,   48536628,        0,  -32463372,          0
  4080,    27,   81000000,   46610296,        0,  -34389704,          0
  4080,    28,   81000000,   46321158,        0,  -34678842,          0
  4080,    29,   81000000,   46352984,        0,  -34647016,          0
  4080,    30,   81000000,   46613504,        0,  -34386496,          0
  4080,    31,   81000000,   46379314,        0,  -34620686,          0
  4080,    32,   81000000,   46299758,        0,  -34700242,          0
  4080,    33,   81000000,   46610052,        0,  -34389948,          0
  4080,    34,   81000000,   46331824,        0,  -34668176,          0
  4080,    35,   81000000,   46326226,        0,  -34673774,          0
  4080,    36,   81000000,   46640229,        0,  -34359771,          0
  4080,    37,   81000000,   46356250,        0,  -34643750,          0
  4080,    38,   81000000,   46331271,        0,  -34668729,          0
  4080,    39,   81000000,   46633566,        0,  -34366434,          0
  4080,    40,   81000000,   46322254,        0,  -34677746,          0
  4080,    41,   81000000,   46331811,        0,  -34668189,          0
  4080,    42,   81000000,   47090525,        0,  -33909475,          0
  4080,    43,   81000000,   46490398,        0,  -34509602,          0
  4080,    44,   81000000,   46620646,        0,  -34379354,          0
  4080,    45,   81000000,   46327993,        0,  -34672007,          0
  4080,    46,   81000000,   46303929,        0,  -34696071,          0
  4080,    47,   81000000,   46678169,        0,  -34321831,          0
  4080,    48,   81000000,   46337740,        0,  -34662260,          0
  4080,    49,   81000000,   46334229,        0,  -34665771,          0
  4080,    50,   81000000,   46687071,        0,  -34312929,          0
  4080,    51,   81000000,   46348944,        0,  -34651056,          0
  4080,    52,   81000000,   48685326,        0,  -32314674,          0
  4080,    53,   81000000,   46615821,        0,  -34384179,          0
  4080,    54,   81000000,   46321259,        0,  -34678741,          0
  4080,    55,   81000000,   46293150,        0,  -34706850,          0
  4080,    56,   81000000,   46623778,        0,  -34376222,          0
  4080,    57,   81000000,   53108326,        0,  -27891674,          0
  4080,    58,   81000000,   46317638,        0,  -34682362,          0
  4080,    59,   81000000,   46692298,        0,  -34307702,          0
  4080,    60,   81000000,   46324450,        0,  -34675550,          0
  4080,    61,   81000000,   48072619,        0,  -32927381,          0
  4080,    62,   81000000,   46342033,        0,  -34657967,          0
  4080,    63,   81000000,   46325711,        0,  -34674289,          0
  4080,    64,   81000000,   46607008,        0,  -34392992,          0
  4080,    65,   81000000,   46376564,        0,  -34623436,          0
  4080,    66,   81000000,   46313306,        0,  -34686694,          0
  4080,    67,   81000000,   46631038,        0,  -34368962,          0
  4080,    68,   81000000,   46381341,        0,  -34618659,          0
  4080,    69,   81000000,   46343224,        0,  -34656776,          0
  4080,    70,   81000000,   46651651,        0,  -34348349,          0
  4080,    71,   81000000,   46351846,        0,  -34648154,          0
  4080,    72,   81000000,   46322898,        0,  -34677102,          0
  4080,    73,   81000000,   46813889,        0,  -34186111,          0
  4080,    74,   81000000,   46355546,        0,  -34644454,          0
  4080,    75,   81000000,   46570739,        0,  -34429261,          0
  4080,    76,   81000000,   46622271,        0,  -34377729,          0
  4080,    77,   81000000,   46343421,        0,  -34656579,          0
  4080,    78,   81000000,   46646325,        0,  -34353675,          0
  4080,    79,   81000000,   46622656,        0,  -34377344,          0
  4080,    80,   81000000,   46349672,        0,  -34650328,          0
  4080,    81,   81000000,   48725450,        0,  -32274550,          0
  4080,    82,   81000000,   46358961,        0,  -34641039,          0
  4080,    83,   81000000,   46310867,        0,  -34689133,          0
  4080,    84,   81000000,   49225091,        0,  -31774909,          0
  4080,    85,   81000000,   46296205,        0,  -34703795,          0
  4080,    86,   81000000,   46335359,        0,  -34664641,          0
  4080,    87,   81000000,   46618698,        0,  -34381302,          0
  4080,    88,   81000000,   48313872,        0,  -32686128,          0
  4080,    89,   81000000,   46431157,        0,  -34568843,          0
  4080,    90,   81000000,   46607693,        0,  -34392307,          0
  4080,    91,   81000000,   46330738,        0,  -34669262,          0
  4080,    92,   81000000,   46307619,        0,  -34692381,          0
  4080,    93,   81000000,   46597096,        0,  -34402904,          0
  4080,    94,   81000000,   46398104,        0,  -34601896,          0
  4080,    95,   81000000,   46341184,        0,  -34658816,          0
  4080,    96,   81000000,   46610345,        0,  -34389655,          0
  4080,    97,   81000000,   46311573,        0,  -34688427,          0
  4080,    98,   81000000,   46621493,        0,  -34378507,          0
  4080,    99,   81000000,   46362724,        0,  -34637276,          0
  4080,   100,   81000000,   46424603,        0,  -34575397,          0
  4080,   101,   81000000,   50559525,        0,  -30440475,          0
  4080,   102,   81000000,   46320770,        0,  -34679230,          0
  4080,   103,   81000000,   59196171,        0,  -21803829,          0
  4080,   104,   81000000,   46602659,        0,  -34397341,          0
  4080,   105,   81000000,   46348439,        0,  -34651561,          0
  4080,   106,   81000000,   46340897,        0,  -34659103,          0
  4080,   107,   81000000,   46649976,        0,  -34350024,          0
  4080,   108,   81000000,   46313000,        0,  -34687000,          0
  4080,   109,   81000000,   46349602,        0,  -34650398,          0
  4080,   110,   81000000,   46586699,        0,  -34413301,          0
  4080,   111,   81000000,   46321936,        0,  -34678064,          0
  4080,   112,   81000000,   46354599,        0,  -34645401,          0
  4080,   113,   81000000,   46692839,        0,  -34307161,          0
  4080,   114,   81000000,   46353417,        0,  -34646583,          0
  4080,   115,   81000000,   55743249,        0,  -25256751,          0
  4080,   116,   81000000,   51054360,        0,  -29945640,          0
  4080,   117,   81000000,   46347016,        0,  -34652984,          0
  4080,   118,   81000000,   46611330,        0,  -34388670,          0
  4080,   119,   81000000,   46327163,        0,  -34672837,          0
  4080,   120,   81000000,   46346044,        0,  -34653956,          0
  4080,   121,   81000000,   46631313,        0,  -34368687,          0
  4080,   122,   81000000,   46429830,        0,  -34570170,          0
  4080,   123,   81000000,   46320644,        0,  -34679356,          0
  4080,   124,   81000000,   46625572,        0,  -34374428,          0
  4080,   125,   81000000,   47813245,        0,  -33186755,          0
  4080,   126,   81000000,   46450072,        0,  -34549928,          0
  4080,   127,   81000000,   46658156,        0,  -34341844,          0
