118 13 105
183 17 166
315 30 285
179 14 165
196 17 179
278 24 254
130 13 117
183 17 166
509 94 415
258 25 233
143 13 130
388 35 353
139 14 125
220 16 204
422 41 381
142 12 130
154 13 141
486 66 420
206 20 186
135 11 124
267 22 245
166 17 149
389 35 354
131 12 119
495 81 414
363 37 326
136 11 125
223 20 203
479 65 414
124 11 113
463 46 417
411 43 368
143 11 132
215 21 194
125 11 114
156 14 142
147 15 132
122 9 113
479 72 407
481 66 415
153 14 139
466 57 409
191 17 174
151 17 134
178 14 164
133 12 121
189 15 174
209 21 188
140 12 128
123 12 111
120 12 108
164 15 149
151 13 138
274 28 246
453 42 411
124 9 115
216 17 199
187 19 168
455 47 408
468 59 409
149 14 135
131 11 120
266 25 241
129 10 119
176 16 160
176 14 162
133 14 119
468 47 421
132 13 119
465 50 415
203 18 185
516 99 417
484 67 417
132 11 121
337 32 305
210 25 185
494 84 410
196 19 177
137 10 127
128 12 116
489 79 410
335 32 303
360 34 326
310 31 279
357 35 322
468 51 417
208 18 190
154 15 139
125 9 116
120 10 110
