# Task,   Job,     Period,   Response, DL Miss?,   Lateness,  Tardiness
# task NAME=myapp PID=4683 COST=11716000 PERIOD=39000000 CPU=0
  4683,     2,   39000000,      16069,        0,  -38983931,          0
  4683,     3,   39000000,      55862,        0,  -38944138,          0
  4683,     4,   39000000,   11648980,        0,  -27351020,          0
  4683,     5,   39000000,   12653250,        0,  -26346750,          0
  4683,     6,   39000000,   17448937,        0,  -21551063,          0
  4683,     7,   39000000,   15703204,        0,  -23296796,          0
  4683,     8,   39000000,   11694430,        0,  -27305570,          0
  4683,     9,   39000000,   14869594,        0,  -24130406,          0
  4683,    10,   39000000,   11923664,        0,  -27076336,          0
  4683,    11,   39000000,   11746769,        0,  -27253231,          0
  4683,    12,   39000000,   11649483,        0,  -27350517,          0
  4683,    13,   39000000,   11646311,        0,  -27353689,          0
  4683,    14,   39000000,   11673580,        0,  -27326420,          0
  4683,    15,   39000000,   11668622,        0,  -27331378,          0
  4683,    16,   39000000,   11651275,        0,  -27348725,          0
  4683,    17,   39000000,   12680000,        0,  -26320000,          0
  4683,    18,   39000000,   11876054,        0,  -27123946,          0
  4683,    19,   39000000,   11643851,        0,  -27356149,          0
  4683,    20,   39000000,   11667502,        0,  -27332498,          0
  4683,    21,   39000000,   11647020,        0,  -27352980,          0
  4683,    22,   39000000,   11650157,        0,  -27349843,          0
  4683,    23,   39000000,   11645085,        0,  -27354915,          0
  4683,    24,   39000000,   11647145,        0,  -27352855,          0
  4683,    25,   39000000,   15000610,        0,  -23999390,          0
  4683,    26,   39000000,   11935783,        0,  -27064217,          0
  4683,    27,   39000000,   11677184,        0,  -27322816,          0
  4683,    28,   39000000,   16835185,        0,  -22164815,          0
  4683,    29,   39000000,   11663759,        0,  -27336241,          0
  4683,    30,   39000000,   11760913,        0,  -27239087,          0
  4683,    31,   39000000,   11897147,        0,  -27102853,          0
  4683,    32,   39000000,   11653556,        0,  -27346444,          0
  4683,    33,   39000000,   11667186,        0,  -27332814,          0
  4683,    34,   39000000,   11644870,        0,  -27355130,          0
  4683,    35,   39000000,   20393007,        0,  -18606993,          0
  4683,    36,   39000000,   17254989,        0,  -21745011,          0
  4683,    37,   39000000,   12694410,        0,  -26305590,          0
  4683,    38,   39000000,   17104873,        0,  -21895127,          0
  4683,    39,   39000000,   11703780,        0,  -27296220,          0
  4683,    40,   39000000,   11644605,        0,  -27355395,          0
  4683,    41,   39000000,   11645111,        0,  -27354889,          0
  4683,    42,   39000000,   15371086,        0,  -23628914,          0
  4683,    43,   39000000,   11687443,        0,  -27312557,          0
  4683,    44,   39000000,   11680920,        0,  -27319080,          0
  4683,    45,   39000000,   11645361,        0,  -27354639,          0
  4683,    46,   39000000,   11763244,        0,  -27236756,          0
  4683,    47,   39000000,   11659280,        0,  -27340720,          0
  4683,    48,   39000000,   11646831,        0,  -27353169,          0
  4683,    49,   39000000,   11657099,        0,  -27342901,          0
  4683,    50,   39000000,   11647542,        0,  -27352458,          0
  4683,    51,   39000000,   11643613,        0,  -27356387,          0
  4683,    52,   39000000,   16206051,        0,  -22793949,          0
  4683,    53,   39000000,   11650438,        0,  -27349562,          0
  4683,    54,   39000000,   11643982,        0,  -27356018,          0
  4683,    55,   39000000,   11946311,        0,  -27053689,          0
  4683,    56,   39000000,   12724455,        0,  -26275545,          0
  4683,    57,   39000000,   11707027,        0,  -27292973,          0
  4683,    58,   39000000,   11991349,        0,  -27008651,          0
  4683,    59,   39000000,   11642814,        0,  -27357186,          0
  4683,    60,   39000000,   11639512,        0,  -27360488,          0
  4683,    61,   39000000,   12798273,        0,  -26201727,          0
  4683,    62,   39000000,   12638680,        0,  -26361320,          0
  4683,    63,   39000000,   11689137,        0,  -27310863,          0
  4683,    64,   39000000,   11647083,        0,  -27352917,          0
  4683,    65,   39000000,   11742011,        0,  -27257989,          0
  4683,    66,   39000000,   11649548,        0,  -27350452,          0
  4683,    67,   39000000,   12846373,        0,  -26153627,          0
  4683,    68,   39000000,   11628026,        0,  -27371974,          0
  4683,    69,   39000000,   11645460,        0,  -27354540,          0
  4683,    70,   39000000,   14786302,        0,  -24213698,          0
  4683,    71,   39000000,   11945802,        0,  -27054198,          0
  4683,    72,   39000000,   11643039,        0,  -27356961,          0
  4683,    73,   39000000,   11648061,        0,  -27351939,          0
  4683,    74,   39000000,   12817889,        0,  -26182111,          0
  4683,    75,   39000000,   11672057,        0,  -27327943,          0
  4683,    76,   39000000,   11846707,        0,  -27153293,          0
  4683,    77,   39000000,   11713606,        0,  -27286394,          0
  4683,    78,   39000000,   20630743,        0,  -18369257,          0
  4683,    79,   39000000,   11654193,        0,  -27345807,          0
  4683,    80,   39000000,   11646382,        0,  -27353618,          0
  4683,    81,   39000000,   12679575,        0,  -26320425,          0
  4683,    82,   39000000,   11645221,        0,  -27354779,          0
  4683,    83,   39000000,   11668284,        0,  -27331716,          0
  4683,    84,   39000000,   11650013,        0,  -27349987,          0
  4683,    85,   39000000,   13919565,        0,  -25080435,          0
  4683,    86,   39000000,   11644443,        0,  -27355557,          0
  4683,    87,   39000000,   11985354,        0,  -27014646,          0
  4683,    88,   39000000,   17234892,        0,  -21765108,          0
  4683,    89,   39000000,   19162095,        0,  -19837905,          0
  4683,    90,   39000000,   11927828,        0,  -27072172,          0
  4683,    91,   39000000,   11827040,        0,  -27172960,          0
  4683,    92,   39000000,   11744864,        0,  -27255136,          0
  4683,    93,   39000000,   11647858,        0,  -27352142,          0
  4683,    94,   39000000,   11683738,        0,  -27316262,          0
  4683,    95,   39000000,   19570700,        0,  -19429300,          0
  4683,    96,   39000000,   11791969,        0,  -27208031,          0
  4683,    97,   39000000,   11647618,        0,  -27352382,          0
  4683,    98,   39000000,   11647897,        0,  -27352103,          0
  4683,    99,   39000000,   11652615,        0,  -27347385,          0
  4683,   100,   39000000,   20652824,        0,  -18347176,          0
  4683,   101,   39000000,   11671418,        0,  -27328582,          0
  4683,   102,   39000000,   11640959,        0,  -27359041,          0
  4683,   103,   39000000,   12151078,        0,  -26848922,          0
  4683,   104,   39000000,   11867170,        0,  -27132830,          0
  4683,   105,   39000000,   11643793,        0,  -27356207,          0
  4683,   106,   39000000,   11650077,        0,  -27349923,          0
  4683,   107,   39000000,   11645620,        0,  -27354380,          0
  4683,   108,   39000000,   15578084,        0,  -23421916,          0
  4683,   109,   39000000,   11669181,        0,  -27330819,          0
  4683,   110,   39000000,   11646749,        0,  -27353251,          0
  4683,   111,   39000000,   11646968,        0,  -27353032,          0
  4683,   112,   39000000,   12033379,        0,  -26966621,          0
  4683,   113,   39000000,   11709630,        0,  -27290370,          0
  4683,   114,   39000000,   27003015,        0,  -11996985,          0
  4683,   115,   39000000,   13411431,        0,  -25588569,          0
  4683,   116,   39000000,   11667612,        0,  -27332388,          0
  4683,   117,   39000000,   11661987,        0,  -27338013,          0
  4683,   118,   39000000,   11641645,        0,  -27358355,          0
  4683,   119,   39000000,   11952148,        0,  -27047852,          0
  4683,   120,   39000000,   11640246,        0,  -27359754,          0
  4683,   121,   39000000,   14456100,        0,  -24543900,          0
  4683,   122,   39000000,   19201957,        0,  -19798043,          0
  4683,   123,   39000000,   13056479,        0,  -25943521,          0
  4683,   124,   39000000,   14826536,        0,  -24173464,          0
  4683,   125,   39000000,   11646950,        0,  -27353050,          0
  4683,   126,   39000000,   12704568,        0,  -26295432,          0
  4683,   127,   39000000,   11678762,        0,  -27321238,          0
  4683,   128,   39000000,   11645763,        0,  -27354237,          0
  4683,   129,   39000000,   11644469,        0,  -27355531,          0
  4683,   130,   39000000,   11642507,        0,  -27357493,          0
  4683,   131,   39000000,   12411874,        0,  -26588126,          0
  4683,   132,   39000000,   11877516,        0,  -27122484,          0
  4683,   133,   39000000,   11666225,        0,  -27333775,          0
  4683,   134,   39000000,   21681314,        0,  -17318686,          0
  4683,   135,   39000000,   11926907,        0,  -27073093,          0
  4683,   136,   39000000,   11647201,        0,  -27352799,          0
  4683,   137,   39000000,   12620422,        0,  -26379578,          0
  4683,   138,   39000000,   18005463,        0,  -20994537,          0
  4683,   139,   39000000,   11642892,        0,  -27357108,          0
  4683,   140,   39000000,   11744895,        0,  -27255105,          0
  4683,   141,   39000000,   11640860,        0,  -27359140,          0
  4683,   142,   39000000,   25106780,        0,  -13893220,          0
  4683,   143,   39000000,   11640892,        0,  -27359108,          0
  4683,   144,   39000000,   15544911,        0,  -23455089,          0
  4683,   145,   39000000,   11692709,        0,  -27307291,          0
  4683,   146,   39000000,   11642238,        0,  -27357762,          0
  4683,   147,   39000000,   11717549,        0,  -27282451,          0
  4683,   148,   39000000,   18856741,        0,  -20143259,          0
  4683,   149,   39000000,   13480357,        0,  -25519643,          0
  4683,   150,   39000000,   13387074,        0,  -25612926,          0
  4683,   151,   39000000,   12840668,        0,  -26159332,          0
  4683,   152,   39000000,   11644610,        0,  -27355390,          0
  4683,   153,   39000000,   11745691,        0,  -27254309,          0
  4683,   154,   39000000,   11642166,        0,  -27357834,          0
  4683,   155,   39000000,   11650851,        0,  -27349149,          0
  4683,   156,   39000000,   11717022,        0,  -27282978,          0
  4683,   157,   39000000,   11693628,        0,  -27306372,          0
  4683,   158,   39000000,   11674620,        0,  -27325380,          0
  4683,   159,   39000000,   11741193,        0,  -27258807,          0
  4683,   160,   39000000,   11685525,        0,  -27314475,          0
  4683,   161,   39000000,   11642049,        0,  -27357951,          0
  4683,   162,   39000000,   11645762,        0,  -27354238,          0
  4683,   163,   39000000,   11634521,        0,  -27365479,          0
  4683,   164,   39000000,   11758277,        0,  -27241723,          0
  4683,   165,   39000000,   17983925,        0,  -21016075,          0
  4683,   166,   39000000,   11642058,        0,  -27357942,          0
  4683,   167,   39000000,   19219875,        0,  -19780125,          0
  4683,   168,   39000000,   11642924,        0,  -27357076,          0
  4683,   169,   39000000,   11686686,        0,  -27313314,          0
  4683,   170,   39000000,   11652131,        0,  -27347869,          0
  4683,   171,   39000000,   11629157,        0,  -27370843,          0
  4683,   172,   39000000,   11641310,        0,  -27358690,          0
  4683,   173,   39000000,   11648359,        0,  -27351641,          0
  4683,   174,   39000000,   11696016,        0,  -27303984,          0
  4683,   175,   39000000,   13054835,        0,  -25945165,          0
  4683,   176,   39000000,   11644694,        0,  -27355306,          0
  4683,   177,   39000000,   19593632,        0,  -19406368,          0
  4683,   178,   39000000,   11648601,        0,  -27351399,          0
  4683,   179,   39000000,   11666837,        0,  -27333163,          0
  4683,   180,   39000000,   11924838,        0,  -27075162,          0
  4683,   181,   39000000,   11647773,        0,  -27352227,          0
  4683,   182,   39000000,   11642143,        0,  -27357857,          0
  4683,   183,   39000000,   12093665,        0,  -26906335,          0
  4683,   184,   39000000,   14952706,        0,  -24047294,          0
  4683,   185,   39000000,   11642349,        0,  -27357651,          0
  4683,   186,   39000000,   11641665,        0,  -27358335,          0
  4683,   187,   39000000,   11643094,        0,  -27356906,          0
  4683,   188,   39000000,   16225983,        0,  -22774017,          0
  4683,   189,   39000000,   12617130,        0,  -26382870,          0
  4683,   190,   39000000,   11645316,        0,  -27354684,          0
  4683,   191,   39000000,   11776201,        0,  -27223799,          0
  4683,   192,   39000000,   14539802,        0,  -24460198,          0
  4683,   193,   39000000,   14600876,        0,  -24399124,          0
  4683,   194,   39000000,   13852192,        0,  -25147808,          0
  4683,   195,   39000000,   11642136,        0,  -27357864,          0
  4683,   196,   39000000,   11928421,        0,  -27071579,          0
  4683,   197,   39000000,   11655476,        0,  -27344524,          0
  4683,   198,   39000000,   12348039,        0,  -26651961,          0
  4683,   199,   39000000,   11937777,        0,  -27062223,          0
  4683,   200,   39000000,   11634731,        0,  -27365269,          0
  4683,   201,   39000000,   11650130,        0,  -27349870,          0
  4683,   202,   39000000,   12807839,        0,  -26192161,          0
  4683,   203,   39000000,   11719054,        0,  -27280946,          0
  4683,   204,   39000000,   13077733,        0,  -25922267,          0
  4683,   205,   39000000,   11782947,        0,  -27217053,          0
  4683,   206,   39000000,   11724709,        0,  -27275291,          0
  4683,   207,   39000000,   11682987,        0,  -27317013,          0
  4683,   208,   39000000,   11651902,        0,  -27348098,          0
  4683,   209,   39000000,   11675261,        0,  -27324739,          0
  4683,   210,   39000000,   11646644,        0,  -27353356,          0
  4683,   211,   39000000,   12131591,        0,  -26868409,          0
  4683,   212,   39000000,   16623618,        0,  -22376382,          0
  4683,   213,   39000000,   11636700,        0,  -27363300,          0
  4683,   214,   39000000,   11676595,        0,  -27323405,          0
  4683,   215,   39000000,   11940277,        0,  -27059723,          0
  4683,   216,   39000000,   11675249,        0,  -27324751,          0
  4683,   217,   39000000,   11642661,        0,  -27357339,          0
  4683,   218,   39000000,   11647625,        0,  -27352375,          0
  4683,   219,   39000000,   17668066,        0,  -21331934,          0
  4683,   220,   39000000,   11641088,        0,  -27358912,          0
  4683,   221,   39000000,   12373159,        0,  -26626841,          0
  4683,   222,   39000000,   11646056,        0,  -27353944,          0
  4683,   223,   39000000,   11665915,        0,  -27334085,          0
  4683,   224,   39000000,   11690580,        0,  -27309420,          0
  4683,   225,   39000000,   11650823,        0,  -27349177,          0
  4683,   226,   39000000,   11779096,        0,  -27220904,          0
  4683,   227,   39000000,   11644702,        0,  -27355298,          0
  4683,   228,   39000000,   11925989,        0,  -27074011,          0
  4683,   229,   39000000,   12800559,        0,  -26199441,          0
  4683,   230,   39000000,   11639869,        0,  -27360131,          0
  4683,   231,   39000000,   11640860,        0,  -27359140,          0
  4683,   232,   39000000,   11637730,        0,  -27362270,          0
  4683,   233,   39000000,   11645427,        0,  -27354573,          0
  4683,   234,   39000000,   11645343,        0,  -27354657,          0
  4683,   235,   39000000,   11639713,        0,  -27360287,          0
  4683,   236,   39000000,   11644037,        0,  -27355963,          0
  4683,   237,   39000000,   11655172,        0,  -27344828,          0
  4683,   238,   39000000,   11641765,        0,  -27358235,          0
  4683,   239,   39000000,   11657902,        0,  -27342098,          0
  4683,   240,   39000000,   11646107,        0,  -27353893,          0
  4683,   241,   39000000,   11645636,        0,  -27354364,          0
  4683,   242,   39000000,   11750420,        0,  -27249580,          0
  4683,   243,   39000000,   11713683,        0,  -27286317,          0
  4683,   244,   39000000,   11925182,        0,  -27074818,          0
  4683,   245,   39000000,   14713725,        0,  -24286275,          0
  4683,   246,   39000000,   12851963,        0,  -26148037,          0
  4683,   247,   39000000,   14265866,        0,  -24734134,          0
  4683,   248,   39000000,   11630338,        0,  -27369662,          0
  4683,   249,   39000000,   11642832,        0,  -27357168,          0
  4683,   250,   39000000,   11643258,        0,  -27356742,          0
  4683,   251,   39000000,   11649216,        0,  -27350784,          0
  4683,   252,   39000000,   11645098,        0,  -27354902,          0
  4683,   253,   39000000,   11644272,        0,  -27355728,          0
  4683,   254,   39000000,   15928165,        0,  -23071835,          0
  4683,   255,   39000000,   11641835,        0,  -27358165,          0
  4683,   256,   39000000,   11667872,        0,  -27332128,          0
  4683,   257,   39000000,   11644449,        0,  -27355551,          0
  4683,   258,   39000000,   11642386,        0,  -27357614,          0
  4683,   259,   39000000,   13725150,        0,  -25274850,          0
  4683,   260,   39000000,   11936280,        0,  -27063720,          0
# task NAME=myapp PID=4686 COST=26092000 PERIOD=44000000 CPU=0
  4686,     2,   44000000,      14571,        0,  -43985429,          0
  4686,     3,   44000000,      52045,        0,  -43947955,          0
  4686,     4,   44000000,   25896107,        0,  -18103893,          0
  4686,     5,   44000000,   27421747,        0,  -16578253,          0
  4686,     6,   44000000,   26173357,        0,  -17826643,          0
  4686,     7,   44000000,   25899237,        0,  -18100763,          0
  4686,     8,   44000000,   25914295,        0,  -18085705,          0
  4686,     9,   44000000,   26156737,        0,  -17843263,          0
  4686,    10,   44000000,   25876523,        0,  -18123477,          0
  4686,    11,   44000000,   27089354,        0,  -16910646,          0
  4686,    12,   44000000,   26176933,        0,  -17823067,          0
  4686,    13,   44000000,   25926641,        0,  -18073359,          0
  4686,    14,   44000000,   25957976,        0,  -18042024,          0
  4686,    15,   44000000,   26208159,        0,  -17791841,          0
  4686,    16,   44000000,   25941647,        0,  -18058353,          0
  4686,    17,   44000000,   26323144,        0,  -17676856,          0
  4686,    18,   44000000,   25937393,        0,  -18062607,          0
  4686,    19,   44000000,   25886539,        0,  -18113461,          0
  4686,    20,   44000000,   25857695,        0,  -18142305,          0
  4686,    21,   44000000,   25873550,        0,  -18126450,          0
  4686,    22,   44000000,   25918457,        0,  -18081543,          0
  4686,    23,   44000000,   26195031,        0,  -17804969,          0
  4686,    24,   44000000,   26326560,        0,  -17673440,          0
  4686,    25,   44000000,   25900497,        0,  -18099503,          0
  4686,    26,   44000000,   26174622,        0,  -17825378,          0
  4686,    27,   44000000,   25897615,        0,  -18102385,          0
  4686,    28,   44000000,   25889668,        0,  -18110332,          0
  4686,    29,   44000000,   29554909,        0,  -14445091,          0
  4686,    30,   44000000,   25881819,        0,  -18118181,          0
  4686,    31,   44000000,   25883023,        0,  -18116977,          0
  4686,    32,   44000000,   37297068,        0,   -6702932,          0
  4686,    33,   44000000,   25882021,        0,  -18117979,          0
  4686,    34,   44000000,   25897637,        0,  -18102363,          0
  4686,    35,   44000000,   25954426,        0,  -18045574,          0
  4686,    36,   44000000,   25875783,        0,  -18124217,          0
  4686,    37,   44000000,   26726028,        0,  -17273972,          0
  4686,    38,   44000000,   25900040,        0,  -18099960,          0
  4686,    39,   44000000,   25880628,        0,  -18119372,          0
  4686,    40,   44000000,   26203063,        0,  -17796937,          0
  4686,    41,   44000000,   25973121,        0,  -18026879,          0
  4686,    42,   44000000,   25884800,        0,  -18115200,          0
  4686,    43,   44000000,   31238035,        0,  -12761965,          0
  4686,    44,   44000000,   25919070,        0,  -18080930,          0
  4686,    45,   44000000,   25949496,        0,  -18050504,          0
  4686,    46,   44000000,   28130866,        0,  -15869134,          0
  4686,    47,   44000000,   29694143,        0,  -14305857,          0
  4686,    48,   44000000,   25959329,        0,  -18040671,          0
  4686,    49,   44000000,   26186918,        0,  -17813082,          0
  4686,    50,   44000000,   36628399,        0,   -7371601,          0
  4686,    51,   44000000,   25877656,        0,  -18122344,          0
  4686,    52,   44000000,   25885906,        0,  -18114094,          0
  4686,    53,   44000000,   25952707,        0,  -18047293,          0
  4686,    54,   44000000,   25874215,        0,  -18125785,          0
  4686,    55,   44000000,   25880688,        0,  -18119312,          0
  4686,    56,   44000000,   26402433,        0,  -17597567,          0
  4686,    57,   44000000,   25898740,        0,  -18101260,          0
  4686,    58,   44000000,   25892140,        0,  -18107860,          0
  4686,    59,   44000000,   36771826,        0,   -7228174,          0
  4686,    60,   44000000,   26145171,        0,  -17854829,          0
  4686,    61,   44000000,   26317496,        0,  -17682504,          0
  4686,    62,   44000000,   25882222,        0,  -18117778,          0
  4686,    63,   44000000,   26172124,        0,  -17827876,          0
  4686,    64,   44000000,   25900729,        0,  -18099271,          0
  4686,    65,   44000000,   25927367,        0,  -18072633,          0
  4686,    66,   44000000,   26168504,        0,  -17831496,          0
  4686,    67,   44000000,   25942046,        0,  -18057954,          0
  4686,    68,   44000000,   25923707,        0,  -18076293,          0
  4686,    69,   44000000,   26678215,        0,  -17321785,          0
  4686,    70,   44000000,   25880347,        0,  -18119653,          0
  4686,    71,   44000000,   25856523,        0,  -18143477,          0
  4686,    72,   44000000,   25965242,        0,  -18034758,          0
  4686,    73,   44000000,   25875731,        0,  -18124269,          0
  4686,    74,   44000000,   33822675,        0,  -10177325,          0
  4686,    75,   44000000,   26614528,        0,  -17385472,          0
  4686,    76,   44000000,   25925752,        0,  -18074248,          0
  4686,    77,   44000000,   32585556,        0,  -11414444,          0
  4686,    78,   44000000,   25882179,        0,  -18117821,          0
  4686,    79,   44000000,   25875846,        0,  -18124154,          0
  4686,    80,   44000000,   29274727,        0,  -14725273,          0
  4686,    81,   44000000,   25960733,        0,  -18039267,          0
  4686,    82,   44000000,   25965408,        0,  -18034592,          0
  4686,    83,   44000000,   28887340,        0,  -15112660,          0
  4686,    84,   44000000,   25878026,        0,  -18121974,          0
  4686,    85,   44000000,   29821625,        0,  -14178375,          0
  4686,    86,   44000000,   26355886,        0,  -17644114,          0
  4686,    87,   44000000,   25888596,        0,  -18111404,          0
  4686,    88,   44000000,   25971173,        0,  -18028827,          0
  4686,    89,   44000000,   26003075,        0,  -17996925,          0
  4686,    90,   44000000,   25864860,        0,  -18135140,          0
  4686,    91,   44000000,   29577512,        0,  -14422488,          0
  4686,    92,   44000000,   26440391,        0,  -17559609,          0
  4686,    93,   44000000,   25858690,        0,  -18141310,          0
  4686,    94,   44000000,   26370072,        0,  -17629928,          0
  4686,    95,   44000000,   26146446,        0,  -17853554,          0
  4686,    96,   44000000,   25924024,        0,  -18075976,          0
  4686,    97,   44000000,   26168102,        0,  -17831898,          0
  4686,    98,   44000000,   25878519,        0,  -18121481,          0
  4686,    99,   44000000,   25911210,        0,  -18088790,          0
  4686,   100,   44000000,   26174324,        0,  -17825676,          0
  4686,   101,   44000000,   25922633,        0,  -18077367,          0
  4686,   102,   44000000,   26007525,        0,  -17992475,          0
  4686,   103,   44000000,   26173754,        0,  -17826246,          0
  4686,   104,   44000000,   25926033,        0,  -18073967,          0
  4686,   105,   44000000,   25938348,        0,  -18061652,          0
  4686,   106,   44000000,   25969779,        0,  -18030221,          0
  4686,   107,   44000000,   25877342,        0,  -18122658,          0
  4686,   108,   44000000,   25880945,        0,  -18119055,          0
  4686,   109,   44000000,   25870136,        0,  -18129864,          0
  4686,   110,   44000000,   25873158,        0,  -18126842,          0
  4686,   111,   44000000,   25899377,        0,  -18100623,          0
  4686,   112,   44000000,   25987497,        0,  -18012503,          0
  4686,   113,   44000000,   26695649,        0,  -17304351,          0
  4686,   114,   44000000,   26779067,        0,  -17220933,          0
  4686,   115,   44000000,   27427561,        0,  -16572439,          0
  4686,   116,   44000000,   26053031,        0,  -17946969,          0
  4686,   117,   44000000,   26302901,        0,  -17697099,          0
  4686,   118,   44000000,   25959295,        0,  -18040705,          0
  4686,   119,   44000000,   25940861,        0,  -18059139,          0
  4686,   120,   44000000,   26206055,        0,  -17793945,          0
  4686,   121,   44000000,   25949722,        0,  -18050278,          0
  4686,   122,   44000000,   25905444,        0,  -18094556,          0
  4686,   123,   44000000,   25893809,        0,  -18106191,          0
  4686,   124,   44000000,   25883792,        0,  -18116208,          0
  4686,   125,   44000000,   25878432,        0,  -18121568,          0
  4686,   126,   44000000,   25889277,        0,  -18110723,          0
  4686,   127,   44000000,   25903188,        0,  -18096812,          0
  4686,   128,   44000000,   31055207,        0,  -12944793,          0
  4686,   129,   44000000,   25852684,        0,  -18147316,          0
  4686,   130,   44000000,   25895805,        0,  -18104195,          0
  4686,   131,   44000000,   35199144,        0,   -8800856,          0
  4686,   132,   44000000,   29163341,        0,  -14836659,          0
  4686,   133,   44000000,   25869918,        0,  -18130082,          0
  4686,   134,   44000000,   26264953,        0,  -17735047,          0
  4686,   135,   44000000,   25866332,        0,  -18133668,          0
  4686,   136,   44000000,   25887128,        0,  -18112872,          0
  4686,   137,   44000000,   31634554,        0,  -12365446,          0
  4686,   138,   44000000,   25899477,        0,  -18100523,          0
  4686,   139,   44000000,   25902486,        0,  -18097514,          0
  4686,   140,   44000000,   26250624,        0,  -17749376,          0
  4686,   141,   44000000,   25927865,        0,  -18072135,          0
  4686,   142,   44000000,   25871783,        0,  -18128217,          0
  4686,   143,   44000000,   25886940,        0,  -18113060,          0
  4686,   144,   44000000,   28427970,        0,  -15572030,          0
  4686,   145,   44000000,   25866629,        0,  -18133371,          0
  4686,   146,   44000000,   26970261,        0,  -17029739,          0
  4686,   147,   44000000,   25881401,        0,  -18118599,          0
  4686,   148,   44000000,   26231150,        0,  -17768850,          0
  4686,   149,   44000000,   25900735,        0,  -18099265,          0
  4686,   150,   44000000,   25910958,        0,  -18089042,          0
  4686,   151,   44000000,   26282253,        0,  -17717747,          0
  4686,   152,   44000000,   25973947,        0,  -18026053,          0
  4686,   153,   44000000,   26381691,        0,  -17618309,          0
  4686,   154,   44000000,   26334778,        0,  -17665222,          0
  4686,   155,   44000000,   25852892,        0,  -18147108,          0
  4686,   156,   44000000,   25917421,        0,  -18082579,          0
  4686,   157,   44000000,   26168017,        0,  -17831983,          0
  4686,   158,   44000000,   26264087,        0,  -17735913,          0
  4686,   159,   44000000,   25876192,        0,  -18123808,          0
  4686,   160,   44000000,   28900529,        0,  -15099471,          0
  4686,   161,   44000000,   25883437,        0,  -18116563,          0
  4686,   162,   44000000,   25900783,        0,  -18099217,          0
  4686,   163,   44000000,   25881962,        0,  -18118038,          0
  4686,   164,   44000000,   26329613,        0,  -17670387,          0
  4686,   165,   44000000,   26344871,        0,  -17655129,          0
  4686,   166,   44000000,   25958204,        0,  -18041796,          0
  4686,   167,   44000000,   26958568,        0,  -17041432,          0
  4686,   168,   44000000,   26205659,        0,  -17794341,          0
  4686,   169,   44000000,   25899810,        0,  -18100190,          0
  4686,   170,   44000000,   25893796,        0,  -18106204,          0
  4686,   171,   44000000,   26171839,        0,  -17828161,          0
  4686,   172,   44000000,   25905842,        0,  -18094158,          0
  4686,   173,   44000000,   25919619,        0,  -18080381,          0
  4686,   174,   44000000,   26166665,        0,  -17833335,          0
  4686,   175,   44000000,   26001426,        0,  -17998574,          0
  4686,   176,   44000000,   29353564,        0,  -14646436,          0
  4686,   177,   44000000,   25878569,        0,  -18121431,          0
  4686,   178,   44000000,   25850607,        0,  -18149393,          0
  4686,   179,   44000000,   28335176,        0,  -15664824,          0
  4686,   180,   44000000,   26076082,        0,  -17923918,          0
  4686,   181,   44000000,   25885977,        0,  -18114023,          0
  4686,   182,   44000000,   31690881,        0,  -12309119,          0
  4686,   183,   44000000,   26087649,        0,  -17912351,          0
  4686,   184,   44000000,   25877503,        0,  -18122497,          0
  4686,   185,   44000000,   32978400,        0,  -11021600,          0
  4686,   186,   44000000,   25937473,        0,  -18062527,          0
  4686,   187,   44000000,   25899069,        0,  -18100931,          0
  4686,   188,   44000000,   26206810,        0,  -17793190,          0
  4686,   189,   44000000,   25979045,        0,  -18020955,          0
  4686,   190,   44000000,   25901997,        0,  -18098003,          0
  4686,   191,   44000000,   26179891,        0,  -17820109,          0
  4686,   192,   44000000,   27340202,        0,  -16659798,          0
  4686,   193,   44000000,   25990362,        0,  -18009638,          0
  4686,   194,   44000000,   25971873,        0,  -18028127,          0
  4686,   195,   44000000,   25885021,        0,  -18114979,          0
  4686,   196,   44000000,   27302894,        0,  -16697106,          0
  4686,   197,   44000000,   25881423,        0,  -18118577,          0
  4686,   198,   44000000,   25886747,        0,  -18113253,          0
  4686,   199,   44000000,   28106965,        0,  -15893035,          0
  4686,   200,   44000000,   28409172,        0,  -15590828,          0
  4686,   201,   44000000,   25923226,        0,  -18076774,          0
  4686,   202,   44000000,   26178900,        0,  -17821100,          0
  4686,   203,   44000000,   25917114,        0,  -18082886,          0
  4686,   204,   44000000,   25880938,        0,  -18119062,          0
  4686,   205,   44000000,   26191303,        0,  -17808697,          0
  4686,   206,   44000000,   26783914,        0,  -17216086,          0
  4686,   207,   44000000,   25887722,        0,  -18112278,          0
  4686,   208,   44000000,   26717653,        0,  -17282347,          0
  4686,   209,   44000000,   25881948,        0,  -18118052,          0
  4686,   210,   44000000,   25877216,        0,  -18122784,          0
  4686,   211,   44000000,   26178705,        0,  -17821295,          0
  4686,   212,   44000000,   28256158,        0,  -15743842,          0
  4686,   213,   44000000,   25921104,        0,  -18078896,          0
  4686,   214,   44000000,   25878248,        0,  -18121752,          0
  4686,   215,   44000000,   25862701,        0,  -18137299,          0
  4686,   216,   44000000,   26029285,        0,  -17970715,          0
  4686,   217,   44000000,   25876789,        0,  -18123211,          0
  4686,   218,   44000000,   25879700,        0,  -18120300,          0
  4686,   219,   44000000,   26206126,        0,  -17793874,          0
  4686,   220,   44000000,   25891562,        0,  -18108438,          0
  4686,   221,   44000000,   25952235,        0,  -18047765,          0
  4686,   222,   44000000,   26207347,        0,  -17792653,          0
  4686,   223,   44000000,   34155911,        0,   -9844089,          0
  4686,   224,   44000000,   28902267,        0,  -15097733,          0
  4686,   225,   44000000,   26187041,        0,  -17812959,          0
  4686,   226,   44000000,   25884088,        0,  -18115912,          0
  4686,   227,   44000000,   26048242,        0,  -17951758,          0
  4686,   228,   44000000,   26213387,        0,  -17786613,          0
  4686,   229,   44000000,   25898923,        0,  -18101077,          0
  4686,   230,   44000000,   29844102,        0,  -14155898,          0
  4686,   231,   44000000,   25907913,        0,  -18092087,          0
# task NAME=myapp PID=4691 COST=7887000 PERIOD=74000000 CPU=0
  4691,     2,   74000000,      24062,        0,  -73975938,          0
  4691,     3,   74000000,      98793,        0,  -73901207,          0
  4691,     4,   74000000,    7860369,        0,  -66139631,          0
  4691,     5,   74000000,   10613049,        0,  -63386951,          0
  4691,     6,   74000000,   15224718,        0,  -58775282,          0
  4691,     7,   74000000,    7851354,        0,  -66148646,          0
  4691,     8,   74000000,    7851457,        0,  -66148543,          0
  4691,     9,   74000000,   10438018,        0,  -63561982,          0
  4691,    10,   74000000,    8662946,        0,  -65337054,          0
  4691,    11,   74000000,   10284955,        0,  -63715045,          0
  4691,    12,   74000000,   10577983,        0,  -63422017,          0
  4691,    13,   74000000,    7848841,        0,  -66151159,          0
  4691,    14,   74000000,    7849528,        0,  -66150472,          0
  4691,    15,   74000000,    7847008,        0,  -66152992,          0
  4691,    16,   74000000,    7923435,        0,  -66076565,          0
  4691,    17,   74000000,   13502554,        0,  -60497446,          0
  4691,    18,   74000000,    7876005,        0,  -66123995,          0
  4691,    19,   74000000,    7896962,        0,  -66103038,          0
  4691,    20,   74000000,    8284113,        0,  -65715887,          0
  4691,    21,   74000000,    7931875,        0,  -66068125,          0
  4691,    22,   74000000,    7919853,        0,  -66080147,          0
  4691,    23,   74000000,    8555507,        0,  -65444493,          0
  4691,    24,   74000000,    7906810,        0,  -66093190,          0
  4691,    25,   74000000,    7894185,        0,  -66105815,          0
  4691,    26,   74000000,    8130934,        0,  -65869066,          0
  4691,    27,   74000000,    8548713,        0,  -65451287,          0
  4691,    28,   74000000,    7870195,        0,  -66129805,          0
  4691,    29,   74000000,    7873539,        0,  -66126461,          0
  4691,    30,   74000000,   10402245,        0,  -63597755,          0
  4691,    31,   74000000,    7944434,        0,  -66055566,          0
  4691,    32,   74000000,    8391844,        0,  -65608156,          0
  4691,    33,   74000000,    7904938,        0,  -66095062,          0
  4691,    34,   74000000,    7883433,        0,  -66116567,          0
  4691,    35,   74000000,   14333897,        0,  -59666103,          0
  4691,    36,   74000000,    7865582,        0,  -66134418,          0
  4691,    37,   74000000,    7846140,        0,  -66153860,          0
  4691,    38,   74000000,    7851319,        0,  -66148681,          0
  4691,    39,   74000000,   10750122,        0,  -63249878,          0
  4691,    40,   74000000,    7864244,        0,  -66135756,          0
  4691,    41,   74000000,    8570325,        0,  -65429675,          0
  4691,    42,   74000000,    7897135,        0,  -66102865,          0
  4691,    43,   74000000,   10378868,        0,  -63621132,          0
  4691,    44,   74000000,    7904670,        0,  -66095330,          0
  4691,    45,   74000000,    9961320,        0,  -64038680,          0
  4691,    46,   74000000,    7864409,        0,  -66135591,          0
  4691,    47,   74000000,   13405187,        0,  -60594813,          0
  4691,    48,   74000000,    8001070,        0,  -65998930,          0
  4691,    49,   74000000,   18304150,        0,  -55695850,          0
  4691,    50,   74000000,    7882628,        0,  -66117372,          0
  4691,    51,   74000000,    8002140,        0,  -65997860,          0
  4691,    52,   74000000,    7853327,        0,  -66146673,          0
  4691,    53,   74000000,   20149639,        0,  -53850361,          0
  4691,    54,   74000000,    8176723,        0,  -65823277,          0
  4691,    55,   74000000,    7897750,        0,  -66102250,          0
  4691,    56,   74000000,    7902955,        0,  -66097045,          0
  4691,    57,   74000000,    7848425,        0,  -66151575,          0
  4691,    58,   74000000,    9118152,        0,  -64881848,          0
  4691,    59,   74000000,    8048883,        0,  -65951117,          0
  4691,    60,   74000000,   11173790,        0,  -62826210,          0
  4691,    61,   74000000,    7862971,        0,  -66137029,          0
  4691,    62,   74000000,    7855989,        0,  -66144011,          0
  4691,    63,   74000000,   12061474,        0,  -61938526,          0
  4691,    64,   74000000,   11657998,        0,  -62342002,          0
  4691,    65,   74000000,    7852393,        0,  -66147607,          0
  4691,    66,   74000000,    7849724,        0,  -66150276,          0
  4691,    67,   74000000,    8736746,        0,  -65263254,          0
  4691,    68,   74000000,    7993396,        0,  -66006604,          0
  4691,    69,   74000000,    8481813,        0,  -65518187,          0
  4691,    70,   74000000,    7924620,        0,  -66075380,          0
  4691,    71,   74000000,   16955990,        0,  -57044010,          0
  4691,    72,   74000000,    7859720,        0,  -66140280,          0
  4691,    73,   74000000,    7885547,        0,  -66114453,          0
  4691,    74,   74000000,   11289947,        0,  -62710053,          0
  4691,    75,   74000000,    7851303,        0,  -66148697,          0
  4691,    76,   74000000,    8144053,        0,  -65855947,          0
  4691,    77,   74000000,   12378309,        0,  -61621691,          0
  4691,    78,   74000000,    7861179,        0,  -66138821,          0
  4691,    79,   74000000,    7847372,        0,  -66152628,          0
  4691,    80,   74000000,    7852138,        0,  -66147862,          0
  4691,    81,   74000000,    8195582,        0,  -65804418,          0
  4691,    82,   74000000,   12819357,        0,  -61180643,          0
  4691,    83,   74000000,    7894402,        0,  -66105598,          0
  4691,    84,   74000000,    7970785,        0,  -66029215,          0
  4691,    85,   74000000,    7853410,        0,  -66146590,          0
  4691,    86,   74000000,   18695340,        0,  -55304660,          0
  4691,    87,   74000000,    7937382,        0,  -66062618,          0
  4691,    88,   74000000,    7852007,        0,  -66147993,          0
  4691,    89,   74000000,   11011189,        0,  -62988811,          0
  4691,    90,   74000000,   23011475,        0,  -50988525,          0
  4691,    91,   74000000,   11850000,        0,  -62150000,          0
  4691,    92,   74000000,    9697989,        0,  -64302011,          0
  4691,    93,   74000000,    7849438,        0,  -66150562,          0
  4691,    94,   74000000,   12338535,        0,  -61661465,          0
  4691,    95,   74000000,    7930699,        0,  -66069301,          0
  4691,    96,   74000000,   11655009,        0,  -62344991,          0
  4691,    97,   74000000,    7850631,        0,  -66149369,          0
  4691,    98,   74000000,    9913698,        0,  -64086302,          0
  4691,    99,   74000000,    8016453,        0,  -65983547,          0
  4691,   100,   74000000,   10329348,        0,  -63670652,          0
  4691,   101,   74000000,    7865098,        0,  -66134902,          0
  4691,   102,   74000000,    7879357,        0,  -66120643,          0
  4691,   103,   74000000,    8610406,        0,  -65389594,          0
  4691,   104,   74000000,    7877692,        0,  -66122308,          0
  4691,   105,   74000000,   10037757,        0,  -63962243,          0
  4691,   106,   74000000,    7867443,        0,  -66132557,          0
  4691,   107,   74000000,    8091623,        0,  -65908377,          0
  4691,   108,   74000000,    7857488,        0,  -66142512,          0
  4691,   109,   74000000,    9152489,        0,  -64847511,          0
  4691,   110,   74000000,    7846073,        0,  -66153927,          0
  4691,   111,   74000000,    7851006,        0,  -66148994,          0
  4691,   112,   74000000,   13134130,        0,  -60865870,          0
  4691,   113,   74000000,    7895408,        0,  -66104592,          0
  4691,   114,   74000000,    8597631,        0,  -65402369,          0
  4691,   115,   74000000,    7898184,        0,  -66101816,          0
  4691,   116,   74000000,    7854600,        0,  -66145400,          0
  4691,   117,   74000000,    7857869,        0,  -66142131,          0
  4691,   118,   74000000,    9104584,        0,  -64895416,          0
  4691,   119,   74000000,    7847448,        0,  -66152552,          0
  4691,   120,   74000000,    7866410,        0,  -66133590,          0
  4691,   121,   74000000,    9453122,        0,  -64546878,          0
  4691,   122,   74000000,    7912763,        0,  -66087237,          0
  4691,   123,   74000000,    7951812,        0,  -66048188,          0
  4691,   124,   74000000,    7880159,        0,  -66119841,          0
  4691,   125,   74000000,   13558074,        0,  -60441926,          0
  4691,   126,   74000000,    8000672,        0,  -65999328,          0
  4691,   127,   74000000,    9040933,        0,  -64959067,          0
  4691,   128,   74000000,   13676806,        0,  -60323194,          0
  4691,   129,   74000000,    7849167,        0,  -66150833,          0
  4691,   130,   74000000,   12710683,        0,  -61289317,          0
  4691,   131,   74000000,    7874514,        0,  -66125486,          0
  4691,   132,   74000000,    7850938,        0,  -66149062,          0
  4691,   133,   74000000,    7861598,        0,  -66138402,          0
  4691,   134,   74000000,    7864343,        0,  -66135657,          0
  4691,   135,   74000000,    7863385,        0,  -66136615,          0
  4691,   136,   74000000,    8072795,        0,  -65927205,          0
  4691,   137,   74000000,   17332755,        0,  -56667245,          0
  4691,   138,   74000000,    7849879,        0,  -66150121,          0
  4691,   139,   74000000,    7958310,        0,  -66041690,          0
