# Task,   Job,     Period,   Response, DL Miss?,   Lateness,  Tardiness
# task NAME=myapp PID=31886 COST=76278000 PERIOD=88000000 CPU=0
 31886,     2,   88000000,       2899,        0,  -87997101,          0
 31886,     3,   88000000,      90501,        0,  -87909499,          0
 31886,     4,   88000000,   84820769,        0,   -3179231,          0
 31886,     5,   88000000,   91204741,        1,    3204741,    3204741
 31886,     6,   88000000,   78864357,        0,   -9135643,          0
 31886,     7,   88000000,  124840197,        1,   36840197,   36840197
 31886,     8,   88000000,  122967771,        1,   34967771,   34967771
 31886,     9,   88000000,  121415449,        1,   33415449,   33415449
 31886,    10,   88000000,  301542411,        1,  213542411,  213542411
 31886,    11,   88000000,  289180667,        1,  201180667,  201180667
 31886,    12,   88000000,  276572371,        1,  188572371,  188572371
 31886,    13,   88000000,  309058527,        1,  221058527,  221058527
 31886,    14,   88000000,  296737923,        1,  208737923,  208737923
 31886,    15,   88000000,  284443272,        1,  196443272,  196443272
 31886,    16,   88000000,  274345770,        1,  186345770,  186345770
 31886,    17,   88000000,  309157036,        1,  221157036,  221157036
 31886,    18,   88000000,  296855317,        1,  208855317,  208855317
 31886,    19,   88000000,  415839874,        1,  327839874,  327839874
 31886,    20,   88000000,  403499463,        1,  315499463,  315499463
 31886,    21,   88000000,  411600197,        1,  323600197,  323600197
 31886,    22,   88000000,  398976949,        1,  310976949,  310976949
 31886,    23,   88000000,  397106148,        1,  309106148,  309106148
 31886,    24,   88000000,  417946157,        1,  329946157,  329946157
 31886,    25,   88000000,  513082579,        1,  425082579,  425082579
 31886,    26,   88000000,  661754366,        1,  573754366,  573754366
 31886,    27,   88000000,  662315583,        1,  574315583,  574315583
 31886,    28,   88000000,  655851209,        1,  567851209,  567851209
 31886,    29,   88000000,  643968810,        1,  555968810,  555968810
 31886,    30,   88000000,  633053271,        1,  545053271,  545053271
 31886,    31,   88000000,  739252570,        1,  651252570,  651252570
 31886,    32,   88000000,  726931805,        1,  638931805,  638931805
 31886,    33,   88000000,  714595618,        1,  626595618,  626595618
 31886,    34,   88000000,  812461141,        1,  724461141,  724461141
 31886,    35,   88000000,  902046299,        1,  814046299,  814046299
 31886,    36,   88000000,  889381158,        1,  801381158,  801381158
 31886,    37,   88000000,  877696293,        1,  789696293,  789696293
 31886,    38,   88000000,  865264092,        1,  777264092,  777264092
 31886,    39,   88000000,  852903862,        1,  764903862,  764903862
 31886,    40,   88000000, 1116580200,        1, 1028580200, 1028580200
 31886,    41,   88000000, 1193398305,        1, 1105398305, 1105398305
 31886,    42,   88000000, 1181018305,        1, 1093018305, 1093018305
 31886,    43,   88000000, 1210737278,        1, 1122737278, 1122737278
 31886,    44,   88000000, 1198130880,        1, 1110130880, 1110130880
 31886,    45,   88000000, 1287475240,        1, 1199475240, 1199475240
 31886,    46,   88000000, 1274868008,        1, 1186868008, 1186868008
 31886,    47,   88000000, 1418584063,        1, 1330584063, 1330584063
 31886,    48,   88000000, 1406262434,        1, 1318262434, 1318262434
 31886,    49,   88000000, 1393615010,        1, 1305615010, 1305615010
 31886,    50,   88000000, 1405127871,        1, 1317127871, 1317127871
 31886,    51,   88000000, 1475312732,        1, 1387312732, 1387312732
 31886,    52,   88000000, 1475203335,        1, 1387203335, 1387203335
 31886,    53,   88000000, 1550019054,        1, 1462019054, 1462019054
 31886,    54,   88000000, 1566333882,        1, 1478333882, 1478333882
 31886,    55,   88000000, 1565888490,        1, 1477888490, 1477888490
 31886,    56,   88000000, 1602873528,        1, 1514873528, 1514873528
 31886,    57,   88000000, 1590534936,        1, 1502534936, 1502534936
 31886,    58,   88000000, 1577867275,        1, 1489867275, 1489867275
 31886,    59,   88000000, 1603828483,        1, 1515828483, 1515828483
 31886,    60,   88000000, 1651564715,        1, 1563564715, 1563564715
 31886,    61,   88000000, 1640355601,        1, 1552355601, 1552355601
 31886,    62,   88000000, 1627702474,        1, 1539702474, 1539702474
 31886,    63,   88000000, 1619580062,        1, 1531580062, 1531580062
 31886,    64,   88000000, 1613046056,        1, 1525046056, 1525046056
 31886,    65,   88000000, 1600396812,        1, 1512396812, 1512396812
 31886,    66,   88000000, 1594591570,        1, 1506591570, 1506591570
 31886,    67,   88000000, 1651650529,        1, 1563650529, 1563650529
 31886,    68,   88000000, 1777966038,        1, 1689966038, 1689966038
 31886,    69,   88000000, 1827126710,        1, 1739126710, 1739126710
 31886,    70,   88000000, 1827984352,        1, 1739984352, 1739984352
 31886,    71,   88000000, 1826905979,        1, 1738905979, 1738905979
 31886,    72,   88000000, 1827387172,        1, 1739387172, 1739387172
 31886,    73,   88000000, 1815028732,        1, 1727028732, 1727028732
 31886,    74,   88000000, 1904419980,        1, 1816419980, 1816419980
 31886,    75,   88000000, 1894906642,        1, 1806906642, 1806906642
 31886,    76,   88000000, 1897245868,        1, 1809245868, 1809245868
 31886,    77,   88000000, 1885234027,        1, 1797234027, 1797234027
 31886,    78,   88000000, 1980936113,        1, 1892936113, 1892936113
 31886,    79,   88000000, 1997869407,        1, 1909869407, 1909869407
 31886,    80,   88000000, 1988291292,        1, 1900291292, 1900291292
 31886,    81,   88000000, 2027093661,        1, 1939093661, 1939093661
 31886,    82,   88000000, 2023192461,        1, 1935192461, 1935192461
 31886,    83,   88000000, 2010612673,        1, 1922612673, 1922612673
 31886,    84,   88000000, 1998223106,        1, 1910223106, 1910223106
 31886,    85,   88000000, 2036453129,        1, 1948453129, 1948453129
 31886,    86,   88000000, 2134244886,        1, 2046244886, 2046244886
 31886,    87,   88000000, 2121901805,        1, 2033901805, 2033901805
# task NAME=myapp PID=31890 COST=9135000 PERIOD=13000000 CPU=0
 31890,     2,   13000000,      13622,        0,  -12986378,          0
 31890,     3,   13000000,      96772,        0,  -12903228,          0
 31890,     4,   13000000,    9097070,        0,   -3902930,          0
 31890,     5,   13000000,    9060885,        0,   -3939115,          0
 31890,     6,   13000000,   10080150,        0,   -2919850,          0
 31890,     7,   13000000,   14300688,        1,    1300688,    1300688
 31890,     8,   13000000,   10325385,        0,   -2674615,          0
 31890,     9,   13000000,   13081824,        1,      81824,      81824
 31890,    10,   13000000,    9130918,        0,   -3869082,          0
 31890,    11,   13000000,    9391265,        0,   -3608735,          0
 31890,    12,   13000000,   23963673,        1,   10963673,   10963673
 31890,    13,   13000000,   20165033,        1,    7165033,    7165033
 31890,    14,   13000000,   16366277,        1,    3366277,    3366277
 31890,    15,   13000000,   12543735,        0,    -456265,          0
 31890,    16,   13000000,    9218181,        0,   -3781819,          0
 31890,    17,   13000000,   18577713,        1,    5577713,    5577713
 31890,    18,   13000000,   14913853,        1,    1913853,    1913853
 31890,    19,   13000000,   10975301,        0,   -2024699,          0
 31890,    20,   13000000,   15920477,        1,    2920477,    2920477
 31890,    21,   13000000,   11970605,        0,   -1029395,          0
 31890,    22,   13000000,   65099217,        1,   52099217,   52099217
 31890,    23,   13000000,   61161051,        1,   48161051,   48161051
 31890,    24,   13000000,   57196847,        1,   44196847,   44196847
 31890,    25,   13000000,   53519166,        1,   40519166,   40519166
 31890,    26,   13000000,   49549010,        1,   36549010,   36549010
 31890,    27,   13000000,   45576901,        1,   32576901,   32576901
 31890,    28,   13000000,   41601725,        1,   28601725,   28601725
 31890,    29,   13000000,   37628274,        1,   24628274,   24628274
 31890,    30,   13000000,   33653106,        1,   20653106,   20653106
 31890,    31,   13000000,   29678511,        1,   16678511,   16678511
 31890,    32,   13000000,   25712613,        1,   12712613,   12712613
 31890,    33,   13000000,   21751765,        1,    8751765,    8751765
 31890,    34,   13000000,   17789552,        1,    4789552,    4789552
 31890,    35,   13000000,   13822451,        1,     822451,     822451
 31890,    36,   13000000,   29604323,        1,   16604323,   16604323
 31890,    37,   13000000,  104420984,        1,   91420984,   91420984
 31890,    38,   13000000,  160516231,        1,  147516231,  147516231
 31890,    39,   13000000,  179056273,        1,  166056273,  166056273
 31890,    40,   13000000,  175361533,        1,  162361533,  162361533
 31890,    41,   13000000,  171660716,        1,  158660716,  158660716
 31890,    42,   13000000,  167957512,        1,  154957512,  154957512
 31890,    43,   13000000,  164297180,        1,  151297180,  151297180
 31890,    44,   13000000,  180452251,        1,  167452251,  167452251
 31890,    45,   13000000,  190250622,        1,  177250622,  177250622
 31890,    46,   13000000,  186428213,        1,  173428213,  173428213
 31890,    47,   13000000,  182599373,        1,  169599373,  169599373
 31890,    48,   13000000,  178792068,        1,  165792068,  165792068
 31890,    49,   13000000,  174968645,        1,  161968645,  161968645
 31890,    50,   13000000,  171167326,        1,  158167326,  158167326
 31890,    51,   13000000,  167347559,        1,  154347559,  154347559
 31890,    52,   13000000,  163494282,        1,  150494282,  150494282
 31890,    53,   13000000,  159524828,        1,  146524828,  146524828
 31890,    54,   13000000,  155557518,        1,  142557518,  142557518
 31890,    55,   13000000,  151592366,        1,  138592366,  138592366
 31890,    56,   13000000,  147900537,        1,  134900537,  134900537
 31890,    57,   13000000,  143924869,        1,  130924869,  130924869
 31890,    58,   13000000,  139952758,        1,  126952758,  126952758
 31890,    59,   13000000,  135976906,        1,  122976906,  122976906
 31890,    60,   13000000,  132004455,        1,  119004455,  119004455
 31890,    61,   13000000,  128035225,        1,  115035225,  115035225
 31890,    62,   13000000,  129418135,        1,  116418135,  116418135
 31890,    63,   13000000,  125458282,        1,  112458282,  112458282
 31890,    64,   13000000,  121489743,        1,  108489743,  108489743
 31890,    65,   13000000,  117524168,        1,  104524168,  104524168
 31890,    66,   13000000,  113557422,        1,  100557422,  100557422
 31890,    67,   13000000,  109587344,        1,   96587344,   96587344
 31890,    68,   13000000,  152405807,        1,  139405807,  139405807
 31890,    69,   13000000,  149054830,        1,  136054830,  136054830
 31890,    70,   13000000,  179135836,        1,  166135836,  166135836
 31890,    71,   13000000,  175280427,        1,  162280427,  162280427
 31890,    72,   13000000,  172696463,        1,  159696463,  159696463
 31890,    73,   13000000,  168866318,        1,  155866318,  155866318
 31890,    74,   13000000,  167724439,        1,  154724439,  154724439
 31890,    75,   13000000,  163896693,        1,  150896693,  150896693
 31890,    76,   13000000,  162461184,        1,  149461184,  149461184
 31890,    77,   13000000,  158632826,        1,  145632826,  145632826
 31890,    78,   13000000,  194898912,        1,  181898912,  181898912
 31890,    79,   13000000,  193425440,        1,  180425440,  180425440
 31890,    80,   13000000,  189616880,        1,  176616880,  176616880
 31890,    81,   13000000,  187075641,        1,  174075641,  174075641
 31890,    82,   13000000,  183407777,        1,  170407777,  170407777
 31890,    83,   13000000,  179433100,        1,  166433100,  166433100
 31890,    84,   13000000,  175461262,        1,  162461262,  162461262
 31890,    85,   13000000,  171502948,        1,  158502948,  158502948
 31890,    86,   13000000,  167529925,        1,  154529925,  154529925
 31890,    87,   13000000,  174167315,        1,  161167315,  161167315
 31890,    88,   13000000,  170196906,        1,  157196906,  157196906
 31890,    89,   13000000,  166228105,        1,  153228105,  153228105
 31890,    90,   13000000,  162264647,        1,  149264647,  149264647
 31890,    91,   13000000,  158303623,        1,  145303623,  145303623
 31890,    92,   13000000,  154340227,        1,  141340227,  141340227
 31890,    93,   13000000,  179569941,        1,  166569941,  166569941
 31890,    94,   13000000,  205321847,        1,  192321847,  192321847
 31890,    95,   13000000,  201357226,        1,  188357226,  188357226
 31890,    96,   13000000,  197387236,        1,  184387236,  184387236
 31890,    97,   13000000,  193416885,        1,  180416885,  180416885
 31890,    98,   13000000,  189440869,        1,  176440869,  176440869
 31890,    99,   13000000,  185465444,        1,  172465444,  172465444
 31890,   100,   13000000,  181490292,        1,  168490292,  168490292
 31890,   101,   13000000,  177513151,        1,  164513151,  164513151
 31890,   102,   13000000,  173815666,        1,  160815666,  160815666
 31890,   103,   13000000,  169836239,        1,  156836239,  156836239
 31890,   104,   13000000,  165858010,        1,  152858010,  152858010
 31890,   105,   13000000,  161888196,        1,  148888196,  148888196
 31890,   106,   13000000,  157919531,        1,  144919531,  144919531
 31890,   107,   13000000,  153951079,        1,  140951079,  140951079
 31890,   108,   13000000,  195395828,        1,  182395828,  182395828
 31890,   109,   13000000,  191433098,        1,  178433098,  178433098
 31890,   110,   13000000,  187468076,        1,  174468076,  174468076
 31890,   111,   13000000,  183786895,        1,  170786895,  170786895
 31890,   112,   13000000,  179818839,        1,  166818839,  166818839
 31890,   113,   13000000,  175846440,        1,  162846440,  162846440
 31890,   114,   13000000,  171875006,        1,  158875006,  158875006
 31890,   115,   13000000,  167901462,        1,  154901462,  154901462
 31890,   116,   13000000,  163929682,        1,  150929682,  150929682
 31890,   117,   13000000,  236540783,        1,  223540783,  223540783
 31890,   118,   13000000,  297132830,        1,  284132830,  284132830
 31890,   119,   13000000,  302647914,        1,  289647914,  289647914
 31890,   120,   13000000,  301098031,        1,  288098031,  288098031
 31890,   121,   13000000,  297372466,        1,  284372466,  284372466
 31890,   122,   13000000,  296384335,        1,  283384335,  283384335
 31890,   123,   13000000,  292661485,        1,  279661485,  279661485
 31890,   124,   13000000,  288934620,        1,  275934620,  275934620
 31890,   125,   13000000,  287611758,        1,  274611758,  274611758
 31890,   126,   13000000,  283934634,        1,  270934634,  270934634
 31890,   127,   13000000,  282626657,        1,  269626657,  269626657
 31890,   128,   13000000,  278940973,        1,  265940973,  265940973
 31890,   129,   13000000,  277625078,        1,  264625078,  264625078
 31890,   130,   13000000,  273900492,        1,  260900492,  260900492
 31890,   131,   13000000,  272608592,        1,  259608592,  259608592
 31890,   132,   13000000,  268889068,        1,  255889068,  255889068
 31890,   133,   13000000,  267571178,        1,  254571178,  254571178
 31890,   134,   13000000,  264215750,        1,  251215750,  251215750
 31890,   135,   13000000,  260492160,        1,  247492160,  247492160
 31890,   136,   13000000,  259043036,        1,  246043036,  246043036
 31890,   137,   13000000,  255071445,        1,  242071445,  242071445
 31890,   156,   13000000,  281266816,        1,  268266816,  268266816
 31890,   157,   13000000,  277306321,        1,  264306321,  264306321
 31890,   158,   13000000,  273337536,        1,  260337536,  260337536
 31890,   159,   13000000,  269368030,        1,  256368030,  256368030
 31890,   160,   13000000,  265402057,        1,  252402057,  252402057
 31890,   161,   13000000,  261432707,        1,  248432707,  248432707
 31890,   162,   13000000,  257734711,        1,  244734711,  244734711
 31890,   163,   13000000,  254052425,        1,  241052425,  241052425
 31890,   164,   13000000,  250080234,        1,  237080234,  237080234
 31890,   165,   13000000,  301660555,        1,  288660555,  288660555
 31890,   166,   13000000,  297693289,        1,  284693289,  284693289
 31890,   167,   13000000,  293726600,        1,  280726600,  280726600
 31890,   168,   13000000,  289758256,        1,  276758256,  276758256
 31890,   169,   13000000,  285788180,        1,  272788180,  272788180
 31890,   170,   13000000,  281815644,        1,  268815644,  268815644
 31890,   171,   13000000,  278137297,        1,  265137297,  265137297
 31890,   172,   13000000,  274165567,        1,  261165567,  261165567
 31890,   173,   13000000,  377164635,        1,  364164635,  364164635
 31890,   174,   13000000,  415429022,        1,  402429022,  402429022
 31890,   182,   13000000,  384901386,        1,  371901386,  371901386
 31890,   183,   13000000,  380934132,        1,  367934132,  367934132
 31890,   184,   13000000,  376964680,        1,  363964680,  363964680
# task NAME=myapp PID=31893 COST=77357000 PERIOD=87000000 CPU=0
 31893,     2,   87000000,      13412,        0,  -86986588,          0
 31893,     3,   87000000,      93479,        0,  -86906521,          0
 31893,     4,   87000000,  116728622,        1,   29728622,   29728622
 31893,     5,   87000000,  119337632,        1,   32337632,   32337632
 31893,     6,   87000000,  155915381,        1,   68915381,   68915381
 31893,     7,   87000000,  145703032,        1,   58703032,   58703032
 31893,     8,   87000000,  228501219,        1,  141501219,  141501219
 31893,     9,   87000000,  243805611,        1,  156805611,  156805611
 31893,    10,   87000000,  285646540,        1,  198646540,  198646540
 31893,    11,   87000000,  312192100,        1,  225192100,  225192100
 31893,    12,   87000000,  385888418,        1,  298888418,  298888418
 31893,    13,   87000000,  431057990,        1,  344057990,  344057990
 31893,    14,   87000000,  522410670,        1,  435410670,  435410670
 31893,    15,   87000000,  512547124,        1,  425547124,  425547124
 31893,    16,   87000000,  567809853,        1,  480809853,  480809853
 31893,    17,   87000000,  557640400,        1,  470640400,  470640400
 31893,    18,   87000000,  633870489,        1,  546870489,  546870489
 31893,    19,   87000000,  733686649,        1,  646686649,  646686649
 31893,    20,   87000000,  801200639,        1,  714200639,  714200639
 31893,    21,   87000000,  791286299,        1,  704286299,  704286299
 31893,    22,   87000000,  789781726,        1,  702781726,  702781726
 31893,    23,   87000000,  779540835,        1,  692540835,  692540835
 31893,    24,   87000000,  769249528,        1,  682249528,  682249528
 31893,    25,   87000000,  934829558,        1,  847829558,  847829558
 31893,    26,   87000000,  941210416,        1,  854210416,  854210416
 31893,    27,   87000000,  930883021,        1,  843883021,  843883021
 31893,    28,   87000000,  996792982,        1,  909792982,  909792982
 31893,    29,   87000000, 1095307485,        1, 1008307485, 1008307485
 31893,    30,   87000000, 1106886704,        1, 1019886704, 1019886704
 31893,    31,   87000000, 1183026083,        1, 1096026083, 1096026083
 31893,    32,   87000000, 1249779795,        1, 1162779795, 1162779795
 31893,    33,   87000000, 1304690479,        1, 1217690479, 1217690479
 31893,    34,   87000000, 1297118602,        1, 1210118602, 1210118602
 31893,    35,   87000000, 1347667275,        1, 1260667275, 1260667275
 31893,    36,   87000000, 1337356091,        1, 1250356091, 1250356091
 31893,    37,   87000000, 1356097247,        1, 1269097247, 1269097247
 31893,    38,   87000000, 1345773625,        1, 1258773625, 1258773625
 31893,    39,   87000000, 1394722735,        1, 1307722735, 1307722735
 31893,    40,   87000000, 1397399520,        1, 1310399520, 1310399520
 31893,    41,   87000000, 1400144968,        1, 1313144968, 1313144968
 31893,    42,   87000000, 1611329684,        1, 1524329684, 1524329684
 31893,    43,   87000000, 1600834319,        1, 1513834319, 1513834319
 31893,    44,   87000000, 1590593849,        1, 1503593849, 1503593849
 31893,    45,   87000000, 1580356705,        1, 1493356705, 1493356705
 31893,    46,   87000000, 1569867272,        1, 1482867272, 1482867272
 31893,    47,   87000000, 1621525466,        1, 1534525466, 1534525466
 31893,    48,   87000000, 1689091377,        1, 1602091377, 1602091377
 31893,    49,   87000000, 1705824421,        1, 1618824421, 1618824421
 31893,    50,   87000000, 1695572395,        1, 1608572395, 1608572395
 31893,    51,   87000000, 1686223125,        1, 1599223125, 1599223125
 31893,    52,   87000000, 1704888974,        1, 1617888974, 1617888974
 31893,    53,   87000000, 1703354637,        1, 1616354637, 1616354637
 31893,    54,   87000000, 1694076509,        1, 1607076509, 1607076509
 31893,    55,   87000000, 1685257590,        1, 1598257590, 1598257590
 31893,    56,   87000000, 1703370904,        1, 1616370904, 1616370904
 31893,    57,   87000000, 1693106379,        1, 1606106379, 1606106379
 31893,    58,   87000000, 1757357731,        1, 1670357731, 1670357731
 31893,    59,   87000000, 1786310130,        1, 1699310130, 1699310130
 31893,    60,   87000000, 1899188253,        1, 1812188253, 1812188253
 31893,    61,   87000000, 1925892304,        1, 1838892304, 1838892304
 31893,    62,   87000000, 2000575389,        1, 1913575389, 1913575389
 31893,    63,   87000000, 2059424219,        1, 1972424219, 1972424219
 31893,    64,   87000000, 2049142907,        1, 1962142907, 1962142907
 31893,    65,   87000000, 2038521096,        1, 1951521096, 1951521096
 31893,    66,   87000000, 2028202436,        1, 1941202436, 1941202436
 31893,    67,   87000000, 2037802707,        1, 1950802707, 1950802707
 31893,    68,   87000000, 2147966539,        1, 2060966539, 2060966539
 31893,    69,   87000000, 2270759750,        1, 2183759750, 2183759750
 31893,    70,   87000000, 2260495601,        1, 2173495601, 2173495601
 31893,    71,   87000000, 2259882124,        1, 2172882124, 2172882124
 31893,    72,   87000000, 2257425577,        1, 2170425577, 2170425577
 31893,    73,   87000000, 2274956810,        1, 2187956810, 2187956810
 31893,    74,   87000000, 2476799042,        1, 2389799042, 2389799042
 31893,    75,   87000000, 2496252916,        1, 2409252916, 2409252916
 31893,    76,   87000000, 2485971924,        1, 2398971924, 2398971924
 31893,    77,   87000000, 2558292886,        1, 2471292886, 2471292886
# task NAME=myapp PID=31897 COST=14127000 PERIOD=20000000 CPU=0
 31897,     2,   20000000,      13615,        0,  -19986385,          0
 31897,     3,   20000000,      80473,        0,  -19919527,          0
 31897,     4,   20000000,   13982505,        0,   -6017495,          0
 31897,     5,   20000000,   16495669,        0,   -3504331,          0
 31897,     6,   20000000,   13992084,        0,   -6007916,          0
 31897,     7,   20000000,   14647190,        0,   -5352810,          0
 31897,     8,   20000000,   14020002,        0,   -5979998,          0
 31897,     9,   20000000,   14460280,        0,   -5539720,          0
 31897,    10,   20000000,   51235189,        1,   31235189,   31235189
 31897,    11,   20000000,   45207911,        1,   25207911,   25207911
 31897,    12,   20000000,   39513676,        1,   19513676,   19513676
 31897,    13,   20000000,   33475643,        1,   13475643,   13475643
 31897,    14,   20000000,   27452128,        1,    7452128,    7452128
 31897,    15,   20000000,   75746801,        1,   55746801,   55746801
 31897,    16,   20000000,  142736770,        1,  122736770,  122736770
 31897,    17,   20000000,  136712933,        1,  116712933,  116712933
 31897,    18,   20000000,  130681604,        1,  110681604,  110681604
 31897,    19,   20000000,  124643013,        1,  104643013,  104643013
 31897,    20,   20000000,  118887886,        1,   98887886,   98887886
 31897,    21,   20000000,  112840392,        1,   92840392,   92840392
 31897,    22,   20000000,  106796205,        1,   86796205,   86796205
 31897,    23,   20000000,  100748579,        1,   80748579,   80748579
 31897,    24,   20000000,   94706321,        1,   74706321,   74706321
 31897,    25,   20000000,   88662698,        1,   68662698,   68662698
 31897,    26,   20000000,   82610647,        1,   62610647,   62610647
 31897,    27,   20000000,   76558462,        1,   56558462,   56558462
 31897,    28,   20000000,   70500392,        1,   50500392,   50500392
 31897,    29,   20000000,   64725084,        1,   44725084,   44725084
 31897,    30,   20000000,   58669831,        1,   38669831,   38669831
 31897,    31,   20000000,   52618502,        1,   32618502,   32618502
 31897,    32,   20000000,   46563430,        1,   26563430,   26563430
 31897,    33,   20000000,   40514787,        1,   20514787,   20514787
 31897,    34,   20000000,   34467601,        1,   14467601,   14467601
 31897,    35,   20000000,   28423579,        1,    8423579,    8423579
 31897,    36,   20000000,   22379323,        1,    2379323,    2379323
 31897,    37,   20000000,   16333573,        0,   -3666427,          0
 31897,    38,   20000000,   43113644,        1,   23113644,   23113644
 31897,    39,   20000000,   37075044,        1,   17075044,   17075044
 31897,    40,   20000000,   31039414,        1,   11039414,   11039414
 31897,    41,   20000000,   24990711,        1,    4990711,    4990711
 31897,    42,   20000000,   18951471,        0,   -1048529,          0
 31897,    43,   20000000,   17208617,        0,   -2791383,          0
 31897,    44,   20000000,   83330643,        1,   63330643,   63330643
 31897,    45,   20000000,   77295296,        1,   57295296,   57295296
 31897,    46,   20000000,   71255696,        1,   51255696,   51255696
 31897,    47,   20000000,   65220051,        1,   45220051,   45220051
 31897,    48,   20000000,   99488534,        1,   79488534,   79488534
 31897,    49,   20000000,   99763487,        1,   79763487,   79763487
 31897,    50,   20000000,  117319877,        1,   97319877,   97319877
 31897,    51,   20000000,  111284931,        1,   91284931,   91284931
 31897,    52,   20000000,  105536948,        1,   85536948,   85536948
 31897,    53,   20000000,  187357716,        1,  167357716,  167357716
 31897,    54,   20000000,  181330505,        1,  161330505,  161330505
 31897,    55,   20000000,  245153467,        1,  225153467,  225153467
 31897,    56,   20000000,  239128541,        1,  219128541,  219128541
 31897,    57,   20000000,  233098531,        1,  213098531,  213098531
 31897,    58,   20000000,  227063944,        1,  207063944,  207063944
 31897,    59,   20000000,  281625329,        1,  261625329,  261625329
 31897,    60,   20000000,  282151995,        1,  262151995,  262151995
 31897,    61,   20000000,  278716819,        1,  258716819,  258716819
 31897,    62,   20000000,  299048887,        1,  279048887,  279048887
 31897,    63,   20000000,  356818060,        1,  336818060,  336818060
 31897,    64,   20000000,  350790612,        1,  330790612,  330790612
 31897,    65,   20000000,  345054485,        1,  325054485,  325054485
 31897,    66,   20000000,  339020323,        1,  319020323,  319020323
 31897,    67,   20000000,  332970350,        1,  312970350,  312970350
 31897,    68,   20000000,  326928849,        1,  306928849,  306928849
 31897,    69,   20000000,  320886354,        1,  300886354,  300886354
 31897,    70,   20000000,  314834450,        1,  294834450,  294834450
 31897,    71,   20000000,  308784241,        1,  288784241,  288784241
 31897,    72,   20000000,  302741554,        1,  282741554,  282741554
 31897,    73,   20000000,  296699541,        1,  276699541,  276699541
 31897,    74,   20000000,  290941160,        1,  270941160,  270941160
 31897,    75,   20000000,  284899761,        1,  264899761,  264899761
 31897,    76,   20000000,  278858249,        1,  258858249,  258858249
 31897,    77,   20000000,  272817677,        1,  252817677,  252817677
 31897,    78,   20000000,  266774644,        1,  246774644,  246774644
 31897,    79,   20000000,  272189243,        1,  252189243,  252189243
 31897,    80,   20000000,  266571058,        1,  246571058,  246571058
 31897,    81,   20000000,  260540812,        1,  240540812,  240540812
 31897,    82,   20000000,  254787471,        1,  234787471,  234787471
 31897,    83,   20000000,  354301292,        1,  334301292,  334301292
 31897,    84,   20000000,  370979176,        1,  350979176,  350979176
 31897,    85,   20000000,  364941443,        1,  344941443,  344941443
 31897,    86,   20000000,  358901659,        1,  338901659,  338901659
 31897,    87,   20000000,  365128390,        1,  345128390,  345128390
 31897,    88,   20000000,  483038556,        1,  463038556,  463038556
 31897,    89,   20000000,  544964765,        1,  524964765,  524964765
 31897,    90,   20000000,  538938552,        1,  518938552,  518938552
 31897,    91,   20000000,  532908524,        1,  512908524,  512908524
 31897,    92,   20000000,  526879973,        1,  506879973,  506879973
 31897,    93,   20000000,  521120255,        1,  501120255,  501120255
 31897,    94,   20000000,  515370238,        1,  495370238,  495370238
 31897,    95,   20000000,  509329123,        1,  489329123,  489329123
 31897,    96,   20000000,  503278653,        1,  483278653,  483278653
 31897,    97,   20000000,  497232434,        1,  477232434,  477232434
 31897,    98,   20000000,  491178821,        1,  471178821,  471178821
 31897,    99,   20000000,  485131353,        1,  465131353,  465131353
 31897,   100,   20000000,  479096706,        1,  459096706,  459096706
 31897,   101,   20000000,  473061560,        1,  453061560,  453061560
 31897,   102,   20000000,  467027285,        1,  447027285,  447027285
 31897,   103,   20000000,  461272817,        1,  441272817,  441272817
 31897,   104,   20000000,  455236013,        1,  435236013,  435236013
 31897,   105,   20000000,  557625485,        1,  537625485,  537625485
 31897,   106,   20000000,  584887325,        1,  564887325,  564887325
 31897,   107,   20000000,  578846817,        1,  558846817,  558846817
# task NAME=myapp PID=31901 COST=61462000 PERIOD=84000000 CPU=0
 31901,     2,   84000000,      14771,        0,  -83985229,          0
 31901,     3,   84000000,      83973,        0,  -83916027,          0
 31901,     4,   84000000,   72012800,        0,  -11987200,          0
 31901,     5,   84000000,   94511113,        1,   10511113,   10511113
 31901,     6,   84000000,  123336537,        1,   39336537,   39336537
 31901,     7,   84000000,  100212759,        1,   16212759,   16212759
 31901,     8,   84000000,  317226458,        1,  233226458,  233226458
 31901,     9,   84000000,  293941501,        1,  209941501,  209941501
 31901,    10,   84000000,  270939869,        1,  186939869,  186939869
 31901,    11,   84000000,  330771693,        1,  246771693,  246771693
 31901,    12,   84000000,  307508963,        1,  223508963,  223508963
 31901,    13,   84000000,  342117123,        1,  258117123,  258117123
 31901,    14,   84000000,  370428540,        1,  286428540,  286428540
 31901,    15,   84000000,  391475529,        1,  307475529,  307475529
 31901,    16,   84000000,  370446962,        1,  286446962,  286446962
 31901,    17,   84000000,  358182037,        1,  274182037,  274182037
 31901,    18,   84000000,  335277461,        1,  251277461,  251277461
 31901,    19,   84000000,  376989695,        1,  292989695,  292989695
 31901,    20,   84000000,  353758002,        1,  269758002,  269758002
 31901,    21,   84000000,  331251428,        1,  247251428,  247251428
 31901,    22,   84000000,  307991648,        1,  223991648,  223991648
 31901,    23,   84000000,  410613471,        1,  326613471,  326613471
 31901,    24,   84000000,  387367544,        1,  303367544,  303367544
 31901,    25,   84000000,  364358768,        1,  280358768,  280358768
 31901,    26,   84000000,  356990176,        1,  272990176,  272990176
 31901,    27,   84000000,  425326210,        1,  341326210,  341326210
 31901,    28,   84000000,  403405214,        1,  319405214,  319405214
 31901,    29,   84000000,  381167777,        1,  297167777,  297167777
 31901,    30,   84000000,  370201109,        1,  286201109,  286201109
 31901,    31,   84000000,  408122340,        1,  324122340,  324122340
 31901,    32,   84000000,  463144907,        1,  379144907,  379144907
 31901,    33,   84000000,  440171060,        1,  356171060,  356171060
 31901,    34,   84000000,  494700799,        1,  410700799,  410700799
 31901,    35,   84000000,  502984672,        1,  418984672,  418984672
 31901,    36,   84000000,  480047388,        1,  396047388,  396047388
 31901,    37,   84000000,  456783831,        1,  372783831,  372783831
 31901,    38,   84000000,  461679446,        1,  377679446,  377679446
 31901,    39,   84000000,  455756152,        1,  371756152,  371756152
 31901,    40,   84000000,  432495963,        1,  348495963,  348495963
 31901,    41,   84000000,  411795563,        1,  327795563,  327795563
 31901,    42,   84000000,  388521506,        1,  304521506,  304521506
 31901,    43,   84000000,  489752846,        1,  405752846,  405752846
 31901,    44,   84000000,  559957464,        1,  475957464,  475957464
 31901,    45,   84000000,  659200191,        1,  575200191,  575200191
 31901,    46,   84000000,  809622937,        1,  725622937,  725622937
 31901,    47,   84000000,  791242966,        1,  707242966,  707242966
 31901,    48,   84000000,  926428383,        1,  842428383,  842428383
 31901,    49,   84000000,  916143793,        1,  832143793,  832143793
 31901,    50,   84000000,  893185618,        1,  809185618,  809185618
 31901,    51,   84000000,  869919957,        1,  785919957,  785919957
 31901,    52,   84000000,  846930087,        1,  762930087,  762930087
 31901,    53,   84000000,  826780055,        1,  742780055,  742780055
 31901,    54,   84000000,  803817769,        1,  719817769,  719817769
 31901,    55,   84000000,  780538718,        1,  696538718,  696538718
 31901,    56,   84000000,  757533025,        1,  673533025,  673533025
 31901,    57,   84000000,  750169335,        1,  666169335,  666169335
 31901,    58,   84000000,  817317663,        1,  733317663,  733317663
 31901,    59,   84000000,  794337381,        1,  710337381,  710337381
 31901,    60,   84000000,  771069902,        1,  687069902,  687069902
 31901,    61,   84000000,  748112101,        1,  664112101,  664112101
 31901,    62,   84000000,  817674453,        1,  733674453,  733674453
 31901,    63,   84000000,  840020389,        1,  756020389,  756020389
 31901,    64,   84000000,  853532111,        1,  769532111,  769532111
 31901,    65,   84000000,  895337042,        1,  811337042,  811337042
 31901,    66,   84000000,  988218245,        1,  904218245,  904218245
 31901,    67,   84000000, 1124165578,        1, 1040165578, 1040165578
 31901,    68,   84000000, 1273207034,        1, 1189207034, 1189207034
 31901,    69,   84000000, 1249929501,        1, 1165929501, 1165929501
 31901,    70,   84000000, 1347735396,        1, 1263735396, 1263735396
 31901,    71,   84000000, 1324551969,        1, 1240551969, 1240551969
 31901,    72,   84000000, 1311775649,        1, 1227775649, 1227775649
 31901,    73,   84000000, 1288565442,        1, 1204565442, 1204565442
 31901,    74,   84000000, 1348232002,        1, 1264232002, 1264232002
 31901,    75,   84000000, 1325263083,        1, 1241263083, 1241263083
 31901,    76,   84000000, 1301968511,        1, 1217968511, 1217968511
 31901,    77,   84000000, 1278968617,        1, 1194968617, 1194968617
 31901,    78,   84000000, 1285380184,        1, 1201380184, 1201380184
 31901,    79,   84000000, 1448293791,        1, 1364293791, 1364293791
 31901,    80,   84000000, 1425327979,        1, 1341327979, 1341327979
 31901,    81,   84000000, 1402059854,        1, 1318059854, 1318059854
 31901,    82,   84000000, 1379163415,        1, 1295163415, 1295163415
 31901,    83,   84000000, 1358132006,        1, 1274132006, 1274132006
 31901,    84,   84000000, 1335125135,        1, 1251125135, 1251125135
 31901,    85,   84000000, 1311825122,        1, 1227825122, 1227825122
 31901,    86,   84000000, 1288882779,        1, 1204882779, 1204882779
 31901,    87,   84000000, 1266083591,        1, 1182083591, 1182083591
 31901,    88,   84000000, 1246937348,        1, 1162937348, 1162937348
 31901,    89,   84000000, 1233845723,        1, 1149845723, 1149845723
 31901,    90,   84000000, 1272408240,        1, 1188408240, 1188408240
 31901,    91,   84000000, 1283502530,        1, 1199502530, 1199502530
 31901,    92,   84000000, 1310487029,        1, 1226487029, 1226487029
 31901,    93,   84000000, 1335574796,        1, 1251574796, 1251574796
 31901,    94,   84000000, 1329851579,        1, 1245851579, 1245851579
 31901,    95,   84000000, 1437384444,        1, 1353384444, 1353384444
 31901,    96,   84000000, 1420179708,        1, 1336179708, 1336179708
 31901,    97,   84000000, 1396941343,        1, 1312941343, 1312941343
 31901,    98,   84000000, 1399761074,        1, 1315761074, 1315761074
 31901,    99,   84000000, 1421691791,        1, 1337691791, 1337691791
 31901,   100,   84000000, 1399066763,        1, 1315066763, 1315066763
 31901,   101,   84000000, 1480186041,        1, 1396186041, 1396186041
 31901,   102,   84000000, 1458371623,        1, 1374371623, 1374371623
 31901,   103,   84000000, 1441967147,        1, 1357967147, 1357967147
 31901,   104,   84000000, 1441973579,        1, 1357973579, 1357973579
 31901,   105,   84000000, 1428019565,        1, 1344019565, 1344019565
 31901,   106,   84000000, 1517032306,        1, 1433032306, 1433032306
 31901,   107,   84000000, 1494083836,        1, 1410083836, 1410083836
 31901,   108,   84000000, 1478684477,        1, 1394684477, 1394684477
 31901,   109,   84000000, 1455684556,        1, 1371684556, 1371684556
 31901,   110,   84000000, 1501318409,        1, 1417318409, 1417318409
 31901,   111,   84000000, 1478046784,        1, 1394046784, 1394046784
 31901,   112,   84000000, 1532090674,        1, 1448090674, 1448090674
 31901,   113,   84000000, 1544644124,        1, 1460644124, 1460644124
 31901,   114,   84000000, 1572171027,        1, 1488171027, 1488171027
 31901,   115,   84000000, 1586701380,        1, 1502701380, 1502701380
 31901,   116,   84000000, 1563464745,        1, 1479464745, 1479464745
 31901,   117,   84000000, 1540443051,        1, 1456443051, 1456443051
 31901,   118,   84000000, 1517160442,        1, 1433160442, 1433160442
 31901,   119,   84000000, 1568819085,        1, 1484819085, 1484819085
 31901,   120,   84000000, 1560222950,        1, 1476222950, 1476222950
 31901,   121,   84000000, 1547759021,        1, 1463759021, 1463759021
 31901,   122,   84000000, 1562943246,        1, 1478943246, 1478943246
 31901,   123,   84000000, 1545303362,        1, 1461303362, 1461303362
# task NAME=myapp PID=31906 COST=2376000 PERIOD=23000000 CPU=0
 31906,     2,   23000000,      24665,        0,  -22975335,          0
 31906,     3,   23000000,      86912,        0,  -22913088,          0
 31906,     4,   23000000,    2405149,        0,  -20594851,          0
 31906,     5,   23000000,    2385198,        0,  -20614802,          0
 31906,     6,   23000000,    2388506,        0,  -20611494,          0
 31906,     7,   23000000,    8097678,        0,  -14902322,          0
 31906,     8,   23000000,    2417360,        0,  -20582640,          0
 31906,     9,   23000000,   20187631,        0,   -2812369,          0
 31906,    10,   23000000,    2390727,        0,  -20609273,          0
 31906,    11,   23000000,    8330314,        0,  -14669686,          0
 31906,    12,   23000000,    7699266,        0,  -15300734,          0
 31906,    13,   23000000,    3721654,        0,  -19278346,          0
 31906,    14,   23000000,   12397718,        0,  -10602282,          0
 31906,    15,   23000000,   30584373,        1,    7584373,    7584373
 31906,    16,   23000000,   13345474,        0,   -9654526,          0
 31906,    17,   23000000,   21932357,        0,   -1067643,          0
 31906,    18,   23000000,   28635939,        1,    5635939,    5635939
 31906,    19,   23000000,   39598114,        1,   16598114,   16598114
 31906,    20,   23000000,   18947544,        0,   -4052456,          0
 31906,    21,   23000000,    2378682,        0,  -20621318,          0
 31906,    22,   23000000,    2373153,        0,  -20626847,          0
 31906,    23,   23000000,    2372355,        0,  -20627645,          0
 31906,    24,   23000000,    2373925,        0,  -20626075,          0
 31906,    25,   23000000,    2375555,        0,  -20624445,          0
 31906,    26,   23000000,    2376275,        0,  -20623725,          0
 31906,    27,   23000000,    2370513,        0,  -20629487,          0
 31906,    28,   23000000,    2372712,        0,  -20627288,          0
 31906,    29,   23000000,    2371698,        0,  -20628302,          0
 31906,    30,   23000000,    2370980,        0,  -20629020,          0
 31906,    31,   23000000,    2375010,        0,  -20624990,          0
 31906,    32,   23000000,    2374462,        0,  -20625538,          0
 31906,    33,   23000000,   20619794,        0,   -2380206,          0
 31906,    34,   23000000,   21260929,        0,   -1739071,          0
 31906,    35,   23000000,    7171993,        0,  -15828007,          0
 31906,    36,   23000000,   13082615,        0,   -9917385,          0
 31906,    37,   23000000,   14912955,        0,   -8087045,          0
 31906,    38,   23000000,    2464975,        0,  -20535025,          0
 31906,    39,   23000000,    3772558,        0,  -19227442,          0
 31906,    40,   23000000,   34335877,        1,   11335877,   11335877
 31906,    41,   23000000,   20280912,        0,   -2719088,          0
 31906,    42,   23000000,   50623299,        1,   27623299,   27623299
 31906,    43,   23000000,   40447352,        1,   17447352,   17447352
 31906,    44,   23000000,   54450906,        1,   31450906,   31450906
 31906,    45,   23000000,   46811355,        1,   23811355,   23811355
 31906,    46,   23000000,   26168411,        1,    3168411,    3168411
 31906,    47,   23000000,    5518830,        0,  -17481170,          0
 31906,    48,   23000000,   11558128,        0,  -11441872,          0
 31906,    49,   23000000,    4533352,        0,  -18466648,          0
 31906,    50,   23000000,    2668643,        0,  -20331357,          0
 31906,    51,   23000000,    2376301,        0,  -20623699,          0
 31906,    52,   23000000,   36727541,        1,   13727541,   13727541
 31906,    53,   23000000,   16094042,        0,   -6905958,          0
 31906,    54,   23000000,    2376589,        0,  -20623411,          0
 31906,    55,   23000000,    7212878,        0,  -15787122,          0
 31906,    56,   23000000,   13922646,        0,   -9077354,          0
 31906,    57,   23000000,   25403212,        1,    2403212,    2403212
 31906,    58,   23000000,    4762046,        0,  -18237954,          0
 31906,    59,   23000000,   40619715,        1,   17619715,   17619715
 31906,    60,   23000000,   56631893,        1,   33631893,   33631893
 31906,    61,   23000000,   59579642,        1,   36579642,   36579642
 31906,    62,   23000000,   55004915,        1,   32004915,   32004915
 31906,    63,   23000000,   34368188,        1,   11368188,   11368188
 31906,    64,   23000000,   13718288,        0,   -9281712,          0
 31906,    65,   23000000,    2378587,        0,  -20621413,          0
 31906,    66,   23000000,    2376083,        0,  -20623917,          0
 31906,    67,   23000000,    6171810,        0,  -16828190,          0
 31906,    68,   23000000,    5984356,        0,  -17015644,          0
 31906,    69,   23000000,   21465536,        0,   -1534464,          0
 31906,    70,   23000000,   16338146,        0,   -6661854,          0
 31906,    71,   23000000,   38292742,        1,   15292742,   15292742
 31906,    72,   23000000,   73588450,        1,   50588450,   50588450
 31906,    73,   23000000,   52948445,        1,   29948445,   29948445
 31906,    74,   23000000,   84516792,        1,   61516792,   61516792
 31906,    75,   23000000,   78957597,        1,   55957597,   55957597
 31906,    76,   23000000,   83829638,        1,   60829638,   60829638
 31906,    77,   23000000,   79052584,        1,   56052584,   56052584
 31906,    78,   23000000,   74401164,        1,   51401164,   51401164
 31906,    79,   23000000,   53753597,        1,   30753597,   30753597
 31906,    80,   23000000,   33113725,        1,   10113725,   10113725
 31906,    81,   23000000,   12469061,        0,  -10530939,          0
 31906,    82,   23000000,    4655497,        0,  -18344503,          0
 31906,    83,   23000000,    2394435,        0,  -20605565,          0
 31906,    84,   23000000,    2377918,        0,  -20622082,          0
 31906,    85,   23000000,    2377134,        0,  -20622866,          0
 31906,    86,   23000000,    2378766,        0,  -20621234,          0
 31906,    87,   23000000,    2387974,        0,  -20612026,          0
 31906,    88,   23000000,    2381111,        0,  -20618889,          0
 31906,    89,   23000000,    2380981,        0,  -20619019,          0
 31906,    90,   23000000,   20714772,        0,   -2285228,          0
 31906,    91,   23000000,   32526790,        1,    9526790,    9526790
 31906,    92,   23000000,   29543161,        1,    6543161,    6543161
 31906,    93,   23000000,   20727300,        0,   -2272700,          0
 31906,    94,   23000000,   11526104,        0,  -11473896,          0
 31906,    95,   23000000,   47945260,        1,   24945260,   24945260
 31906,    96,   23000000,   62619130,        1,   39619130,   39619130
 31906,    97,   23000000,   89400502,        1,   66400502,   66400502
 31906,    98,   23000000,   68756544,        1,   45756544,   45756544
 31906,    99,   23000000,   48115990,        1,   25115990,   25115990
 31906,   100,   23000000,   27472088,        1,    4472088,    4472088
 31906,   101,   23000000,    6825073,        0,  -16174927,          0
 31906,   102,   23000000,   16141036,        0,   -6858964,          0
 31906,   103,   23000000,   40318632,        1,   17318632,   17318632
 31906,   104,   23000000,   38810458,        1,   15810458,   15810458
 31906,   105,   23000000,   18166299,        0,   -4833701,          0
 31906,   106,   23000000,    9661726,        0,  -13338274,          0
 31906,   107,   23000000,    2380400,        0,  -20619600,          0
 31906,   108,   23000000,   22381038,        0,    -618962,          0
 31906,   109,   23000000,   35677192,        1,   12677192,   12677192
 31906,   110,   23000000,   27223437,        1,    4223437,    4223437
 31906,   111,   23000000,   27485437,        1,    4485437,    4485437
 31906,   112,   23000000,   53583156,        1,   30583156,   30583156
 31906,   113,   23000000,   75887099,        1,   52887099,   52887099
 31906,   114,   23000000,   55311511,        1,   32311511,   32311511
 31906,   115,   23000000,   58696736,        1,   35696736,   35696736
 31906,   116,   23000000,   38052058,        1,   15052058,   15052058
 31906,   117,   23000000,   17407089,        0,   -5592911,          0
 31906,   118,   23000000,    9669695,        0,  -13330305,          0
 31906,   119,   23000000,   10276943,        0,  -12723057,          0
 31906,   120,   23000000,   18501156,        0,   -4498844,          0
 31906,   121,   23000000,   48390917,        1,   25390917,   25390917
 31906,   122,   23000000,   27772069,        1,    4772069,    4772069
 31906,   123,   23000000,    7175794,        0,  -15824206,          0
 31906,   124,   23000000,    2384934,        0,  -20615066,          0
 31906,   125,   23000000,    2396185,        0,  -20603815,          0
 31906,   126,   23000000,   10669419,        0,  -12330581,          0
 31906,   127,   23000000,   19920218,        0,   -3079782,          0
 31906,   128,   23000000,    7309443,        0,  -15690557,          0
 31906,   129,   23000000,   54625401,        1,   31625401,   31625401
 31906,   130,   23000000,   63406464,        1,   40406464,   40406464
 31906,   131,   23000000,   44787508,        1,   21787508,   21787508
 31906,   132,   23000000,   27204258,        1,    4204258,    4204258
 31906,   133,   23000000,    8610974,        0,  -14389026,          0
 31906,   134,   23000000,    2383994,        0,  -20616006,          0
 31906,   135,   23000000,    2381109,        0,  -20618891,          0
 31906,   136,   23000000,    2380191,        0,  -20619809,          0
 31906,   137,   23000000,   38188202,        1,   15188202,   15188202
 31906,   138,   23000000,   17601422,        0,   -5398578,          0
 31906,   139,   23000000,   32816350,        1,    9816350,    9816350
 31906,   140,   23000000,   12271466,        0,  -10728534,          0
 31906,   141,   23000000,   19657308,        0,   -3342692,          0
 31906,   142,   23000000,   16208778,        0,   -6791222,          0
 31906,   143,   23000000,   25878798,        1,    2878798,    2878798
 31906,   144,   23000000,   33246306,        1,   10246306,   10246306
 31906,   145,   23000000,   14606151,        0,   -8393849,          0
 31906,   146,   23000000,    9144545,        0,  -13855455,          0
 31906,   147,   23000000,   12291887,        0,  -10708113,          0
 31906,   148,   23000000,   17679291,        0,   -5320709,          0
 31906,   149,   23000000,   10474543,        0,  -12525457,          0
 31906,   150,   23000000,    4526270,        0,  -18473730,          0
 31906,   151,   23000000,   34997545,        1,   11997545,   11997545
 31906,   152,   23000000,   17515323,        0,   -5484677,          0
 31906,   153,   23000000,   14768895,        0,   -8231105,          0
 31906,   154,   23000000,   40086932,        1,   17086932,   17086932
 31906,   155,   23000000,   50623828,        1,   27623828,   27623828
 31906,   156,   23000000,   29973693,        1,    6973693,    6973693
 31906,   157,   23000000,    9333869,        0,  -13666131,          0
 31906,   158,   23000000,   18823280,        0,   -4176720,          0
 31906,   159,   23000000,   10011443,        0,  -12988557,          0
 31906,   160,   23000000,   57759019,        1,   34759019,   34759019
 31906,   161,   23000000,   40054495,        1,   17054495,   17054495
 31906,   162,   23000000,   89538120,        1,   66538120,   66538120
 31906,   163,   23000000,   84094608,        1,   61094608,   61094608
 31906,   164,   23000000,   83079680,        1,   60079680,   60079680
 31906,   165,   23000000,   86470933,        1,   63470933,   63470933
 31906,   166,   23000000,   94704113,        1,   71704113,   71704113
 31906,   167,   23000000,   74102180,        1,   51102180,   51102180
 31906,   168,   23000000,   53465189,        1,   30465189,   30465189
 31906,   169,   23000000,   32824984,        1,    9824984,    9824984
 31906,   170,   23000000,   12194648,        0,  -10805352,          0
 31906,   171,   23000000,   44560017,        1,   21560017,   21560017
 31906,   172,   23000000,   37545287,        1,   14545287,   14545287
 31906,   173,   23000000,   62224428,        1,   39224428,   39224428
 31906,   174,   23000000,   78680727,        1,   55680727,   55680727
 31906,   175,   23000000,   98222177,        1,   75222177,   75222177
 31906,   176,   23000000,  102621384,        1,   79621384,   79621384
 31906,   177,   23000000,   87525480,        1,   64525480,   64525480
 31906,   178,   23000000,   74811724,        1,   51811724,   51811724
 31906,   179,   23000000,   60028983,        1,   37028983,   37028983
 31906,   180,   23000000,   39380091,        1,   16380091,   16380091
 31906,   181,   23000000,   18727247,        0,   -4272753,          0
 31906,   182,   23000000,   10663648,        0,  -12336352,          0
 31906,   183,   23000000,    2383816,        0,  -20616184,          0
 31906,   184,   23000000,    2393170,        0,  -20606830,          0
 31906,   185,   23000000,   12707163,        0,  -10292837,          0
 31906,   186,   23000000,   33635956,        1,   10635956,   10635956
 31906,   187,   23000000,   12990556,        0,  -10009444,          0
 31906,   188,   23000000,    8698607,        0,  -14301393,          0
 31906,   189,   23000000,    2393329,        0,  -20606671,          0
 31906,   190,   23000000,    2388131,        0,  -20611869,          0
 31906,   191,   23000000,    2395214,        0,  -20604786,          0
 31906,   192,   23000000,    2390154,        0,  -20609846,          0
 31906,   193,   23000000,    2387612,        0,  -20612388,          0
 31906,   194,   23000000,    9650648,        0,  -13349352,          0
 31906,   195,   23000000,    8633423,        0,  -14366577,          0
 31906,   196,   23000000,   22816892,        0,    -183108,          0
 31906,   197,   23000000,    9164640,        0,  -13835360,          0
 31906,   198,   23000000,    2406452,        0,  -20593548,          0
 31906,   199,   23000000,    2403455,        0,  -20596545,          0
 31906,   200,   23000000,    2403563,        0,  -20596437,          0
 31906,   201,   23000000,    2392042,        0,  -20607958,          0
 31906,   202,   23000000,    2418405,        0,  -20581595,          0
 31906,   203,   23000000,    2392294,        0,  -20607706,          0
 31906,   204,   23000000,    2418369,        0,  -20581631,          0
 31906,   205,   23000000,    2391428,        0,  -20608572,          0
 31906,   206,   23000000,    2420602,        0,  -20579398,          0
 31906,   207,   23000000,    2418748,        0,  -20581252,          0
 31906,   208,   23000000,    2417944,        0,  -20582056,          0
 31906,   209,   23000000,    7975960,        0,  -15024040,          0
 31906,   210,   23000000,   30047576,        1,    7047576,    7047576
 31906,   211,   23000000,    9414480,        0,  -13585520,          0
 31906,   212,   23000000,    2395545,        0,  -20604455,          0
 31906,   213,   23000000,    2395426,        0,  -20604574,          0
 31906,   214,   23000000,    2432185,        0,  -20567815,          0
 31906,   215,   23000000,   23181440,        1,     181440,     181440
 31906,   216,   23000000,    3769624,        0,  -19230376,          0
 31906,   217,   23000000,   25773631,        1,    2773631,    2773631
 31906,   218,   23000000,    5225279,        0,  -17774721,          0
 31906,   219,   23000000,   10911964,        0,  -12088036,          0
 31906,   220,   23000000,    2401497,        0,  -20598503,          0
 31906,   221,   23000000,    2393927,        0,  -20606073,          0
 31906,   222,   23000000,    2389105,        0,  -20610895,          0
 31906,   223,   23000000,    8763084,        0,  -14236916,          0
 31906,   224,   23000000,   16074755,        0,   -6925245,          0
 31906,   225,   23000000,   21443967,        0,   -1556033,          0
 31906,   226,   23000000,    9794864,        0,  -13205136,          0
 31906,   227,   23000000,   31291859,        1,    8291859,    8291859
 31906,   228,   23000000,   38439035,        1,   15439035,   15439035
 31906,   229,   23000000,   22788976,        0,    -211024,          0
 31906,   230,   23000000,    2412531,        0,  -20587469,          0
 31906,   231,   23000000,    8257672,        0,  -14742328,          0
 31906,   232,   23000000,   10672357,        0,  -12327643,          0
 31906,   233,   23000000,   37205647,        1,   14205647,   14205647
 31906,   234,   23000000,   62700918,        1,   39700918,   39700918
 31906,   235,   23000000,   45076047,        1,   22076047,   22076047
 31906,   236,   23000000,   74340523,        1,   51340523,   51340523
 31906,   237,   23000000,   53686865,        1,   30686865,   30686865
 31906,   238,   23000000,   33043585,        1,   10043585,   10043585
 31906,   239,   23000000,   12393001,        0,  -10606999,          0
 31906,   240,   23000000,   25851505,        1,    2851505,    2851505
 31906,   241,   23000000,   19468009,        0,   -3531991,          0
 31906,   242,   23000000,   27901106,        1,    4901106,    4901106
 31906,   243,   23000000,   14057871,        0,   -8942129,          0
 31906,   244,   23000000,   70458279,        1,   47458279,   47458279
 31906,   245,   23000000,   87013578,        1,   64013578,   64013578
 31906,   246,   23000000,   66494773,        1,   43494773,   43494773
 31906,   247,   23000000,   53926365,        1,   30926365,   30926365
 31906,   248,   23000000,   33330400,        1,   10330400,   10330400
 31906,   249,   23000000,   12691622,        0,  -10308378,          0
 31906,   250,   23000000,   38063338,        1,   15063338,   15063338
 31906,   251,   23000000,   19458309,        0,   -3541691,          0
 31906,   252,   23000000,    2439338,        0,  -20560662,          0
 31906,   253,   23000000,    2401016,        0,  -20598984,          0
 31906,   254,   23000000,    2391014,        0,  -20608986,          0
 31906,   255,   23000000,    2417908,        0,  -20582092,          0
 31906,   256,   23000000,    2419260,        0,  -20580740,          0
 31906,   257,   23000000,    2391531,        0,  -20608469,          0
 31906,   258,   23000000,    8415958,        0,  -14584042,          0
 31906,   259,   23000000,   21488877,        0,   -1511123,          0
 31906,   260,   23000000,   13235713,        0,   -9764287,          0
 31906,   261,   23000000,    3330165,        0,  -19669835,          0
 31906,   262,   23000000,    2685454,        0,  -20314546,          0
 31906,   263,   23000000,    2434264,        0,  -20565736,          0
 31906,   264,   23000000,    2394342,        0,  -20605658,          0
 31906,   265,   23000000,    2394849,        0,  -20605151,          0
 31906,   266,   23000000,    4144590,        0,  -18855410,          0
 31906,   267,   23000000,    3090233,        0,  -19909767,          0
 31906,   268,   23000000,    2408424,        0,  -20591576,          0
 31906,   269,   23000000,    2395391,        0,  -20604609,          0
 31906,   270,   23000000,    2393312,        0,  -20606688,          0
 31906,   271,   23000000,    2391466,        0,  -20608534,          0
 31906,   272,   23000000,    2388513,        0,  -20611487,          0
 31906,   273,   23000000,    2390680,        0,  -20609320,          0
 31906,   274,   23000000,    2390225,        0,  -20609775,          0
 31906,   275,   23000000,   48887612,        1,   25887612,   25887612
 31906,   276,   23000000,   28257040,        1,    5257040,    5257040
 31906,   277,   23000000,    7678900,        0,  -15321100,          0
 31906,   278,   23000000,    2407125,        0,  -20592875,          0
 31906,   279,   23000000,    2405511,        0,  -20594489,          0
 31906,   280,   23000000,    2406862,        0,  -20593138,          0
 31906,   281,   23000000,    2392065,        0,  -20607935,          0
 31906,   282,   23000000,    2390930,        0,  -20609070,          0
 31906,   283,   23000000,    2419543,        0,  -20580457,          0
 31906,   284,   23000000,    2405619,        0,  -20594381,          0
 31906,   285,   23000000,    3128306,        0,  -19871694,          0
 31906,   286,   23000000,    2410284,        0,  -20589716,          0
 31906,   287,   23000000,    2389478,        0,  -20610522,          0
 31906,   288,   23000000,    2383755,        0,  -20616245,          0
 31906,   289,   23000000,   26622260,        1,    3622260,    3622260
 31906,   290,   23000000,   10944308,        0,  -12055692,          0
 31906,   291,   23000000,   11323646,        0,  -11676354,          0
 31906,   292,   23000000,    2407343,        0,  -20592657,          0
 31906,   293,   23000000,    2406559,        0,  -20593441,          0
 31906,   294,   23000000,    2391389,        0,  -20608611,          0
 31906,   295,   23000000,    2393841,        0,  -20606159,          0
 31906,   296,   23000000,    5510528,        0,  -17489472,          0
 31906,   297,   23000000,   10689815,        0,  -12310185,          0
 31906,   298,   23000000,    3001583,        0,  -19998417,          0
 31906,   299,   23000000,   13646693,        0,   -9353307,          0
 31906,   300,   23000000,   33753404,        1,   10753404,   10753404
 31906,   301,   23000000,   38134932,        1,   15134932,   15134932
 31906,   302,   23000000,   17484668,        0,   -5515332,          0
 31906,   303,   23000000,    9667686,        0,  -13332314,          0
 31906,   304,   23000000,    2387663,        0,  -20612337,          0
 31906,   305,   23000000,    8974413,        0,  -14025587,          0
 31906,   306,   23000000,   14092892,        0,   -8907108,          0
 31906,   307,   23000000,   23667350,        1,     667350,     667350
 31906,   308,   23000000,    7535513,        0,  -15464487,          0
 31906,   309,   23000000,   14226307,        0,   -8773693,          0
 31906,   310,   23000000,   30863689,        1,    7863689,    7863689
 31906,   311,   23000000,   11935510,        0,  -11064490,          0
 31906,   312,   23000000,   37452349,        1,   14452349,   14452349
 31906,   313,   23000000,   18876891,        0,   -4123109,          0
 31906,   314,   23000000,    2483263,        0,  -20516737,          0
 31906,   315,   23000000,    2395546,        0,  -20604454,          0
 31906,   316,   23000000,    2423327,        0,  -20576673,          0
 31906,   317,   23000000,    8464971,        0,  -14535029,          0
 31906,   318,   23000000,    2396564,        0,  -20603436,          0
 31906,   319,   23000000,    2401556,        0,  -20598444,          0
 31906,   320,   23000000,   26798502,        1,    3798502,    3798502
 31906,   321,   23000000,   21255064,        0,   -1744936,          0
 31906,   322,   23000000,    2394560,        0,  -20605440,          0
 31906,   323,   23000000,    2390133,        0,  -20609867,          0
 31906,   324,   23000000,    2408654,        0,  -20591346,          0
 31906,   325,   23000000,    2404251,        0,  -20595749,          0
 31906,   326,   23000000,    2408158,        0,  -20591842,          0
 31906,   327,   23000000,    2397761,        0,  -20602239,          0
 31906,   328,   23000000,    2394467,        0,  -20605533,          0
 31906,   329,   23000000,    2399018,        0,  -20600982,          0
 31906,   330,   23000000,    2394183,        0,  -20605817,          0
 31906,   331,   23000000,    7317516,        0,  -15682484,          0
 31906,   332,   23000000,    2669782,        0,  -20330218,          0
 31906,   333,   23000000,   12933781,        0,  -10066219,          0
 31906,   334,   23000000,    2421225,        0,  -20578775,          0
 31906,   335,   23000000,    2419771,        0,  -20580229,          0
 31906,   336,   23000000,    2419739,        0,  -20580261,          0
 31906,   337,   23000000,    2418565,        0,  -20581435,          0
 31906,   338,   23000000,    2406884,        0,  -20593116,          0
 31906,   339,   23000000,    2422833,        0,  -20577167,          0
 31906,   340,   23000000,    9315432,        0,  -13684568,          0
 31906,   341,   23000000,    8666642,        0,  -14333358,          0
 31906,   342,   23000000,    6279399,        0,  -16720601,          0
 31906,   343,   23000000,   58932713,        1,   35932713,   35932713
 31906,   344,   23000000,   74943769,        1,   51943769,   51943769
 31906,   345,   23000000,   90247229,        1,   67247229,   67247229
 31906,   346,   23000000,   90156821,        1,   67156821,   67156821
 31906,   347,   23000000,   91388061,        1,   68388061,   68388061
 31906,   348,   23000000,   71074189,        1,   48074189,   48074189
 31906,   349,   23000000,   50430984,        1,   27430984,   27430984
 31906,   350,   23000000,   29776425,        1,    6776425,    6776425
 31906,   351,   23000000,    9131210,        0,  -13868790,          0
 31906,   352,   23000000,   18148361,        0,   -4851639,          0
 31906,   353,   23000000,   11671473,        0,  -11328527,          0
 31906,   354,   23000000,    2375186,        0,  -20624814,          0
 31906,   355,   23000000,    2398398,        0,  -20601602,          0
 31906,   356,   23000000,   22984485,        0,     -15515,          0
 31906,   357,   23000000,    5884491,        0,  -17115509,          0
 31906,   358,   23000000,    2389831,        0,  -20610169,          0
 31906,   359,   23000000,   14373038,        0,   -8626962,          0
 31906,   360,   23000000,    2409429,        0,  -20590571,          0
 31906,   361,   23000000,   17051619,        0,   -5948381,          0
 31906,   362,   23000000,    9082696,        0,  -13917304,          0
 31906,   363,   23000000,   15526835,        0,   -7473165,          0
 31906,   364,   23000000,   23087679,        1,      87679,      87679
 31906,   365,   23000000,    3087978,        0,  -19912022,          0
 31906,   366,   23000000,    2746824,        0,  -20253176,          0
 31906,   367,   23000000,    2426353,        0,  -20573647,          0
 31906,   368,   23000000,    2422883,        0,  -20577117,          0
 31906,   369,   23000000,    2410066,        0,  -20589934,          0
 31906,   370,   23000000,    2393845,        0,  -20606155,          0
 31906,   371,   23000000,    2421632,        0,  -20578368,          0
 31906,   372,   23000000,    2409332,        0,  -20590668,          0
 31906,   373,   23000000,    7496028,        0,  -15503972,          0
 31906,   374,   23000000,   19657602,        0,   -3342398,          0
 31906,   375,   23000000,    2814921,        0,  -20185079,          0
 31906,   376,   23000000,   38620892,        1,   15620892,   15620892
 31906,   377,   23000000,   18148761,        0,   -4851239,          0
 31906,   378,   23000000,   14966152,        0,   -8033848,          0
 31906,   379,   23000000,    4720600,        0,  -18279400,          0
 31906,   380,   23000000,   35860014,        1,   12860014,   12860014
 31906,   381,   23000000,   16702223,        0,   -6297777,          0
 31906,   382,   23000000,   12948621,        0,  -10051379,          0
 31906,   383,   23000000,    5399415,        0,  -17600585,          0
 31906,   384,   23000000,   69442122,        1,   46442122,   46442122
 31906,   385,   23000000,   49096360,        1,   26096360,   26096360
 31906,   386,   23000000,   50476606,        1,   27476606,   27476606
 31906,   387,   23000000,   35447206,        1,   12447206,   12447206
 31906,   388,   23000000,   14805124,        0,   -8194876,          0
 31906,   389,   23000000,   22932348,        0,     -67652,          0
 31906,   390,   23000000,   43272928,        1,   20272928,   20272928
 31906,   391,   23000000,   22634758,        0,    -365242,          0
 31906,   392,   23000000,   14671997,        0,   -8328003,          0
 31906,   393,   23000000,    2391703,        0,  -20608297,          0
 31906,   394,   23000000,    2410872,        0,  -20589128,          0
 31906,   395,   23000000,    2420329,        0,  -20579671,          0
 31906,   396,   23000000,    2407534,        0,  -20592466,          0
 31906,   397,   23000000,    2394050,        0,  -20605950,          0
 31906,   398,   23000000,    2406626,        0,  -20593374,          0
 31906,   399,   23000000,    2418192,        0,  -20581808,          0
 31906,   400,   23000000,   13741287,        0,   -9258713,          0
 31906,   401,   23000000,   41600146,        1,   18600146,   18600146
 31906,   402,   23000000,   20964913,        0,   -2035087,          0
 31906,   403,   23000000,    2388996,        0,  -20611004,          0
 31906,   404,   23000000,   22166444,        0,    -833556,          0
 31906,   405,   23000000,   63985373,        1,   40985373,   40985373
 31906,   406,   23000000,   77588843,        1,   54588843,   54588843
 31906,   407,   23000000,   56936419,        1,   33936419,   33936419
 31906,   408,   23000000,   41234512,        1,   18234512,   18234512
 31906,   409,   23000000,   20590451,        0,   -2409549,          0
 31906,   410,   23000000,   13766428,        0,   -9233572,          0
 31906,   411,   23000000,    2389754,        0,  -20610246,          0
 31906,   412,   23000000,    2388982,        0,  -20611018,          0
 31906,   413,   23000000,   11644980,        0,  -11355020,          0
 31906,   414,   23000000,   24054831,        1,    1054831,    1054831
 31906,   415,   23000000,    3416651,        0,  -19583349,          0
 31906,   416,   23000000,    2408865,        0,  -20591135,          0
 31906,   417,   23000000,    2393037,        0,  -20606963,          0
 31906,   418,   23000000,    2391308,        0,  -20608692,          0
 31906,   419,   23000000,   24662805,        1,    1662805,    1662805
 31906,   420,   23000000,   11373131,        0,  -11626869,          0
 31906,   421,   23000000,    2391565,        0,  -20608435,          0
 31906,   422,   23000000,   29218814,        1,    6218814,    6218814
 31906,   423,   23000000,   21437094,        0,   -1562906,          0
 31906,   424,   23000000,    2692236,        0,  -20307764,          0
 31906,   425,   23000000,    5589937,        0,  -17410063,          0
 31906,   426,   23000000,   34056051,        1,   11056051,   11056051
 31906,   427,   23000000,   27967597,        1,    4967597,    4967597
 31906,   428,   23000000,    7943449,        0,  -15056551,          0
 31906,   429,   23000000,    2447424,        0,  -20552576,          0
 31906,   430,   23000000,    2393127,        0,  -20606873,          0
 31906,   431,   23000000,    2411830,        0,  -20588170,          0
 31906,   432,   23000000,    2393027,        0,  -20606973,          0
 31906,   433,   23000000,    2401664,        0,  -20598336,          0
 31906,   434,   23000000,    2390890,        0,  -20609110,          0
 31906,   435,   23000000,    6195983,        0,  -16804017,          0
 31906,   436,   23000000,    4062069,        0,  -18937931,          0
 31906,   437,   23000000,   14666562,        0,   -8333438,          0
 31906,   438,   23000000,   14625762,        0,   -8374238,          0
