# Task,   Job,     Period,   Response, DL Miss?,   Lateness,  Tardiness
# task NAME=myapp PID=7211 COST=29475000 PERIOD=40000000 CPU=0
  7211,     2,   40000000,       7159,        0,  -39992841,          0
  7211,     3,   40000000,     108220,        0,  -39891780,          0
  7211,     4,   40000000,   55910400,        1,   15910400,   15910400
  7211,     5,   40000000,   74041049,        1,   34041049,   34041049
  7211,     6,   40000000,   89956416,        1,   49956416,   49956416
  7211,     7,   40000000,  103977869,        1,   63977869,   63977869
  7211,     8,   40000000,  122060146,        1,   82060146,   82060146
  7211,     9,   40000000,  138314286,        1,   98314286,   98314286
  7211,    10,   40000000,  152327497,        1,  112327497,  112327497
  7211,    11,   40000000,  168607398,        1,  128607398,  128607398
  7211,    12,   40000000,  184683810,        1,  144683810,  144683810
  7211,    13,   40000000,  200730232,        1,  160730232,  160730232
  7211,    14,   40000000,  216697059,        1,  176697059,  176697059
  7211,    15,   40000000,  234759562,        1,  194759562,  194759562
  7211,    16,   40000000,  249125551,        1,  209125551,  209125551
  7211,    17,   40000000,  265150162,        1,  225150162,  225150162
  7211,    18,   40000000,  281465844,        1,  241465844,  241465844
  7211,    19,   40000000,  297455560,        1,  257455560,  257455560
  7211,    20,   40000000,  315421970,        1,  275421970,  275421970
  7211,    21,   40000000,  329312085,        1,  289312085,  289312085
  7211,    22,   40000000,  345333346,        1,  305333346,  305333346
  7211,    23,   40000000,  361330934,        1,  321330934,  321330934
  7211,    24,   40000000,  377430853,        1,  337430853,  337430853
  7211,    25,   40000000,  393502708,        1,  353502708,  353502708
  7211,    26,   40000000,  409430342,        1,  369430342,  369430342
  7211,    27,   40000000,  425372158,        1,  385372158,  385372158
  7211,    28,   40000000,  441328654,        1,  401328654,  401328654
  7211,    29,   40000000,  457560161,        1,  417560161,  417560161
  7211,    30,   40000000,  473529391,        1,  433529391,  433529391
  7211,    31,   40000000,  489483154,        1,  449483154,  449483154
  7211,    32,   40000000,  505496375,        1,  465496375,  465496375
  7211,    33,   40000000,  523495174,        1,  483495174,  483495174
  7211,    34,   40000000,  537499569,        1,  497499569,  497499569
  7211,    35,   40000000,  553516633,        1,  513516633,  513516633
  7211,    36,   40000000,  571835017,        1,  531835017,  531835017
  7211,    37,   40000000,  587838998,        1,  547838998,  547838998
  7211,    38,   40000000,  606031774,        1,  566031774,  566031774
  7211,    39,   40000000,  622002326,        1,  582002326,  582002326
  7211,    40,   40000000,  636017663,        1,  596017663,  596017663
  7211,    41,   40000000,  651998710,        1,  611998710,  611998710
  7211,    42,   40000000,  668077491,        1,  628077491,  628077491
  7211,    43,   40000000,  684071416,        1,  644071416,  644071416
  7211,    44,   40000000,  700066118,        1,  660066118,  660066118
  7211,    45,   40000000,  716328523,        1,  676328523,  676328523
  7211,    46,   40000000,  732413559,        1,  692413559,  692413559
  7211,    47,   40000000,  748645192,        1,  708645192,  708645192
  7211,    48,   40000000,  766669946,        1,  726669946,  726669946
  7211,    49,   40000000,  780675061,        1,  740675061,  740675061
  7211,    50,   40000000,  796745644,        1,  756745644,  756745644
  7211,    51,   40000000,  813163433,        1,  773163433,  773163433
  7211,    52,   40000000,  831186664,        1,  791186664,  791186664
  7211,    53,   40000000,  845486450,        1,  805486450,  805486450
  7211,    54,   40000000,  863486267,        1,  823486267,  823486267
  7211,    55,   40000000,  879390269,        1,  839390269,  839390269
  7211,    56,   40000000,  893346218,        1,  853346218,  853346218
  7211,    57,   40000000,  911348602,        1,  871348602,  871348602
  7211,    58,   40000000,  925387665,        1,  885387665,  885387665
  7211,    59,   40000000,  941428283,        1,  901428283,  901428283
  7211,    60,   40000000,  957524967,        1,  917524967,  917524967
  7211,    61,   40000000,  975463086,        1,  935463086,  935463086
  7211,    62,   40000000,  989784614,        1,  949784614,  949784614
  7211,    63,   40000000, 1005755926,        1,  965755926,  965755926
  7211,    64,   40000000, 1021745415,        1,  981745415,  981745415
  7211,    65,   40000000, 1042054964,        1, 1002054964, 1002054964
  7211,    66,   40000000, 1056073871,        1, 1016073871, 1016073871
  7211,    67,   40000000, 1071973320,        1, 1031973320, 1031973320
  7211,    68,   40000000, 1088029051,        1, 1048029051, 1048029051
  7211,    69,   40000000, 1104399803,        1, 1064399803, 1064399803
  7211,    70,   40000000, 1120432349,        1, 1080432349, 1080432349
# task NAME=myapp PID=7214 COST=40604000 PERIOD=53000000 CPU=0
  7214,     2,   53000000,       7544,        0,  -52992456,          0
  7214,     3,   53000000,     138151,        0,  -52861849,          0
  7214,     4,   53000000,   75319378,        1,   22319378,   22319378
  7214,     5,   53000000,   98928419,        1,   45928419,   45928419
  7214,     6,   53000000,  122492106,        1,   69492106,   69492106
  7214,     7,   53000000,  150262385,        1,   97262385,   97262385
  7214,     8,   53000000,  171732618,        1,  118732618,  118732618
  7214,     9,   53000000,  195233029,        1,  142233029,  142233029
  7214,    10,   53000000,  218774339,        1,  165774339,  165774339
  7214,    11,   53000000,  244432408,        1,  191432408,  191432408
  7214,    12,   53000000,  270292719,        1,  217292719,  217292719
  7214,    13,   53000000,  293846486,        1,  240846486,  240846486
  7214,    14,   53000000,  317772946,        1,  264772946,  264772946
  7214,    15,   53000000,  343520196,        1,  290520196,  290520196
  7214,    16,   53000000,  368094995,        1,  315094995,  315094995
  7214,    17,   53000000,  390542094,        1,  337542094,  337542094
  7214,    18,   53000000,  414113652,        1,  361113652,  361113652
  7214,    19,   53000000,  439742370,        1,  386742370,  386742370
  7214,    20,   53000000,  463514767,        1,  410514767,  410514767
  7214,    21,   53000000,  487101090,        1,  434101090,  434101090
  7214,    22,   53000000,  512980002,        1,  459980002,  459980002
  7214,    23,   53000000,  536670880,        1,  483670880,  483670880
  7214,    24,   53000000,  560151381,        1,  507151381,  507151381
  7214,    25,   53000000,  584538074,        1,  531538074,  531538074
  7214,    26,   53000000,  609237548,        1,  556237548,  556237548
  7214,    27,   53000000,  633112434,        1,  580112434,  580112434
  7214,    28,   53000000,  658720376,        1,  605720376,  605720376
  7214,    29,   53000000,  684269571,        1,  631269571,  631269571
  7214,    30,   53000000,  705838150,        1,  652838150,  652838150
  7214,    31,   53000000,  729395877,        1,  676395877,  676395877
  7214,    32,   53000000,  754898207,        1,  701898207,  701898207
  7214,    33,   53000000,  778727926,        1,  725727926,  725727926
  7214,    34,   53000000,  802354339,        1,  749354339,  749354339
  7214,    35,   53000000,  828203456,        1,  775203456,  775203456
  7214,    36,   53000000,  851715294,        1,  798715294,  798715294
  7214,    37,   53000000,  875320835,        1,  822320835,  822320835
  7214,    38,   53000000,  901242346,        1,  848242346,  848242346
  7214,    39,   53000000,  924775128,        1,  871775128,  871775128
  7214,    40,   53000000,  948618094,        1,  895618094,  895618094
  7214,    41,   53000000,  974335551,        1,  921335551,  921335551
  7214,    42,   53000000,  999751010,        1,  946751010,  946751010
  7214,    43,   53000000, 1023520581,        1,  970520581,  970520581
  7214,    44,   53000000, 1047014434,        1,  994014434,  994014434
  7214,    45,   53000000, 1070520188,        1, 1017520188, 1017520188
  7214,    46,   53000000, 1094345705,        1, 1041345705, 1041345705
  7214,    47,   53000000, 1119858167,        1, 1066858167, 1066858167
  7214,    48,   53000000, 1145446041,        1, 1092446041, 1092446041
  7214,    49,   53000000, 1166929095,        1, 1113929095, 1113929095
  7214,    50,   53000000, 1192465131,        1, 1139465131, 1139465131
  7214,    51,   53000000, 1218017369,        1, 1165017369, 1165017369
  7214,    52,   53000000, 1239471532,        1, 1186471532, 1186471532
  7214,    53,   53000000, 1263257013,        1, 1210257013, 1210257013
  7214,    54,   53000000, 1286682612,        1, 1233682612, 1233682612
  7214,    55,   53000000, 1312346983,        1, 1259346983, 1259346983
  7214,    56,   53000000, 1335803650,        1, 1282803650, 1282803650
  7214,    57,   53000000, 1359578240,        1, 1306578240, 1306578240
  7214,    58,   53000000, 1385091917,        1, 1332091917, 1332091917
  7214,    59,   53000000, 1408902711,        1, 1355902711, 1355902711
  7214,    60,   53000000, 1434402743,        1, 1381402743, 1381402743
  7214,    61,   53000000, 1458320931,        1, 1405320931, 1405320931
  7214,    62,   53000000, 1481844601,        1, 1428844601, 1428844601
  7214,    63,   53000000, 1505416542,        1, 1452416542, 1452416542
  7214,    64,   53000000, 1531278442,        1, 1478278442, 1478278442
# task NAME=myapp PID=7218 COST=29716000 PERIOD=48000000 CPU=0
  7218,     2,   48000000,       5762,        0,  -47994238,          0
  7218,     3,   48000000,      76717,        0,  -47923283,          0
  7218,     4,   48000000,   58264881,        1,   10264881,   10264881
  7218,     5,   48000000,   64474567,        1,   16474567,   16474567
  7218,     6,   48000000,   72685935,        1,   24685935,   24685935
  7218,     7,   48000000,   82903331,        1,   34903331,   34903331
  7218,     8,   48000000,   89085717,        1,   41085717,   41085717
  7218,     9,   48000000,   99619399,        1,   51619399,   51619399
  7218,    10,   48000000,  107901411,        1,   59901411,   59901411
  7218,    11,   48000000,  116357901,        1,   68357901,   68357901
  7218,    12,   48000000,  124492351,        1,   76492351,   76492351
  7218,    13,   48000000,  132706786,        1,   84706786,   84706786
  7218,    14,   48000000,  140890210,        1,   92890210,   92890210
  7218,    15,   48000000,  149155851,        1,  101155851,  101155851
  7218,    16,   48000000,  157386355,        1,  109386355,  109386355
  7218,    17,   48000000,  165500544,        1,  117500544,  117500544
  7218,    18,   48000000,  176068725,        1,  128068725,  128068725
  7218,    19,   48000000,  186228633,        1,  138228633,  138228633
  7218,    20,   48000000,  194631137,        1,  146631137,  146631137
  7218,    21,   48000000,  200861803,        1,  152861803,  152861803
  7218,    22,   48000000,  209288196,        1,  161288196,  161288196
  7218,    23,   48000000,  219479032,        1,  171479032,  171479032
  7218,    24,   48000000,  225687557,        1,  177687557,  177687557
  7218,    25,   48000000,  237962781,        1,  189962781,  189962781
  7218,    26,   48000000,  244397280,        1,  196397280,  196397280
  7218,    27,   48000000,  252606819,        1,  204606819,  204606819
  7218,    28,   48000000,  262750132,        1,  214750132,  214750132
  7218,    29,   48000000,  269227659,        1,  221227659,  221227659
  7218,    30,   48000000,  278306221,        1,  230306221,  230306221
  7218,    31,   48000000,  285631159,        1,  237631159,  237631159
  7218,    32,   48000000,  293766475,        1,  245766475,  245766475
  7218,    33,   48000000,  304008349,        1,  256008349,  256008349
  7218,    34,   48000000,  312292745,        1,  264292745,  264292745
  7218,    35,   48000000,  321200079,        1,  273200079,  273200079
  7218,    36,   48000000,  328941446,        1,  280941446,  280941446
  7218,    37,   48000000,  339156531,        1,  291156531,  291156531
  7218,    38,   48000000,  345317637,        1,  297317637,  297317637
  7218,    39,   48000000,  353517697,        1,  305517697,  305517697
  7218,    40,   48000000,  363723853,        1,  315723853,  315723853
  7218,    41,   48000000,  372043921,        1,  324043921,  324043921
  7218,    42,   48000000,  380538845,        1,  332538845,  332538845
  7218,    43,   48000000,  388682691,        1,  340682691,  340682691
  7218,    44,   48000000,  397861387,        1,  349861387,  349861387
  7218,    45,   48000000,  407041046,        1,  359041046,  359041046
  7218,    46,   48000000,  413489859,        1,  365489859,  365489859
  7218,    47,   48000000,  421679537,        1,  373679537,  373679537
  7218,    48,   48000000,  434173485,        1,  386173485,  386173485
  7218,    49,   48000000,  440410558,        1,  392410558,  392410558
  7218,    50,   48000000,  448684234,        1,  400684234,  400684234
  7218,    51,   48000000,  456922432,        1,  408922432,  408922432
  7218,    52,   48000000,  465132918,        1,  417132918,  417132918
  7218,    53,   48000000,  473245524,        1,  425245524,  425245524
  7218,    54,   48000000,  481378623,        1,  433378623,  433378623
  7218,    55,   48000000,  491797318,        1,  443797318,  443797318
  7218,    56,   48000000,  499965319,        1,  451965319,  451965319
  7218,    57,   48000000,  508163849,        1,  460163849,  460163849
  7218,    58,   48000000,  516460412,        1,  468460412,  468460412
  7218,    59,   48000000,  524623609,        1,  476623609,  476623609
  7218,    60,   48000000,  532897949,        1,  484897949,  484897949
  7218,    61,   48000000,  542999031,        1,  494999031,  494999031
  7218,    62,   48000000,  549210432,        1,  501210432,  501210432
  7218,    63,   48000000,  557415072,        1,  509415072,  509415072
  7218,    64,   48000000,  567968587,        1,  519968587,  519968587
  7218,    65,   48000000,  578056656,        1,  530056656,  530056656
  7218,    66,   48000000,  586383761,        1,  538383761,  538383761
  7218,    67,   48000000,  592777042,        1,  544777042,  544777042
  7218,    68,   48000000,  600999240,        1,  552999240,  552999240
  7218,    69,   48000000,  609223507,        1,  561223507,  561223507
  7218,    70,   48000000,  617411385,        1,  569411385,  569411385
  7218,    71,   48000000,  625584416,        1,  577584416,  577584416
  7218,    72,   48000000,  635821416,        1,  587821416,  587821416
  7218,    73,   48000000,  644044586,        1,  596044586,  596044586
  7218,    74,   48000000,  652222674,        1,  604222674,  604222674
  7218,    75,   48000000,  660636663,        1,  612636663,  612636663
  7218,    76,   48000000,  668818958,        1,  620818958,  620818958
  7218,    77,   48000000,  677058880,        1,  629058880,  629058880
  7218,    78,   48000000,  687254034,        1,  639254034,  639254034
  7218,    79,   48000000,  694491043,        1,  646491043,  646491043
  7218,    80,   48000000,  701625330,        1,  653625330,  653625330
  7218,    81,   48000000,  711808822,        1,  663808822,  663808822
  7218,    82,   48000000,  721926548,        1,  673926548,  673926548
  7218,    83,   48000000,  728160600,        1,  680160600,  680160600
  7218,    84,   48000000,  736319848,        1,  688319848,  688319848
  7218,    85,   48000000,  744546068,        1,  696546068,  696546068
  7218,    86,   48000000,  754743190,        1,  706743190,  706743190
  7218,    87,   48000000,  760911913,        1,  712911913,  712911913
  7218,    88,   48000000,  769441690,        1,  721441690,  721441690
  7218,    89,   48000000,  777674804,        1,  729674804,  729674804
  7218,    90,   48000000,  787834941,        1,  739834941,  739834941
  7218,    91,   48000000,  796402203,        1,  748402203,  748402203
  7218,    92,   48000000,  806552199,        1,  758552199,  758552199
  7218,    93,   48000000,  812717558,        1,  764717558,  764717558
  7218,    94,   48000000,  823046678,        1,  775046678,  775046678
  7218,    95,   48000000,  829550846,        1,  781550846,  781550846
  7218,    96,   48000000,  837508303,        1,  789508303,  789508303
  7218,    97,   48000000,  848695588,        1,  800695588,  800695588
  7218,    98,   48000000,  856277276,        1,  808277276,  808277276
  7218,    99,   48000000,  864643648,        1,  816643648,  816643648
  7218,   100,   48000000,  872787077,        1,  824787077,  824787077
  7218,   101,   48000000,  881017220,        1,  833017220,  833017220
  7218,   102,   48000000,  889152170,        1,  841152170,  841152170
  7218,   103,   48000000,  897303973,        1,  849303973,  849303973
  7218,   104,   48000000,  905465134,        1,  857465134,  857465134
  7218,   105,   48000000,  913661130,        1,  865661130,  865661130
  7218,   106,   48000000,  923887674,        1,  875887674,  875887674
  7218,   107,   48000000,  932116735,        1,  884116735,  884116735
  7218,   108,   48000000,  940285156,        1,  892285156,  892285156
  7218,   109,   48000000,  948487889,        1,  900487889,  900487889
  7218,   110,   48000000,  956667113,        1,  908667113,  908667113
  7218,   111,   48000000,  966892934,        1,  918892934,  918892934
  7218,   112,   48000000,  972993023,        1,  924993023,  924993023
  7218,   113,   48000000,  983143533,        1,  935143533,  935143533
  7218,   114,   48000000,  991330323,        1,  943330323,  943330323
  7218,   115,   48000000,  997822264,        1,  949822264,  949822264
  7218,   116,   48000000, 1008065449,        1,  960065449,  960065449
  7218,   117,   48000000, 1016580265,        1,  968580265,  968580265
  7218,   118,   48000000, 1024887908,        1,  976887908,  976887908
  7218,   119,   48000000, 1033377162,        1,  985377162,  985377162
  7218,   120,   48000000, 1041587574,        1,  993587574,  993587574
  7218,   121,   48000000, 1049722619,        1, 1001722619, 1001722619
  7218,   122,   48000000, 1061603089,        1, 1013603089, 1013603089
  7218,   123,   48000000, 1068127846,        1, 1020127846, 1020127846
  7218,   124,   48000000, 1076789624,        1, 1028789624, 1028789624
  7218,   125,   48000000, 1084940437,        1, 1036940437, 1036940437
  7218,   126,   48000000, 1093455942,        1, 1045455942, 1045455942
  7218,   127,   48000000, 1103581626,        1, 1055581626, 1055581626
  7218,   128,   48000000, 1109764605,        1, 1061764605, 1061764605
  7218,   129,   48000000, 1119984132,        1, 1071984132, 1071984132
  7218,   130,   48000000, 1130457900,        1, 1082457900, 1082457900
# task NAME=myapp PID=7221 COST=42770000 PERIOD=50000000 CPU=0
  7221,     2,   50000000,       6223,        0,  -49993777,          0
  7221,     3,   50000000,     104792,        0,  -49895208,          0
  7221,     4,   50000000,   80380936,        1,   30380936,   30380936
  7221,     5,   50000000,  108872081,        1,   58872081,   58872081
  7221,     6,   50000000,  139517012,        1,   89517012,   89517012
  7221,     7,   50000000,  174393217,        1,  124393217,  124393217
  7221,     8,   50000000,  204980972,        1,  154980972,  154980972
  7221,     9,   50000000,  233584582,        1,  183584582,  183584582
  7221,    10,   50000000,  266291750,        1,  216291750,  216291750
  7221,    11,   50000000,  296832832,        1,  246832832,  246832832
  7221,    12,   50000000,  327474362,        1,  277474362,  277474362
  7221,    13,   50000000,  360336962,        1,  310336962,  310336962
  7221,    14,   50000000,  390821891,        1,  340821891,  340821891
  7221,    15,   50000000,  423630199,        1,  373630199,  373630199
  7221,    16,   50000000,  456459399,        1,  406459399,  406459399
  7221,    17,   50000000,  484996173,        1,  434996173,  434996173
  7221,    18,   50000000,  515647348,        1,  465647348,  465647348
  7221,    19,   50000000,  548453399,        1,  498453399,  498453399
  7221,    20,   50000000,  578988611,        1,  528988611,  528988611
  7221,    21,   50000000,  611862641,        1,  561862641,  561862641
  7221,    22,   50000000,  642444243,        1,  592444243,  592444243
  7221,    23,   50000000,  673029786,        1,  623029786,  623029786
  7221,    24,   50000000,  705386574,        1,  655386574,  655386574
  7221,    25,   50000000,  736393713,        1,  686393713,  686393713
  7221,    26,   50000000,  767248160,        1,  717248160,  717248160
  7221,    27,   50000000,  800106891,        1,  750106891,  750106891
  7221,    28,   50000000,  830934194,        1,  780934194,  780934194
  7221,    29,   50000000,  861290852,        1,  811290852,  811290852
  7221,    30,   50000000,  894216471,        1,  844216471,  844216471
  7221,    31,   50000000,  926786872,        1,  876786872,  876786872
  7221,    32,   50000000,  955337689,        1,  905337689,  905337689
  7221,    33,   50000000,  988293330,        1,  938293330,  938293330
  7221,    34,   50000000, 1018831849,        1,  968831849,  968831849
  7221,    35,   50000000, 1051461932,        1, 1001461932, 1001461932
  7221,    36,   50000000, 1082430918,        1, 1032430918, 1032430918
  7221,    37,   50000000, 1113011390,        1, 1063011390, 1063011390
  7221,    38,   50000000, 1147871879,        1, 1097871879, 1097871879
  7221,    39,   50000000, 1176649719,        1, 1126649719, 1126649719
  7221,    40,   50000000, 1207230235,        1, 1157230235, 1157230235
  7221,    41,   50000000, 1239915669,        1, 1189915669, 1189915669
  7221,    42,   50000000, 1270514368,        1, 1220514368, 1220514368
  7221,    43,   50000000, 1301373465,        1, 1251373465, 1251373465
  7221,    44,   50000000, 1331623465,        1, 1281623465, 1281623465
  7221,    45,   50000000, 1364234407,        1, 1314234407, 1314234407
  7221,    46,   50000000, 1395109446,        1, 1345109446, 1345109446
  7221,    47,   50000000, 1427700690,        1, 1377700690, 1377700690
  7221,    48,   50000000, 1460398967,        1, 1410398967, 1410398967
  7221,    49,   50000000, 1489316339,        1, 1439316339, 1439316339
  7221,    50,   50000000, 1522112150,        1, 1472112150, 1472112150
  7221,    51,   50000000, 1552627287,        1, 1502627287, 1502627287
  7221,    52,   50000000, 1585633538,        1, 1535633538, 1535633538
  7221,    53,   50000000, 1616340014,        1, 1566340014, 1566340014
# task NAME=myapp PID=7226 COST=47702000 PERIOD=54000000 CPU=0
  7226,     2,   54000000,       6360,        0,  -53993640,          0
  7226,     3,   54000000,     133380,        0,  -53866620,          0
  7226,     4,   54000000,   87023497,        1,   33023497,   33023497
  7226,     5,   54000000,  124324939,        1,   70324939,   70324939
  7226,     6,   54000000,  160168586,        1,  106168586,  106168586
  7226,     7,   54000000,  197110536,        1,  143110536,  143110536
  7226,     8,   54000000,  234368565,        1,  180368565,  180368565
  7226,     9,   54000000,  269733384,        1,  215733384,  215733384
  7226,    10,   54000000,  308881931,        1,  254881931,  254881931
  7226,    11,   54000000,  344162124,        1,  290162124,  290162124
  7226,    12,   54000000,  379374695,        1,  325374695,  325374695
  7226,    13,   54000000,  418623287,        1,  364623287,  364623287
  7226,    14,   54000000,  453863523,        1,  399863523,  399863523
  7226,    15,   54000000,  489310958,        1,  435310958,  435310958
  7226,    16,   54000000,  526635917,        1,  472635917,  472635917
  7226,    17,   54000000,  563846972,        1,  509846972,  509846972
  7226,    18,   54000000,  599349249,        1,  545349249,  545349249
  7226,    19,   54000000,  638444015,        1,  584444015,  584444015
  7226,    20,   54000000,  674554623,        1,  620554623,  620554623
  7226,    21,   54000000,  710016687,        1,  656016687,  656016687
  7226,    22,   54000000,  746670052,        1,  692670052,  692670052
  7226,    23,   54000000,  784237967,        1,  730237967,  730237967
  7226,    24,   54000000,  819617751,        1,  765617751,  765617751
  7226,    25,   54000000,  857133831,        1,  803133831,  803133831
  7226,    26,   54000000,  894451012,        1,  840451012,  840451012
  7226,    27,   54000000,  929753078,        1,  875753078,  875753078
  7226,    28,   54000000,  967035415,        1,  913035415,  913035415
  7226,    29,   54000000, 1004550571,        1,  950550571,  950550571
  7226,    30,   54000000, 1039736110,        1,  985736110,  985736110
  7226,    31,   54000000, 1077085841,        1, 1023085841, 1023085841
  7226,    32,   54000000, 1116430467,        1, 1062430467, 1062430467
  7226,    33,   54000000, 1153981805,        1, 1099981805, 1099981805
  7226,    34,   54000000, 1187507362,        1, 1133507362, 1133507362
  7226,    35,   54000000, 1224783896,        1, 1170783896, 1170783896
  7226,    36,   54000000, 1262232544,        1, 1208232544, 1208232544
  7226,    37,   54000000, 1297515512,        1, 1243515512, 1243515512
  7226,    38,   54000000, 1334759306,        1, 1280759306, 1280759306
  7226,    39,   54000000, 1373969561,        1, 1319969561, 1319969561
  7226,    40,   54000000, 1409470830,        1, 1355470830, 1355470830
  7226,    41,   54000000, 1446767018,        1, 1392767018, 1392767018
  7226,    42,   54000000, 1481901121,        1, 1427901121, 1427901121
  7226,    43,   54000000, 1517159360,        1, 1463159360, 1463159360
  7226,    44,   54000000, 1556449233,        1, 1502449233, 1502449233
  7226,    45,   54000000, 1591929941,        1, 1537929941, 1537929941
  7226,    46,   54000000, 1627185529,        1, 1573185529, 1573185529
  7226,    47,   54000000, 1664802018,        1, 1610802018, 1610802018
  7226,    48,   54000000, 1702143836,        1, 1648143836, 1648143836
  7226,    49,   54000000, 1737745604,        1, 1683745604, 1683745604
  7226,    50,   54000000, 1774929329,        1, 1720929329, 1720929329
  7226,    51,   54000000, 1812920776,        1, 1758920776, 1758920776
# task NAME=myapp PID=7230 COST=20488000 PERIOD=38000000 CPU=0
  7230,     2,   38000000,      13952,        0,  -37986048,          0
  7230,     3,   38000000,      81996,        0,  -37918004,          0
  7230,     4,   38000000,   35355339,        0,   -2644661,          0
  7230,     5,   38000000,   37335863,        0,    -664137,          0
  7230,     6,   38000000,   38275969,        1,     275969,     275969
  7230,     7,   38000000,   37685797,        0,    -314203,          0
  7230,     8,   38000000,   38267856,        1,     267856,     267856
  7230,     9,   38000000,   39712342,        1,    1712342,    1712342
  7230,    10,   38000000,   39154590,        1,    1154590,    1154590
  7230,    11,   38000000,   40870836,        1,    2870836,    2870836
  7230,    12,   38000000,   42319681,        1,    4319681,    4319681
  7230,    13,   38000000,   41733630,        1,    3733630,    3733630
  7230,    14,   38000000,   43273645,        1,    5273645,    5273645
  7230,    15,   38000000,   44681619,        1,    6681619,    6681619
  7230,    16,   38000000,   46177635,        1,    8177635,    8177635
  7230,    17,   38000000,   45547422,        1,    7547422,    7547422
  7230,    18,   38000000,   48206319,        1,   10206319,   10206319
  7230,    19,   38000000,   48479990,        1,   10479990,   10479990
  7230,    20,   38000000,   49936857,        1,   11936857,   11936857
  7230,    21,   38000000,   49368366,        1,   11368366,   11368366
  7230,    22,   38000000,   50887175,        1,   12887175,   12887175
  7230,    23,   38000000,   52377257,        1,   14377257,   14377257
  7230,    24,   38000000,   54168501,        1,   16168501,   16168501
  7230,    25,   38000000,   53653534,        1,   15653534,   15653534
  7230,    26,   38000000,   55089392,        1,   17089392,   17089392
  7230,    27,   38000000,   56804395,        1,   18804395,   18804395
  7230,    28,   38000000,   58207948,        1,   20207948,   20207948
  7230,    29,   38000000,   57660022,        1,   19660022,   19660022
  7230,    30,   38000000,   59207667,        1,   21207667,   21207667
  7230,    31,   38000000,   62242478,        1,   24242478,   24242478
  7230,    32,   38000000,   64213379,        1,   26213379,   26213379
  7230,    33,   38000000,   61620408,        1,   23620408,   23620408
  7230,    34,   38000000,   65148691,        1,   27148691,   27148691
  7230,    35,   38000000,   66594578,        1,   28594578,   28594578
  7230,    36,   38000000,   66039285,        1,   28039285,   28039285
  7230,    37,   38000000,   67765262,        1,   29765262,   29765262
  7230,    38,   38000000,   69235002,        1,   31235002,   31235002
  7230,    39,   38000000,   70661990,        1,   32661990,   32661990
  7230,    40,   38000000,   70352680,        1,   32352680,   32352680
  7230,    41,   38000000,   73891363,        1,   35891363,   35891363
  7230,    42,   38000000,   71293435,        1,   33293435,   33293435
  7230,    43,   38000000,   72775199,        1,   34775199,   34775199
  7230,    44,   38000000,   76667054,        1,   38667054,   38667054
  7230,    45,   38000000,   75647378,        1,   37647378,   37647378
  7230,    46,   38000000,   75013482,        1,   37013482,   37013482
  7230,    47,   38000000,   76473142,        1,   38473142,   38473142
  7230,    48,   38000000,   77912456,        1,   39912456,   39912456
  7230,    49,   38000000,   77318163,        1,   39318163,   39318163
  7230,    50,   38000000,   79083257,        1,   41083257,   41083257
  7230,    51,   38000000,   80553865,        1,   42553865,   42553865
  7230,    52,   38000000,   82105040,        1,   44105040,   44105040
  7230,    53,   38000000,   81499455,        1,   43499455,   43499455
  7230,    54,   38000000,   83326047,        1,   45326047,   45326047
  7230,    55,   38000000,   86288504,        1,   48288504,   48288504
  7230,    56,   38000000,   87974638,        1,   49974638,   49974638
  7230,    57,   38000000,   87371511,        1,   49371511,   49371511
  7230,    58,   38000000,   86857191,        1,   48857191,   48857191
  7230,    59,   38000000,   90344301,        1,   52344301,   52344301
  7230,    60,   38000000,   89743108,        1,   51743108,   51743108
  7230,    61,   38000000,   89130220,        1,   51130220,   51130220
  7230,    62,   38000000,   90560931,        1,   52560931,   52560931
  7230,    63,   38000000,   92272418,        1,   54272418,   54272418
  7230,    64,   38000000,   93712895,        1,   55712895,   55712895
  7230,    65,   38000000,   93141022,        1,   55141022,   55141022
  7230,    66,   38000000,   94865581,        1,   56865581,   56865581
  7230,    67,   38000000,   96350955,        1,   58350955,   58350955
  7230,    68,   38000000,   97865271,        1,   59865271,   59865271
  7230,    69,   38000000,   97287434,        1,   59287434,   59287434
  7230,    70,   38000000,   98768827,        1,   60768827,   60768827
  7230,    71,   38000000,  100289879,        1,   62289879,   62289879
  7230,    72,   38000000,  101910847,        1,   63910847,   63910847
  7230,    73,   38000000,  101615411,        1,   63615411,   63615411
  7230,    74,   38000000,  105106153,        1,   67106153,   67106153
  7230,    75,   38000000,  104860820,        1,   66860820,   66860820
  7230,    76,   38000000,  108293963,        1,   70293963,   70293963
  7230,    77,   38000000,  107681234,        1,   69681234,   69681234
  7230,    78,   38000000,  109121172,        1,   71121172,   71121172
  7230,    79,   38000000,  111132639,        1,   73132639,   73132639
  7230,    80,   38000000,  112215019,        1,   74215019,   74215019
  7230,    81,   38000000,  109612725,        1,   71612725,   71612725
  7230,    82,   38000000,  111293032,        1,   73293032,   73293032
  7230,    83,   38000000,  112730766,        1,   74730766,   74730766
  7230,    84,   38000000,  114124570,        1,   76124570,   76124570
  7230,    85,   38000000,  113559780,        1,   75559780,   75559780
  7230,    86,   38000000,  117421074,        1,   79421074,   79421074
  7230,    87,   38000000,  116393767,        1,   78393767,   78393767
  7230,    88,   38000000,  119897933,        1,   81897933,   81897933
  7230,    89,   38000000,  117335190,        1,   79335190,   79335190
  7230,    90,   38000000,  120729222,        1,   82729222,   82729222
  7230,    91,   38000000,  120180278,        1,   82180278,   82180278
  7230,    92,   38000000,  121950819,        1,   83950819,   83950819
  7230,    93,   38000000,  121372190,        1,   83372190,   83372190
  7230,    94,   38000000,  122769091,        1,   84769091,   84769091
  7230,    95,   38000000,  124257608,        1,   86257608,   86257608
  7230,    96,   38000000,  125608205,        1,   87608205,   87608205
  7230,    97,   38000000,  127113742,        1,   89113742,   89113742
  7230,    98,   38000000,  128569418,        1,   90569418,   90569418
  7230,    99,   38000000,  128045309,        1,   90045309,   90045309
  7230,   100,   38000000,  129506226,        1,   91506226,   91506226
  7230,   101,   38000000,  130873120,        1,   92873120,   92873120
  7230,   102,   38000000,  132315428,        1,   94315428,   94315428
  7230,   103,   38000000,  129699531,        1,   91699531,   91699531
  7230,   104,   38000000,  131414353,        1,   93414353,   93414353
  7230,   105,   38000000,  132920885,        1,   94920885,   94920885
  7230,   106,   38000000,  134409261,        1,   96409261,   96409261
  7230,   107,   38000000,  135879390,        1,   97879390,   97879390
  7230,   108,   38000000,  135829038,        1,   97829038,   97829038
  7230,   109,   38000000,  138698334,        1,  100698334,  100698334
  7230,   110,   38000000,  138377770,        1,  100377770,  100377770
  7230,   111,   38000000,  137635400,        1,   99635400,   99635400
  7230,   112,   38000000,  139094102,        1,  101094102,  101094102
  7230,   113,   38000000,  142488002,        1,  104488002,  104488002
  7230,   114,   38000000,  142261001,        1,  104261001,  104261001
  7230,   115,   38000000,  141684790,        1,  103684790,  103684790
  7230,   116,   38000000,  145085949,        1,  107085949,  107085949
  7230,   117,   38000000,  144851468,        1,  106851468,  106851468
  7230,   118,   38000000,  146622544,        1,  108622544,  108622544
  7230,   119,   38000000,  146331111,        1,  108331111,  108331111
  7230,   120,   38000000,  148366942,        1,  110366942,  110366942
  7230,   121,   38000000,  149251979,        1,  111251979,  111251979
  7230,   122,   38000000,  150309177,        1,  112309177,  112309177
  7230,   123,   38000000,  149756227,        1,  111756227,  111756227
  7230,   124,   38000000,  153405175,        1,  115405175,  115405175
  7230,   125,   38000000,  154843715,        1,  116843715,  116843715
  7230,   126,   38000000,  154297451,        1,  116297451,  116297451
  7230,   127,   38000000,  153736013,        1,  115736013,  115736013
  7230,   128,   38000000,  157270409,        1,  119270409,  119270409
  7230,   129,   38000000,  158638251,        1,  120638251,  120638251
  7230,   130,   38000000,  158064264,        1,  120064264,  120064264
  7230,   131,   38000000,  157591372,        1,  119591372,  119591372
  7230,   132,   38000000,  159023968,        1,  121023968,  121023968
  7230,   133,   38000000,  160498203,        1,  122498203,  122498203
  7230,   134,   38000000,  161930229,        1,  123930229,  123930229
  7230,   135,   38000000,  161452560,        1,  123452560,  123452560
  7230,   136,   38000000,  162955130,        1,  124955130,  124955130
  7230,   137,   38000000,  164418140,        1,  126418140,  126418140
  7230,   138,   38000000,  167857143,        1,  129857143,  129857143
  7230,   139,   38000000,  165284555,        1,  127284555,  127284555
  7230,   140,   38000000,  167028785,        1,  129028785,  129028785
  7230,   141,   38000000,  170424830,        1,  132424830,  132424830
  7230,   142,   38000000,  167801628,        1,  129801628,  129801628
  7230,   143,   38000000,  171600622,        1,  133600622,  133600622
  7230,   144,   38000000,  171042784,        1,  133042784,  133042784
  7230,   145,   38000000,  172495065,        1,  134495065,  134495065
  7230,   146,   38000000,  176019285,        1,  138019285,  138019285
  7230,   147,   38000000,  173564592,        1,  135564592,  135564592
  7230,   148,   38000000,  176892742,        1,  138892742,  138892742
  7230,   149,   38000000,  178520038,        1,  140520038,  140520038
  7230,   150,   38000000,  177995851,        1,  139995851,  139995851
  7230,   151,   38000000,  177418485,        1,  139418485,  139418485
  7230,   152,   38000000,  179159233,        1,  141159233,  141159233
  7230,   153,   38000000,  180590963,        1,  142590963,  142590963
  7230,   154,   38000000,  182078869,        1,  144078869,  144078869
  7230,   155,   38000000,  183494854,        1,  145494854,  145494854
  7230,   156,   38000000,  183222960,        1,  145222960,  145222960
  7230,   157,   38000000,  186630290,        1,  148630290,  148630290
  7230,   158,   38000000,  186117611,        1,  148117611,  148117611
  7230,   159,   38000000,  187575072,        1,  149575072,  149575072
  7230,   160,   38000000,  187026146,        1,  149026146,  149026146
  7230,   161,   38000000,  188439659,        1,  150439659,  150439659
  7230,   162,   38000000,  189860186,        1,  151860186,  151860186
  7230,   163,   38000000,  189287224,        1,  151287224,  151287224
  7230,   164,   38000000,  190678225,        1,  152678225,  152678225
  7230,   165,   38000000,  192402963,        1,  154402963,  154402963
  7230,   166,   38000000,  193843763,        1,  155843763,  155843763
  7230,   167,   38000000,  195243434,        1,  157243434,  157243434
  7230,   168,   38000000,  194665816,        1,  156665816,  156665816
  7230,   169,   38000000,  196396743,        1,  158396743,  158396743
  7230,   170,   38000000,  197966552,        1,  159966552,  159966552
  7230,   171,   38000000,  197415261,        1,  159415261,  159415261
  7230,   172,   38000000,  200914960,        1,  162914960,  162914960
  7230,   173,   38000000,  200332771,        1,  162332771,  162332771
  7230,   174,   38000000,  199782565,        1,  161782565,  161782565
  7230,   175,   38000000,  203196016,        1,  165196016,  165196016
  7230,   176,   38000000,  202663921,        1,  164663921,  164663921
  7230,   177,   38000000,  204088061,        1,  166088061,  166088061
  7230,   178,   38000000,  205863890,        1,  167863890,  167863890
  7230,   179,   38000000,  205362341,        1,  167362341,  167362341
  7230,   180,   38000000,  208781653,        1,  170781653,  170781653
  7230,   181,   38000000,  208498340,        1,  170498340,  170498340
  7230,   182,   38000000,  212136579,        1,  174136579,  174136579
  7230,   183,   38000000,  209539550,        1,  171539550,  171539550
  7230,   184,   38000000,  210998358,        1,  172998358,  172998358
  7230,   185,   38000000,  212405161,        1,  174405161,  174405161
  7230,   186,   38000000,  213903381,        1,  175903381,  175903381
  7230,   187,   38000000,  213370857,        1,  175370857,  175370857
  7230,   188,   38000000,  216750305,        1,  178750305,  178750305
  7230,   189,   38000000,  218475865,        1,  180475865,  180475865
  7230,   190,   38000000,  217947975,        1,  179947975,  179947975
  7230,   191,   38000000,  218199935,        1,  180199935,  180199935
  7230,   192,   38000000,  219228698,        1,  181228698,  181228698
  7230,   193,   38000000,  220638742,        1,  182638742,  182638742
  7230,   194,   38000000,  222417855,        1,  184417855,  184417855
  7230,   195,   38000000,  223839643,        1,  185839643,  185839643
  7230,   196,   38000000,  223323599,        1,  185323599,  185323599
  7230,   197,   38000000,  224741634,        1,  186741634,  186741634
  7230,   198,   38000000,  227421748,        1,  189421748,  189421748
  7230,   199,   38000000,  225617726,        1,  187617726,  187617726
  7230,   200,   38000000,  227063471,        1,  189063471,  189063471
  7230,   201,   38000000,  230533121,        1,  192533121,  192533121
  7230,   202,   38000000,  229906183,        1,  191906183,  191906183
  7230,   203,   38000000,  229355254,        1,  191355254,  191355254
  7230,   204,   38000000,  231194342,        1,  193194342,  193194342
  7230,   205,   38000000,  232595737,        1,  194595737,  194595737
  7230,   206,   38000000,  236034588,        1,  198034588,  198034588
  7230,   207,   38000000,  235743974,        1,  197743974,  197743974
  7230,   208,   38000000,  235304646,        1,  197304646,  197304646
  7230,   209,   38000000,  236803054,        1,  198803054,  198803054
  7230,   210,   38000000,  238270198,        1,  200270198,  200270198
  7230,   211,   38000000,  237652801,        1,  199652801,  199652801
  7230,   212,   38000000,  241108802,        1,  203108802,  203108802
  7230,   213,   38000000,  240805516,        1,  202805516,  202805516
  7230,   214,   38000000,  242286773,        1,  204286773,  204286773
  7230,   215,   38000000,  243661127,        1,  205661127,  205661127
  7230,   216,   38000000,  243118207,        1,  205118207,  205118207
  7230,   217,   38000000,  246814102,        1,  208814102,  208814102
  7230,   218,   38000000,  246279352,        1,  208279352,  208279352
  7230,   219,   38000000,  247723862,        1,  209723862,  209723862
  7230,   220,   38000000,  247394301,        1,  209394301,  209394301
  7230,   221,   38000000,  248844811,        1,  210844811,  210844811
  7230,   222,   38000000,  250338751,        1,  212338751,  212338751
  7230,   223,   38000000,  249714287,        1,  211714287,  211714287
  7230,   224,   38000000,  251170745,        1,  213170745,  213170745
  7230,   225,   38000000,  254471500,        1,  216471500,  216471500
  7230,   226,   38000000,  253987526,        1,  215987526,  215987526
  7230,   227,   38000000,  255408681,        1,  217408681,  217408681
  7230,   228,   38000000,  254863624,        1,  216863624,  216863624
  7230,   229,   38000000,  256315483,        1,  218315483,  218315483
  7230,   230,   38000000,  255695119,        1,  217695119,  217695119
  7230,   231,   38000000,  257115351,        1,  219115351,  219115351
  7230,   232,   38000000,  260472337,        1,  222472337,  222472337
  7230,   233,   38000000,  259982272,        1,  221982272,  221982272
  7230,   234,   38000000,  259457854,        1,  221457854,  221457854
  7230,   235,   38000000,  260949976,        1,  222949976,  222949976
  7230,   236,   38000000,  262406524,        1,  224406524,  224406524
  7230,   237,   38000000,  263897465,        1,  225897465,  225897465
  7230,   238,   38000000,  263359745,        1,  225359745,  225359745
  7230,   239,   38000000,  264737998,        1,  226737998,  226737998
  7230,   240,   38000000,  266199330,        1,  228199330,  228199330
  7230,   241,   38000000,  265631513,        1,  227631513,  227631513
  7230,   242,   38000000,  267439228,        1,  229439228,  229439228
  7230,   243,   38000000,  268907364,        1,  230907364,  230907364
  7230,   244,   38000000,  272299861,        1,  234299861,  234299861
  7230,   245,   38000000,  273968975,        1,  235968975,  235968975
  7230,   246,   38000000,  271480985,        1,  233480985,  233480985
  7230,   247,   38000000,  272922959,        1,  234922959,  234922959
  7230,   248,   38000000,  274383724,        1,  236383724,  236383724
  7230,   249,   38000000,  275816939,        1,  237816939,  237816939
  7230,   250,   38000000,  277329824,        1,  239329824,  239329824
  7230,   251,   38000000,  278822370,        1,  240822370,  240822370
  7230,   252,   38000000,  278266193,        1,  240266193,  240266193
  7230,   253,   38000000,  277662472,        1,  239662472,  239662472
  7230,   254,   38000000,  279216705,        1,  241216705,  241216705
  7230,   255,   38000000,  280882848,        1,  242882848,  242882848
  7230,   256,   38000000,  284290677,        1,  246290677,  246290677
  7230,   257,   38000000,  281734273,        1,  243734273,  243734273
  7230,   258,   38000000,  283533422,        1,  245533422,  245533422
  7230,   259,   38000000,  285030445,        1,  247030445,  247030445
  7230,   260,   38000000,  286565841,        1,  248565841,  248565841
  7230,   261,   38000000,  290284348,        1,  252284348,  252284348
  7230,   262,   38000000,  287722511,        1,  249722511,  249722511
  7230,   263,   38000000,  289181965,        1,  251181965,  251181965
  7230,   264,   38000000,  290540814,        1,  252540814,  252540814
  7230,   265,   38000000,  292229586,        1,  254229586,  254229586
  7230,   266,   38000000,  291592466,        1,  253592466,  253592466
  7230,   267,   38000000,  293087310,        1,  255087310,  255087310
