# Task,   Job,     Period,   Response, DL Miss?,   Lateness,  Tardiness
# task NAME=myapp PID=7455 COST=62692000 PERIOD=81000000 CPU=0
  7455,     2,   81000000,      10608,        0,  -80989392,          0
  7455,     3,   81000000,      68761,        0,  -80931239,          0
  7455,     4,   81000000,  114555455,        1,   33555455,   33555455
  7455,     5,   81000000,  153147636,        1,   72147636,   72147636
  7455,     6,   81000000,  191632045,        1,  110632045,  110632045
  7455,     7,   81000000,  230169173,        1,  149169173,  149169173
  7455,     8,   81000000,  270759312,        1,  189759312,  189759312
  7455,     9,   81000000,  305617429,        1,  224617429,  224617429
  7455,    10,   81000000,  346146075,        1,  265146075,  265146075
  7455,    11,   81000000,  384827893,        1,  303827893,  303827893
  7455,    12,   81000000,  423205468,        1,  342205468,  342205468
  7455,    13,   81000000,  457647370,        1,  376647370,  376647370
  7455,    14,   81000000,  496258688,        1,  415258688,  415258688
  7455,    15,   81000000,  536784421,        1,  455784421,  455784421
  7455,    16,   81000000,  573527591,        1,  492527591,  492527591
  7455,    17,   81000000,  612454018,        1,  531454018,  531454018
  7455,    18,   81000000,  651187809,        1,  570187809,  570187809
  7455,    19,   81000000,  689625629,        1,  608625629,  608625629
  7455,    20,   81000000,  726415823,        1,  645415823,  645415823
  7455,    21,   81000000,  767107877,        1,  686107877,  686107877
  7455,    22,   81000000,  805803448,        1,  724803448,  724803448
  7455,    23,   81000000,  842496284,        1,  761496284,  761496284
  7455,    24,   81000000,  881039409,        1,  800039409,  800039409
  7455,    25,   81000000,  919872668,        1,  838872668,  838872668
  7455,    26,   81000000,  956650687,        1,  875650687,  875650687
  7455,    27,   81000000,  995152343,        1,  914152343,  914152343
  7455,    28,   81000000, 1033931077,        1,  952931077,  952931077
  7455,    29,   81000000, 1072368470,        1,  991368470,  991368470
  7455,    30,   81000000, 1111194561,        1, 1030194561, 1030194561
  7455,    31,   81000000, 1147761374,        1, 1066761374, 1066761374
  7455,    32,   81000000, 1186460918,        1, 1105460918, 1105460918
  7455,    33,   81000000, 1227153239,        1, 1146153239, 1146153239
  7455,    34,   81000000, 1263831279,        1, 1182831279, 1182831279
  7455,    35,   81000000, 1302674810,        1, 1221674810, 1221674810
  7455,    36,   81000000, 1341380927,        1, 1260380927, 1260380927
  7455,    37,   81000000, 1380044883,        1, 1299044883, 1299044883
  7455,    38,   81000000, 1418923320,        1, 1337923320, 1337923320
  7455,    39,   81000000, 1455666484,        1, 1374666484, 1374666484
  7455,    40,   81000000, 1494211376,        1, 1413211376, 1413211376
  7455,    41,   81000000, 1533067673,        1, 1452067673, 1452067673
  7455,    42,   81000000, 1573556420,        1, 1492556420, 1492556420
  7455,    43,   81000000, 1610060820,        1, 1529060820, 1529060820
  7455,    44,   81000000, 1648730053,        1, 1567730053, 1567730053
  7455,    45,   81000000, 1685514915,        1, 1604514915, 1604514915
  7455,    46,   81000000, 1724796067,        1, 1643796067, 1643796067
  7455,    47,   81000000, 1764854636,        1, 1683854636, 1683854636
  7455,    48,   81000000, 1801554916,        1, 1720554916, 1720554916
  7455,    49,   81000000, 1840530635,        1, 1759530635, 1759530635
  7455,    50,   81000000, 1878955638,        1, 1797955638, 1797955638
  7455,    51,   81000000, 1915461231,        1, 1834461231, 1834461231
  7455,    52,   81000000, 1954115868,        1, 1873115868, 1873115868
  7455,    53,   81000000, 1992586521,        1, 1911586521, 1911586521
  7455,    54,   81000000, 2031323819,        1, 1950323819, 1950323819
  7455,    55,   81000000, 2070179047,        1, 1989179047, 1989179047
  7455,    56,   81000000, 2109031568,        1, 2028031568, 2028031568
  7455,    57,   81000000, 2145468769,        1, 2064468769, 2064468769
  7455,    58,   81000000, 2184307379,        1, 2103307379, 2103307379
  7455,    59,   81000000, 2225140400,        1, 2144140400, 2144140400
  7455,    60,   81000000, 2261663671,        1, 2180663671, 2180663671
  7455,    61,   81000000, 2300238401,        1, 2219238401, 2219238401
  7455,    62,   81000000, 2339078320,        1, 2258078320, 2258078320
  7455,    63,   81000000, 2377863963,        1, 2296863963, 2296863963
# task NAME=myapp PID=7459 COST=11539000 PERIOD=14000000 CPU=0
  7459,     2,   14000000,       5530,        0,  -13994470,          0
  7459,     3,   14000000,      58895,        0,  -13941105,          0
  7459,     4,   14000000,   20752357,        1,    6752357,    6752357
  7459,     5,   14000000,   27724094,        1,   13724094,   13724094
  7459,     6,   14000000,   37078440,        1,   23078440,   23078440
  7459,     7,   14000000,   48836433,        1,   34836433,   34836433
  7459,     8,   14000000,   53017399,        1,   39017399,   39017399
  7459,     9,   14000000,   62007343,        1,   48007343,   48007343
  7459,    10,   14000000,   68951282,        1,   54951282,   54951282
  7459,    11,   14000000,   79096781,        1,   65096781,   65096781
  7459,    12,   14000000,   85189532,        1,   71189532,   71189532
  7459,    13,   14000000,   94168592,        1,   80168592,   80168592
  7459,    14,   14000000,  101107114,        1,   87107114,   87107114
  7459,    15,   14000000,  110095298,        1,   96095298,   96095298
  7459,    16,   14000000,  117103461,        1,  103103461,  103103461
  7459,    17,   14000000,  126045163,        1,  112045163,  112045163
  7459,    18,   14000000,  132985673,        1,  118985673,  118985673
  7459,    19,   14000000,  141991072,        1,  127991072,  127991072
  7459,    20,   14000000,  150919661,        1,  136919661,  136919661
  7459,    21,   14000000,  157917570,        1,  143917570,  143917570
  7459,    22,   14000000,  164899108,        1,  150899108,  150899108
  7459,    23,   14000000,  173871348,        1,  159871348,  159871348
  7459,    24,   14000000,  180774399,        1,  166774399,  166774399
  7459,    25,   14000000,  190362643,        1,  176362643,  176362643
  7459,    26,   14000000,  196766591,        1,  182766591,  182766591
  7459,    27,   14000000,  203700223,        1,  189700223,  189700223
  7459,    28,   14000000,  212941402,        1,  198941402,  198941402
  7459,    29,   14000000,  221973625,        1,  207973625,  207973625
  7459,    30,   14000000,  228897634,        1,  214897634,  214897634
  7459,    31,   14000000,  237872194,        1,  223872194,  223872194
  7459,    32,   14000000,  244829332,        1,  230829332,  230829332
  7459,    33,   14000000,  253865704,        1,  239865704,  239865704
  7459,    34,   14000000,  261112388,        1,  247112388,  247112388
  7459,    35,   14000000,  270064489,        1,  256064489,  256064489
  7459,    36,   14000000,  277003476,        1,  263003476,  263003476
  7459,    37,   14000000,  286461949,        1,  272461949,  272461949
  7459,    38,   14000000,  294957374,        1,  280957374,  280957374
  7459,    39,   14000000,  303952960,        1,  289952960,  289952960
  7459,    40,   14000000,  309160814,        1,  295160814,  295160814
  7459,    41,   14000000,  318130219,        1,  304130219,  304130219
  7459,    42,   14000000,  325085942,        1,  311085942,  311085942
  7459,    43,   14000000,  334094588,        1,  320094588,  320094588
  7459,    44,   14000000,  341049670,        1,  327049670,  327049670
  7459,    45,   14000000,  350017102,        1,  336017102,  336017102
  7459,    46,   14000000,  356956075,        1,  342956075,  342956075
  7459,    47,   14000000,  365944608,        1,  351944608,  351944608
  7459,    48,   14000000,  372912927,        1,  358912927,  358912927
  7459,    49,   14000000,  381856122,        1,  367856122,  367856122
  7459,    50,   14000000,  390788557,        1,  376788557,  376788557
  7459,    51,   14000000,  395732983,        1,  381732983,  381732983
  7459,    52,   14000000,  404776376,        1,  390776376,  390776376
  7459,    53,   14000000,  411726827,        1,  397726827,  397726827
  7459,    54,   14000000,  420722484,        1,  406722484,  406722484
  7459,    55,   14000000,  427707264,        1,  413707264,  413707264
  7459,    56,   14000000,  438711031,        1,  424711031,  424711031
# task NAME=myapp PID=7462 COST=5683000 PERIOD=11000000 CPU=0
  7462,     2,   11000000,       5810,        0,  -10994190,          0
  7462,     3,   11000000,      72792,        0,  -10927208,          0
  7462,     4,   11000000,    8220329,        0,   -2779671,          0
  7462,     5,   11000000,    9227370,        0,   -1772630,          0
  7462,     6,   11000000,    9222743,        0,   -1777257,          0
  7462,     7,   11000000,    9048292,        0,   -1951708,          0
  7462,     8,   11000000,    8564832,        0,   -2435168,          0
  7462,     9,   11000000,   11204826,        1,     204826,     204826
  7462,    10,   11000000,    9590370,        0,   -1409630,          0
  7462,    11,   11000000,    9185458,        0,   -1814542,          0
  7462,    12,   11000000,    8198351,        0,   -2801649,          0
  7462,    13,   11000000,    9215542,        0,   -1784458,          0
  7462,    14,   11000000,   11131039,        1,     131039,     131039
  7462,    15,   11000000,    9517665,        0,   -1482335,          0
  7462,    16,   11000000,    8681154,        0,   -2318846,          0
  7462,    17,   11000000,    9201396,        0,   -1798604,          0
  7462,    18,   11000000,    9213246,        0,   -1786754,          0
  7462,    19,   11000000,    9195650,        0,   -1804350,          0
  7462,    20,   11000000,    9973519,        0,   -1026481,          0
  7462,    21,   11000000,    9233346,        0,   -1766654,          0
  7462,    22,   11000000,    9171379,        0,   -1828621,          0
  7462,    23,   11000000,    7162377,        0,   -3837623,          0
  7462,    24,   11000000,   10255529,        0,    -744471,          0
  7462,    25,   11000000,    9211059,        0,   -1788941,          0
  7462,    26,   11000000,   11172549,        1,     172549,     172549
  7462,    27,   11000000,    8808651,        0,   -2191349,          0
  7462,    28,   11000000,    8185861,        0,   -2814139,          0
  7462,    29,   11000000,    9228567,        0,   -1771433,          0
  7462,    30,   11000000,   11463022,        1,     463022,     463022
  7462,    31,   11000000,   11904304,        1,     904304,     904304
  7462,    32,   11000000,   10305676,        0,    -694324,          0
  7462,    33,   11000000,    9202507,        0,   -1797493,          0
  7462,    34,   11000000,    9187770,        0,   -1812230,          0
  7462,    35,   11000000,    7159753,        0,   -3840247,          0
  7462,    36,   11000000,   10202048,        0,    -797952,          0
  7462,    37,   11000000,    9214355,        0,   -1785645,          0
  7462,    38,   11000000,    9435997,        0,   -1564003,          0
  7462,    39,   11000000,    7220273,        0,   -3779727,          0
  7462,    40,   11000000,    8283154,        0,   -2716846,          0
  7462,    41,   11000000,   11189013,        1,     189013,     189013
  7462,    42,   11000000,   11857852,        1,     857852,     857852
  7462,    43,   11000000,   12234699,        1,    1234699,    1234699
  7462,    44,   11000000,    8608237,        0,   -2391763,          0
  7462,    45,   11000000,    9210397,        0,   -1789603,          0
  7462,    46,   11000000,    9254450,        0,   -1745550,          0
  7462,    47,   11000000,    7801023,        0,   -3198977,          0
  7462,    48,   11000000,    8537966,        0,   -2462034,          0
  7462,    49,   11000000,   11232420,        1,     232420,     232420
  7462,    50,   11000000,    9597132,        0,   -1402868,          0
  7462,    51,   11000000,    9196745,        0,   -1803255,          0
  7462,    52,   11000000,    8212137,        0,   -2787863,          0
  7462,    53,   11000000,    9491443,        0,   -1508557,          0
  7462,    54,   11000000,    9263415,        0,   -1736585,          0
  7462,    55,   11000000,    9175693,        0,   -1824307,          0
  7462,    56,   11000000,    8613170,        0,   -2386830,          0
  7462,    57,   11000000,    9211584,        0,   -1788416,          0
  7462,    58,   11000000,    9218382,        0,   -1781618,          0
  7462,    59,   11000000,    9185630,        0,   -1814370,          0
  7462,    60,   11000000,    8244899,        0,   -2755101,          0
  7462,    61,   11000000,   11200141,        1,     200141,     200141
  7462,    62,   11000000,    9611184,        0,   -1388816,          0
  7462,    63,   11000000,    7166537,        0,   -3833463,          0
  7462,    64,   11000000,    8217232,        0,   -2782768,          0
  7462,    65,   11000000,    9403765,        0,   -1596235,          0
  7462,    66,   11000000,    9306221,        0,   -1693779,          0
  7462,    67,   11000000,    9162828,        0,   -1837172,          0
  7462,    68,   11000000,   10209036,        0,    -790964,          0
  7462,    69,   11000000,   11246491,        1,     246491,     246491
  7462,    70,   11000000,    9655100,        0,   -1344900,          0
  7462,    71,   11000000,    7177467,        0,   -3822533,          0
  7462,    72,   11000000,    8207048,        0,   -2792952,          0
  7462,    73,   11000000,   11185753,        1,     185753,     185753
  7462,    74,   11000000,   10995573,        0,      -4427,          0
  7462,    75,   11000000,   11966201,        1,     966201,     966201
  7462,    76,   11000000,   10336170,        0,    -663830,          0
  7462,    77,   11000000,    9206486,        0,   -1793514,          0
  7462,    78,   11000000,    9161271,        0,   -1838729,          0
  7462,    79,   11000000,    7155477,        0,   -3844523,          0
  7462,    80,   11000000,    8209036,        0,   -2790964,          0
  7462,    81,   11000000,    9221462,        0,   -1778538,          0
  7462,    82,   11000000,    9193375,        0,   -1806625,          0
  7462,    83,   11000000,    9220089,        0,   -1779911,          0
  7462,    84,   11000000,   10193409,        0,    -806591,          0
  7462,    85,   11000000,   11206340,        1,     206340,     206340
  7462,    86,   11000000,   11631578,        1,     631578,     631578
  7462,    87,   11000000,   10015067,        0,    -984933,          0
  7462,    88,   11000000,    8218465,        0,   -2781535,          0
  7462,    89,   11000000,   11229178,        1,     229178,     229178
  7462,    90,   11000000,   11603293,        1,     603293,     603293
  7462,    91,   11000000,   10056031,        0,    -943969,          0
  7462,    92,   11000000,    8254963,        0,   -2745037,          0
  7462,    93,   11000000,    9231863,        0,   -1768137,          0
  7462,    94,   11000000,   11155740,        1,     155740,     155740
  7462,    95,   11000000,    9546029,        0,   -1453971,          0
  7462,    96,   11000000,   10202537,        0,    -797463,          0
  7462,    97,   11000000,    9216688,        0,   -1783312,          0
  7462,    98,   11000000,   11171563,        1,     171563,     171563
  7462,    99,   11000000,    9835505,        0,   -1164495,          0
  7462,   100,   11000000,    8279568,        0,   -2720432,          0
  7462,   101,   11000000,    9200813,        0,   -1799187,          0
  7462,   102,   11000000,   11092497,        1,      92497,      92497
  7462,   103,   11000000,    9520893,        0,   -1479107,          0
  7462,   104,   11000000,    8199598,        0,   -2800402,          0
  7462,   105,   11000000,   11209042,        1,     209042,     209042
  7462,   106,   11000000,    9617076,        0,   -1382924,          0
  7462,   107,   11000000,    9149567,        0,   -1850433,          0
  7462,   108,   11000000,    8217326,        0,   -2782674,          0
  7462,   109,   11000000,    9216897,        0,   -1783103,          0
  7462,   110,   11000000,   11189977,        1,     189977,     189977
  7462,   111,   11000000,    9582866,        0,   -1417134,          0
  7462,   112,   11000000,   10181188,        0,    -818812,          0
  7462,   113,   11000000,    9192798,        0,   -1807202,          0
  7462,   114,   11000000,   11145447,        1,     145447,     145447
  7462,   115,   11000000,    9541638,        0,   -1458362,          0
  7462,   116,   11000000,    8203142,        0,   -2796858,          0
  7462,   117,   11000000,    9239579,        0,   -1760421,          0
  7462,   118,   11000000,   11197828,        1,     197828,     197828
  7462,   119,   11000000,    7561680,        0,   -3438320,          0
  7462,   120,   11000000,    8232239,        0,   -2767761,          0
  7462,   121,   11000000,    9197435,        0,   -1802565,          0
  7462,   122,   11000000,    9201801,        0,   -1798199,          0
  7462,   123,   11000000,    7229938,        0,   -3770062,          0
  7462,   124,   11000000,   10241301,        0,    -758699,          0
  7462,   125,   11000000,    9246449,        0,   -1753551,          0
  7462,   126,   11000000,   11195081,        1,     195081,     195081
  7462,   127,   11000000,    7610909,        0,   -3389091,          0
  7462,   128,   11000000,   10221879,        0,    -778121,          0
  7462,   129,   11000000,    9253953,        0,   -1746047,          0
  7462,   130,   11000000,   11222264,        1,     222264,     222264
  7462,   131,   11000000,    9624409,        0,   -1375591,          0
  7462,   132,   11000000,    8278918,        0,   -2721082,          0
  7462,   133,   11000000,   11206813,        1,     206813,     206813
  7462,   134,   11000000,    9656271,        0,   -1343729,          0
  7462,   135,   11000000,    7248759,        0,   -3751241,          0
  7462,   136,   11000000,    8235517,        0,   -2764483,          0
  7462,   137,   11000000,   11252435,        1,     252435,     252435
  7462,   138,   11000000,   11648885,        1,     648885,     648885
  7462,   139,   11000000,   10050718,        0,    -949282,          0
  7462,   140,   11000000,    8218689,        0,   -2781311,          0
  7462,   141,   11000000,    9239436,        0,   -1760564,          0
  7462,   142,   11000000,   11199572,        1,     199572,     199572
  7462,   143,   11000000,    7591144,        0,   -3408856,          0
  7462,   144,   11000000,   10235545,        0,    -764455,          0
  7462,   145,   11000000,   11229152,        1,     229152,     229152
  7462,   146,   11000000,    9738737,        0,   -1261263,          0
  7462,   147,   11000000,    9191509,        0,   -1808491,          0
  7462,   148,   11000000,    8221496,        0,   -2778504,          0
  7462,   149,   11000000,   11222959,        1,     222959,     222959
  7462,   150,   11000000,    9625518,        0,   -1374482,          0
  7462,   151,   11000000,    7184283,        0,   -3815717,          0
  7462,   152,   11000000,    8247888,        0,   -2752112,          0
  7462,   153,   11000000,   11232708,        1,     232708,     232708
  7462,   154,   11000000,    9649358,        0,   -1350642,          0
  7462,   155,   11000000,    7237392,        0,   -3762608,          0
  7462,   156,   11000000,    8230214,        0,   -2769786,          0
  7462,   157,   11000000,    9250010,        0,   -1749990,          0
  7462,   158,   11000000,   10696921,        0,    -303079,          0
  7462,   159,   11000000,    7182040,        0,   -3817960,          0
  7462,   160,   11000000,    8231632,        0,   -2768368,          0
  7462,   161,   11000000,   11222750,        1,     222750,     222750
  7462,   162,   11000000,   12109279,        1,    1109279,    1109279
  7462,   163,   11000000,   10041143,        0,    -958857,          0
  7462,   164,   11000000,    8628787,        0,   -2371213,          0
  7462,   165,   11000000,   11253744,        1,     253744,     253744
  7462,   166,   11000000,   11699513,        1,     699513,     699513
  7462,   167,   11000000,   12395533,        1,    1395533,    1395533
  7462,   168,   11000000,   10796177,        0,    -203823,          0
  7462,   169,   11000000,    9242646,        0,   -1757354,          0
  7462,   170,   11000000,    9252631,        0,   -1747369,          0
  7462,   171,   11000000,    9226573,        0,   -1773427,          0
  7462,   172,   11000000,   10223705,        0,    -776295,          0
  7462,   173,   11000000,   11233762,        1,     233762,     233762
  7462,   174,   11000000,    9864784,        0,   -1135216,          0
  7462,   175,   11000000,    7200465,        0,   -3799535,          0
  7462,   176,   11000000,   10219188,        0,    -780812,          0
  7462,   177,   11000000,    9234787,        0,   -1765213,          0
  7462,   178,   11000000,   11444651,        1,     444651,     444651
  7462,   179,   11000000,    9881008,        0,   -1118992,          0
  7462,   180,   11000000,    8235202,        0,   -2764798,          0
  7462,   181,   11000000,    9238460,        0,   -1761540,          0
  7462,   182,   11000000,   11207095,        1,     207095,     207095
  7462,   183,   11000000,    9563087,        0,   -1436913,          0
  7462,   184,   11000000,    8247321,        0,   -2752679,          0
  7462,   185,   11000000,    9246769,        0,   -1753231,          0
  7462,   186,   11000000,   11174045,        1,     174045,     174045
  7462,   187,   11000000,    9540351,        0,   -1459649,          0
  7462,   188,   11000000,   10217462,        0,    -782538,          0
  7462,   189,   11000000,    9246320,        0,   -1753680,          0
  7462,   190,   11000000,   11191891,        1,     191891,     191891
  7462,   191,   11000000,    9580775,        0,   -1419225,          0
  7462,   192,   11000000,   10225300,        0,    -774700,          0
  7462,   193,   11000000,   11246400,        1,     246400,     246400
  7462,   194,   11000000,    9704571,        0,   -1295429,          0
  7462,   195,   11000000,    9241198,        0,   -1758802,          0
  7462,   196,   11000000,    8255951,        0,   -2744049,          0
  7462,   197,   11000000,    9242784,        0,   -1757216,          0
  7462,   198,   11000000,   11180784,        1,     180784,     180784
  7462,   199,   11000000,    7548626,        0,   -3451374,          0
  7462,   200,   11000000,   10272695,        0,    -727305,          0
  7462,   201,   11000000,   11214166,        1,     214166,     214166
  7462,   202,   11000000,    9634785,        0,   -1365215,          0
  7462,   203,   11000000,    7196714,        0,   -3803286,          0
  7462,   204,   11000000,   10251523,        0,    -748477,          0
  7462,   205,   11000000,   11242279,        1,     242279,     242279
  7462,   206,   11000000,   11639581,        1,     639581,     639581
  7462,   207,   11000000,   10043348,        0,    -956652,          0
  7462,   208,   11000000,    8269543,        0,   -2730457,          0
  7462,   209,   11000000,    9225423,        0,   -1774577,          0
  7462,   210,   11000000,    9203745,        0,   -1796255,          0
  7462,   211,   11000000,    7459637,        0,   -3540363,          0
  7462,   212,   11000000,    8242265,        0,   -2757735,          0
  7462,   213,   11000000,    9245087,        0,   -1754913,          0
  7462,   214,   11000000,    9200988,        0,   -1799012,          0
  7462,   215,   11000000,    9156561,        0,   -1843439,          0
  7462,   216,   11000000,   10241747,        0,    -758253,          0
  7462,   217,   11000000,    9682569,        0,   -1317431,          0
  7462,   218,   11000000,    9217620,        0,   -1782380,          0
  7462,   219,   11000000,    7238808,        0,   -3761192,          0
  7462,   220,   11000000,    8280405,        0,   -2719595,          0
  7462,   221,   11000000,    9214462,        0,   -1785538,          0
  7462,   222,   11000000,   11173581,        1,     173581,     173581
  7462,   223,   11000000,    9583002,        0,   -1416998,          0
  7462,   224,   11000000,   10480122,        0,    -519878,          0
  7462,   225,   11000000,    9224308,        0,   -1775692,          0
  7462,   226,   11000000,   11491862,        1,     491862,     491862
  7462,   227,   11000000,    7570645,        0,   -3429355,          0
  7462,   228,   11000000,    9524024,        0,   -1475976,          0
  7462,   229,   11000000,   11229195,        1,     229195,     229195
  7462,   230,   11000000,    9635926,        0,   -1364074,          0
  7462,   231,   11000000,   10250518,        0,    -749482,          0
  7462,   232,   11000000,    8223502,        0,   -2776498,          0
  7462,   233,   11000000,    9234306,        0,   -1765694,          0
  7462,   234,   11000000,    9203789,        0,   -1796211,          0
  7462,   235,   11000000,    9167144,        0,   -1832856,          0
  7462,   236,   11000000,    8655522,        0,   -2344478,          0
  7462,   237,   11000000,   11264988,        1,     264988,     264988
  7462,   238,   11000000,   11652662,        1,     652662,     652662
  7462,   239,   11000000,   10053410,        0,    -946590,          0
  7462,   240,   11000000,    8245979,        0,   -2754021,          0
  7462,   241,   11000000,    9849503,        0,   -1150497,          0
  7462,   242,   11000000,   11212013,        1,     212013,     212013
  7462,   243,   11000000,    9929395,        0,   -1070605,          0
  7462,   244,   11000000,    8276985,        0,   -2723015,          0
  7462,   245,   11000000,    9248465,        0,   -1751535,          0
  7462,   246,   11000000,    9236846,        0,   -1763154,          0
  7462,   247,   11000000,    9199986,        0,   -1800014,          0
  7462,   248,   11000000,    8218514,        0,   -2781486,          0
  7462,   249,   11000000,   11245877,        1,     245877,     245877
  7462,   250,   11000000,   11651667,        1,     651667,     651667
  7462,   251,   11000000,   11017749,        1,      17749,      17749
  7462,   252,   11000000,    8452309,        0,   -2547691,          0
  7462,   253,   11000000,   11723367,        1,     723367,     723367
  7462,   254,   11000000,   11684409,        1,     684409,     684409
  7462,   255,   11000000,   10106053,        0,    -893947,          0
  7462,   256,   11000000,    8239656,        0,   -2760344,          0
  7462,   257,   11000000,    9221505,        0,   -1778495,          0
  7462,   258,   11000000,   11195249,        1,     195249,     195249
  7462,   259,   11000000,    7562237,        0,   -3437763,          0
  7462,   260,   11000000,    8244620,        0,   -2755380,          0
  7462,   261,   11000000,    9246541,        0,   -1753459,          0
  7462,   262,   11000000,    9213588,        0,   -1786412,          0
  7462,   263,   11000000,    9174557,        0,   -1825443,          0
  7462,   264,   11000000,    8233445,        0,   -2766555,          0
  7462,   265,   11000000,   11232764,        1,     232764,     232764
  7462,   266,   11000000,   11600738,        1,     600738,     600738
  7462,   267,   11000000,   10042875,        0,    -957125,          0
  7462,   268,   11000000,   10173070,        0,    -826930,          0
  7462,   269,   11000000,    9539430,        0,   -1460570,          0
  7462,   270,   11000000,    9214853,        0,   -1785147,          0
  7462,   271,   11000000,    9187885,        0,   -1812115,          0
  7462,   272,   11000000,    8233155,        0,   -2766845,          0
  7462,   273,   11000000,    9238503,        0,   -1761497,          0
  7462,   274,   11000000,    9233955,        0,   -1766045,          0
  7462,   275,   11000000,    9166673,        0,   -1833327,          0
  7462,   276,   11000000,    8236218,        0,   -2763782,          0
  7462,   277,   11000000,   11264828,        1,     264828,     264828
  7462,   278,   11000000,   11653738,        1,     653738,     653738
  7462,   279,   11000000,   12019842,        1,    1019842,    1019842
  7462,   280,   11000000,   10421137,        0,    -578863,          0
  7462,   281,   11000000,   11235741,        1,     235741,     235741
  7462,   282,   11000000,    9658866,        0,   -1341134,          0
  7462,   283,   11000000,    9216319,        0,   -1783681,          0
  7462,   284,   11000000,   10259748,        0,    -740252,          0
  7462,   285,   11000000,   11242838,        1,     242838,     242838
  7462,   286,   11000000,    9660049,        0,   -1339951,          0
  7462,   287,   11000000,    9188491,        0,   -1811509,          0
  7462,   288,   11000000,    8246879,        0,   -2753121,          0
  7462,   289,   11000000,   11203103,        1,     203103,     203103
  7462,   290,   11000000,   11615044,        1,     615044,     615044
  7462,   291,   11000000,   10055278,        0,    -944722,          0
  7462,   292,   11000000,    8473718,        0,   -2526282,          0
  7462,   293,   11000000,   11261125,        1,     261125,     261125
  7462,   294,   11000000,    9662016,        0,   -1337984,          0
  7462,   295,   11000000,    7191722,        0,   -3808278,          0
  7462,   296,   11000000,    8250598,        0,   -2749402,          0
  7462,   297,   11000000,    9251623,        0,   -1748377,          0
  7462,   298,   11000000,   11161829,        1,     161829,     161829
  7462,   299,   11000000,    7570424,        0,   -3429576,          0
  7462,   300,   11000000,    8519892,        0,   -2480108,          0
  7462,   301,   11000000,   11188553,        1,     188553,     188553
  7462,   302,   11000000,   11576887,        1,     576887,     576887
  7462,   303,   11000000,   12260646,        1,    1260646,    1260646
  7462,   304,   11000000,    8638339,        0,   -2361661,          0
  7462,   305,   11000000,   11207307,        1,     207307,     207307
  7462,   306,   11000000,    9694900,        0,   -1305100,          0
  7462,   307,   11000000,    7179892,        0,   -3820108,          0
  7462,   308,   11000000,    8394602,        0,   -2605398,          0
  7462,   309,   11000000,    9259992,        0,   -1740008,          0
  7462,   310,   11000000,   11902978,        1,     902978,     902978
  7462,   311,   11000000,    9595058,        0,   -1404942,          0
  7462,   312,   11000000,    8278206,        0,   -2721794,          0
  7462,   313,   11000000,   11210623,        1,     210623,     210623
  7462,   314,   11000000,    9623264,        0,   -1376736,          0
  7462,   315,   11000000,    9443093,        0,   -1556907,          0
  7462,   316,   11000000,    8217383,        0,   -2782617,          0
  7462,   317,   11000000,   11260780,        1,     260780,     260780
  7462,   318,   11000000,    9707245,        0,   -1292755,          0
  7462,   319,   11000000,    7213035,        0,   -3786965,          0
  7462,   320,   11000000,   10243144,        0,    -756856,          0
  7462,   321,   11000000,   10404606,        0,    -595394,          0
  7462,   322,   11000000,   11175407,        1,     175407,     175407
  7462,   323,   11000000,    9555160,        0,   -1444840,          0
  7462,   324,   11000000,    8389484,        0,   -2610516,          0
  7462,   325,   11000000,    9238706,        0,   -1761294,          0
  7462,   326,   11000000,   11200814,        1,     200814,     200814
  7462,   327,   11000000,    9660765,        0,   -1339235,          0
  7462,   328,   11000000,    8229321,        0,   -2770679,          0
  7462,   329,   11000000,    9251620,        0,   -1748380,          0
  7462,   330,   11000000,    9237725,        0,   -1762275,          0
  7462,   331,   11000000,    9196435,        0,   -1803565,          0
  7462,   332,   11000000,    8219444,        0,   -2780556,          0
  7462,   333,   11000000,   11239275,        1,     239275,     239275
  7462,   334,   11000000,   11634897,        1,     634897,     634897
  7462,   335,   11000000,   10107574,        0,    -892426,          0
  7462,   336,   11000000,    8227090,        0,   -2772910,          0
  7462,   337,   11000000,    9970356,        0,   -1029644,          0
  7462,   338,   11000000,   11600000,        1,     600000,     600000
  7462,   339,   11000000,    9584722,        0,   -1415278,          0
  7462,   340,   11000000,    8242216,        0,   -2757784,          0
  7462,   341,   11000000,   11240566,        1,     240566,     240566
  7462,   342,   11000000,   11638034,        1,     638034,     638034
  7462,   343,   11000000,   10068282,        0,    -931718,          0
  7462,   344,   11000000,    8260804,        0,   -2739196,          0
  7462,   345,   11000000,    9256899,        0,   -1743101,          0
  7462,   346,   11000000,   11189110,        1,     189110,     189110
  7462,   347,   11000000,    7572202,        0,   -3427798,          0
  7462,   348,   11000000,   10632102,        0,    -367898,          0
  7462,   349,   11000000,   11500369,        1,     500369,     500369
  7462,   350,   11000000,    9926279,        0,   -1073721,          0
  7462,   351,   11000000,   10260417,        0,    -739583,          0
  7462,   352,   11000000,    8234890,        0,   -2765110,          0
  7462,   353,   11000000,    9235949,        0,   -1764051,          0
  7462,   354,   11000000,   10741448,        0,    -258552,          0
  7462,   355,   11000000,    9599870,        0,   -1400130,          0
  7462,   356,   11000000,    8245933,        0,   -2754067,          0
  7462,   357,   11000000,    9253549,        0,   -1746451,          0
  7462,   358,   11000000,   11229798,        1,     229798,     229798
  7462,   359,   11000000,    7609921,        0,   -3390079,          0
  7462,   360,   11000000,   10499050,        0,    -500950,          0
  7462,   361,   11000000,    9213309,        0,   -1786691,          0
  7462,   362,   11000000,   11201513,        1,     201513,     201513
  7462,   363,   11000000,    7587378,        0,   -3412622,          0
  7462,   364,   11000000,   10220997,        0,    -779003,          0
  7462,   365,   11000000,    9229167,        0,   -1770833,          0
  7462,   366,   11000000,   11179936,        1,     179936,     179936
  7462,   367,   11000000,    7958981,        0,   -3041019,          0
  7462,   368,   11000000,    8616946,        0,   -2383054,          0
  7462,   369,   11000000,   11229377,        1,     229377,     229377
  7462,   370,   11000000,    9633954,        0,   -1366046,          0
  7462,   371,   11000000,    9179932,        0,   -1820068,          0
  7462,   372,   11000000,    8243729,        0,   -2756271,          0
  7462,   373,   11000000,    9225578,        0,   -1774422,          0
  7462,   374,   11000000,    9198428,        0,   -1801572,          0
  7462,   375,   11000000,    9189051,        0,   -1810949,          0
  7462,   376,   11000000,    8242793,        0,   -2757207,          0
  7462,   377,   11000000,    9257304,        0,   -1742696,          0
  7462,   378,   11000000,    9222020,        0,   -1777980,          0
  7462,   379,   11000000,    7202726,        0,   -3797274,          0
  7462,   380,   11000000,    8225047,        0,   -2774953,          0
  7462,   381,   11000000,    9229574,        0,   -1770426,          0
  7462,   382,   11000000,    9233669,        0,   -1766331,          0
  7462,   383,   11000000,    9267007,        0,   -1732993,          0
  7462,   384,   11000000,    8239395,        0,   -2760605,          0
  7462,   385,   11000000,   11273917,        1,     273917,     273917
  7462,   386,   11000000,    9682490,        0,   -1317510,          0
  7462,   387,   11000000,    7247183,        0,   -3752817,          0
  7462,   388,   11000000,   10238737,        0,    -761263,          0
  7462,   389,   11000000,    9222158,        0,   -1777842,          0
  7462,   390,   11000000,   11202896,        1,     202896,     202896
  7462,   391,   11000000,    7594625,        0,   -3405375,          0
  7462,   392,   11000000,   10261383,        0,    -738617,          0
  7462,   393,   11000000,   11228178,        1,     228178,     228178
  7462,   394,   11000000,    9907324,        0,   -1092676,          0
  7462,   395,   11000000,   10200055,        0,    -799945,          0
  7462,   396,   11000000,    8222711,        0,   -2777289,          0
  7462,   397,   11000000,   11630065,        1,     630065,     630065
  7462,   398,   11000000,   11632118,        1,     632118,     632118
  7462,   399,   11000000,   12030272,        1,    1030272,    1030272
  7462,   400,   11000000,    8436010,        0,   -2563990,          0
  7462,   401,   11000000,   11234124,        1,     234124,     234124
  7462,   402,   11000000,    9670844,        0,   -1329156,          0
  7462,   403,   11000000,    9192377,        0,   -1807623,          0
  7462,   404,   11000000,    8251582,        0,   -2748418,          0
  7462,   405,   11000000,   11440960,        1,     440960,     440960
  7462,   406,   11000000,   10482126,        0,    -517874,          0
  7462,   407,   11000000,   10259968,        0,    -740032,          0
  7462,   408,   11000000,    8240951,        0,   -2759049,          0
  7462,   409,   11000000,   10019274,        0,    -980726,          0
  7462,   410,   11000000,    9302968,        0,   -1697032,          0
  7462,   411,   11000000,    8214464,        0,   -2785536,          0
  7462,   412,   11000000,    8607558,        0,   -2392442,          0
  7462,   413,   11000000,    9224327,        0,   -1775673,          0
  7462,   414,   11000000,   11197594,        1,     197594,     197594
  7462,   415,   11000000,    9623500,        0,   -1376500,          0
  7462,   416,   11000000,    8228347,        0,   -2771653,          0
  7462,   417,   11000000,    9235636,        0,   -1764364,          0
  7462,   418,   11000000,    9202275,        0,   -1797725,          0
  7462,   419,   11000000,    9179058,        0,   -1820942,          0
  7462,   420,   11000000,    8239000,        0,   -2761000,          0
  7462,   421,   11000000,    9249032,        0,   -1750968,          0
  7462,   422,   11000000,   10335455,        0,    -664545,          0
  7462,   423,   11000000,    9203071,        0,   -1796929,          0
  7462,   424,   11000000,    8222551,        0,   -2777449,          0
  7462,   425,   11000000,   11233846,        1,     233846,     233846
  7462,   426,   11000000,    9696721,        0,   -1303279,          0
  7462,   427,   11000000,    9180367,        0,   -1819633,          0
  7462,   428,   11000000,    8502889,        0,   -2497111,          0
  7462,   429,   11000000,   11234026,        1,     234026,     234026
  7462,   430,   11000000,   11610300,        1,     610300,     610300
  7462,   431,   11000000,   10014017,        0,    -985983,          0
  7462,   432,   11000000,   11246065,        1,     246065,     246065
  7462,   433,   11000000,    8664425,        0,   -2335575,          0
  7462,   434,   11000000,    8179432,        0,   -2820568,          0
  7462,   435,   11000000,    7197938,        0,   -3802062,          0
  7462,   436,   11000000,    8262067,        0,   -2737933,          0
  7462,   437,   11000000,    9226225,        0,   -1773775,          0
  7462,   438,   11000000,    9200107,        0,   -1799893,          0
  7462,   439,   11000000,    9176978,        0,   -1823022,          0
  7462,   440,   11000000,   10499310,        0,    -500690,          0
  7462,   441,   11000000,    9242608,        0,   -1757392,          0
  7462,   442,   11000000,    9227486,        0,   -1772514,          0
  7462,   443,   11000000,    9231273,        0,   -1768727,          0
  7462,   444,   11000000,    8243727,        0,   -2756273,          0
  7462,   445,   11000000,    9252552,        0,   -1747448,          0
  7462,   446,   11000000,   11157634,        1,     157634,     157634
  7462,   447,   11000000,    9527036,        0,   -1472964,          0
  7462,   448,   11000000,    8657528,        0,   -2342472,          0
  7462,   449,   11000000,    9286178,        0,   -1713822,          0
  7462,   450,   11000000,    9189630,        0,   -1810370,          0
  7462,   451,   11000000,    9232975,        0,   -1767025,          0
  7462,   452,   11000000,    8216921,        0,   -2783079,          0
  7462,   453,   11000000,   11273865,        1,     273865,     273865
  7462,   454,   11000000,    9680250,        0,   -1319750,          0
  7462,   455,   11000000,    9170218,        0,   -1829782,          0
  7462,   456,   11000000,   10236642,        0,    -763358,          0
  7462,   457,   11000000,   11234864,        1,     234864,     234864
  7462,   458,   11000000,   11681164,        1,     681164,     681164
  7462,   459,   11000000,   12103646,        1,    1103646,    1103646
  7462,   460,   11000000,    8484856,        0,   -2515144,          0
  7462,   461,   11000000,    9240822,        0,   -1759178,          0
  7462,   462,   11000000,   11208068,        1,     208068,     208068
  7462,   463,   11000000,    9596417,        0,   -1403583,          0
  7462,   464,   11000000,   10197160,        0,    -802840,          0
  7462,   465,   11000000,   11118550,        1,     118550,     118550
  7462,   466,   11000000,   11640325,        1,     640325,     640325
  7462,   467,   11000000,   10116176,        0,    -883824,          0
  7462,   468,   11000000,   10235794,        0,    -764206,          0
  7462,   469,   11000000,   11230985,        1,     230985,     230985
  7462,   470,   11000000,   11646654,        1,     646654,     646654
  7462,   471,   11000000,   11122363,        1,     122363,     122363
  7462,   472,   11000000,   10460398,        0,    -539602,          0
  7462,   473,   11000000,    9247803,        0,   -1752197,          0
  7462,   474,   11000000,   11197142,        1,     197142,     197142
  7462,   475,   11000000,    7601958,        0,   -3398042,          0
  7462,   476,   11000000,    8564736,        0,   -2435264,          0
  7462,   477,   11000000,   11234972,        1,     234972,     234972
  7462,   478,   11000000,    9696236,        0,   -1303764,          0
  7462,   479,   11000000,    7193694,        0,   -3806306,          0
  7462,   480,   11000000,    8235586,        0,   -2764414,          0
  7462,   481,   11000000,    9259727,        0,   -1740273,          0
  7462,   482,   11000000,    9185743,        0,   -1814257,          0
  7462,   483,   11000000,    9184983,        0,   -1815017,          0
  7462,   484,   11000000,    8213898,        0,   -2786102,          0
  7462,   485,   11000000,   11517461,        1,     517461,     517461
  7462,   486,   11000000,    9918055,        0,   -1081945,          0
  7462,   487,   11000000,   10241883,        0,    -758117,          0
  7462,   488,   11000000,    8232669,        0,   -2767331,          0
  7462,   489,   11000000,   11216711,        1,     216711,     216711
  7462,   490,   11000000,    9637889,        0,   -1362111,          0
  7462,   491,   11000000,    9177008,        0,   -1822992,          0
  7462,   492,   11000000,    8246935,        0,   -2753065,          0
  7462,   493,   11000000,   11253913,        1,     253913,     253913
  7462,   494,   11000000,   11683209,        1,     683209,     683209
  7462,   495,   11000000,   10092514,        0,    -907486,          0
  7462,   496,   11000000,   10495176,        0,    -504824,          0
  7462,   497,   11000000,    9580497,        0,   -1419503,          0
  7462,   498,   11000000,    9248550,        0,   -1751450,          0
  7462,   499,   11000000,    7185711,        0,   -3814289,          0
  7462,   500,   11000000,    9521836,        0,   -1478164,          0
  7462,   501,   11000000,    9257686,        0,   -1742314,          0
  7462,   502,   11000000,   11205907,        1,     205907,     205907
  7462,   503,   11000000,    9614937,        0,   -1385063,          0
  7462,   504,   11000000,   10232757,        0,    -767243,          0
  7462,   505,   11000000,    9261214,        0,   -1738786,          0
  7462,   506,   11000000,    9226821,        0,   -1773179,          0
  7462,   507,   11000000,    9195488,        0,   -1804512,          0
  7462,   508,   11000000,   10218842,        0,    -781158,          0
  7462,   509,   11000000,   11206948,        1,     206948,     206948
  7462,   510,   11000000,   11591403,        1,     591403,     591403
  7462,   511,   11000000,    9978631,        0,   -1021369,          0
  7462,   512,   11000000,   10215560,        0,    -784440,          0
  7462,   513,   11000000,    9243583,        0,   -1756417,          0
  7462,   514,   11000000,    9197800,        0,   -1802200,          0
  7462,   515,   11000000,    7168089,        0,   -3831911,          0
  7462,   516,   11000000,   10229934,        0,    -770066,          0
  7462,   517,   11000000,    9739918,        0,   -1260082,          0
  7462,   518,   11000000,    9178744,        0,   -1821256,          0
  7462,   519,   11000000,    7631037,        0,   -3368963,          0
  7462,   520,   11000000,    8258287,        0,   -2741713,          0
  7462,   521,   11000000,   11249019,        1,     249019,     249019
  7462,   522,   11000000,    9930114,        0,   -1069886,          0
  7462,   523,   11000000,    9205616,        0,   -1794384,          0
  7462,   524,   11000000,    8217747,        0,   -2782253,          0
  7462,   525,   11000000,    9245250,        0,   -1754750,          0
  7462,   526,   11000000,   11158516,        1,     158516,     158516
  7462,   527,   11000000,    7568548,        0,   -3431452,          0
  7462,   528,   11000000,    8212733,        0,   -2787267,          0
  7462,   529,   11000000,    9235547,        0,   -1764453,          0
  7462,   530,   11000000,   11518571,        1,     518571,     518571
  7462,   531,   11000000,   10690931,        0,    -309069,          0
  7462,   532,   11000000,    8282885,        0,   -2717115,          0
  7462,   533,   11000000,   11236730,        1,     236730,     236730
  7462,   534,   11000000,    9963284,        0,   -1036716,          0
  7462,   535,   11000000,    8200925,        0,   -2799075,          0
  7462,   536,   11000000,   10234328,        0,    -765672,          0
  7462,   537,   11000000,   11228147,        1,     228147,     228147
  7462,   538,   11000000,   11613643,        1,     613643,     613643
  7462,   539,   11000000,   10039483,        0,    -960517,          0
  7462,   540,   11000000,    8264239,        0,   -2735761,          0
  7462,   541,   11000000,    9219050,        0,   -1780950,          0
  7462,   542,   11000000,   11202779,        1,     202779,     202779
  7462,   543,   11000000,    9622997,        0,   -1377003,          0
  7462,   544,   11000000,    8239244,        0,   -2760756,          0
  7462,   545,   11000000,   11216097,        1,     216097,     216097
  7462,   546,   11000000,    9639898,        0,   -1360102,          0
  7462,   547,   11000000,    7199998,        0,   -3800002,          0
  7462,   548,   11000000,    8535004,        0,   -2464996,          0
  7462,   549,   11000000,   11271318,        1,     271318,     271318
  7462,   550,   11000000,    9693116,        0,   -1306884,          0
  7462,   551,   11000000,    9219410,        0,   -1780590,          0
  7462,   552,   11000000,   10238127,        0,    -761873,          0
  7462,   553,   11000000,   11250961,        1,     250961,     250961
  7462,   554,   11000000,    9636929,        0,   -1363071,          0
  7462,   555,   11000000,    7192735,        0,   -3807265,          0
  7462,   556,   11000000,   10221910,        0,    -778090,          0
  7462,   557,   11000000,    9213328,        0,   -1786672,          0
  7462,   558,   11000000,   11190057,        1,     190057,     190057
  7462,   559,   11000000,    7582237,        0,   -3417763,          0
  7462,   560,   11000000,   10039561,        0,    -960439,          0
  7462,   561,   11000000,   11234444,        1,     234444,     234444
  7462,   562,   11000000,   11689610,        1,     689610,     689610
  7462,   563,   11000000,   12078137,        1,    1078137,    1078137
  7462,   564,   11000000,    8466283,        0,   -2533717,          0
  7462,   565,   11000000,    9242878,        0,   -1757122,          0
  7462,   566,   11000000,    9243095,        0,   -1756905,          0
  7462,   567,   11000000,    9187278,        0,   -1812722,          0
  7462,   568,   11000000,    8235623,        0,   -2764377,          0
  7462,   569,   11000000,    9252291,        0,   -1747709,          0
  7462,   570,   11000000,   11185905,        1,     185905,     185905
  7462,   571,   11000000,    7586631,        0,   -3413369,          0
  7462,   572,   11000000,    8253279,        0,   -2746721,          0
  7462,   573,   11000000,   11218779,        1,     218779,     218779
  7462,   574,   11000000,    9626690,        0,   -1373310,          0
  7462,   575,   11000000,    9189267,        0,   -1810733,          0
  7462,   576,   11000000,   10524744,        0,    -475256,          0
  7462,   577,   11000000,    9264911,        0,   -1735089,          0
  7462,   578,   11000000,    9330444,        0,   -1669556,          0
  7462,   579,   11000000,    9184682,        0,   -1815318,          0
  7462,   580,   11000000,    8245679,        0,   -2754321,          0
  7462,   581,   11000000,   11212095,        1,     212095,     212095
  7462,   582,   11000000,   11615285,        1,     615285,     615285
  7462,   583,   11000000,   12054645,        1,    1054645,    1054645
  7462,   584,   11000000,   10441109,        0,    -558891,          0
  7462,   585,   11000000,    9237622,        0,   -1762378,          0
  7462,   586,   11000000,   11192635,        1,     192635,     192635
  7462,   587,   11000000,   11862797,        1,     862797,     862797
  7462,   588,   11000000,    8272180,        0,   -2727820,          0
  7462,   589,   11000000,    9241846,        0,   -1758154,          0
  7462,   590,   11000000,   11165394,        1,     165394,     165394
  7462,   591,   11000000,    9564779,        0,   -1435221,          0
  7462,   592,   11000000,    8223254,        0,   -2776746,          0
  7462,   593,   11000000,    9189884,        0,   -1810116,          0
  7462,   594,   11000000,   11240126,        1,     240126,     240126
  7462,   595,   11000000,    7648229,        0,   -3351771,          0
  7462,   596,   11000000,    8335839,        0,   -2664161,          0
  7462,   597,   11000000,   11259017,        1,     259017,     259017
  7462,   598,   11000000,    9653414,        0,   -1346586,          0
  7462,   599,   11000000,    9448687,        0,   -1551313,          0
  7462,   600,   11000000,    8240741,        0,   -2759259,          0
  7462,   601,   11000000,    9236176,        0,   -1763824,          0
  7462,   602,   11000000,   11188994,        1,     188994,     188994
  7462,   603,   11000000,    9600061,        0,   -1399939,          0
  7462,   604,   11000000,    8228897,        0,   -2771103,          0
  7462,   605,   11000000,   11222913,        1,     222913,     222913
  7462,   606,   11000000,   11635677,        1,     635677,     635677
  7462,   607,   11000000,   12086140,        1,    1086140,    1086140
  7462,   608,   11000000,    8494041,        0,   -2505959,          0
  7462,   609,   11000000,   11250973,        1,     250973,     250973
  7462,   610,   11000000,   11911122,        1,     911122,     911122
  7462,   611,   11000000,   12303887,        1,    1303887,    1303887
  7462,   612,   11000000,    8690977,        0,   -2309023,          0
  7462,   613,   11000000,   11219930,        1,     219930,     219930
  7462,   614,   11000000,    9655966,        0,   -1344034,          0
  7462,   615,   11000000,    7169148,        0,   -3830852,          0
  7462,   616,   11000000,    8222026,        0,   -2777974,          0
  7462,   617,   11000000,   11209424,        1,     209424,     209424
  7462,   618,   11000000,    9636589,        0,   -1363411,          0
  7462,   619,   11000000,    9201246,        0,   -1798754,          0
  7462,   620,   11000000,    8261662,        0,   -2738338,          0
  7462,   621,   11000000,   11493246,        1,     493246,     493246
  7462,   622,   11000000,    9932728,        0,   -1067272,          0
  7462,   623,   11000000,   12247113,        1,    1247113,    1247113
  7462,   624,   11000000,   10639748,        0,    -360252,          0
  7462,   625,   11000000,   11242073,        1,     242073,     242073
  7462,   626,   11000000,   11634612,        1,     634612,     634612
  7462,   627,   11000000,   12017067,        1,    1017067,    1017067
  7462,   628,   11000000,    8415958,        0,   -2584042,          0
  7462,   629,   11000000,    9225821,        0,   -1774179,          0
  7462,   630,   11000000,   11217337,        1,     217337,     217337
  7462,   631,   11000000,    9630248,        0,   -1369752,          0
  7462,   632,   11000000,   10266183,        0,    -733817,          0
  7462,   633,   11000000,    9510140,        0,   -1489860,          0
  7462,   634,   11000000,    9321021,        0,   -1678979,          0
  7462,   635,   11000000,    9276142,        0,   -1723858,          0
  7462,   636,   11000000,    8236634,        0,   -2763366,          0
  7462,   637,   11000000,    9221801,        0,   -1778199,          0
  7462,   638,   11000000,   11212493,        1,     212493,     212493
  7462,   639,   11000000,    7609941,        0,   -3390059,          0
  7462,   640,   11000000,    8237284,        0,   -2762716,          0
  7462,   641,   11000000,   11222080,        1,     222080,     222080
  7462,   642,   11000000,   11317613,        1,     317613,     317613
  7462,   643,   11000000,   10069563,        0,    -930437,          0
  7462,   644,   11000000,    8532914,        0,   -2467086,          0
  7462,   645,   11000000,    9230438,        0,   -1769562,          0
  7462,   646,   11000000,    9627158,        0,   -1372842,          0
  7462,   647,   11000000,    9233880,        0,   -1766120,          0
  7462,   648,   11000000,    8238607,        0,   -2761393,          0
  7462,   649,   11000000,    9254695,        0,   -1745305,          0
  7462,   650,   11000000,    9186361,        0,   -1813639,          0
  7462,   651,   11000000,    7197179,        0,   -3802821,          0
  7462,   652,   11000000,    8220374,        0,   -2779626,          0
  7462,   653,   11000000,    9219814,        0,   -1780186,          0
  7462,   654,   11000000,   11191601,        1,     191601,     191601
  7462,   655,   11000000,    9599601,        0,   -1400399,          0
  7462,   656,   11000000,    8234002,        0,   -2765998,          0
  7462,   657,   11000000,    9261341,        0,   -1738659,          0
  7462,   658,   11000000,   11152107,        1,     152107,     152107
  7462,   659,   11000000,    9547423,        0,   -1452577,          0
  7462,   660,   11000000,    8640107,        0,   -2359893,          0
  7462,   661,   11000000,    9240868,        0,   -1759132,          0
  7462,   662,   11000000,   11190208,        1,     190208,     190208
  7462,   663,   11000000,    7579884,        0,   -3420116,          0
  7462,   664,   11000000,    9722904,        0,   -1277096,          0
  7462,   665,   11000000,   11229914,        1,     229914,     229914
  7462,   666,   11000000,   11547192,        1,     547192,     547192
  7462,   667,   11000000,   10084671,        0,    -915329,          0
  7462,   668,   11000000,   10217962,        0,    -782038,          0
  7462,   669,   11000000,   11209077,        1,     209077,     209077
  7462,   670,   11000000,    9677782,        0,   -1322218,          0
  7462,   671,   11000000,    9171878,        0,   -1828122,          0
  7462,   672,   11000000,    8238621,        0,   -2761379,          0
  7462,   673,   11000000,   11230911,        1,     230911,     230911
  7462,   674,   11000000,    9653940,        0,   -1346060,          0
  7462,   675,   11000000,    9186736,        0,   -1813264,          0
  7462,   676,   11000000,    8241963,        0,   -2758037,          0
  7462,   677,   11000000,    9222811,        0,   -1777189,          0
  7462,   678,   11000000,    9433388,        0,   -1566612,          0
  7462,   679,   11000000,    9221679,        0,   -1778321,          0
  7462,   680,   11000000,    8243651,        0,   -2756349,          0
  7462,   681,   11000000,    9258081,        0,   -1741919,          0
  7462,   682,   11000000,   11172430,        1,     172430,     172430
  7462,   683,   11000000,    9555201,        0,   -1444799,          0
  7462,   684,   11000000,    8215482,        0,   -2784518,          0
  7462,   685,   11000000,    9250744,        0,   -1749256,          0
  7462,   686,   11000000,    9338496,        0,   -1661504,          0
  7462,   687,   11000000,    9186750,        0,   -1813250,          0
  7462,   688,   11000000,    8233685,        0,   -2766315,          0
  7462,   689,   11000000,   11223539,        1,     223539,     223539
  7462,   690,   11000000,    9650476,        0,   -1349524,          0
  7462,   691,   11000000,    7198764,        0,   -3801236,          0
  7462,   692,   11000000,   10276551,        0,    -723449,          0
  7462,   693,   11000000,    9238364,        0,   -1761636,          0
  7462,   694,   11000000,    9183771,        0,   -1816229,          0
  7462,   695,   11000000,    9187183,        0,   -1812817,          0
  7462,   696,   11000000,    8269037,        0,   -2730963,          0
  7462,   697,   11000000,   11258043,        1,     258043,     258043
  7462,   698,   11000000,   11559529,        1,     559529,     559529
  7462,   699,   11000000,   10066971,        0,    -933029,          0
  7462,   700,   11000000,    8224543,        0,   -2775457,          0
  7462,   701,   11000000,   11499194,        1,     499194,     499194
  7462,   702,   11000000,   11906303,        1,     906303,     906303
  7462,   703,   11000000,   12348608,        1,    1348608,    1348608
  7462,   704,   11000000,   10733803,        0,    -266197,          0
  7462,   705,   11000000,   11233513,        1,     233513,     233513
  7462,   706,   11000000,    9634011,        0,   -1365989,          0
  7462,   707,   11000000,    9188936,        0,   -1811064,          0
  7462,   708,   11000000,   10250141,        0,    -749859,          0
  7462,   709,   11000000,    9232415,        0,   -1767585,          0
  7462,   710,   11000000,    9215198,        0,   -1784802,          0
  7462,   711,   11000000,    9156491,        0,   -1843509,          0
  7462,   712,   11000000,    8220631,        0,   -2779369,          0
  7462,   713,   11000000,    9237904,        0,   -1762096,          0
  7462,   714,   11000000,   11176592,        1,     176592,     176592
  7462,   715,   11000000,    9557744,        0,   -1442256,          0
  7462,   716,   11000000,   10216365,        0,    -783635,          0
  7462,   717,   11000000,   11245694,        1,     245694,     245694
  7462,   718,   11000000,   11632483,        1,     632483,     632483
  7462,   719,   11000000,   10015945,        0,    -984055,          0
  7462,   720,   11000000,   10206844,        0,    -793156,          0
  7462,   721,   11000000,    9243575,        0,   -1756425,          0
  7462,   722,   11000000,   11246386,        1,     246386,     246386
  7462,   723,   11000000,    9641439,        0,   -1358561,          0
  7462,   724,   11000000,   10518745,        0,    -481255,          0
  7462,   725,   11000000,   11224308,        1,     224308,     224308
  7462,   726,   11000000,    9617217,        0,   -1382783,          0
  7462,   727,   11000000,    9183970,        0,   -1816030,          0
  7462,   728,   11000000,   10195499,        0,    -804501,          0
  7462,   729,   11000000,    9229027,        0,   -1770973,          0
  7462,   730,   11000000,    9955958,        0,   -1044042,          0
  7462,   731,   11000000,    9233119,        0,   -1766881,          0
  7462,   732,   11000000,   10213326,        0,    -786674,          0
  7462,   733,   11000000,    9250590,        0,   -1749410,          0
  7462,   734,   11000000,   11211122,        1,     211122,     211122
  7462,   735,   11000000,   11890988,        1,     890988,     890988
  7462,   736,   11000000,    8275126,        0,   -2724874,          0
  7462,   737,   11000000,    9242212,        0,   -1757788,          0
  7462,   738,   11000000,   11203600,        1,     203600,     203600
  7462,   739,   11000000,    9630380,        0,   -1369620,          0
  7462,   740,   11000000,    8249722,        0,   -2750278,          0
  7462,   741,   11000000,    9236487,        0,   -1763513,          0
  7462,   742,   11000000,    9221210,        0,   -1778790,          0
  7462,   743,   11000000,    9184094,        0,   -1815906,          0
  7462,   744,   11000000,    8234107,        0,   -2765893,          0
  7462,   745,   11000000,    9218313,        0,   -1781687,          0
  7462,   746,   11000000,   11194621,        1,     194621,     194621
  7462,   747,   11000000,    9588473,        0,   -1411527,          0
  7462,   748,   11000000,    8490444,        0,   -2509556,          0
  7462,   749,   11000000,   11223967,        1,     223967,     223967
  7462,   750,   11000000,    9654736,        0,   -1345264,          0
  7462,   751,   11000000,    7195110,        0,   -3804890,          0
  7462,   752,   11000000,    8628542,        0,   -2371458,          0
  7462,   753,   11000000,   11228181,        1,     228181,     228181
  7462,   754,   11000000,    9646122,        0,   -1353878,          0
  7462,   755,   11000000,    9190261,        0,   -1809739,          0
  7462,   756,   11000000,    8235384,        0,   -2764616,          0
  7462,   757,   11000000,   11233814,        1,     233814,     233814
  7462,   758,   11000000,   11657451,        1,     657451,     657451
  7462,   759,   11000000,   10073714,        0,    -926286,          0
  7462,   760,   11000000,    9310889,        0,   -1689111,          0
  7462,   761,   11000000,    9230785,        0,   -1769215,          0
  7462,   762,   11000000,   11199068,        1,     199068,     199068
  7462,   763,   11000000,    7608685,        0,   -3391315,          0
  7462,   764,   11000000,    8233776,        0,   -2766224,          0
  7462,   765,   11000000,    9201872,        0,   -1798128,          0
  7462,   766,   11000000,    9214917,        0,   -1785083,          0
  7462,   767,   11000000,    9187566,        0,   -1812434,          0
  7462,   768,   11000000,    8242114,        0,   -2757886,          0
  7462,   769,   11000000,    9497563,        0,   -1502437,          0
  7462,   770,   11000000,   11200162,        1,     200162,     200162
  7462,   771,   11000000,    7623294,        0,   -3376706,          0
  7462,   772,   11000000,   10231268,        0,    -768732,          0
  7462,   773,   11000000,    9243062,        0,   -1756938,          0
  7462,   774,   11000000,    9484626,        0,   -1515374,          0
  7462,   775,   11000000,    9147461,        0,   -1852539,          0
  7462,   776,   11000000,    8240909,        0,   -2759091,          0
  7462,   777,   11000000,    9230935,        0,   -1769065,          0
  7462,   778,   11000000,    9199888,        0,   -1800112,          0
  7462,   779,   11000000,    9184966,        0,   -1815034,          0
  7462,   780,   11000000,    8242128,        0,   -2757872,          0
  7462,   781,   11000000,   11242338,        1,     242338,     242338
  7462,   782,   11000000,    9667003,        0,   -1332997,          0
  7462,   783,   11000000,    9192087,        0,   -1807913,          0
  7462,   784,   11000000,   10218530,        0,    -781470,          0
  7462,   785,   11000000,    9253605,        0,   -1746395,          0
  7462,   786,   11000000,    9195395,        0,   -1804605,          0
  7462,   787,   11000000,    9158648,        0,   -1841352,          0
  7462,   788,   11000000,   10227016,        0,    -772984,          0
  7462,   789,   11000000,   10318126,        0,    -681874,          0
  7462,   790,   11000000,   11191632,        1,     191632,     191632
  7462,   791,   11000000,    9584413,        0,   -1415587,          0
  7462,   792,   11000000,    8537023,        0,   -2462977,          0
  7462,   793,   11000000,   11223265,        1,     223265,     223265
  7462,   794,   11000000,   10867418,        0,    -132582,          0
  7462,   795,   11000000,    9136499,        0,   -1863501,          0
  7462,   796,   11000000,    8229041,        0,   -2770959,          0
  7462,   797,   11000000,    9273888,        0,   -1726112,          0
  7462,   798,   11000000,    9695680,        0,   -1304320,          0
  7462,   799,   11000000,    7199912,        0,   -3800088,          0
  7462,   800,   11000000,    8234865,        0,   -2765135,          0
  7462,   801,   11000000,    9332453,        0,   -1667547,          0
  7462,   802,   11000000,    9196402,        0,   -1803598,          0
  7462,   803,   11000000,    7230437,        0,   -3769563,          0
  7462,   804,   11000000,    8276492,        0,   -2723508,          0
  7462,   805,   11000000,   11238207,        1,     238207,     238207
  7462,   806,   11000000,    9634018,        0,   -1365982,          0
  7462,   807,   11000000,    9195861,        0,   -1804139,          0
  7462,   808,   11000000,    8234278,        0,   -2765722,          0
  7462,   809,   11000000,    9239424,        0,   -1760576,          0
  7462,   810,   11000000,   11158576,        1,     158576,     158576
  7462,   811,   11000000,    9531985,        0,   -1468015,          0
  7462,   812,   11000000,   10238157,        0,    -761843,          0
  7462,   813,   11000000,    9219701,        0,   -1780299,          0
  7462,   814,   11000000,   11178902,        1,     178902,     178902
  7462,   815,   11000000,   11891423,        1,     891423,     891423
  7462,   816,   11000000,    8265169,        0,   -2734831,          0
  7462,   817,   11000000,    9231949,        0,   -1768051,          0
  7462,   818,   11000000,   11190765,        1,     190765,     190765
  7462,   819,   11000000,    7605169,        0,   -3394831,          0
  7462,   820,   11000000,    8646161,        0,   -2353839,          0
  7462,   821,   11000000,    9236183,        0,   -1763817,          0
  7462,   822,   11000000,   10577419,        0,    -422581,          0
  7462,   823,   11000000,    9147404,        0,   -1852596,          0
  7462,   824,   11000000,    8248911,        0,   -2751089,          0
  7462,   825,   11000000,    9240080,        0,   -1759920,          0
  7462,   826,   11000000,    9436338,        0,   -1563662,          0
  7462,   827,   11000000,    9234801,        0,   -1765199,          0
  7462,   828,   11000000,    8252307,        0,   -2747693,          0
  7462,   829,   11000000,    9204235,        0,   -1795765,          0
  7462,   830,   11000000,    9213412,        0,   -1786588,          0
  7462,   831,   11000000,    9208026,        0,   -1791974,          0
  7462,   832,   11000000,    8281173,        0,   -2718827,          0
  7462,   833,   11000000,    9207398,        0,   -1792602,          0
  7462,   834,   11000000,   11206169,        1,     206169,     206169
  7462,   835,   11000000,    7602477,        0,   -3397523,          0
  7462,   836,   11000000,   10234340,        0,    -765660,          0
  7462,   837,   11000000,    9542268,        0,   -1457732,          0
  7462,   838,   11000000,   11176475,        1,     176475,     176475
  7462,   839,   11000000,    9588419,        0,   -1411581,          0
  7462,   840,   11000000,    8224477,        0,   -2775523,          0
  7462,   841,   11000000,    9238981,        0,   -1761019,          0
  7462,   842,   11000000,    9207402,        0,   -1792598,          0
  7462,   843,   11000000,    9219587,        0,   -1780413,          0
  7462,   844,   11000000,   10268155,        0,    -731845,          0
  7462,   845,   11000000,    9226413,        0,   -1773587,          0
  7462,   846,   11000000,   11212889,        1,     212889,     212889
  7462,   847,   11000000,    7578386,        0,   -3421614,          0
  7462,   848,   11000000,   10206201,        0,    -793799,          0
  7462,   849,   11000000,    9508285,        0,   -1491715,          0
  7462,   850,   11000000,   11182794,        1,     182794,     182794
  7462,   851,   11000000,    9664757,        0,   -1335243,          0
  7462,   852,   11000000,    8237790,        0,   -2762210,          0
  7462,   853,   11000000,    9228871,        0,   -1771129,          0
  7462,   854,   11000000,    9199383,        0,   -1800617,          0
  7462,   855,   11000000,    7186059,        0,   -3813941,          0
  7462,   856,   11000000,    8905896,        0,   -2094104,          0
  7462,   857,   11000000,    9730770,        0,   -1269230,          0
  7462,   858,   11000000,   10451280,        0,    -548720,          0
  7462,   859,   11000000,    9231205,        0,   -1768795,          0
  7462,   860,   11000000,    8230764,        0,   -2769236,          0
  7462,   861,   11000000,   11233432,        1,     233432,     233432
  7462,   862,   11000000,    9636438,        0,   -1363562,          0
  7462,   863,   11000000,    7214607,        0,   -3785393,          0
  7462,   864,   11000000,   10209277,        0,    -790723,          0
  7462,   865,   11000000,    9241429,        0,   -1758571,          0
  7462,   866,   11000000,    9193611,        0,   -1806389,          0
  7462,   867,   11000000,    7197216,        0,   -3802784,          0
  7462,   868,   11000000,    8236952,        0,   -2763048,          0
  7462,   869,   11000000,   11227488,        1,     227488,     227488
  7462,   870,   11000000,   11630155,        1,     630155,     630155
  7462,   871,   11000000,   10068881,        0,    -931119,          0
  7462,   872,   11000000,    8254502,        0,   -2745498,          0
  7462,   873,   11000000,   11286624,        1,     286624,     286624
  7462,   874,   11000000,   11630568,        1,     630568,     630568
  7462,   875,   11000000,   10071421,        0,    -928579,          0
  7462,   876,   11000000,   10620937,        0,    -379063,          0
  7462,   877,   11000000,    9249891,        0,   -1750109,          0
  7462,   878,   11000000,    9192224,        0,   -1807776,          0
  7462,   879,   11000000,    9194060,        0,   -1805940,          0
  7462,   880,   11000000,   10235447,        0,    -764553,          0
  7462,   881,   11000000,    9227187,        0,   -1772813,          0
  7462,   882,   11000000,    9237744,        0,   -1762256,          0
  7462,   883,   11000000,    7348026,        0,   -3651974,          0
  7462,   884,   11000000,    8942852,        0,   -2057148,          0
  7462,   885,   11000000,    9244629,        0,   -1755371,          0
  7462,   886,   11000000,    9220499,        0,   -1779501,          0
  7462,   887,   11000000,    9181304,        0,   -1818696,          0
  7462,   888,   11000000,    8248269,        0,   -2751731,          0
  7462,   889,   11000000,   11234874,        1,     234874,     234874
  7462,   890,   11000000,    9664715,        0,   -1335285,          0
  7462,   891,   11000000,    7205163,        0,   -3794837,          0
  7462,   892,   11000000,    8214393,        0,   -2785607,          0
  7462,   893,   11000000,    9267250,        0,   -1732750,          0
  7462,   894,   11000000,    9267692,        0,   -1732308,          0
  7462,   895,   11000000,    9175186,        0,   -1824814,          0
  7462,   896,   11000000,   10240469,        0,    -759531,          0
  7462,   897,   11000000,   11250902,        1,     250902,     250902
  7462,   898,   11000000,    9633709,        0,   -1366291,          0
  7462,   899,   11000000,    7280318,        0,   -3719682,          0
  7462,   900,   11000000,    8231257,        0,   -2768743,          0
  7462,   901,   11000000,    9210788,        0,   -1789212,          0
  7462,   902,   11000000,    9609492,        0,   -1390508,          0
  7462,   903,   11000000,    9190927,        0,   -1809073,          0
  7462,   904,   11000000,   10238508,        0,    -761492,          0
  7462,   905,   11000000,   11522421,        1,     522421,     522421
  7462,   906,   11000000,    9919827,        0,   -1080173,          0
  7462,   907,   11000000,   10241373,        0,    -758627,          0
  7462,   908,   11000000,    8676573,        0,   -2323427,          0
  7462,   909,   11000000,   11228312,        1,     228312,     228312
  7462,   910,   11000000,    9649242,        0,   -1350758,          0
  7462,   911,   11000000,    9196971,        0,   -1803029,          0
  7462,   912,   11000000,   10204179,        0,    -795821,          0
  7462,   913,   11000000,   11204357,        1,     204357,     204357
# task NAME=myapp PID=7466 COST=65447000 PERIOD=73000000 CPU=0
  7466,     2,   73000000,       6408,        0,  -72993592,          0
  7466,     3,   73000000,     100260,        0,  -72899740,          0
  7466,     4,   73000000,  121275007,        1,   48275007,   48275007
  7466,     5,   73000000,  172418885,        1,   99418885,   99418885
  7466,     6,   73000000,  225484392,        1,  152484392,  152484392
  7466,     7,   73000000,  274821906,        1,  201821906,  201821906
  7466,     8,   73000000,  326292069,        1,  253292069,  253292069
  7466,     9,   73000000,  377491233,        1,  304491233,  304491233
  7466,    10,   73000000,  428542408,        1,  355542408,  355542408
  7466,    11,   73000000,  481931840,        1,  408931840,  408931840
  7466,    12,   73000000,  535225341,        1,  462225341,  462225341
  7466,    13,   73000000,  586174981,        1,  513174981,  513174981
  7466,    14,   73000000,  635401947,        1,  562401947,  562401947
  7466,    15,   73000000,  686740615,        1,  613740615,  613740615
  7466,    16,   73000000,  738210223,        1,  665210223,  665210223
  7466,    17,   73000000,  789315240,        1,  716315240,  716315240
  7466,    18,   73000000,  840469352,        1,  767469352,  767469352
  7466,    19,   73000000,  892044190,        1,  819044190,  819044190
  7466,    20,   73000000,  942721475,        1,  869721475,  869721475
  7466,    21,   73000000,  995867799,        1,  922867799,  922867799
  7466,    22,   73000000, 1047027264,        1,  974027264,  974027264
  7466,    23,   73000000, 1098029435,        1, 1025029435, 1025029435
  7466,    24,   73000000, 1149524174,        1, 1076524174, 1076524174
  7466,    25,   73000000, 1203258439,        1, 1130258439, 1130258439
  7466,    26,   73000000, 1252370236,        1, 1179370236, 1179370236
  7466,    27,   73000000, 1303511985,        1, 1230511985, 1230511985
  7466,    28,   73000000, 1358875294,        1, 1285875294, 1285875294
  7466,    29,   73000000, 1407983566,        1, 1334983566, 1334983566
  7466,    30,   73000000, 1461256217,        1, 1388256217, 1388256217
  7466,    31,   73000000, 1510657904,        1, 1437657904, 1437657904
  7466,    32,   73000000, 1562033366,        1, 1489033366, 1489033366
  7466,    33,   73000000, 1613553580,        1, 1540553580, 1540553580
  7466,    34,   73000000, 1664728381,        1, 1591728381, 1591728381
  7466,    35,   73000000, 1715761291,        1, 1642761291, 1642761291
  7466,    36,   73000000, 1769510625,        1, 1696510625, 1696510625
  7466,    37,   73000000, 1820311749,        1, 1747311749, 1747311749
  7466,    38,   73000000, 1871544987,        1, 1798544987, 1798544987
  7466,    39,   73000000, 1922664734,        1, 1849664734, 1849664734
  7466,    40,   73000000, 1975661887,        1, 1902661887, 1902661887
  7466,    41,   73000000, 2026775432,        1, 1953775432, 1953775432
  7466,    42,   73000000, 2076352892,        1, 2003352892, 2003352892
  7466,    43,   73000000, 2127198784,        1, 2054198784, 2054198784
  7466,    44,   73000000, 2178696334,        1, 2105696334, 2105696334
  7466,    45,   73000000, 2234154950,        1, 2161154950, 2161154950
  7466,    46,   73000000, 2285156233,        1, 2212156233, 2212156233
  7466,    47,   73000000, 2336573623,        1, 2263573623, 2263573623
  7466,    48,   73000000, 2385914807,        1, 2312914807, 2312914807
  7466,    49,   73000000, 2439265067,        1, 2366265067, 2366265067
# task NAME=myapp PID=7471 COST=76615000 PERIOD=92000000 CPU=0
  7471,     2,   92000000,      11138,        0,  -91988862,          0
  7471,     3,   92000000,      90789,        0,  -91909211,          0
  7471,     4,   92000000,  144851346,        1,   52851346,   52851346
  7471,     5,   92000000,  197813388,        1,  105813388,  105813388
  7471,     6,   92000000,  250400475,        1,  158400475,  158400475
  7471,     7,   92000000,  303468238,        1,  211468238,  211468238
  7471,     8,   92000000,  360086918,        1,  268086918,  268086918
  7471,     9,   92000000,  410738256,        1,  318738256,  318738256
  7471,    10,   92000000,  463667071,        1,  371667071,  371667071
  7471,    11,   92000000,  520560688,        1,  428560688,  428560688
  7471,    12,   92000000,  571270360,        1,  479270360,  479270360
  7471,    13,   92000000,  627983703,        1,  535983703,  535983703
  7471,    14,   92000000,  679264209,        1,  587264209,  587264209
  7471,    15,   92000000,  733884849,        1,  641884849,  641884849
  7471,    16,   92000000,  786773250,        1,  694773250,  694773250
  7471,    17,   92000000,  839724917,        1,  747724917,  747724917
  7471,    18,   92000000,  896752667,        1,  804752667,  804752667
  7471,    19,   92000000,  947477776,        1,  855477776,  855477776
  7471,    20,   92000000, 1002476389,        1,  910476389,  910476389
  7471,    21,   92000000, 1057552658,        1,  965552658,  965552658
  7471,    22,   92000000, 1110312511,        1, 1018312511, 1018312511
  7471,    23,   92000000, 1163085111,        1, 1071085111, 1071085111
  7471,    24,   92000000, 1217922527,        1, 1125922527, 1125922527
  7471,    25,   92000000, 1272848198,        1, 1180848198, 1180848198
  7471,    26,   92000000, 1323600175,        1, 1231600175, 1231600175
  7471,    27,   92000000, 1378658786,        1, 1286658786, 1286658786
  7471,    28,   92000000, 1433623955,        1, 1341623955, 1341623955
  7471,    29,   92000000, 1486508224,        1, 1394508224, 1394508224
  7471,    30,   92000000, 1539393716,        1, 1447393716, 1447393716
  7471,    31,   92000000, 1596448654,        1, 1504448654, 1504448654
  7471,    32,   92000000, 1646971009,        1, 1554971009, 1554971009
  7471,    33,   92000000, 1699640542,        1, 1607640542, 1607640542
  7471,    34,   92000000, 1754416642,        1, 1662416642, 1662416642
  7471,    35,   92000000, 1809177155,        1, 1717177155, 1717177155
  7471,    36,   92000000, 1861891342,        1, 1769891342, 1769891342
  7471,    37,   92000000, 1916722296,        1, 1824722296, 1824722296
  7471,    38,   92000000, 1967373744,        1, 1875373744, 1875373744
  7471,    39,   92000000, 2022064357,        1, 1930064357, 1930064357
  7471,    40,   92000000, 2074745914,        1, 1982745914, 1982745914
  7471,    41,   92000000, 2127758430,        1, 2035758430, 2035758430
  7471,    42,   92000000, 2182756773,        1, 2090756773, 2090756773
  7471,    43,   92000000, 2235593598,        1, 2143593598, 2143593598
  7471,    44,   92000000, 2290595939,        1, 2198595939, 2198595939
  7471,    45,   92000000, 2343527689,        1, 2251527689, 2251527689
  7471,    46,   92000000, 2398462704,        1, 2306462704, 2306462704
  7471,    47,   92000000, 2451111033,        1, 2359111033, 2359111033
  7471,    48,   92000000, 2505851839,        1, 2413851839, 2413851839
  7471,    49,   92000000, 2558732092,        1, 2466732092, 2466732092
  7471,    50,   92000000, 2613654130,        1, 2521654130, 2521654130
  7471,    51,   92000000, 2666578894,        1, 2574578894, 2574578894
  7471,    52,   92000000, 2719611493,        1, 2627611493, 2627611493
  7471,    53,   92000000, 2774539706,        1, 2682539706, 2682539706
  7471,    54,   92000000, 2827351295,        1, 2735351295, 2735351295
  7471,    55,   92000000, 2884336263,        1, 2792336263, 2792336263
# task NAME=myapp PID=7474 COST=41134000 PERIOD=74000000 CPU=0
  7474,     2,   74000000,      21990,        0,  -73978010,          0
  7474,     3,   74000000,      76265,        0,  -73923735,          0
  7474,     4,   74000000,   78809324,        1,    4809324,    4809324
  7474,     5,   74000000,   82208258,        1,    8208258,    8208258
  7474,     6,   74000000,   87541031,        1,   13541031,   13541031
  7474,     7,   74000000,   90571375,        1,   16571375,   16571375
  7474,     8,   74000000,   97914635,        1,   23914635,   23914635
  7474,     9,   74000000,   98957777,        1,   24957777,   24957777
  7474,    10,   74000000,  104310405,        1,   30310405,   30310405
  7474,    11,   74000000,  107612210,        1,   33612210,   33612210
  7474,    12,   74000000,  112713226,        1,   38713226,   38713226
  7474,    13,   74000000,  117673203,        1,   43673203,   43673203
  7474,    14,   74000000,  120669747,        1,   46669747,   46669747
  7474,    15,   74000000,  123704730,        1,   49704730,   49704730
  7474,    16,   74000000,  128792074,        1,   54792074,   54792074
  7474,    17,   74000000,  135857437,        1,   61857437,   61857437
  7474,    18,   74000000,  136788493,        1,   62788493,   62788493
  7474,    19,   74000000,  141840047,        1,   67840047,   67840047
  7474,    20,   74000000,  146849089,        1,   72849089,   72849089
  7474,    21,   74000000,  150927008,        1,   76927008,   76927008
  7474,    22,   74000000,  153173299,        1,   79173299,   79173299
  7474,    23,   74000000,  158256561,        1,   84256561,   84256561
  7474,    24,   74000000,  161673131,        1,   87673131,   87673131
  7474,    25,   74000000,  168764127,        1,   94764127,   94764127
  7474,    26,   74000000,  174061852,        1,  100061852,  100061852
  7474,    27,   74000000,  175053117,        1,  101053117,  101053117
  7474,    28,   74000000,  180134448,        1,  106134448,  106134448
  7474,    29,   74000000,  183434289,        1,  109434289,  109434289
  7474,    30,   74000000,  188743888,        1,  114743888,  114743888
  7474,    31,   74000000,  193944068,        1,  119944068,  119944068
  7474,    32,   74000000,  196972492,        1,  122972492,  122972492
  7474,    33,   74000000,  204036648,        1,  130036648,  130036648
  7474,    34,   74000000,  205053819,        1,  131053819,  131053819
  7474,    35,   74000000,  212328331,        1,  138328331,  138328331
  7474,    36,   74000000,  213054859,        1,  139054859,  139054859
  7474,    37,   74000000,  218398113,        1,  144398113,  144398113
  7474,    38,   74000000,  221427727,        1,  147427727,  147427727
  7474,    39,   74000000,  226477543,        1,  152477543,  152477543
  7474,    40,   74000000,  229501659,        1,  155501659,  155501659
  7474,    41,   74000000,  234595057,        1,  160595057,  160595057
  7474,    42,   74000000,  239878452,        1,  165878452,  165878452
  7474,    43,   74000000,  243210641,        1,  169210641,  169210641
  7474,    44,   74000000,  248349704,        1,  174349704,  174349704
  7474,    45,   74000000,  251621808,        1,  177621808,  177621808
  7474,    46,   74000000,  256722872,        1,  182722872,  182722872
  7474,    47,   74000000,  261749175,        1,  187749175,  187749175
  7474,    48,   74000000,  267093988,        1,  193093988,  193093988
  7474,    49,   74000000,  270180479,        1,  196180479,  196180479
  7474,    50,   74000000,  273588446,        1,  199588446,  199588446
  7474,    51,   74000000,  280680553,        1,  206680553,  206680553
  7474,    52,   74000000,  283840860,        1,  209840860,  209840860
  7474,    53,   74000000,  286814493,        1,  212814493,  212814493
  7474,    54,   74000000,  292126056,        1,  218126056,  218126056
  7474,    55,   74000000,  295099900,        1,  221099900,  221099900
  7474,    56,   74000000,  300425948,        1,  226425948,  226425948
  7474,    57,   74000000,  303415257,        1,  229415257,  229415257
  7474,    58,   74000000,  310527999,        1,  236527999,  236527999
  7474,    59,   74000000,  313718826,        1,  239718826,  239718826
  7474,    60,   74000000,  316847043,        1,  242847043,  242847043
  7474,    61,   74000000,  321893082,        1,  247893082,  247893082
  7474,    62,   74000000,  324907388,        1,  250907388,  250907388
  7474,    63,   74000000,  329823230,        1,  255823230,  255823230
  7474,    64,   74000000,  332955983,        1,  258955983,  258955983
  7474,    65,   74000000,  338076395,        1,  264076395,  264076395
  7474,    66,   74000000,  341035592,        1,  267035592,  267035592
  7474,    67,   74000000,  346330952,        1,  272330952,  272330952
  7474,    68,   74000000,  349385155,        1,  275385155,  275385155
  7474,    69,   74000000,  354763813,        1,  280763813,  280763813
  7474,    70,   74000000,  362129684,        1,  288129684,  288129684
  7474,    71,   74000000,  363159671,        1,  289159671,  289159671
  7474,    72,   74000000,  368316396,        1,  294316396,  294316396
  7474,    73,   74000000,  371418775,        1,  297418775,  297418775
  7474,    74,   74000000,  376788688,        1,  302788688,  302788688
  7474,    75,   74000000,  382011118,        1,  308011118,  308011118
  7474,    76,   74000000,  385098024,        1,  311098024,  311098024
  7474,    77,   74000000,  390201905,        1,  316201905,  316201905
  7474,    78,   74000000,  395504562,        1,  321504562,  321504562
  7474,    79,   74000000,  398579977,        1,  324579977,  324579977
  7474,    80,   74000000,  403867288,        1,  329867288,  329867288
  7474,    81,   74000000,  406912832,        1,  332912832,  332912832
  7474,    82,   74000000,  412244354,        1,  338244354,  338244354
  7474,    83,   74000000,  415223905,        1,  341223905,  341223905
  7474,    84,   74000000,  420333111,        1,  346333111,  346333111
  7474,    85,   74000000,  425327581,        1,  351327581,  351327581
  7474,    86,   74000000,  428627073,        1,  354627073,  354627073
  7474,    87,   74000000,  431750773,        1,  357750773,  357750773
  7474,    88,   74000000,  437109950,        1,  363109950,  363109950
  7474,    89,   74000000,  443426018,        1,  369426018,  369426018
  7474,    90,   74000000,  445563425,        1,  371563425,  371563425
  7474,    91,   74000000,  452623303,        1,  378623303,  378623303
  7474,    92,   74000000,  453633954,        1,  379633954,  379633954
  7474,    93,   74000000,  458932069,        1,  384932069,  384932069
  7474,    94,   74000000,  464024823,        1,  390024823,  390024823
  7474,    95,   74000000,  466959566,        1,  392959566,  392959566
  7474,    96,   74000000,  472051234,        1,  398051234,  398051234
  7474,    97,   74000000,  475085924,        1,  401085924,  401085924
  7474,    98,   74000000,  480219632,        1,  406219632,  406219632
  7474,    99,   74000000,  485544037,        1,  411544037,  411544037
  7474,   100,   74000000,  490845371,        1,  416845371,  416845371
  7474,   101,   74000000,  493928224,        1,  419928224,  419928224
  7474,   102,   74000000,  497185335,        1,  423185335,  423185335
  7474,   103,   74000000,  504305978,        1,  430305978,  430305978
  7474,   104,   74000000,  507553945,        1,  433553945,  433553945
  7474,   105,   74000000,  512588353,        1,  438588353,  438588353
  7474,   106,   74000000,  513655961,        1,  439655961,  439655961
  7474,   107,   74000000,  519088038,        1,  445088038,  445088038
  7474,   108,   74000000,  524191014,        1,  450191014,  450191014
  7474,   109,   74000000,  527319139,        1,  453319139,  453319139
  7474,   110,   74000000,  532635222,        1,  458635222,  458635222
  7474,   111,   74000000,  535735542,        1,  461735542,  461735542
  7474,   112,   74000000,  541116122,        1,  467116122,  467116122
  7474,   113,   74000000,  546491649,        1,  472491649,  472491649
  7474,   114,   74000000,  549493037,        1,  475493037,  475493037
  7474,   115,   74000000,  554594089,        1,  480594089,  480594089
  7474,   116,   74000000,  557689255,        1,  483689255,  483689255
  7474,   117,   74000000,  564763205,        1,  490763205,  490763205
  7474,   118,   74000000,  567778152,        1,  493778152,  493778152
  7474,   119,   74000000,  570767816,        1,  496767816,  496767816
  7474,   120,   74000000,  573744410,        1,  499744410,  499744410
  7474,   121,   74000000,  578826808,        1,  504826808,  504826808
  7474,   122,   74000000,  581760135,        1,  507760135,  507760135
  7474,   123,   74000000,  587104782,        1,  513104782,  513104782
  7474,   124,   74000000,  592269299,        1,  518269299,  518269299
  7474,   125,   74000000,  595465287,        1,  521465287,  521465287
  7474,   126,   74000000,  600782495,        1,  526782495,  526782495
  7474,   127,   74000000,  605916325,        1,  531916325,  531916325
  7474,   128,   74000000,  608962673,        1,  534962673,  534962673
  7474,   129,   74000000,  614125259,        1,  540125259,  540125259
  7474,   130,   74000000,  617139481,        1,  543139481,  543139481
  7474,   131,   74000000,  624478051,        1,  550478051,  550478051
  7474,   132,   74000000,  625582123,        1,  551582123,  551582123
  7474,   133,   74000000,  630881935,        1,  556881935,  556881935
  7474,   134,   74000000,  638224118,        1,  564224118,  564224118
  7474,   135,   74000000,  641337539,        1,  567337539,  567337539
  7474,   136,   74000000,  644502596,        1,  570502596,  570502596
  7474,   137,   74000000,  649600636,        1,  575600636,  575600636
  7474,   138,   74000000,  652684395,        1,  578684395,  578684395
  7474,   139,   74000000,  658050694,        1,  584050694,  584050694
