# Task,   Job,     Period,   Response, DL Miss?,   Lateness,  Tardiness
# task NAME=myapp PID=2502 COST=39378000 PERIOD=57000000 CPU=0
  2502,     2,   57000000,       6319,        0,  -56993681,          0
  2502,     3,   57000000,     118954,        0,  -56881046,          0
  2502,     4,   57000000,   71781794,        1,   14781794,   14781794
  2502,     5,   57000000,   89501526,        1,   32501526,   32501526
  2502,     6,   57000000,  105985303,        1,   48985303,   48985303
  2502,     7,   57000000,  121575494,        1,   64575494,   64575494
  2502,     8,   57000000,  139151029,        1,   82151029,   82151029
  2502,     9,   57000000,  158025242,        1,  101025242,  101025242
  2502,    10,   57000000,  173639947,        1,  116639947,  116639947
  2502,    11,   57000000,  189447706,        1,  132447706,  132447706
  2502,    12,   57000000,  207982071,        1,  150982071,  150982071
  2502,    13,   57000000,  225903888,        1,  168903888,  168903888
  2502,    14,   57000000,  241447357,        1,  184447357,  184447357
  2502,    15,   57000000,  257062474,        1,  200062474,  200062474
  2502,    16,   57000000,  275797942,        1,  218797942,  218797942
  2502,    17,   57000000,  291458415,        1,  234458415,  234458415
  2502,    18,   57000000,  310284048,        1,  253284048,  253284048
  2502,    19,   57000000,  324560037,        1,  267560037,  267560037
  2502,    20,   57000000,  343146817,        1,  286146817,  286146817
  2502,    21,   57000000,  359727453,        1,  302727453,  302727453
  2502,    22,   57000000,  378226082,        1,  321226082,  321226082
  2502,    23,   57000000,  397047961,        1,  340047961,  340047961
  2502,    24,   57000000,  414940804,        1,  357940804,  357940804
  2502,    25,   57000000,  430866882,        1,  373866882,  373866882
  2502,    26,   57000000,  446455032,        1,  389455032,  389455032
  2502,    27,   57000000,  464152218,        1,  407152218,  407152218
  2502,    28,   57000000,  480646302,        1,  423646302,  423646302
  2502,    29,   57000000,  499519487,        1,  442519487,  442519487
  2502,    30,   57000000,  518104569,        1,  461104569,  461104569
  2502,    31,   57000000,  536940395,        1,  479940395,  479940395
  2502,    32,   57000000,  555403451,        1,  498403451,  498403451
  2502,    33,   57000000,  573911153,        1,  516911153,  516911153
  2502,    34,   57000000,  591612953,        1,  534612953,  534612953
  2502,    35,   57000000,  604451216,        1,  547451216,  547451216
  2502,    36,   57000000,  623239702,        1,  566239702,  566239702
  2502,    37,   57000000,  639622261,        1,  582622261,  582622261
  2502,    38,   57000000,  658076231,        1,  601076231,  601076231
  2502,    39,   57000000,  676759372,        1,  619759372,  619759372
  2502,    40,   57000000,  695271940,        1,  638271940,  638271940
  2502,    41,   57000000,  710938514,        1,  653938514,  653938514
  2502,    42,   57000000,  729534929,        1,  672534929,  672534929
  2502,    43,   57000000,  748344926,        1,  691344926,  691344926
  2502,    44,   57000000,  767202545,        1,  710202545,  710202545
  2502,    45,   57000000,  783682426,        1,  726682426,  726682426
  2502,    46,   57000000,  802123279,        1,  745123279,  745123279
  2502,    47,   57000000,  822554161,        1,  765554161,  765554161
  2502,    48,   57000000,  836368433,        1,  779368433,  779368433
  2502,    49,   57000000,  855070123,        1,  798070123,  798070123
  2502,    50,   57000000,  873617718,        1,  816617718,  816617718
  2502,    51,   57000000,  892441080,        1,  835441080,  835441080
  2502,    52,   57000000,  911089130,        1,  854089130,  854089130
  2502,    53,   57000000,  927739834,        1,  870739834,  870739834
  2502,    54,   57000000,  946052958,        1,  889052958,  889052958
  2502,    55,   57000000,  964553890,        1,  907553890,  907553890
  2502,    56,   57000000,  983456699,        1,  926456699,  926456699
  2502,    57,   57000000,  999782830,        1,  942782830,  942782830
  2502,    58,   57000000, 1018383006,        1,  961383006,  961383006
  2502,    59,   57000000, 1036926162,        1,  979926162,  979926162
  2502,    60,   57000000, 1055503895,        1,  998503895,  998503895
  2502,    61,   57000000, 1074415798,        1, 1017415798, 1017415798
  2502,    62,   57000000, 1091155678,        1, 1034155678, 1034155678
  2502,    63,   57000000, 1108082740,        1, 1051082740, 1051082740
  2502,    64,   57000000, 1125684514,        1, 1068684514, 1068684514
  2502,    65,   57000000, 1143305233,        1, 1086305233, 1086305233
  2502,    66,   57000000, 1161278790,        1, 1104278790, 1104278790
  2502,    67,   57000000, 1176781206,        1, 1119781206, 1119781206
  2502,    68,   57000000, 1192439304,        1, 1135439304, 1135439304
  2502,    69,   57000000, 1207449716,        1, 1150449716, 1150449716
  2502,    70,   57000000, 1226016094,        1, 1169016094, 1169016094
  2502,    71,   57000000, 1246791749,        1, 1189791749, 1189791749
  2502,    72,   57000000, 1263340903,        1, 1206340903, 1206340903
  2502,    73,   57000000, 1279174886,        1, 1222174886, 1222174886
  2502,    74,   57000000, 1297841981,        1, 1240841981, 1240841981
  2502,    75,   57000000, 1312500921,        1, 1255500921, 1255500921
  2502,    76,   57000000, 1328545731,        1, 1271545731, 1271545731
  2502,    77,   57000000, 1345868053,        1, 1288868053, 1288868053
  2502,    78,   57000000, 1361819514,        1, 1304819514, 1304819514
  2502,    79,   57000000, 1377345407,        1, 1320345407, 1320345407
  2502,    80,   57000000, 1392050334,        1, 1335050334, 1335050334
  2502,    81,   57000000, 1410653956,        1, 1353653956, 1353653956
  2502,    82,   57000000, 1427284226,        1, 1370284226, 1370284226
  2502,    83,   57000000, 1445179635,        1, 1388179635, 1388179635
  2502,    84,   57000000, 1460707231,        1, 1403707231, 1403707231
# task NAME=myapp PID=2505 COST=6266000 PERIOD=11000000 CPU=0
  2505,     2,   11000000,       7532,        0,  -10992468,          0
  2505,     3,   11000000,      94850,        0,  -10905150,          0
  2505,     4,   11000000,    6778374,        0,   -4221626,          0
  2505,     5,   11000000,    9822622,        0,   -1177378,          0
  2505,     6,   11000000,    8790365,        0,   -2209635,          0
  2505,     7,   11000000,    9758848,        0,   -1241152,          0
  2505,     8,   11000000,   12840133,        1,    1840133,    1840133
  2505,     9,   11000000,   12536752,        1,    1536752,    1536752
  2505,    10,   11000000,   12858665,        1,    1858665,    1858665
  2505,    11,   11000000,   15964276,        1,    4964276,    4964276
  2505,    12,   11000000,   16988055,        1,    5988055,    5988055
  2505,    13,   11000000,   18036924,        1,    7036924,    7036924
  2505,    14,   11000000,   19029697,        1,    8029697,    8029697
  2505,    15,   11000000,   20016489,        1,    9016489,    9016489
  2505,    16,   11000000,   21057036,        1,   10057036,   10057036
  2505,    17,   11000000,   22040553,        1,   11040553,   11040553
  2505,    18,   11000000,   23371910,        1,   12371910,   12371910
  2505,    19,   11000000,   23992623,        1,   12992623,   12992623
  2505,    20,   11000000,   21197263,        1,   10197263,   10197263
  2505,    21,   11000000,   23215041,        1,   12215041,   12215041
  2505,    22,   11000000,   23112708,        1,   12112708,   12112708
  2505,    23,   11000000,   24097700,        1,   13097700,   13097700
  2505,    24,   11000000,   25051404,        1,   14051404,   14051404
  2505,    25,   11000000,   26027598,        1,   15027598,   15027598
  2505,    26,   11000000,   27023139,        1,   16023139,   16023139
  2505,    27,   11000000,   27982609,        1,   16982609,   16982609
  2505,    28,   11000000,   28976218,        1,   17976218,   17976218
  2505,    29,   11000000,   29968569,        1,   18968569,   18968569
  2505,    30,   11000000,   30969357,        1,   19969357,   19969357
  2505,    31,   11000000,   31936341,        1,   20936341,   20936341
  2505,    32,   11000000,   32919122,        1,   21919122,   21919122
  2505,    33,   11000000,   33888539,        1,   22888539,   22888539
  2505,    34,   11000000,   34882441,        1,   23882441,   23882441
  2505,    35,   11000000,   35874995,        1,   24874995,   24874995
  2505,    36,   11000000,   36823495,        1,   25823495,   25823495
  2505,    37,   11000000,   35744910,        1,   24744910,   24744910
  2505,    38,   11000000,   36704711,        1,   25704711,   25704711
  2505,    39,   11000000,   37675613,        1,   26675613,   26675613
  2505,    40,   11000000,   38839822,        1,   27839822,   27839822
  2505,    41,   11000000,   39651450,        1,   28651450,   28651450
  2505,    42,   11000000,   42949091,        1,   31949091,   31949091
  2505,    43,   11000000,   43941764,        1,   32941764,   32941764
  2505,    44,   11000000,   44940761,        1,   33940761,   33940761
  2505,    45,   11000000,   45921830,        1,   34921830,   34921830
  2505,    46,   11000000,   46930611,        1,   35930611,   35930611
  2505,    47,   11000000,   47888778,        1,   36888778,   36888778
  2505,    48,   11000000,   48879307,        1,   37879307,   37879307
  2505,    49,   11000000,   49849877,        1,   38849877,   38849877
  2505,    50,   11000000,   47908553,        1,   36908553,   36908553
  2505,    51,   11000000,   48909184,        1,   37909184,   37909184
  2505,    52,   11000000,   49885640,        1,   38885640,   38885640
  2505,    53,   11000000,   51121753,        1,   40121753,   40121753
  2505,    54,   11000000,   52085620,        1,   41085620,   41085620
  2505,    55,   11000000,   53067701,        1,   42067701,   42067701
  2505,    56,   11000000,   54094126,        1,   43094126,   43094126
  2505,    57,   11000000,   56042710,        1,   45042710,   45042710
  2505,    58,   11000000,   56031032,        1,   45031032,   45031032
  2505,    59,   11000000,   57023165,        1,   46023165,   46023165
  2505,    60,   11000000,   59059064,        1,   48059064,   48059064
  2505,    61,   11000000,   58955386,        1,   47955386,   47955386
  2505,    62,   11000000,   59025292,        1,   48025292,   48025292
  2505,    63,   11000000,   60016848,        1,   49016848,   49016848
  2505,    64,   11000000,   61017203,        1,   50017203,   50017203
  2505,    65,   11000000,   61986546,        1,   50986546,   50986546
  2505,    66,   11000000,   62994056,        1,   51994056,   51994056
  2505,    67,   11000000,   64026142,        1,   53026142,   53026142
  2505,    68,   11000000,   64987500,        1,   53987500,   53987500
  2505,    69,   11000000,   67085910,        1,   56085910,   56085910
  2505,    70,   11000000,   66953868,        1,   55953868,   55953868
  2505,    71,   11000000,   67929070,        1,   56929070,   56929070
  2505,    72,   11000000,   68905101,        1,   57905101,   57905101
  2505,    73,   11000000,   69912330,        1,   58912330,   58912330
  2505,    74,   11000000,   70888690,        1,   59888690,   59888690
  2505,    75,   11000000,   71876555,        1,   60876555,   60876555
  2505,    76,   11000000,   72857830,        1,   61857830,   61857830
  2505,    77,   11000000,   73865033,        1,   62865033,   62865033
  2505,    78,   11000000,   72788181,        1,   61788181,   61788181
  2505,    79,   11000000,   73763622,        1,   62763622,   62763622
  2505,    80,   11000000,   76829104,        1,   65829104,   65829104
  2505,    81,   11000000,   75771247,        1,   64771247,   64771247
  2505,    82,   11000000,   76741398,        1,   65741398,   65741398
  2505,    83,   11000000,   77743669,        1,   66743669,   66743669
  2505,    84,   11000000,   81022301,        1,   70022301,   70022301
  2505,    85,   11000000,   82018330,        1,   71018330,   71018330
  2505,    86,   11000000,   84758326,        1,   73758326,   73758326
  2505,    87,   11000000,   83976767,        1,   72976767,   72976767
  2505,    88,   11000000,   84978206,        1,   73978206,   73978206
  2505,    89,   11000000,   83020186,        1,   72020186,   72020186
  2505,    90,   11000000,   84070353,        1,   73070353,   73070353
  2505,    91,   11000000,   85065758,        1,   74065758,   74065758
  2505,    92,   11000000,   86049670,        1,   75049670,   75049670
  2505,    93,   11000000,   87027784,        1,   76027784,   76027784
  2505,    94,   11000000,   88021363,        1,   77021363,   77021363
  2505,    95,   11000000,   89282038,        1,   78282038,   78282038
  2505,    96,   11000000,   90227412,        1,   79227412,   79227412
  2505,    97,   11000000,   91312331,        1,   80312331,   80312331
  2505,    98,   11000000,   92350243,        1,   81350243,   81350243
  2505,    99,   11000000,   93324229,        1,   82324229,   82324229
  2505,   100,   11000000,   94337112,        1,   83337112,   83337112
  2505,   101,   11000000,   95349289,        1,   84349289,   84349289
  2505,   102,   11000000,   95486675,        1,   84486675,   84486675
  2505,   103,   11000000,   95554053,        1,   84554053,   84554053
  2505,   104,   11000000,   94570999,        1,   83570999,   83570999
  2505,   105,   11000000,   94602312,        1,   83602312,   83602312
  2505,   106,   11000000,   95589399,        1,   84589399,   84589399
  2505,   107,   11000000,   96591350,        1,   85591350,   85591350
  2505,   108,   11000000,   97567146,        1,   86567146,   86567146
  2505,   109,   11000000,   98558239,        1,   87558239,   87558239
  2505,   110,   11000000,   99542401,        1,   88542401,   88542401
  2505,   111,   11000000,  100527420,        1,   89527420,   89527420
  2505,   112,   11000000,  101514261,        1,   90514261,   90514261
  2505,   113,   11000000,  102557195,        1,   91557195,   91557195
  2505,   114,   11000000,  103544402,        1,   92544402,   92544402
  2505,   115,   11000000,  104511628,        1,   93511628,   93511628
  2505,   116,   11000000,  105497306,        1,   94497306,   94497306
  2505,   117,   11000000,  106482858,        1,   95482858,   95482858
  2505,   118,   11000000,  107468664,        1,   96468664,   96468664
  2505,   119,   11000000,  108448436,        1,   97448436,   97448436
  2505,   120,   11000000,  109404355,        1,   98404355,   98404355
  2505,   121,   11000000,  110386258,        1,   99386258,   99386258
  2505,   122,   11000000,  111365571,        1,  100365571,  100365571
  2505,   123,   11000000,  114361598,        1,  103361598,  103361598
  2505,   124,   11000000,  113346083,        1,  102346083,  102346083
  2505,   125,   11000000,  114355273,        1,  103355273,  103355273
  2505,   126,   11000000,  115345451,        1,  104345451,  104345451
  2505,   127,   11000000,  116564682,        1,  105564682,  105564682
  2505,   128,   11000000,  115531576,        1,  104531576,  104531576
  2505,   129,   11000000,  114707973,        1,  103707973,  103707973
  2505,   130,   11000000,  115688174,        1,  104688174,  104688174
  2505,   131,   11000000,  116650546,        1,  105650546,  105650546
  2505,   132,   11000000,  117657707,        1,  106657707,  106657707
  2505,   133,   11000000,  118620940,        1,  107620940,  107620940
  2505,   134,   11000000,  119592579,        1,  108592579,  108592579
  2505,   135,   11000000,  122594162,        1,  111594162,  111594162
  2505,   136,   11000000,  121519627,        1,  110519627,  110519627
  2505,   137,   11000000,  122765026,        1,  111765026,  111765026
  2505,   138,   11000000,  123782099,        1,  112782099,  112782099
  2505,   139,   11000000,  124740554,        1,  113740554,  113740554
  2505,   140,   11000000,  125759030,        1,  114759030,  114759030
  2505,   141,   11000000,  126778705,        1,  115778705,  115778705
  2505,   142,   11000000,  127798803,        1,  116798803,  116798803
  2505,   143,   11000000,  128769302,        1,  117769302,  117769302
  2505,   144,   11000000,  129735402,        1,  118735402,  118735402
  2505,   145,   11000000,  130714847,        1,  119714847,  119714847
  2505,   146,   11000000,  131665510,        1,  120665510,  120665510
  2505,   147,   11000000,  133685746,        1,  122685746,  122685746
  2505,   148,   11000000,  133873867,        1,  122873867,  122873867
  2505,   149,   11000000,  134858256,        1,  123858256,  123858256
  2505,   150,   11000000,  135805442,        1,  124805442,  124805442
  2505,   151,   11000000,  136755748,        1,  125755748,  125755748
  2505,   152,   11000000,  137806936,        1,  126806936,  126806936
  2505,   153,   11000000,  138765439,        1,  127765439,  127765439
  2505,   154,   11000000,  140179585,        1,  129179585,  129179585
  2505,   155,   11000000,  140733610,        1,  129733610,  129733610
  2505,   156,   11000000,  141754299,        1,  130754299,  130754299
  2505,   157,   11000000,  142724674,        1,  131724674,  131724674
  2505,   158,   11000000,  143752308,        1,  132752308,  132752308
  2505,   159,   11000000,  144729161,        1,  133729161,  133729161
  2505,   160,   11000000,  145735494,        1,  134735494,  134735494
  2505,   161,   11000000,  148716605,        1,  137716605,  137716605
  2505,   162,   11000000,  149681384,        1,  138681384,  138681384
  2505,   163,   11000000,  148625599,        1,  137625599,  137625599
  2505,   164,   11000000,  149677244,        1,  138677244,  138677244
  2505,   165,   11000000,  150627285,        1,  139627285,  139627285
  2505,   166,   11000000,  151617081,        1,  140617081,  140617081
  2505,   167,   11000000,  152664171,        1,  141664171,  141664171
  2505,   168,   11000000,  153905610,        1,  142905610,  142905610
  2505,   169,   11000000,  153934106,        1,  142934106,  142934106
  2505,   170,   11000000,  154932945,        1,  143932945,  143932945
  2505,   171,   11000000,  155905576,        1,  144905576,  144905576
  2505,   172,   11000000,  156903746,        1,  145903746,  145903746
  2505,   173,   11000000,  159876323,        1,  148876323,  148876323
  2505,   174,   11000000,  156790725,        1,  145790725,  145790725
  2505,   175,   11000000,  157761742,        1,  146761742,  146761742
  2505,   176,   11000000,  158746316,        1,  147746316,  147746316
  2505,   177,   11000000,  159742451,        1,  148742451,  148742451
  2505,   178,   11000000,  160721908,        1,  149721908,  149721908
  2505,   179,   11000000,  164320666,        1,  153320666,  153320666
  2505,   180,   11000000,  166102508,        1,  155102508,  155102508
  2505,   181,   11000000,  166088428,        1,  155088428,  155088428
  2505,   182,   11000000,  167011870,        1,  156011870,  156011870
  2505,   183,   11000000,  168014402,        1,  157014402,  157014402
  2505,   184,   11000000,  168970598,        1,  157970598,  157970598
  2505,   185,   11000000,  167081211,        1,  156081211,  156081211
  2505,   186,   11000000,  168050141,        1,  157050141,  157050141
  2505,   187,   11000000,  169081977,        1,  158081977,  158081977
  2505,   188,   11000000,  170034753,        1,  159034753,  159034753
  2505,   189,   11000000,  171001462,        1,  160001462,  160001462
  2505,   190,   11000000,  171970885,        1,  160970885,  160970885
  2505,   191,   11000000,  172953833,        1,  161953833,  161953833
  2505,   192,   11000000,  173079387,        1,  162079387,  162079387
  2505,   193,   11000000,  172082344,        1,  161082344,  161082344
  2505,   194,   11000000,  174099841,        1,  163099841,  163099841
  2505,   195,   11000000,  175070814,        1,  164070814,  164070814
  2505,   196,   11000000,  175609929,        1,  164609929,  164609929
  2505,   197,   11000000,  174982362,        1,  163982362,  163982362
  2505,   198,   11000000,  175913140,        1,  164913140,  164913140
  2505,   199,   11000000,  176129023,        1,  165129023,  165129023
  2505,   200,   11000000,  177122944,        1,  166122944,  166122944
  2505,   201,   11000000,  175209600,        1,  164209600,  164209600
  2505,   202,   11000000,  176184837,        1,  165184837,  165184837
  2505,   203,   11000000,  176301408,        1,  165301408,  165301408
  2505,   204,   11000000,  177289342,        1,  166289342,  166289342
  2505,   205,   11000000,  174442576,        1,  163442576,  163442576
  2505,   206,   11000000,  175452116,        1,  164452116,  164452116
  2505,   207,   11000000,  178454558,        1,  167454558,  167454558
  2505,   208,   11000000,  177484361,        1,  166484361,  166484361
  2505,   209,   11000000,  178453516,        1,  167453516,  167453516
  2505,   210,   11000000,  179509503,        1,  168509503,  168509503
  2505,   211,   11000000,  182510718,        1,  171510718,  171510718
  2505,   212,   11000000,  181426736,        1,  170426736,  170426736
  2505,   213,   11000000,  182480450,        1,  171480450,  171480450
  2505,   214,   11000000,  183487440,        1,  172487440,  172487440
  2505,   215,   11000000,  183507394,        1,  172507394,  172507394
  2505,   216,   11000000,  182561635,        1,  171561635,  171561635
  2505,   217,   11000000,  183533847,        1,  172533847,  172533847
  2505,   218,   11000000,  184535236,        1,  173535236,  173535236
  2505,   219,   11000000,  185505333,        1,  174505333,  174505333
  2505,   220,   11000000,  186473611,        1,  175473611,  175473611
  2505,   221,   11000000,  187482970,        1,  176482970,  176482970
  2505,   222,   11000000,  188732212,        1,  177732212,  177732212
  2505,   223,   11000000,  189719257,        1,  178719257,  178719257
  2505,   224,   11000000,  190715193,        1,  179715193,  179715193
  2505,   225,   11000000,  191701541,        1,  180701541,  180701541
  2505,   226,   11000000,  192694607,        1,  181694607,  181694607
  2505,   227,   11000000,  193687572,        1,  182687572,  182687572
  2505,   228,   11000000,  194662516,        1,  183662516,  183662516
  2505,   229,   11000000,  195675052,        1,  184675052,  184675052
  2505,   230,   11000000,  196698995,        1,  185698995,  185698995
  2505,   231,   11000000,  197652737,        1,  186652737,  186652737
  2505,   232,   11000000,  198649377,        1,  187649377,  187649377
  2505,   233,   11000000,  199655427,        1,  188655427,  188655427
  2505,   234,   11000000,  200628201,        1,  189628201,  189628201
  2505,   235,   11000000,  201631252,        1,  190631252,  190631252
  2505,   236,   11000000,  202635452,        1,  191635452,  191635452
  2505,   237,   11000000,  202739094,        1,  191739094,  191739094
  2505,   238,   11000000,  203686068,        1,  192686068,  192686068
  2505,   239,   11000000,  204658890,        1,  193658890,  193658890
  2505,   240,   11000000,  205637860,        1,  194637860,  194637860
  2505,   241,   11000000,  206637503,        1,  195637503,  195637503
  2505,   242,   11000000,  207630909,        1,  196630909,  196630909
  2505,   243,   11000000,  208614977,        1,  197614977,  197614977
  2505,   244,   11000000,  209596758,        1,  198596758,  198596758
  2505,   245,   11000000,  210602237,        1,  199602237,  199602237
  2505,   246,   11000000,  211078579,        1,  200078579,  200078579
  2505,   247,   11000000,  209127359,        1,  198127359,  198127359
  2505,   248,   11000000,  209219498,        1,  198219498,  198219498
  2505,   249,   11000000,  210217298,        1,  199217298,  199217298
  2505,   250,   11000000,  211207435,        1,  200207435,  200207435
  2505,   251,   11000000,  212194771,        1,  201194771,  201194771
  2505,   252,   11000000,  213171776,        1,  202171776,  202171776
  2505,   253,   11000000,  214139864,        1,  203139864,  203139864
  2505,   254,   11000000,  215373538,        1,  204373538,  204373538
  2505,   255,   11000000,  216355639,        1,  205355639,  205355639
  2505,   256,   11000000,  217322579,        1,  206322579,  206322579
  2505,   257,   11000000,  216289227,        1,  205289227,  205289227
  2505,   258,   11000000,  218171000,        1,  207171000,  207171000
  2505,   259,   11000000,  217907220,        1,  206907220,  206907220
  2505,   260,   11000000,  218282587,        1,  207282587,  207282587
  2505,   261,   11000000,  219314638,        1,  208314638,  208314638
  2505,   262,   11000000,  220299265,        1,  209299265,  209299265
  2505,   263,   11000000,  224251806,        1,  213251806,  213251806
  2505,   264,   11000000,  222300274,        1,  211300274,  211300274
  2505,   265,   11000000,  223547170,        1,  212547170,  212547170
  2505,   266,   11000000,  224542896,        1,  213542896,  213542896
  2505,   267,   11000000,  225510323,        1,  214510323,  214510323
  2505,   268,   11000000,  226501321,        1,  215501321,  215501321
  2505,   269,   11000000,  227488767,        1,  216488767,  216488767
  2505,   270,   11000000,  228751353,        1,  217751353,  217751353
  2505,   271,   11000000,  229421979,        1,  218421979,  218421979
  2505,   272,   11000000,  229578370,        1,  218578370,  218578370
  2505,   273,   11000000,  230553599,        1,  219553599,  219553599
  2505,   274,   11000000,  233462932,        1,  222462932,  222462932
  2505,   275,   11000000,  234678552,        1,  223678552,  223678552
  2505,   276,   11000000,  233654194,        1,  222654194,  222654194
  2505,   277,   11000000,  234627505,        1,  223627505,  223627505
  2505,   278,   11000000,  235609510,        1,  224609510,  224609510
  2505,   279,   11000000,  236585710,        1,  225585710,  225585710
  2505,   280,   11000000,  237592061,        1,  226592061,  226592061
  2505,   281,   11000000,  238566035,        1,  227566035,  227566035
# task NAME=myapp PID=2510 COST=27034000 PERIOD=46000000 CPU=0
  2510,     2,   46000000,       7472,        0,  -45992528,          0
  2510,     3,   46000000,     207933,        0,  -45792067,          0
  2510,     4,   46000000,   47752992,        1,    1752992,    1752992
  2510,     5,   46000000,   49642842,        1,    3642842,    3642842
  2510,     6,   46000000,   55393086,        1,    9393086,    9393086
  2510,     7,   46000000,   60312154,        1,   14312154,   14312154
  2510,     8,   46000000,   63136988,        1,   17136988,   17136988
  2510,     9,   46000000,   68918627,        1,   22918627,   22918627
  2510,    10,   46000000,   71773217,        1,   25773217,   25773217
  2510,    11,   46000000,   77578665,        1,   31578665,   31578665
  2510,    12,   46000000,   83582558,        1,   37582558,   37582558
  2510,    13,   46000000,   88477408,        1,   42477408,   42477408
  2510,    14,   46000000,   90759705,        1,   44759705,   44759705
  2510,    15,   46000000,   96474508,        1,   50474508,   50474508
  2510,    16,   46000000,   98874921,        1,   52874921,   52874921
  2510,    17,   46000000,  104662169,        1,   58662169,   58662169
  2510,    18,   46000000,  110409439,        1,   64409439,   64409439
  2510,    19,   46000000,  113240512,        1,   67240512,   67240512
  2510,    20,   46000000,  119037898,        1,   73037898,   73037898
  2510,    21,   46000000,  124812160,        1,   78812160,   78812160
  2510,    22,   46000000,  130855950,        1,   84855950,   84855950
  2510,    23,   46000000,  136658356,        1,   90658356,   90658356
  2510,    24,   46000000,  142984966,        1,   96984966,   96984966
  2510,    25,   46000000,  148490743,        1,  102490743,  102490743
  2510,    26,   46000000,  154204364,        1,  108204364,  108204364
  2510,    27,   46000000,  157430600,        1,  111430600,  111430600
  2510,    28,   46000000,  162270427,        1,  116270427,  116270427
  2510,    29,   46000000,  167889334,        1,  121889334,  121889334
  2510,    30,   46000000,  171618582,        1,  125618582,  125618582
  2510,    31,   46000000,  177453867,        1,  131453867,  131453867
  2510,    32,   46000000,  182623741,        1,  136623741,  136623741
  2510,    33,   46000000,  185512783,        1,  139512783,  139512783
  2510,    34,   46000000,  192619136,        1,  146619136,  146619136
  2510,    35,   46000000,  198349830,        1,  152349830,  152349830
  2510,    36,   46000000,  199990394,        1,  153990394,  153990394
  2510,    37,   46000000,  205157136,        1,  159157136,  159157136
  2510,    38,   46000000,  210026361,        1,  164026361,  164026361
  2510,    39,   46000000,  213729005,        1,  167729005,  167729005
  2510,    40,   46000000,  218672338,        1,  172672338,  172672338
  2510,    41,   46000000,  224683609,        1,  178683609,  178683609
  2510,    42,   46000000,  230483104,        1,  184483104,  184483104
  2510,    43,   46000000,  233252781,        1,  187252781,  187252781
  2510,    44,   46000000,  239390075,        1,  193390075,  193390075
  2510,    45,   46000000,  245136007,        1,  199136007,  199136007
  2510,    46,   46000000,  250867756,        1,  204867756,  204867756
  2510,    47,   46000000,  256669192,        1,  210669192,  210669192
  2510,    48,   46000000,  262413064,        1,  216413064,  216413064
  2510,    49,   46000000,  268194931,        1,  222194931,  222194931
  2510,    50,   46000000,  273969638,        1,  227969638,  227969638
  2510,    51,   46000000,  280040240,        1,  234040240,  234040240
  2510,    52,   46000000,  285820604,        1,  239820604,  239820604
  2510,    53,   46000000,  289566007,        1,  243566007,  243566007
  2510,    54,   46000000,  295590369,        1,  249590369,  249590369
  2510,    55,   46000000,  301413426,        1,  255413426,  255413426
  2510,    56,   46000000,  306284929,        1,  260284929,  260284929
  2510,    57,   46000000,  311994467,        1,  265994467,  265994467
  2510,    58,   46000000,  315748037,        1,  269748037,  269748037
  2510,    59,   46000000,  321544895,        1,  275544895,  275544895
  2510,    60,   46000000,  326475989,        1,  280475989,  280475989
  2510,    61,   46000000,  332575135,        1,  286575135,  286575135
  2510,    62,   46000000,  337154966,        1,  291154966,  291154966
  2510,    63,   46000000,  342605876,        1,  296605876,  296605876
  2510,    64,   46000000,  347401003,        1,  301401003,  301401003
  2510,    65,   46000000,  352272377,        1,  306272377,  306272377
  2510,    66,   46000000,  357959370,        1,  311959370,  311959370
  2510,    67,   46000000,  360734926,        1,  314734926,  314734926
  2510,    68,   46000000,  366536346,        1,  320536346,  320536346
  2510,    69,   46000000,  369380608,        1,  323380608,  323380608
  2510,    70,   46000000,  375246885,        1,  329246885,  329246885
  2510,    71,   46000000,  381320624,        1,  335320624,  335320624
  2510,    72,   46000000,  387096716,        1,  341096716,  341096716
  2510,    73,   46000000,  392283307,        1,  346283307,  346283307
  2510,    74,   46000000,  398160966,        1,  352160966,  352160966
  2510,    75,   46000000,  401032822,        1,  355032822,  355032822
  2510,    76,   46000000,  406405215,        1,  360405215,  360405215
  2510,    77,   46000000,  412214684,        1,  366214684,  366214684
  2510,    78,   46000000,  417898631,        1,  371898631,  371898631
  2510,    79,   46000000,  423627782,        1,  377627782,  377627782
  2510,    80,   46000000,  427587067,        1,  381587067,  381587067
  2510,    81,   46000000,  433328408,        1,  387328408,  387328408
  2510,    82,   46000000,  438151117,        1,  392151117,  392151117
  2510,    83,   46000000,  443278343,        1,  397278343,  397278343
  2510,    84,   46000000,  446998123,        1,  400998123,  400998123
  2510,    85,   46000000,  452853879,        1,  406853879,  406853879
  2510,    86,   46000000,  458643531,        1,  412643531,  412643531
  2510,    87,   46000000,  464443063,        1,  418443063,  418443063
  2510,    88,   46000000,  469334306,        1,  423334306,  423334306
  2510,    89,   46000000,  473186280,        1,  427186280,  427186280
  2510,    90,   46000000,  478342784,        1,  432342784,  432342784
  2510,    91,   46000000,  484221233,        1,  438221233,  438221233
  2510,    92,   46000000,  487013795,        1,  441013795,  441013795
  2510,    93,   46000000,  493078099,        1,  447078099,  447078099
  2510,    94,   46000000,  498831161,        1,  452831161,  452831161
  2510,    95,   46000000,  503647713,        1,  457647713,  457647713
  2510,    96,   46000000,  507402921,        1,  461402921,  461402921
  2510,    97,   46000000,  513281352,        1,  467281352,  467281352
  2510,    98,   46000000,  519359704,        1,  473359704,  473359704
  2510,    99,   46000000,  524157456,        1,  478157456,  478157456
  2510,   100,   46000000,  530129656,        1,  484129656,  484129656
  2510,   101,   46000000,  533923033,        1,  487923033,  487923033
  2510,   102,   46000000,  535662911,        1,  489662911,  489662911
  2510,   103,   46000000,  541695128,        1,  495695128,  495695128
  2510,   104,   46000000,  547424497,        1,  501424497,  501424497
  2510,   105,   46000000,  553486276,        1,  507486276,  507486276
  2510,   106,   46000000,  559436564,        1,  513436564,  513436564
  2510,   107,   46000000,  565455994,        1,  519455994,  519455994
  2510,   108,   46000000,  571178535,        1,  525178535,  525178535
  2510,   109,   46000000,  577077032,        1,  531077032,  531077032
  2510,   110,   46000000,  580114904,        1,  534114904,  534114904
  2510,   111,   46000000,  581081683,        1,  535081683,  535081683
  2510,   112,   46000000,  586307345,        1,  540307345,  540307345
  2510,   113,   46000000,  592097647,        1,  546097647,  546097647
  2510,   114,   46000000,  594059803,        1,  548059803,  548059803
  2510,   115,   46000000,  597326891,        1,  551326891,  551326891
  2510,   116,   46000000,  602778358,        1,  556778358,  556778358
  2510,   117,   46000000,  608853631,        1,  562853631,  562853631
  2510,   118,   46000000,  614584798,        1,  568584798,  568584798
  2510,   119,   46000000,  620248651,        1,  574248651,  574248651
  2510,   120,   46000000,  626268027,        1,  580268027,  580268027
  2510,   121,   46000000,  629089495,        1,  583089495,  583089495
  2510,   122,   46000000,  635139287,        1,  589139287,  589139287
  2510,   123,   46000000,  640958243,        1,  594958243,  594958243
  2510,   124,   46000000,  645858001,        1,  599858001,  599858001
  2510,   125,   46000000,  649622980,        1,  603622980,  603622980
  2510,   126,   46000000,  655464133,        1,  609464133,  609464133
  2510,   127,   46000000,  661194184,        1,  615194184,  615194184
  2510,   128,   46000000,  666975584,        1,  620975584,  620975584
  2510,   129,   46000000,  675276732,        1,  629276732,  629276732
  2510,   130,   46000000,  678926064,        1,  632926064,  632926064
  2510,   131,   46000000,  686151835,        1,  640151835,  640151835
  2510,   132,   46000000,  686936894,        1,  640936894,  640936894
  2510,   133,   46000000,  691891364,        1,  645891364,  645891364
  2510,   134,   46000000,  695808790,        1,  649808790,  649808790
  2510,   135,   46000000,  702494323,        1,  656494323,  656494323
  2510,   136,   46000000,  706246179,        1,  660246179,  660246179
  2510,   137,   46000000,  709409122,        1,  663409122,  663409122
  2510,   138,   46000000,  715173751,        1,  669173751,  669173751
  2510,   139,   46000000,  721192221,        1,  675192221,  675192221
  2510,   140,   46000000,  726981039,        1,  680981039,  680981039
  2510,   141,   46000000,  731873640,        1,  685873640,  685873640
  2510,   142,   46000000,  740406351,        1,  694406351,  694406351
  2510,   143,   46000000,  741671022,        1,  695671022,  695671022
  2510,   144,   46000000,  746588629,        1,  700588629,  700588629
  2510,   145,   46000000,  749510802,        1,  703510802,  703510802
  2510,   146,   46000000,  755352129,        1,  709352129,  709352129
  2510,   147,   46000000,  761134257,        1,  715134257,  715134257
  2510,   148,   46000000,  766921086,        1,  720921086,  720921086
  2510,   149,   46000000,  772928891,        1,  726928891,  726928891
  2510,   150,   46000000,  778661754,        1,  732661754,  732661754
  2510,   151,   46000000,  784411121,        1,  738411121,  738411121
  2510,   152,   46000000,  790405702,        1,  744405702,  744405702
  2510,   153,   46000000,  793293932,        1,  747293932,  747293932
  2510,   154,   46000000,  798132188,        1,  752132188,  752132188
  2510,   155,   46000000,  803901444,        1,  757901444,  757901444
  2510,   156,   46000000,  806784277,        1,  760784277,  760784277
  2510,   157,   46000000,  811929284,        1,  765929284,  765929284
  2510,   158,   46000000,  815667979,        1,  769667979,  769667979
  2510,   159,   46000000,  821717745,        1,  775717745,  775717745
  2510,   160,   46000000,  827478673,        1,  781478673,  781478673
  2510,   161,   46000000,  832712994,        1,  786712994,  786712994
  2510,   162,   46000000,  836067016,        1,  790067016,  790067016
  2510,   163,   46000000,  840470635,        1,  794470635,  794470635
  2510,   164,   46000000,  846245769,        1,  800245769,  800245769
  2510,   165,   46000000,  852069049,        1,  806069049,  806069049
  2510,   166,   46000000,  855780006,        1,  809780006,  809780006
  2510,   167,   46000000,  860674704,        1,  814674704,  814674704
  2510,   168,   46000000,  866356386,        1,  820356386,  820356386
  2510,   169,   46000000,  869355075,        1,  823355075,  823355075
  2510,   170,   46000000,  875205525,        1,  829205525,  829205525
  2510,   171,   46000000,  876502719,        1,  830502719,  830502719
  2510,   172,   46000000,  882222548,        1,  836222548,  836222548
  2510,   173,   46000000,  885659275,        1,  839659275,  839659275
  2510,   174,   46000000,  891433166,        1,  845433166,  845433166
  2510,   175,   46000000,  897219492,        1,  851219492,  851219492
  2510,   176,   46000000,  904028204,        1,  858028204,  858028204
  2510,   177,   46000000,  905747691,        1,  859747691,  859747691
  2510,   178,   46000000,  911486200,        1,  865486200,  865486200
  2510,   179,   46000000,  916645791,        1,  870645791,  870645791
  2510,   180,   46000000,  919450186,        1,  873450186,  873450186
  2510,   181,   46000000,  925411362,        1,  879411362,  879411362
  2510,   182,   46000000,  933218246,        1,  887218246,  887218246
  2510,   183,   46000000,  934071116,        1,  888071116,  888071116
  2510,   184,   46000000,  939146615,        1,  893146615,  893146615
  2510,   185,   46000000,  944037602,        1,  898037602,  898037602
  2510,   186,   46000000,  950134954,        1,  904134954,  904134954
  2510,   187,   46000000,  955883418,        1,  909883418,  909883418
  2510,   188,   46000000,  961857534,        1,  915857534,  915857534
  2510,   189,   46000000,  964723524,        1,  918723524,  918723524
  2510,   190,   46000000,  970549829,        1,  924549829,  924549829
  2510,   191,   46000000,  976507268,        1,  930507268,  930507268
  2510,   192,   46000000,  982350241,        1,  936350241,  936350241
  2510,   193,   46000000,  988154692,        1,  942154692,  942154692
  2510,   194,   46000000,  993967834,        1,  947967834,  947967834
  2510,   195,   46000000,  995909510,        1,  949909510,  949909510
  2510,   196,   46000000,  999366540,        1,  953366540,  953366540
  2510,   197,   46000000, 1004184353,        1,  958184353,  958184353
  2510,   198,   46000000, 1010189990,        1,  964189990,  964189990
  2510,   199,   46000000, 1016056283,        1,  970056283,  970056283
  2510,   200,   46000000, 1021883674,        1,  975883674,  975883674
# task NAME=myapp PID=2513 COST=7969000 PERIOD=99000000 CPU=0
  2513,     2,   99000000,       8075,        0,  -98991925,          0
  2513,     3,   99000000,     168642,        0,  -98831358,          0
  2513,     4,   99000000,   10370429,        0,  -88629571,          0
  2513,     5,   99000000,   11374795,        0,  -87625205,          0
  2513,     6,   99000000,   12374149,        0,  -86625851,          0
  2513,     7,   99000000,   13389921,        0,  -85610079,          0
  2513,     8,   99000000,   10338623,        0,  -88661377,          0
  2513,     9,   99000000,   11313669,        0,  -87686331,          0
  2513,    10,   99000000,   12420066,        0,  -86579934,          0
  2513,    11,   99000000,   14617437,        0,  -84382563,          0
  2513,    12,   99000000,   10345910,        0,  -88654090,          0
  2513,    13,   99000000,   13327530,        0,  -85672470,          0
  2513,    14,   99000000,   12690591,        0,  -86309409,          0
  2513,    15,   99000000,   13434856,        0,  -85565144,          0
  2513,    16,   99000000,   10406436,        0,  -88593564,          0
  2513,    17,   99000000,   11338363,        0,  -87661637,          0
  2513,    18,   99000000,   12068704,        0,  -86931296,          0
  2513,    19,   99000000,   14069049,        0,  -84930951,          0
  2513,    20,   99000000,   11298724,        0,  -87701276,          0
  2513,    21,   99000000,   13380038,        0,  -85619962,          0
  2513,    22,   99000000,   14368965,        0,  -84631035,          0
  2513,    23,   99000000,   13370665,        0,  -85629335,          0
  2513,    24,   99000000,   10443210,        0,  -88556790,          0
  2513,    25,   99000000,   11387050,        0,  -87612950,          0
  2513,    26,   99000000,   12444364,        0,  -86555636,          0
  2513,    27,   99000000,   13459223,        0,  -85540777,          0
  2513,    28,   99000000,   10740686,        0,  -88259314,          0
  2513,    29,   99000000,   11376840,        0,  -87623160,          0
  2513,    30,   99000000,   12482082,        0,  -86517918,          0
  2513,    31,   99000000,   12546268,        0,  -86453732,          0
  2513,    32,   99000000,   10346644,        0,  -88653356,          0
  2513,    33,   99000000,   11424962,        0,  -87575038,          0
  2513,    34,   99000000,   15371938,        0,  -83628062,          0
  2513,    35,   99000000,   13462788,        0,  -85537212,          0
  2513,    36,   99000000,   10347219,        0,  -88652781,          0
  2513,    37,   99000000,   11377024,        0,  -87622976,          0
  2513,    38,   99000000,   12613530,        0,  -86386470,          0
  2513,    39,   99000000,   12692628,        0,  -86307372,          0
  2513,    40,   99000000,   10509571,        0,  -88490429,          0
  2513,    41,   99000000,   13421038,        0,  -85578962,          0
  2513,    42,   99000000,   14391795,        0,  -84608205,          0
  2513,    43,   99000000,   15423801,        0,  -83576199,          0
  2513,    44,   99000000,   10424404,        0,  -88575596,          0
  2513,    45,   99000000,   11353105,        0,  -87646895,          0
  2513,    46,   99000000,   12420226,        0,  -86579774,          0
  2513,    47,   99000000,   13712471,        0,  -85287529,          0
  2513,    48,   99000000,   10394150,        0,  -88605850,          0
  2513,    49,   99000000,   11389646,        0,  -87610354,          0
  2513,    50,   99000000,   12402199,        0,  -86597801,          0
  2513,    51,   99000000,   12515871,        0,  -86484129,          0
  2513,    52,   99000000,   10645515,        0,  -88354485,          0
  2513,    53,   99000000,   11336982,        0,  -87663018,          0
  2513,    54,   99000000,   14409248,        0,  -84590752,          0
  2513,    55,   99000000,   13398375,        0,  -85601625,          0
  2513,    56,   99000000,   12398000,        0,  -86602000,          0
  2513,    57,   99000000,   11359288,        0,  -87640712,          0
  2513,    58,   99000000,   12455250,        0,  -86544750,          0
  2513,    59,   99000000,   15230659,        0,  -83769341,          0
  2513,    60,   99000000,   10343411,        0,  -88656589,          0
  2513,    61,   99000000,   11380180,        0,  -87619820,          0
  2513,    62,   99000000,   13412214,        0,  -85587786,          0
  2513,    63,   99000000,   15397020,        0,  -83602980,          0
  2513,    64,   99000000,   10762512,        0,  -88237488,          0
  2513,    65,   99000000,   11374640,        0,  -87625360,          0
  2513,    66,   99000000,   12426445,        0,  -86573555,          0
  2513,    67,   99000000,   13447489,        0,  -85552511,          0
  2513,    68,   99000000,   10370591,        0,  -88629409,          0
  2513,    69,   99000000,   13337432,        0,  -85662568,          0
  2513,    70,   99000000,   12485393,        0,  -86514607,          0
  2513,    71,   99000000,   13412562,        0,  -85587438,          0
  2513,    72,   99000000,   10384828,        0,  -88615172,          0
  2513,    73,   99000000,   11359677,        0,  -87640323,          0
  2513,    74,   99000000,   12439558,        0,  -86560442,          0
  2513,    75,   99000000,   13395093,        0,  -85604907,          0
  2513,    76,   99000000,   10423023,        0,  -88576977,          0
  2513,    77,   99000000,   11342498,        0,  -87657502,          0
  2513,    78,   99000000,   14404932,        0,  -84595068,          0
  2513,    79,   99000000,   13437074,        0,  -85562926,          0
  2513,    80,   99000000,   12370484,        0,  -86629516,          0
  2513,    81,   99000000,   11547601,        0,  -87452399,          0
  2513,    82,   99000000,   12470363,        0,  -86529637,          0
  2513,    83,   99000000,   13423709,        0,  -85576291,          0
  2513,    84,   99000000,   11331830,        0,  -87668170,          0
  2513,    85,   99000000,   11375798,        0,  -87624202,          0
  2513,    86,   99000000,   13324562,        0,  -85675438,          0
  2513,    87,   99000000,   13401707,        0,  -85598293,          0
  2513,    88,   99000000,   10390699,        0,  -88609301,          0
  2513,    89,   99000000,   11359702,        0,  -87640298,          0
  2513,    90,   99000000,   12710878,        0,  -86289122,          0
  2513,    91,   99000000,   13420386,        0,  -85579614,          0
  2513,    92,   99000000,   10380320,        0,  -88619680,          0
  2513,    93,   99000000,   11513788,        0,  -87486212,          0
  2513,    94,   99000000,   12415135,        0,  -86584865,          0
  2513,    95,   99000000,   13358336,        0,  -85641664,          0
  2513,    96,   99000000,   10400479,        0,  -88599521,          0
  2513,    97,   99000000,   11400910,        0,  -87599090,          0
  2513,    98,   99000000,   12428641,        0,  -86571359,          0
  2513,    99,   99000000,   13369132,        0,  -85630868,          0
  2513,   100,   99000000,   10408083,        0,  -88591917,          0
  2513,   101,   99000000,   11407415,        0,  -87592585,          0
  2513,   102,   99000000,   12985316,        0,  -86014684,          0
  2513,   103,   99000000,   13382564,        0,  -85617436,          0
  2513,   104,   99000000,   10429024,        0,  -88570976,          0
  2513,   105,   99000000,   11360169,        0,  -87639831,          0
# task NAME=myapp PID=2517 COST=2211000 PERIOD=31000000 CPU=0
  2517,     2,   31000000,      14144,        0,  -30985856,          0
  2517,     3,   31000000,     140926,        0,  -30859074,          0
  2517,     4,   31000000,    2152764,        0,  -28847236,          0
  2517,     5,   31000000,    3939527,        0,  -27060473,          0
  2517,     6,   31000000,    3614166,        0,  -27385834,          0
  2517,     7,   31000000,    3938791,        0,  -27061209,          0
  2517,     8,   31000000,    2137561,        0,  -28862439,          0
  2517,     9,   31000000,    2159419,        0,  -28840581,          0
  2517,    10,   31000000,    5929034,        0,  -25070966,          0
  2517,    11,   31000000,    5920589,        0,  -25079411,          0
  2517,    12,   31000000,    2438865,        0,  -28561135,          0
  2517,    13,   31000000,    2126858,        0,  -28873142,          0
  2517,    14,   31000000,    4274526,        0,  -26725474,          0
  2517,    15,   31000000,    3932021,        0,  -27067979,          0
  2517,    16,   31000000,    2137266,        0,  -28862734,          0
  2517,    17,   31000000,    2194741,        0,  -28805259,          0
  2517,    18,   31000000,    2946180,        0,  -28053820,          0
  2517,    19,   31000000,    3922348,        0,  -27077652,          0
  2517,    20,   31000000,    2166211,        0,  -28833789,          0
  2517,    21,   31000000,    2171774,        0,  -28828226,          0
  2517,    22,   31000000,    2918743,        0,  -28081257,          0
  2517,    23,   31000000,    3880921,        0,  -27119079,          0
  2517,    24,   31000000,    2219842,        0,  -28780158,          0
  2517,    25,   31000000,    2426993,        0,  -28573007,          0
  2517,    26,   31000000,    2924613,        0,  -28075387,          0
  2517,    27,   31000000,    4430379,        0,  -26569621,          0
  2517,    28,   31000000,    2140620,        0,  -28859380,          0
  2517,    29,   31000000,    2136268,        0,  -28863732,          0
  2517,    30,   31000000,    2944699,        0,  -28055301,          0
  2517,    31,   31000000,    3892940,        0,  -27107060,          0
  2517,    32,   31000000,    2152725,        0,  -28847275,          0
  2517,    33,   31000000,    2183987,        0,  -28816013,          0
  2517,    34,   31000000,    2931136,        0,  -28068864,          0
  2517,    35,   31000000,    3927458,        0,  -27072542,          0
  2517,    36,   31000000,    2189556,        0,  -28810444,          0
  2517,    37,   31000000,    2161029,        0,  -28838971,          0
  2517,    38,   31000000,    2921423,        0,  -28078577,          0
  2517,    39,   31000000,    4010784,        0,  -26989216,          0
  2517,    40,   31000000,    2138057,        0,  -28861943,          0
  2517,    41,   31000000,    2749215,        0,  -28250785,          0
  2517,    42,   31000000,    3844499,        0,  -27155501,          0
  2517,    43,   31000000,    5937001,        0,  -25062999,          0
  2517,    44,   31000000,    2539551,        0,  -28460449,          0
  2517,    45,   31000000,    2867556,        0,  -28132444,          0
  2517,    46,   31000000,    2959903,        0,  -28040097,          0
  2517,    47,   31000000,    3941454,        0,  -27058546,          0
  2517,    48,   31000000,    2139745,        0,  -28860255,          0
  2517,    49,   31000000,    3938438,        0,  -27061562,          0
  2517,    50,   31000000,    4914199,        0,  -26085801,          0
  2517,    51,   31000000,    2153978,        0,  -28846022,          0
  2517,    52,   31000000,    2182943,        0,  -28817057,          0
  2517,    53,   31000000,    2131068,        0,  -28868932,          0
  2517,    54,   31000000,    2877048,        0,  -28122952,          0
  2517,    55,   31000000,    6849437,        0,  -24150563,          0
  2517,    56,   31000000,    2145468,        0,  -28854532,          0
  2517,    57,   31000000,    2141597,        0,  -28858403,          0
  2517,    58,   31000000,    2919377,        0,  -28080623,          0
  2517,    59,   31000000,    3939024,        0,  -27060976,          0
  2517,    60,   31000000,    2162954,        0,  -28837046,          0
  2517,    61,   31000000,    2178232,        0,  -28821768,          0
  2517,    62,   31000000,    3270998,        0,  -27729002,          0
  2517,    63,   31000000,    5924497,        0,  -25075503,          0
  2517,    64,   31000000,    2142495,        0,  -28857505,          0
  2517,    65,   31000000,    2133109,        0,  -28866891,          0
  2517,    66,   31000000,    4938420,        0,  -26061580,          0
  2517,    67,   31000000,    5285924,        0,  -25714076,          0
  2517,    68,   31000000,    2176726,        0,  -28823274,          0
  2517,    69,   31000000,    2195180,        0,  -28804820,          0
  2517,    70,   31000000,    2929551,        0,  -28070449,          0
  2517,    71,   31000000,    6927422,        0,  -24072578,          0
  2517,    72,   31000000,    2192087,        0,  -28807913,          0
  2517,    73,   31000000,    2140083,        0,  -28859917,          0
  2517,    74,   31000000,    2954536,        0,  -28045464,          0
  2517,    75,   31000000,    3958441,        0,  -27041559,          0
  2517,    76,   31000000,    2190779,        0,  -28809221,          0
  2517,    77,   31000000,    2214879,        0,  -28785121,          0
  2517,    78,   31000000,    2961525,        0,  -28038475,          0
  2517,    79,   31000000,    3959303,        0,  -27040697,          0
  2517,    80,   31000000,    2152952,        0,  -28847048,          0
  2517,    81,   31000000,    2197062,        0,  -28802938,          0
  2517,    82,   31000000,    3462094,        0,  -27537906,          0
  2517,    83,   31000000,    3947930,        0,  -27052070,          0
  2517,    84,   31000000,    2152246,        0,  -28847754,          0
  2517,    85,   31000000,    2176409,        0,  -28823591,          0
  2517,    86,   31000000,    2970121,        0,  -28029879,          0
  2517,    87,   31000000,    3941736,        0,  -27058264,          0
  2517,    88,   31000000,    2177560,        0,  -28822440,          0
  2517,    89,   31000000,    2171520,        0,  -28828480,          0
  2517,    90,   31000000,    4918857,        0,  -26081143,          0
  2517,    91,   31000000,    4913613,        0,  -26086387,          0
  2517,    92,   31000000,    2150365,        0,  -28849635,          0
  2517,    93,   31000000,    2196709,        0,  -28803291,          0
  2517,    94,   31000000,    4926423,        0,  -26073577,          0
  2517,    95,   31000000,    4012339,        0,  -26987661,          0
  2517,    96,   31000000,    2157428,        0,  -28842572,          0
  2517,    97,   31000000,    2163940,        0,  -28836060,          0
  2517,    98,   31000000,    3883487,        0,  -27116513,          0
  2517,    99,   31000000,    3941645,        0,  -27058355,          0
  2517,   100,   31000000,    2175409,        0,  -28824591,          0
  2517,   101,   31000000,    2145680,        0,  -28854320,          0
  2517,   102,   31000000,    2956332,        0,  -28043668,          0
  2517,   103,   31000000,    3936710,        0,  -27063290,          0
  2517,   104,   31000000,    2192764,        0,  -28807236,          0
  2517,   105,   31000000,    2200154,        0,  -28799846,          0
  2517,   106,   31000000,    4219135,        0,  -26780865,          0
  2517,   107,   31000000,    3946242,        0,  -27053758,          0
  2517,   108,   31000000,    2196691,        0,  -28803309,          0
  2517,   109,   31000000,    2205053,        0,  -28794947,          0
  2517,   110,   31000000,    4911724,        0,  -26088276,          0
  2517,   111,   31000000,    4718756,        0,  -26281244,          0
  2517,   112,   31000000,    2201230,        0,  -28798770,          0
  2517,   113,   31000000,    2162560,        0,  -28837440,          0
  2517,   114,   31000000,    2948953,        0,  -28051047,          0
  2517,   115,   31000000,    4712647,        0,  -26287353,          0
  2517,   116,   31000000,    2166616,        0,  -28833384,          0
  2517,   117,   31000000,    2141550,        0,  -28858450,          0
  2517,   118,   31000000,    3371026,        0,  -27628974,          0
  2517,   119,   31000000,    5948504,        0,  -25051496,          0
  2517,   120,   31000000,    2201864,        0,  -28798136,          0
  2517,   121,   31000000,    2261112,        0,  -28738888,          0
  2517,   122,   31000000,    2949618,        0,  -28050382,          0
  2517,   123,   31000000,    3977384,        0,  -27022616,          0
  2517,   124,   31000000,    2230834,        0,  -28769166,          0
  2517,   125,   31000000,    2161690,        0,  -28838310,          0
  2517,   126,   31000000,    3308425,        0,  -27691575,          0
  2517,   127,   31000000,    3950797,        0,  -27049203,          0
  2517,   128,   31000000,    2148623,        0,  -28851377,          0
  2517,   129,   31000000,    2182997,        0,  -28817003,          0
  2517,   130,   31000000,    2944689,        0,  -28055311,          0
  2517,   131,   31000000,    6208405,        0,  -24791595,          0
  2517,   132,   31000000,    2151967,        0,  -28848033,          0
  2517,   133,   31000000,    2173775,        0,  -28826225,          0
  2517,   134,   31000000,    2948889,        0,  -28051111,          0
  2517,   135,   31000000,    6188414,        0,  -24811586,          0
  2517,   136,   31000000,    2217992,        0,  -28782008,          0
  2517,   137,   31000000,    2157955,        0,  -28842045,          0
  2517,   138,   31000000,    4938820,        0,  -26061180,          0
  2517,   139,   31000000,    3902783,        0,  -27097217,          0
  2517,   140,   31000000,    2148469,        0,  -28851531,          0
  2517,   141,   31000000,    2189177,        0,  -28810823,          0
  2517,   142,   31000000,    4922518,        0,  -26077482,          0
  2517,   143,   31000000,    3967683,        0,  -27032317,          0
  2517,   144,   31000000,    2140895,        0,  -28859105,          0
  2517,   145,   31000000,    2149593,        0,  -28850407,          0
  2517,   146,   31000000,    2917345,        0,  -28082655,          0
  2517,   147,   31000000,    3965215,        0,  -27034785,          0
  2517,   148,   31000000,    2164968,        0,  -28835032,          0
  2517,   149,   31000000,    2191723,        0,  -28808277,          0
  2517,   150,   31000000,    4965714,        0,  -26034286,          0
  2517,   151,   31000000,    3952842,        0,  -27047158,          0
  2517,   152,   31000000,    2167488,        0,  -28832512,          0
  2517,   153,   31000000,    2896646,        0,  -28103354,          0
  2517,   154,   31000000,    2987652,        0,  -28012348,          0
  2517,   155,   31000000,    3947325,        0,  -27052675,          0
  2517,   156,   31000000,    2149912,        0,  -28850088,          0
  2517,   157,   31000000,    2167434,        0,  -28832566,          0
  2517,   158,   31000000,    3859708,        0,  -27140292,          0
  2517,   159,   31000000,    3928951,        0,  -27071049,          0
  2517,   160,   31000000,    2162590,        0,  -28837410,          0
  2517,   161,   31000000,    2179119,        0,  -28820881,          0
  2517,   162,   31000000,    4943485,        0,  -26056515,          0
  2517,   163,   31000000,    4746862,        0,  -26253138,          0
  2517,   164,   31000000,    2139112,        0,  -28860888,          0
  2517,   165,   31000000,    2177127,        0,  -28822873,          0
  2517,   166,   31000000,    3772102,        0,  -27227898,          0
  2517,   167,   31000000,    5950825,        0,  -25049175,          0
  2517,   168,   31000000,    2197824,        0,  -28802176,          0
  2517,   169,   31000000,    2816665,        0,  -28183335,          0
  2517,   170,   31000000,    2958035,        0,  -28041965,          0
  2517,   171,   31000000,    3933441,        0,  -27066559,          0
  2517,   172,   31000000,    2160448,        0,  -28839552,          0
  2517,   173,   31000000,    2195116,        0,  -28804884,          0
  2517,   174,   31000000,    2952279,        0,  -28047721,          0
  2517,   175,   31000000,    3937390,        0,  -27062610,          0
  2517,   176,   31000000,    2149578,        0,  -28850422,          0
  2517,   177,   31000000,    2168669,        0,  -28831331,          0
  2517,   178,   31000000,    2974338,        0,  -28025662,          0
  2517,   179,   31000000,    3939210,        0,  -27060790,          0
  2517,   180,   31000000,    2252072,        0,  -28747928,          0
  2517,   181,   31000000,    2195339,        0,  -28804661,          0
  2517,   182,   31000000,    2948167,        0,  -28051833,          0
  2517,   183,   31000000,    3952815,        0,  -27047185,          0
  2517,   184,   31000000,    2192869,        0,  -28807131,          0
  2517,   185,   31000000,    2146926,        0,  -28853074,          0
  2517,   186,   31000000,    3869063,        0,  -27130937,          0
  2517,   187,   31000000,    2414499,        0,  -28585501,          0
  2517,   188,   31000000,    2233936,        0,  -28766064,          0
  2517,   189,   31000000,    2203955,        0,  -28796045,          0
  2517,   190,   31000000,    4949900,        0,  -26050100,          0
  2517,   191,   31000000,    3944523,        0,  -27055477,          0
  2517,   192,   31000000,    2197875,        0,  -28802125,          0
  2517,   193,   31000000,    2227216,        0,  -28772784,          0
  2517,   194,   31000000,    2957854,        0,  -28042146,          0
  2517,   195,   31000000,    5295056,        0,  -25704944,          0
  2517,   196,   31000000,    2169930,        0,  -28830070,          0
  2517,   197,   31000000,    2167464,        0,  -28832536,          0
  2517,   198,   31000000,    2931145,        0,  -28068855,          0
  2517,   199,   31000000,    5937318,        0,  -25062682,          0
  2517,   200,   31000000,    2259700,        0,  -28740300,          0
  2517,   201,   31000000,    2180792,        0,  -28819208,          0
  2517,   202,   31000000,    2945425,        0,  -28054575,          0
  2517,   203,   31000000,    4457411,        0,  -26542589,          0
  2517,   204,   31000000,    2175233,        0,  -28824767,          0
  2517,   205,   31000000,    2176648,        0,  -28823352,          0
  2517,   206,   31000000,    2949338,        0,  -28050662,          0
  2517,   207,   31000000,    3955456,        0,  -27044544,          0
  2517,   208,   31000000,    2217461,        0,  -28782539,          0
  2517,   209,   31000000,    2160329,        0,  -28839671,          0
  2517,   210,   31000000,    2944242,        0,  -28055758,          0
  2517,   211,   31000000,    3932241,        0,  -27067759,          0
  2517,   212,   31000000,    2167983,        0,  -28832017,          0
  2517,   213,   31000000,    2190198,        0,  -28809802,          0
  2517,   214,   31000000,    4558419,        0,  -26441581,          0
  2517,   215,   31000000,    3959582,        0,  -27040418,          0
  2517,   216,   31000000,    2189855,        0,  -28810145,          0
  2517,   217,   31000000,    3215673,        0,  -27784327,          0
  2517,   218,   31000000,    3338202,        0,  -27661798,          0
  2517,   219,   31000000,    3945434,        0,  -27054566,          0
  2517,   220,   31000000,    2168625,        0,  -28831375,          0
  2517,   221,   31000000,    2213926,        0,  -28786074,          0
  2517,   222,   31000000,    2983633,        0,  -28016367,          0
  2517,   223,   31000000,    3935880,        0,  -27064120,          0
  2517,   224,   31000000,    2865224,        0,  -28134776,          0
  2517,   225,   31000000,    2154513,        0,  -28845487,          0
  2517,   226,   31000000,    4946230,        0,  -26053770,          0
  2517,   227,   31000000,    3952838,        0,  -27047162,          0
  2517,   228,   31000000,    2152224,        0,  -28847776,          0
  2517,   229,   31000000,    2166748,        0,  -28833252,          0
  2517,   230,   31000000,    2940288,        0,  -28059712,          0
  2517,   231,   31000000,    3951854,        0,  -27048146,          0
  2517,   232,   31000000,    2181285,        0,  -28818715,          0
  2517,   233,   31000000,    2239090,        0,  -28760910,          0
  2517,   234,   31000000,    2955320,        0,  -28044680,          0
  2517,   235,   31000000,    5925681,        0,  -25074319,          0
  2517,   236,   31000000,    2177219,        0,  -28822781,          0
  2517,   237,   31000000,    2188117,        0,  -28811883,          0
  2517,   238,   31000000,    2930292,        0,  -28069708,          0
  2517,   239,   31000000,    3954355,        0,  -27045645,          0
  2517,   240,   31000000,    2157586,        0,  -28842414,          0
  2517,   241,   31000000,    2169870,        0,  -28830130,          0
  2517,   242,   31000000,    5069555,        0,  -25930445,          0
  2517,   243,   31000000,    4346417,        0,  -26653583,          0
  2517,   244,   31000000,    2201577,        0,  -28798423,          0
  2517,   245,   31000000,    2929565,        0,  -28070435,          0
  2517,   246,   31000000,    2952108,        0,  -28047892,          0
  2517,   247,   31000000,    3961522,        0,  -27038478,          0
  2517,   248,   31000000,    2163617,        0,  -28836383,          0
  2517,   249,   31000000,    2159365,        0,  -28840635,          0
  2517,   250,   31000000,    3665074,        0,  -27334926,          0
  2517,   251,   31000000,    4530001,        0,  -26469999,          0
  2517,   252,   31000000,    2235632,        0,  -28764368,          0
  2517,   253,   31000000,    2189979,        0,  -28810021,          0
  2517,   254,   31000000,    4958341,        0,  -26041659,          0
  2517,   255,   31000000,    5946252,        0,  -25053748,          0
  2517,   256,   31000000,    2433279,        0,  -28566721,          0
  2517,   257,   31000000,    2146317,        0,  -28853683,          0
  2517,   258,   31000000,    4530204,        0,  -26469796,          0
  2517,   259,   31000000,    5887793,        0,  -25112207,          0
  2517,   260,   31000000,    2483118,        0,  -28516882,          0
  2517,   261,   31000000,    2160297,        0,  -28839703,          0
  2517,   262,   31000000,    2957978,        0,  -28042022,          0
  2517,   263,   31000000,    3950308,        0,  -27049692,          0
  2517,   264,   31000000,    2162514,        0,  -28837486,          0
  2517,   265,   31000000,    2164202,        0,  -28835798,          0
  2517,   266,   31000000,    4954126,        0,  -26045874,          0
  2517,   267,   31000000,    4891523,        0,  -26108477,          0
  2517,   268,   31000000,    2238443,        0,  -28761557,          0
  2517,   269,   31000000,    2237136,        0,  -28762864,          0
  2517,   270,   31000000,    3161805,        0,  -27838195,          0
  2517,   271,   31000000,    3927302,        0,  -27072698,          0
  2517,   272,   31000000,    2196590,        0,  -28803410,          0
  2517,   273,   31000000,    2882672,        0,  -28117328,          0
  2517,   274,   31000000,    3013473,        0,  -27986527,          0
  2517,   275,   31000000,    4840508,        0,  -26159492,          0
  2517,   276,   31000000,    2162022,        0,  -28837978,          0
  2517,   277,   31000000,    2151916,        0,  -28848084,          0
  2517,   278,   31000000,    2951654,        0,  -28048346,          0
  2517,   279,   31000000,    3951107,        0,  -27048893,          0
  2517,   280,   31000000,    2181759,        0,  -28818241,          0
  2517,   281,   31000000,    2162868,        0,  -28837132,          0
  2517,   282,   31000000,    4947506,        0,  -26052494,          0
  2517,   283,   31000000,    3947001,        0,  -27052999,          0
  2517,   284,   31000000,    2162563,        0,  -28837437,          0
  2517,   285,   31000000,    2196393,        0,  -28803607,          0
  2517,   286,   31000000,    2950451,        0,  -28049549,          0
  2517,   287,   31000000,    3937125,        0,  -27062875,          0
  2517,   288,   31000000,    2191562,        0,  -28808438,          0
  2517,   289,   31000000,    2145488,        0,  -28854512,          0
  2517,   290,   31000000,    2948136,        0,  -28051864,          0
  2517,   291,   31000000,    3929497,        0,  -27070503,          0
  2517,   292,   31000000,    2167711,        0,  -28832289,          0
  2517,   293,   31000000,    2224753,        0,  -28775247,          0
  2517,   294,   31000000,    4615770,        0,  -26384230,          0
  2517,   295,   31000000,    3943751,        0,  -27056249,          0
  2517,   296,   31000000,    2183461,        0,  -28816539,          0
  2517,   297,   31000000,    2165765,        0,  -28834235,          0
  2517,   298,   31000000,    4963941,        0,  -26036059,          0
  2517,   299,   31000000,    3942454,        0,  -27057546,          0
  2517,   300,   31000000,    2192931,        0,  -28807069,          0
  2517,   301,   31000000,    2190121,        0,  -28809879,          0
  2517,   302,   31000000,    2972682,        0,  -28027318,          0
  2517,   303,   31000000,    3972656,        0,  -27027344,          0
  2517,   304,   31000000,    2176302,        0,  -28823698,          0
  2517,   305,   31000000,    2264864,        0,  -28735136,          0
  2517,   306,   31000000,    2937543,        0,  -28062457,          0
  2517,   307,   31000000,    4686899,        0,  -26313101,          0
  2517,   308,   31000000,    2970860,        0,  -28029140,          0
  2517,   309,   31000000,    2715224,        0,  -28284776,          0
  2517,   310,   31000000,    2966377,        0,  -28033623,          0
  2517,   311,   31000000,    5967524,        0,  -25032476,          0
  2517,   312,   31000000,    2220563,        0,  -28779437,          0
  2517,   313,   31000000,    2213065,        0,  -28786935,          0
  2517,   314,   31000000,    2963464,        0,  -28036536,          0
  2517,   315,   31000000,    5954842,        0,  -25045158,          0
  2517,   316,   31000000,    2189068,        0,  -28810932,          0
  2517,   317,   31000000,    2166573,        0,  -28833427,          0
  2517,   318,   31000000,    2966567,        0,  -28033433,          0
  2517,   319,   31000000,    3976359,        0,  -27023641,          0
  2517,   320,   31000000,    2166893,        0,  -28833107,          0
  2517,   321,   31000000,    2208169,        0,  -28791831,          0
  2517,   322,   31000000,    3885010,        0,  -27114990,          0
  2517,   323,   31000000,    5960998,        0,  -25039002,          0
  2517,   324,   31000000,    2161719,        0,  -28838281,          0
  2517,   325,   31000000,    2189758,        0,  -28810242,          0
  2517,   326,   31000000,    2923950,        0,  -28076050,          0
