161 9 152
112 5 107
146 8 138
109 5 104
129 5 124
111 5 106
160 7 153
162 10 152
169 19 150
177 26 151
169 15 154
110 5 105
127 6 121
177 25 152
106 4 102
165 13 152
146 6 140
159 8 151
175 21 154
172 20 152
162 8 154
106 5 101
175 24 151
165 11 154
175 22 153
191 37 154
104 5 99
182 26 156
113 5 108
162 10 152
106 4 102
164 11 153
135 5 130
159 7 152
161 9 152
107 4 103
163 9 154
188 35 153
146 6 140
124 5 119
171 19 152
168 13 155
200 47 153
178 22 156
188 35 153
173 19 154
151 6 145
113 5 108
177 25 152
161 9 152
145 6 139
137 7 130
162 8 154
192 37 155
167 14 153
160 7 153
144 6 138
147 6 141
155 6 149
115 5 110
163 9 154
159 7 152
160 7 153
161 11 150
164 9 155
105 4 101
146 6 140
160 8 152
153 6 147
116 5 111
174 21 153
131 5 126
156 7 149
192 38 154
162 10 152
144 6 138
128 5 123
163 11 152
111 5 106
160 8 152
177 23 154
177 22 155
152 6 146
107 6 101
162 9 153
161 7 154
166 13 153
150 6 144
173 22 151
